52.38
52.278
52.176
52.697
52.436
52.175
47.872
46.112
46.227
45.796
46.005
46.473
46.394
46.315
46.019
45.464
45.833
44.797
44.633
45.101
55.912
56.827
44.373
44.466
45.567
45.208
61.842
64.977
84.023
84.028
51.509
48.507
48.941
48.783
48.279
47.944
47.63
46.991
47.452
47.753
47.561
48.28
48.884
48.908
49.085
49.262
49.069
49.339
49.188
49.339
49.572
49.747
49.57
50.106
49.838
50.092
49.753
50.233
49.644
51.174
50.569
50.806
51.044
50.763
50.483
49.189
51.096
49.48
49.214
48.387
65.025
65.038
65.085
65.078
65.046
64.952
62.543
60.133
59.902
71.719
71.472
66.708
47.877
48.314
48.265
48.258
46.946
46.867
67.225
67.268
67.178
66.901
66.693
67.031
44.112
46.031
47.059
48.087
47.985
47.534
46.904
47.013
71.162
71.385
71.247
71.802
67.161
67.133
67.259
67.216
67.092
67.064
67.128
67.159
48.605
47.586
47.075
47.102
48.083
67.129
67.042
48.893
48.273
47.286
46.933
47.437
53.571
59.706
53.957
48.208
48.443
47.886
47.632
47.253
47.337
47.843
47.998
47.714
47.082
47.264
47.74
47.842
64.833
65.139
56.883
48.627
56.892
50.682
44.472
43.275
45.047
46.82
48.937
48.367
49.865
51.363
65.108
65.11
65.042
65.062
65.114
64.919
64.724
55.054
45.385
47.347
59.673
60.077
60.187
60.291
60.899
48.807
49.282
50.672
48.476
47.97
48.271
48.573
48.038
47.504
43.047
44.645
45.817
43.507
45.079
45.128
50.071
49.038
68.032
67.901
60.561
49.272
57.33
65.387
68.973
68.934
69.006
68.873
49.324
48.982
48.975
48.96
48.596
48.231
49.361
49.535
50.567
49.276
53.678
52.39
51.103
51.557
51.264
50.971
51.169
51.368
52.717
77.325
77.222
77.068
52.106
52.983
48.709
50.054
51.4
47.636
49.076
45.894
47.705
48.925
44.806
43.371
45.654
47.882
46.8
47.04
47.673
48.306
47.226
66.138
66.642
69.072
57.123
52.469
47.815
47.636
71.287
71.338
71.058
59.858
60.18
60.307
67.414
66.875
47.763
47.625
59.741
66.819
67.409
67.176
67.032
48.172
48.34
48.317
47.949
48.144
48.192
48.289
48.387
48.094
48.096
48.172
48.176
48.18
66.998
67.114
48.226
48.184
47.891
59.684
67.193
66.921
67.248
67.495
67.468
67.2
48.228
47.982
47.602
49.921
60.075
60.156
60.281
60.405
60.225
59.881
63.593
67.305
67.335
66.492
67.104
47.863
48.165
48.237
48.69
48.231
48.517
48.257
48.213
48.466
67.063
67.095
64.294
61.494
62.212
60.056
59.972
59.877
62.705
62.254
61.37
60.216
59.643
59.55
59.457
59.902
59.974
60.046
59.643
44.431
43.546
44.413
43.182
68.53
57.968
47.406
46.741
46.705
46.688
46.671
47.041
46.287
46.161
47.294
47.114
47.553
47.991
47.697
51.494
49.64
47.786
46.207
46.192
46.176
47.216
47.195
57.026
51.737
55.011
58.285
58.354
47.697
46.49
47.444
48.399
47.497
47.57
69.909
70.068
67.043
71.532
69.34
67.148
67.217
63.923
63.93
63.99
63.906
63.86
63.893
57.42
50.947
47.194
46.08
46.607
47.134
46.499
48.032
47.33
46.627
46.592
46.935
47.279
47.442
47.604
48.283
47.392
46.501
45.296
44.092
46.198
48.304
48.756
48.732
48.62
48.393
48.938
48.417
48.692
48.624
48.716
48.587
48.694
54.48
60.266
60.83
48.136
48.334
61.231
60.84
60.26
60.518
48.416
48.486
48.012
50.752
48.555
49.009
49.464
48.387
68.625
59.188
49.751
49.354
49.376
49.771
49.995
50.073
50.042
50.21
50.151
50.074
49.996
49.914
50.086
50.387
61.983
62.107
69.266
69.125
68.982
50.33
50.065
49.892
50.018
56.097
62.176
62.013
50.075
49.954
50.152
50.799
62.202
62.358
69.182
69.296
68.965
68.747
49.936
49.899
50.386
50.4
50.817
51.233
69.155
69.049
62.001
61.884
62.142
50.337
50.081
50.334
49.918
50.019
49.763
49.75
49.907
49.979
50.417
50.247
50.215
50.306
49.898
50.24
61.64
55.032
52.896
61.102
69.308
69.035
62.175
61.809
62.129
49.572
49.996
50.321
62.188
56.231
50.273
50.279
47.305
44.447
44.508
69.577
69.505
69.079
61.824
61.881
49.819
49.975
50.63
49.804
48.676
50.089
50.765
50.735
50.704
62.382
74.06
73.977
50.291
48.941
69.053
68.945
61.378
55.916
50.455
51.699
46.062
47.225
49.895
62.13
61.714
61.841
61.967
50.306
58.134
65.962
65.915
65.899
65.971
66.043
62.467
62.212
61.957
61.837
54.509
58.023
61.536
73.896
73.949
65.745
65.704
