43.362
43.127
48.038
49.12
50.201
50.352
50.435
50.721
62.755
61.489
65.027
65.467
65.502
65.586
65.766
65.178
64.939
64.416
64.047
61.406
57.853
58.23
64.467
70.704
63.327
55.949
54.938
43.759
44.152
48.027
45.586
51.855
47.48
52.801
54.422
56.042
55.973
61.591
58.175
68.656
62.254
55.852
55.788
56.464
57.216
56.924
57.349
57.437
56.824
57.018
56.73
56.934
57.012
57.175
56.386
57.114
57.339
57.449
57.893
76.792
76.564
57.436
57.681
57.34
56.585
57.399
57.7
57.963
57.947
57.707
57.771
57.845
57.708
57.631
57.64
56.845
56.395
62.968
63.028
63.029
63.087
62.991
56.927
57.501
57.259
57.465
57.676
57.474
57.679
57.504
57.172
56.823
56.473
55.796
55.678
55.076
55.688
55.411
54.816
79.035
78.888
78.851
78.813
78.857
73.357
67.857
67.434
66.611
54.011
54.09
54.215
54.151
54.591
55.071
55.448
55.308
55.309
55.282
54.387
54.487
54.434
54.579
54.165
81.881
81.946
49.853
50.994
48.311
49.638
48.35
47.062
48.885
50.708
51.445
51.692
51.939
57.399
54.628
58.727
54.996
51.266
51.623
63.101
64.515
64.785
65.056
64.957
64.993
52.957
53.089
65.214
64.815
58.102
51.39
51.735
51.053
50.372
51.25
52.129
52.13
51.686
51.241
52.159
52.345
52.199
50.11
48.508
51.787
51.699
49.515
53.736
50.872
50.713
50.554
49.531
49.914
50.296
48.422
48.01
48.131
48.252
48.273
48.295
48.096
47.846
47.596
46.925
46.976
47.028
61.69
61.551
61.599
46.524
46.209
46.468
46.068
45.928
45.866
61.844
61.56
61.176
60.92
61.288
61.655
61.524
61.769
60.444
59.12
58.276
57.432
54.282
55.112
54.525
46.567
46.547
45.861
46.063
46.048
46.637
45.003
49.947
60.49
60.036
59.799
59.666
54
48.333
48.459
48.548
48.446
48.073
48.026
47.587
47.148
53.23
59.103
64.975
65.037
64.956
65.072
64.909
62.45
59.991
59.345
59.236
59.127
53.086
47.045
48.006
48.256
48.408
48.274
46.443
59.67
58.994
59.661
59.701
53.233
46.765
48.149
78.893
78.897
53.269
53.212
49.499
49.092
76.231
75.994
75.782
73.714
71.646
71.656
60.079
48.502
49.155
65.011
64.993
71.57
78.147
77.728
77.308
77.262
77.347
77.432
77.534
77.892
78.495
78.962
55.741
55.877
55.861
55.845
55.024
55.244
55.465
55.216
54.968
54.656
54.343
66.575
66.372
66.125
65.877
65.963
54.417
53.875
54.268
54.661
53.985
51.69
49.395
48.845
49.122
69.177
68.998
48.371
48.799
69.105
69.004
69.089
69.507
51.48
51.186
49.28
48.986
49.529
50.072
49.367
48.662
50.377
51.001
46.29
48.039
49.137
69.615
69.749
69.873
49.641
48.218
48.964
46.586
47.891
49.197
49.334
50.306
50.238
50.169
47.03
43.892
44.943
43.759
46.612
44.857
43.101
57.566
57.787
53.575
55.759
49.974
44.189
