44.114
43.843
43.973
44.133
44.115
44.134
44.283
44.332
44.2
44.527
44.325
51.71
51.711
51.711
51.394
63.441
57.335
51.23
44.782
43.447
43.594
43.758
43.922
53.788
53.806
54.352
53.983
53.936
53.866
53.74
51.792
51.964
50.589
49.215
60.855
60.938
64.948
68.958
69.258
61.41
50.051
49.12
48.721
49.309
49.884
49.921
48.994
49.442
49.89
59.048
52.671
59.214
52.405
45.596
45.887
47.372
48.963
54.248
55.302
56.355
47.416
46.926
45.795
44.664
46.738
45.71
44.683
46.344
45.915
45.848
46.045
46.064
46.037
46.37
46.252
65.407
65.193
65.208
65.107
65.117
65.167
46.103
46.017
46.225
46.172
46.094
46.094
46.158
46.173
46.186
46.313
46.806
47.617
48.428
47.379
46.329
44.575
46.565
55.857
51.08
46.303
46.603
45.86
46.051
46.355
46.046
46.124
45.886
58.076
58.023
58.038
58.125
58.419
58.231
58.108
57.947
57.822
57.734
45.87
46.36
46.263
46.265
46.332
46.355
45.959
45.089
44.219
45.851
47.025
70.056
70.029
70.009
69.989
70.001
69.988
63.098
56.209
44.485
46.426
45.957
46.052
45.896
45.76
45.718
45.926
45.971
46.014
45.933
45.965
45.83
45.762
45.885
