67.989
68.015
67.92
68.097
65.104
65.025
64.828
64.816
64.649
64.482
51.905
51.646
50.899
52.196
53.494
55.02
54.863
54.706
54.978
54.813
54.865
54.916
55.023
55.13
55.535
56.106
56.664
56.791
69.172
69.09
69.071
69.412
69.034
69.226
69.033
68.84
68.713
56.721
56.675
56.553
57.076
56.658
56.632
56.917
56.701
56.554
56.792
56.368
56.695
56.498
57.003
56.957
57.002
57.008
57.128
56.945
57.071
57.198
56.748
56.858
56.532
56.836
56.828
56.821
57.121
56.829
56.795
57.418
57.29
56.514
55.21
73.004
72.948
73.011
72.989
72.975
72.963
58.276
58.167
77.399
77.34
77.435
67.878
58.321
58.741
59.151
58.924
59.251
65.333
71.415
71.1
71.294
58.593
58.511
58.068
57.456
57.774
58.535
70.271
70.243
69.994
70.07
70.033
70.047
70.028
69.934
70.037
70.038
70.101
70.123
70.247
70.147
70.05
82.226
82.344
82.34
82.246
82.106
81.994
57.459
56.846
56.772
56.458
54.793
54.232
68.115
67.998
66.043
64.089
63.667
63.744
63.821
59.09
54.359
52.918
52.914
52.91
53.115
53.321
53.343
53.364
53.362
53.361
43.508
43.117
43.359
43.333
43.369
56.228
55.534
56.507
55.635
57.925
58.124
58.184
57.584
57.504
57.723
56.92
56.616
56.48
55.689
55.844
55.58
54.92
54.412
55.171
55.657
67.881
68.104
67.861
67.895
56.106
55.697
55.968
55.485
56.38
56.138
56.676
56.885
57.093
56.514
55.934
56.182
56.242
56.317
56.318
56.316
56.247
56.307
55.97
55.883
56.151
56.419
56.307
56.289
56.494
56.579
56.664
56.665
56.667
56.606
56.546
56.711
56.876
56.813
56.751
55.87
56.792
56.616
55.999
56.827
56.755
56.683
56.451
56.014
56.331
56.071
56.539
55.835
56.018
43.422
45.199
44.359
43.519
56.607
56.497
56.312
56.559
55.558
56.31
55.751
56.36
56.509
56.658
56.63
56.602
56.674
56.745
56.151
56.283
56.415
56.334
56.252
45.88
45.45
46.237
45.017
46.041
45.541
45.97
45.696
45.421
46.287
45.311
46.013
45.884
45.569
46.185
45.69
45.158
46.095
45.403
46.267
45.826
45.778
46.313
44.647
46.024
45.855
45.562
46.187
45.556
46.015
45.611
45.9
46.209
45.867
46.243
45.578
45.932
45.633
45.764
45.575
45.226
