45.967
45.656
45.664
45.88
45.992
45.963
46.006
45.6
45.797
45.808
45.951
46.016
45.923
45.956
45.676
45.782
46.025
45.887
46.053
45.87
45.667
45.082
44.497
51.186
58.194
69.973
70.03
69.96
70.016
70.001
69.986
67.963
67.946
67.929
67.94
67.882
67.515
67.149
67.539
67.618
67.588
55.55
55.611
55.762
55.9
55.961
55.907
56.012
55.927
55.817
55.171
54.705
59.9
65.094
56.549
54.614
52.68
52.041
51.882
52.058
52.235
51.491
51.419
50.851
50.086
49.29
49.608
49.226
49.314
49.402
49.63
49.235
49.476
49.534
50.053
50.806
50.028
49.987
49.829
49.837
49.912
50.279
50.39
50.075
50.387
51.013
50.098
50.666
51.45
50.752
51.328
50.472
50.711
51.058
51.406
50.678
50.643
51.113
51.213
50.859
50.751
50.144
52.178
51.665
51.152
51.023
50.704
51.073
50.711
52.064
50.866
50.933
51.673
50.984
52.208
50.397
50.206
50.209
72.973
73.098
72.975
73.035
73.029
73.054
73.025
62.48
62.915
62.916
62.916
56.399
55.366
56.485
56.361
56.238
51.469
46.7
45.599
44.933
44.267
44.343
44.15
44.238
44.132
44.489
44.155
44.347
44.4
44.217
44.34
44.146
44.276
44.078
44.031
44.113
44.085
43.739
43.806
43.667
45.307
46.946
48.599
49.597
48.06
48.197
49.175
49.949
50.853
50.564
50.955
51.787
51.856
53.327
48.338
50.215
52.092
51.594
50.936
50.862
49.765
49.376
48.988
44.716
45.592
45.667
45.743
45.188
44.632
45.979
45.997
46.014
46.149
46.285
46.026
45.767
47.332
43.633
43.657
44.494
45.33
50.355
49.05
50.447
57.65
52.063
46.477
47.287
48.891
53.631
53.376
52.936
52.875
52.719
52.775
52.832
52.916
53.154
53.12
45.773
45.838
46.006
45.882
45.741
45.887
45.829
45.67
45.9
45.979
45.972
45.848
53.045
53.022
52.964
52.871
53.514
53.1
52.918
52.955
53.096
53.473
53.371
53.802
49.536
45.271
45.796
45.612
45.427
46.077
45.85
46.167
45.866
45.659
45.892
45.897
45.828
45.934
45.991
45.785
45.698
45.758
45.936
45.939
45.94
45.976
45.716
45.794
45.811
46.019
46.499
47.543
48.588
48.922
48.821
48.979
57.678
57.54
57.549
57.558
45.487
46.121
46.055
45.973
45.958
45.784
45.77
45.876
46.042
45.993
45.999
45.78
45.638
45.799
45.878
46.071
45.976
45.889
45.941
45.596
45.97
45.937
46.229
46.73
57.961
70.002
70.056
69.987
70.01
69.964
69.99
69.984
69.928
67.885
53.015
62.999
72.983
72.985
72.965
65.529
58.093
58.666
58.882
59.39
59.78
60.17
60.124
59.998
59.882
60.186
59.928
60.401
60.735
59.823
45.984
46.006
46
45.516
45.207
61.242
59.768
59.379
71.547
71.509
71.489
71.412
71.132
58.777
58.261
58.201
57.699
57.453
57.381
57.8
58.316
58.36
58.262
58.284
58.425
58.629
58.387
58.276
58.301
58.458
58.374
58.326
58.418
58.589
58.613
58.389
58.257
58.241
58.279
58.408
58.349
58.455
58.562
58.488
58.413
58.384
58.314
77.411
77.205
77.186
58.277
58.298
58.315
58.284
58.3
58.661
59.316
58.741
58.484
58.159
58.108
58.183
58.508
58.469
58.029
58.018
58.024
58.683
57.545
53.914
50.282
50.119
69.956
70.055
63.057
56.058
55.705
55.112
54.52
56.503
56.133
55.763
56.341
46.756
46.203
45.65
43.282
