50.247
49.851
50.171
50.222
49.119
49.722
49.146
48.071
47.706
48.437
48.584
48.946
49.92
50.358
50.303
50.296
50.578
50.663
50.426
50.05
49.659
49.698
49.873
49.98
50.185
50.076
50.189
50.454
50.411
50.378
50.316
49.987
49.522
48.696
47.865
47.988
46.802
47.12
46.154
47.143
46.887
47.133
46.713
46.742
46.426
46.788
45.974
46.088
45.517
45.324
46.607
46.222
46.487
48.771
50.092
50.617
54.178
50.599
47.019
47.714
48.409
44.122
45.779
45.887
45.995
45.553
45.11
45.193
45.277
45.078
44.879
44.056
43.233
43.037
43.053
42.98
43.017
43.011
43.004
43.378
43.264
43.247
66.942
66.971
49.612
49.714
49.815
49.882
49.947
49.939
49.781
50.165
50.276
50.212
43.386
43.258
43.212
43.149
43.183
43.114
43.128
43.014
55.719
49.915
44.111
44.554
45.529
44.528
43.528
43.367
43.812
44.06
43.787
55.386
55.093
55.153
55.213
55.141
49.87
48.945
67.333
66.907
48.158
47.004
47.846
47.882
48.509
49.135
48.097
47.527
46.956
47.136
47.317
47.24
47.164
46.447
45.729
45.92
46.111
45.679
46.405
45.609
44.855
45.416
46.846
50.957
55.068
55.127
55.192
61.046
53.528
50.803
48.078
49.101
48.175
47.249
47.387
47.526
45.74
45.842
45.945
45.811
45.676
45.569
45.461
45.484
45.507
45.612
45.717
46.845
45.903
45.982
46.146
45.913
47.539
47.819
48.098
48.346
48.594
48.479
48.364
48.369
48.375
48.439
48.504
48.098
47.691
49.14
50.589
43.301
43.159
43.113
43.167
43.208
43.184
43.249
43.108
43.214
43.182
43.242
43.304
43.142
43.135
43.331
43.403
44.192
44.981
44.586
44.315
44.045
43.988
43.281
43.002
42.996
43.311
43.525
44.859
46.192
46.196
46.2
45.429
43.231
43.427
43.937
45.799
47.66
46.881
48.421
46.672
47.754
46.867
47.462
47.884
46.052
44.994
43.937
50.337
49.892
49.792
49.856
49.702
49.62
49.575
49.272
49.08
49.038
49.129
50.133
50.053
49.847
50.349
50.851
51.2
69.991
69.283
49.697
49.963
49.829
49.873
50.293
50.144
50.241
50.758
51.009
50.582
50.471
50.578
50.303
49.944
49.269
46.208
43.392
43.502
43.379
43.647
43.586
49.17
49.607
48.944
49.094
48.718
48.356
47.983
48.738
49.239
47.388
47.395
46.528
47.691
48.935
49.177
48.141
47.913
48.504
48.327
48.056
48.534
48.989
48.883
48.566
48.888
48.937
49.29
48.869
48.969
48.887
49.443
49.256
49.276
49.102
49.346
49.316
49.326
48.84
48.754
48.346
48.272
47.677
47.611
47.233
47.187
47.286
46.886
47.188
47.141
47.095
48.085
47.493
46.9
47.474
46.273
47.039
47.577
46.34
48.28
48.218
48.156
45.798
47.151
48.499
48.441
48.382
56.764
51.23
45.695
46.047
46.527
46.623
47.407
48.191
47.973
47.755
46.664
46.557
46.986
44.367
45.68
59.366
59.463
59.438
59.267
59.096
55.655
55.28
59.358
59.498
59.401
59.304
59.166
58.927
58.71
55.607
52.504
51.858
52.177
52.151
50.943
52.389
55.208
58.027
57.626
57.42
57.815
57.172
57.633
57.598
57.296
57.805
56.002
54.121
52.24
66.91
66.986
67.089
57.311
56.937
56.25
55.535
56.056
55.591
58.977
62.363
61.94
44.498
44.077
50.216
47.047
51.343
49.325
47.307
48.941
47.949
46.956
56.729
57.451
56.063
54.674
76.646
76.286
65.842
67.416
68.991
73.577
58.439
43.301
44.052
43.721
43.39
54.284
53.853
68.988
68.974
57.426
55.71
56.183
56.961
56.868
57.156
56.767
68.917
68.933
68.983
68.936
69.04
44.312
46.108
48.445
46.771
45.098
71.141
71.117
45.108
43.572
43.356
43.14
43.326
43.478
43.409
43.401
43.438
43.48
43.694
43.477
43.621
43.636
43.677
43.604
43.491
43.566
43.487
43.427
43.278
43.438
43.143
43.264
43.241
43.062
43.005
42.954
43.028
43.067
50.601
50.782
50.673
50.856
50.847
50.902
50.86
50.851
62.004
62.061
62.001
62.062
62.047
62.01
62.127
43.504
43.473
45.728
45.178
44.628
44.176
44.898
44.84
44.782
44.94
46.589
45.823
45.813
46.283
45.731
45.473
46.284
45.984
47.152
46.957
47.231
47.114
47.172
47.035
47.086
50.63
70.931
70.648
60.766
50.884
51.043
51.203
49.528
49.507
50.066
50.449
49.618
49.154
48.406
47.658
44.495
43.38
45.03
46.112
44.943
43.669
46.264
46.312
45.297
46.391
47.485
48.226
47.457
46.687
46.535
46.856
45.553
47.514
47.939
48.365
48.405
48.444
48.286
48.128
44.997
45.812
45.688
44.607
44.656
44.705
44.758
44.812
45.307
45.978
44.796
44.77
44.744
44.605
61.965
62.128
62.066
61.983
62.168
61.978
62.06
61.987
62.048
62.025
