64.091
64.144
58.14
52.136
52.277
52.049
52.019
51.943
52.123
52.103
52.092
52.7
53.296
51.272
53.179
51.489
52.835
52.519
51.656
53.067
51.457
52.689
52.106
51.995
52.449
61.284
70.119
69.934
45.207
45.062
45.319
44.979
45.424
43.985
43.313
55.172
50.068
60.569
71.07
71.082
53.352
54.636
54.642
66.855
67.046
67.035
66.802
54.548
54.491
54.788
54.761
55.32
55.418
55.511
55.86
55.837
55.254
54.672
53.814
51.536
52.717
48.464
53.835
53.793
53.751
54.134
53.766
65.919
66.02
66.217
66.592
67.463
67.944
55.727
56.163
68.354
68.288
74.046
79.804
79.734
79.572
55.469
55.413
55.374
55.235
51.631
52.836
54.041
65.763
65.213
64.788
64.55
64.313
72.381
62.571
52.762
53.789
53.697
53.589
59.746
65.903
65.842
65.884
65.874
65.862
65.851
65.882
65.755
65.574
65.027
64.238
70.256
68.921
68.434
68.791
69.287
62.876
50.944
51.27
51.087
50.905
50.802
50.693
50.623
50.561
50.854
57.195
53.926
50.658
50.321
50.537
50.385
50.358
50.371
50.436
50.916
51.182
50.962
50.755
50.679
50.52
50.118
49.987
49.444
50.473
62.062
62.25
62.198
62.08
62.243
62.164
62.086
50.141
50.055
50.149
50.011
50.2
49.98
50.397
50.283
50.169
49.034
47.9
47.522
47.144
46.604
45.199
45.15
45.101
47.119
47.432
45.082
46.981
45.525
46.083
46.226
45.526
46.09
46.167
46.195
46.27
45.835
49.412
48.835
48.258
62.093
56.007
49.921
51.671
51.8
51.5
51.199
50.188
50.448
50.514
50.231
51.692
52.154
52.092
52.594
53.206
53.038
52.693
52.224
51.995
52.178
51.198
51.228
49.627
50.464
50.323
49.486
50.661
50.717
49.933
51.06
50.625
49.014
54.626
55.341
54.812
55.035
60.062
60.079
60.085
60.113
60.137
60.082
60.098
60.134
50.999
50.848
50.509
50.593
51.014
51.436
51.65
53.208
54.765
54.836
55.388
54.829
51.347
52.45
51.041
50.535
49.881
49.103
49.278
48.492
55.143
67.072
67.094
64.054
63.987
48.313
47.866
47.413
46.959
48.316
49.674
49.067
50.145
49.639
49.662
50.305
49.857
49.933
50.777
50.486
50.566
50.733
50.494
49.94
49.654
49.734
49.758
49.504
49.092
48.977
48.874
48.836
48.799
49.043
49.288
50.238
49.07
49.601
50.385
49.7
50.504
49.671
50.179
49.862
49.711
50.374
49.567
50.749
49.545
50.782
49.357
50.639
49.386
50.633
49.313
50.795
49.423
49.463
49.504
51.437
50.126
50.612
50.127
50.31
50.223
49.615
50.268
49.288
49.138
48.989
48.901
49.436
48.545
48.552
48.558
48.58
49.944
48.54
46.558
47.058
47.953
48.68
48.546
48.412
46.559
47.633
47.004
47.231
47.066
47.126
46.989
47.147
47.117
46.905
47.395
46.537
47.646
46.433
47.565
46.262
