44.464
49.547
49.522
49.554
49.367
49.201
49.035
43.073
43.781
43.606
48.052
47.266
51.246
48.139
51.379
54.618
53.172
53.114
53.349
53.579
53.373
53.592
53.239
53.402
52.705
52.733
51.78
51.662
50.877
50.329
48.699
51.103
50.809
50.074
49.839
51.357
50.674
51.69
51.25
52.822
53.374
53.89
53.779
53.447
52.516
52.3
52.265
52.319
52.268
51.665
53.974
56.284
56.231
53.213
51.988
64.343
64.35
80.042
79.792
51.875
51.7
51.712
51.434
51.382
51.359
52.218
53.078
76.055
75.858
65.705
55.552
52.184
50.614
50.006
48.834
49.548
50.229
50.231
50.232
48.146
49.758
49.181
48.902
49.123
50.14
48.722
47.305
48.762
52.151
51.504
50.857
51.391
51.925
51.459
51.227
50.816
51.336
50.887
50.609
52.162
50.993
51.953
51.71
51.213
51.158
50.313
49.14
50.418
50.295
49.462
48.24
49.431
48.163
49.017
47.739
47.252
55.563
54.912
44.934
45.451
45.282
45.002
44.822
65.396
65.111
68.18
71.249
70.884
70.637
70.638
70.395
50.28
50.523
49.515
48.61
47.869
47.341
46.814
47.481
48.459
50.261
43.542
43.804
43.957
44.11
55.582
53.639
51.695
52.465
50.98
51.589
49.869
51.604
50.855
49.367
50.074
49.266
50.007
50.804
50.74
50.676
50.865
50.482
51.102
51.721
50.127
50.738
49.015
49.348
49.402
47.358
46.371
46.81
80.173
80.013
48.354
50.123
51.893
50.609
49.325
54.966
55.625
65.48
75.336
62.621
49.906
49.611
48.409
58.843
58.961
47.005
46.957
46.33
45.702
48.02
49.255
49.278
49.583
46.634
50.264
47.494
44.723
44.009
44.475
78.543
77.993
63.225
48.457
49.196
49.033
49.469
49.906
50.038
50.171
50.784
51.001
51.217
45.403
45.856
45.881
44.935
52.428
51.786
51.555
50.164
49.421
54.441
53.277
53.649
54.909
53.13
50.764
59.457
68.15
67.656
67.304
47.379
48.916
44.869
45.734
45.071
44.407
61.136
60.974
67.833
67.723
47.204
47.344
49.814
48.083
50.369
49.69
48.538
44.978
45.684
63.933
64.025
63.969
63.914
51.106
51.096
50.676
50.256
46.813
47.844
45.945
46.36
50.168
48.564
48.125
48.095
48.072
48.877
48.379
60.033
59.641
48.468
48.223
48.445
48.078
47.711
49.103
47.803
47.883
47.963
44.136
45.085
49.858
47.943
48.812
49.402
48.697
48.449
48.2
47.997
44.119
45.849
44.452
44.592
44.876
45.296
44.841
45.209
43.909
44.397
44.884
44.922
45.222
44.82
45.11
45.186
45.457
45.463
45.184
44.586
46.725
52.228
52.181
54.517
54.142
54.666
54.637
53.994
53.351
45.935
45.278
47.821
48.997
48.526
50.328
49.696
49.065
47.558
46.052
45.188
44.325
45.275
44.815
46.249
46.413
46.577
45.283
45.383
44.536
46.641
47.092
47.543
46.517
46.448
45.973
45.499
55.238
55.883
51.753
45.736
45.573
54.42
55.598
45.696
45.951
45.937
50.886
