58.226
59.106
58.844
57.987
46.117
46.088
45.75
46.111
45.421
45.836
45.999
45.834
46.085
45.967
45.825
45.75
45.911
45.851
46.047
45.969
45.849
45.835
45.82
45.93
45.903
45.891
46.122
45.613
44.355
43.096
48.685
58.568
58.534
58.399
57.844
57.908
57.784
57.978
58.073
58.168
58.932
56.113
56.416
56.394
55.741
55.643
79.796
79.875
79.915
79.956
79.987
80.018
79.99
79.962
73.88
67.798
67.756
67.762
54.861
55.228
53.747
53.459
53.171
53.638
53.053
53.746
53.211
53.209
51.466
50.678
62.316
68.56
68.461
68.588
68.715
69.521
69.695
69.286
69.21
69.134
68.893
69.032
69.13
49.685
50.698
50.423
50.149
50.157
50.086
50.619
50.897
50.573
50.91
50.866
49.541
50.514
51.183
50.6
50.732
51.317
50.365
50.086
50.704
51.481
50.799
50.891
50.982
50.697
50.331
49.966
51.606
50.815
49.359
51.455
50.974
50.493
50.494
61.013
60.813
60.9
61.214
61.363
60.636
60.816
61.734
60.375
62.895
62.12
63.27
62.994
62.186
63.314
63.027
62.143
63.354
62.817
62.28
62.84
62.912
62.984
62.991
63.218
63.101
56.449
49.797
44.177
44.153
44.367
44.255
44.216
44.282
44.219
43.978
43.923
43.658
43.61
43.675
43.414
43.583
43.239
43.226
43.266
43.307
43.178
43.236
51.582
51.434
51.656
64.015
63.58
63.289
51.543
50.82
50.39
51.227
52.064
63.689
63.471
52.781
51.237
50.868
50.886
49.355
47.824
48.187
67.54
67.436
67.279
67.51
67.741
49.425
48.586
48.228
49.542
48.939
47.305
49.56
49.467
49.718
49.969
50.424
50.488
50.343
50.381
50.704
51.026
62.999
65.222
64.954
55.099
53.783
54.033
53.577
53.721
52.724
52.658
76.59
76.578
76.81
53.532
53.696
53.844
53.653
53.212
52.82
52.846
52.906
53.115
52.896
53.001
53.128
52.924
52.735
52.791
52.801
52.848
53.197
53.309
53.531
53.682
53.463
52.954
52.647
52.553
52.783
53.062
53.39
53.376
53.388
53.508
53.26
52.908
52.456
52.934
45.984
45.838
45.79
45.909
45.707
45.93
45.941
46.049
45.912
45.755
45.826
45.777
45.946
45.927
45.899
45.88
45.854
45.745
45.687
58.458
58.258
57.985
57.836
57.928
58.022
57.926
58.086
58.297
43.64
43.931
57.951
57.939
57.966
58.111
58.1
58.202
58.039
45.623
45.865
45.908
46.069
45.897
45.858
45.827
45.595
45.936
45.979
46.042
45.917
45.506
45.799
45.639
46.009
45.891
53.706
60.639
