43.306
43.363
43.215
43.431
43.621
43.432
43.274
43.526
43.52
43.13
62.083
62.087
62.058
46.063
46.153
45.674
44.744
44.483
54.982
55.086
54.981
54.876
55.567
55.359
55.151
54.787
55.025
54.812
53.186
51.559
66.964
60.33
53.697
53.791
53.077
52.364
52.018
51.672
51.104
51.411
51.717
51.633
53.011
51.771
53.311
52.198
53.583
52.676
53.22
52.98
52.712
52.903
52.688
52.321
50.181
48.826
47.461
46.096
45.728
45.36
64.29
76.138
75.701
75.357
50.973
51.333
74.777
84.358
84.328
50.932
50.978
51.257
82.257
82.241
82.192
51.191
51.505
51.529
49.841
50.53
51.068
51.605
48.174
49.323
48.49
48.377
47.48
47.011
47.783
48.782
47.299
48.238
48.614
46.604
48.323
48.172
46.674
48.409
48.211
48.013
46.762
46.457
47.58
46.378
46.517
46.656
47.573
48.296
48.393
48.49
47.359
47.159
48.642
47.456
47.559
48.582
47.353
47.719
48.07
47.344
47.954
47.774
47.262
48.213
47.699
47.289
46.657
70.985
70.917
70.899
71.027
53.596
49.344
58.022
66.7
66.584
66.189
68.55
57.256
45.962
47.62
46.203
47.886
46.275
47.705
46.221
47.694
46.122
47.824
49.676
51.528
44.093
42.888
44.721
54.666
56.311
52.979
47.891
47.529
47.166
46.877
45.584
45.238
44.892
47.645
46.268
46.541
46.771
46.327
46.736
46.463
47.63
45.523
46.836
47.811
48.217
48.623
51.429
51.467
51.505
47.748
45.403
45.63
45.223
44.13
44.146
44.163
44.149
44.136
54.66
54.209
54.131
54.111
54.164
62.131
53.926
61.954
53.684
45.414
45.567
45.679
45.881
46.068
46.328
46.594
46.459
46.472
46.96
58.784
58.829
52.646
46.462
46.618
46.931
46.826
47.093
47.111
47.142
47.725
48.449
49.174
48.73
49.218
48.921
47.884
48.011
47.329
47.382
46.455
46.072
49.899
53.726
50.514
47.303
46.301
76.691
76.479
76.208
46.055
46.485
45.692
53.766
54.379
45.612
44.709
44.737
44.779
45.132
44.935
44.294
44.682
44.903
44.816
44.424
47.801
46.712
45.623
54.321
63.019
71.132
70.496
47.252
47.85
47.077
47.47
67.091
67.013
55.135
52.849
59.837
66.825
66.697
63.982
67.62
71.257
71.336
64.05
