48.071
49.523
52.639
49.444
50.271
51.099
50.3
49.502
47.694
51.31
49.709
48.108
48.999
54.587
54.36
54.518
54.677
54.046
54.334
54.623
43.58
45.114
46.649
50.077
55.013
54.769
54.037
53.328
45.169
44.811
44.865
45.154
67.572
67.871
67.397
54.792
55.039
53.955
54.962
54.254
52.804
45.515
45.865
65.759
72.162
71.675
71.043
70.142
69.707
69.826
69.829
63.687
64.684
54.966
56.666
56.62
56.142
56.098
55.981
55.672
54.901
54.761
54.674
54.622
54.523
54.91
54.748
54.429
55.028
54.86
54.81
54.429
53.598
52.92
52.627
52.333
45.431
46.447
46.109
48.084
66.027
65.567
65.428
65.223
65.062
64.804
64.355
63.999
63.61
63.078
62.965
62.953
62.941
63.168
63.171
68.108
60.377
52.645
53.124
53.603
65.099
64.783
64.628
71.544
71.274
70.866
70.318
50.573
49.405
49.697
49.588
49.337
49.448
49.419
53.975
65.242
64.597
64.519
64.484
64.532
64.55
44.623
45.52
45.226
45.067
51.015
50.079
48.972
52.792
50.746
59.244
52.718
46.192
45.295
45.107
45.473
45.36
45.247
44.762
44.403
49.491
53.828
64.595
64.462
80.129
79.829
70.851
70.861
70.737
70.707
70.698
70.744
70.774
70.811
61.021
51.23
45.356
50.253
55.15
55.527
57.41
56.271
55.131
54.323
53.516
64.989
64.659
64.083
63.538
62.79
50.956
47.13
45.123
45.382
52.047
53.922
55.588
54.23
64.179
63.868
55.664
53.104
50.544
45.218
45.994
46.879
50.369
68.596
68.01
67.497
66.984
58.599
57.228
55.857
69.455
58.494
63.664
68.833
68.819
68.75
68.539
68.364
68.243
49.265
49.405
61.905
62.226
50.005
49.864
50.445
56.215
52.567
48.919
50.124
45.722
44.506
45.528
44.878
45.002
45.248
51.718
51.712
55.389
52.763
50.137
45.874
44.32
45.673
45.368
44.796
47.535
47.641
47.747
46.492
45.237
48.969
47.824
46.68
47.549
46.671
45.792
46.414
47.036
49.029
48.996
47.512
49.954
48.089
48.264
48.753
48.895
49.038
46.91
48.77
50.629
51.593
50.925
66.259
70.508
59.084
47.661
45.812
44.531
45
45.468
47.143
48.99
50.837
50.526
54.66
55.422
49.426
50.522
46.326
45.752
52.169
50.42
46.3
46.169
58.571
59.087
47.898
46.917
46.66
46.404
49.047
49.752
55.275
52.274
49.273
48.723
48.845
47.434
47.758
47.956
48.155
44.475
43.008
44.079
46.741
49.402
49.425
79.961
79.281
78.832
78.977
79.121
79.468
79.661
79.65
79.634
79.519
79.642
64.757
49.871
51.036
56.245
55.062
44.761
44.975
52.252
53.435
50.531
51.051
50.594
50.222
50.651
50.663
50.676
51.533
49.983
50.442
50.496
50.826
51.144
49.883
49.101
49.816
56.868
63.921
63.954
55.97
47.987
43.188
44.171
46.102
48.034
60.49
60.321
60.446
60.868
61.289
61.231
61.172
60.536
59.9
54.654
49.407
47.516
45.292
46.843
47.961
51.668
49.34
47.013
48.528
47.74
46.39
46.36
46.33
46.688
47.046
47.098
46.488
45.878
47.343
48.229
47.561
46.512
48.721
55.343
55.106
59.583
64.06
63.934
51.134
