64.823
65.072
65.205
64.753
65.263
65.285
64.596
65.538
54.637
54.916
51.258
51.734
51.378
51.023
48.996
50.189
50.023
49.283
49.821
53.584
53.887
49.532
49.532
48.528
48.314
51.726
52.75
49.72
49.562
65.124
65.067
65.125
78.843
78.981
78.975
74.028
69.081
69.089
69.414
57.249
56.507
53.461
52.817
52.924
53.032
53.148
54.486
55.823
56.005
55.148
54.889
54.006
53.72
53.867
53.809
46.255
49.056
51.856
51.572
51.856
51.946
49.454
49.271
49.72
49.383
68.619
68.349
68.127
67.968
67.667
49.182
49.301
49.808
50.316
49.16
47.957
48.1
48.243
65.809
65.6
64.472
66.688
68.904
68.074
68.174
68.794
69.695
70.255
50.681
50.632
60.372
55.597
50.822
51.009
51.229
51.449
51.291
50.934
55.737
54.162
51.1
50.766
50.612
50.459
50.435
50.181
49.908
66.964
66.927
43.014
43.054
43.211
43.187
43.281
43.315
43.082
43.189
43.32
43.121
43.18
43.204
43.055
43.255
43.183
55.281
54.433
53.69
53.398
53.552
52.515
52.535
51.66
50.895
49.804
48.52
49.235
49.556
49.693
61.663
62.014
43.927
43.835
43.57
44.456
49.073
48.222
48.073
47.924
48.017
48.11
58.981
58.62
58.258
57.623
51.511
49.471
47.431
44.87
44.894
58.109
56.847
45.212
44.693
67.044
66.962
66.9
67.134
66.248
65.798
66.248
70.81
70.734
70.503
70.809
70.453
70.22
46.348
46.183
46.726
46.435
46.244
46.054
70.375
70.23
70.211
70.184
53.154
61.713
53.969
46.225
45.966
46.087
45.938
45.441
45.267
45.094
45.899
46.03
46.166
46.157
45.962
62.002
61.931
62.001
60.113
58.226
57.988
58.016
58.031
58.076
58.018
58.086
57.963
53.693
49.422
48.097
48.636
49.645
48.62
47.841
47.629
47.925
47.714
48.927
69.907
70.081
66.171
62.261
62.162
62.122
52.594
52.818
53.042
61.967
61.867
61.948
61.986
50.947
48.964
49.368
48.888
48.446
69.832
69.842
69.788
69.897
70.031
52.516
53.156
53.003
52.587
52.305
52.023
51.283
53.04
53.408
52.224
51.04
62.428
61.63
49.982
48.424
48.306
49.481
50.657
49.488
48.887
48.287
50.25
52.212
49.038
49.055
68.337
68.143
68.123
68.176
68.317
48.686
48.569
50.363
49.943
49.522
49.556
48.862
48.195
47.527
47.593
48.671
49.047
47.835
48.115
48.395
49.628
50.861
51.814
49.689
50.294
48.763
48.935
49.749
60.578
71.884
71.927
71.974
52.976
52.854
60.937
69.021
68.413
68.041
67.707
67.514
67.466
67.586
67.695
67.799
67.78
67.758
67.863
67.394
66.744
66.346
65.677
64.961
61.954
58.948
59.715
60.294
69.775
79.257
78.702
78.298
78.252
46.56
46.618
47.578
44.015
44.19
47.482
47.207
46.139
45.9
66.39
66.144
65.825
65.505
65.255
59.705
54.154
