44.182
54.058
50.437
46.815
46.612
45.058
44.588
45.087
45.587
46.264
46.074
45.997
45.92
46.033
45.769
47.259
47.622
46.407
45.872
47.262
49.038
47.229
45.419
45.081
44.947
44.894
46.066
66.415
65.873
46.147
45.342
46.038
57.518
65.278
65.263
65.233
64.872
45.783
45.846
57.324
57.26
64.9
64.753
57.093
57.072
57.131
45.463
45.146
45.226
45.305
45.767
46.229
45.924
45.673
46.727
46.096
46.743
49.231
47.144
45.057
45.336
45.027
45.177
44.206
43.913
43.619
46.133
45.658
45.851
57.505
57.62
45.883
45.671
45.407
45.276
45.114
46.493
55.927
55.263
56.001
56.738
57.058
57.011
56.975
56.954
45.754
45.272
44.972
45.88
45.337
44.794
43.938
44.299
44.66
45.176
45.994
45.652
46.447
46.874
47.301
48.925
46.733
47.634
47.557
47.587
47.367
47.477
47.543
59.045
59.192
47.519
47.598
49.42
46.73
47.273
47.836
48.219
47.359
67.577
67.147
66.899
47.514
47.516
47.594
48.379
59.518
53.693
47.869
47.587
47.591
47.458
47.435
47.586
53.427
59.268
59.105
53.241
47.378
47.223
46.939
47.064
46.921
53.709
52.346
50.983
51.621
52.258
70.272
70.151
70.281
70.316
70.351
70.007
70.114
70.096
50.511
51.267
51.139
50.86
51.046
48.237
45.656
45.392
45.102
44.233
45.052
43.94
67.031
66.529
65.998
65.376
59.237
53.098
52.724
53.216
54.196
53.46
53.26
54.248
53.4
53.309
54.322
53.463
53.516
54.035
53.383
53.138
53.675
53.398
53.356
52.284
52.984
52.822
53.307
53.286
53.628
53.277
53.606
53.171
52.853
52.859
53.408
52.877
52.789
52.662
52.819
50.461
47.701
46.035
45.538
44.883
45.244
43.59
53.061
52.813
52.862
53.337
49.462
51.218
52.974
45.341
43.883
44.271
44.66
52.826
52.804
53.176
53.078
52.84
52.867
52.922
52.556
53.516
53.183
52.85
52.175
54.252
52.414
52.895
72.041
71.582
52.581
52.608
52.476
52.369
71.83
71.504
52.472
52.329
52.915
52.412
71.814
71.842
52.335
53.381
52.622
52.304
52.841
51.617
54.44
53.696
52.951
52.341
52.085
52.556
52.112
52.492
52.534
52.468
52.42
52.442
55.942
54.01
51.937
51.668
52.127
61.835
57.007
52.178
52.662
52.087
51.947
51.429
55.074
54.523
51.772
52.012
54.871
54.938
55.005
54.902
54.811
54.719
54.141
53.233
52.856
52.479
54.346
54.373
52.656
55.111
55.506
51.619
52.359
52.187
51.881
53.04
52.81
52.579
52.796
51.536
51.595
52.555
63.988
64.088
58.978
59.329
59.654
55.392
55.183
57.157
59.132
59.131
56.902
55.111
55.708
55.756
64.125
64.221
56.042
55.633
51.831
48.028
49.638
50.389
51.14
64.068
63.887
63.926
