58.202
57.296
62.545
67.793
67.759
67.521
79.668
79.598
55.835
54.949
55.815
56.681
56.698
56.715
56.647
56.578
67.787
67.78
67.586
72.692
63.124
53.557
52.8
52.898
52.996
52.37
53.22
53.06
53.996
64.463
69.948
70.01
69.991
69.847
61.901
66.166
70.431
70.642
70.619
70.374
70.116
57.931
58.065
58.081
58.442
58.675
58.436
58.204
58.084
57.646
57.35
57.53
57.536
57.327
55.711
58.144
58.857
58.505
60.817
63.128
62.391
61.958
62.294
62.631
62.684
63.229
57.898
61.075
56.684
52.293
51.283
52.528
52.125
51.722
51.876
52.03
51.685
51.34
51.199
51.057
50.005
49.927
49.849
52.643
50.848
52.664
51.087
51.953
51.183
51.661
52.075
51.565
51.056
50.861
50.666
52.464
54.141
58.553
58.067
57.581
60.059
62.537
63.238
62.896
62.553
62.749
62.946
47.136
44.025
44.396
44.169
44.209
44.491
44.158
44.22
44.264
44.147
44.23
43.978
43.935
43.721
43.955
43.721
43.384
43.422
43.403
43.437
43.628
43.162
43.371
47.234
51.096
78.738
78.805
68.194
68.217
68.083
68.012
67.942
67.903
67.864
67.927
67.99
44.72
45.888
45.656
45.424
48.059
46.647
46.575
46.503
45.142
43.781
46.555
45.495
44.612
43.729
46.471
67.974
67.857
44.914
43.481
43.369
43.251
44.128
70.484
70.345
70.302
70.121
69.783
60.125
50.467
51.622
53.724
66.495
66.24
65.815
65.331
65.111
64.89
53.052
53.262
65.363
65.266
53.409
53.333
53.114
53.115
65.126
65.131
65.074
64.954
64.909
64.8
52.714
52.888
53.305
65.214
65.256
53.295
53.527
53.026
52.892
52.828
52.898
53.039
53.544
53.249
54.105
43.804
44.837
45.484
46.131
45.962
45.568
46.025
46.133
45.908
45.912
45.814
45.723
46.049
46.059
46.069
45.678
46.004
45.798
46.007
46.035
46.061
45.786
45.766
45.912
46.001
45.897
46.013
45.516
46.664
68.081
68.005
62.923
57.842
58.222
58.138
58.613
57.98
57.347
46.243
46.046
46.029
65.05
64.976
65.007
65.019
64.974
65.008
45.852
45.896
45.645
45.946
46.01
45.982
46.143
45.558
45.99
45.83
45.796
46.032
45.914
64.989
64.948
66.915
68.881
69.006
68.912
69.495
65.019
50.674
49.896
50.326
49.687
52.793
73.04
73.023
53.801
55.434
57.196
70.324
70.837
71.174
71.775
72.032
71.666
71.959
72.086
72.008
72.262
72.293
72.372
71.874
71.332
46.297
45.868
58.943
70.958
70.498
70.202
64.039
68.105
72.17
71.834
71.312
70.791
77.328
77.407
77.366
68.036
58.705
58.729
59.081
59.098
59.062
59.22
58.995
59.022
59.154
59.199
59.592
78.337
78.408
58.759
59.166
57.467
55.767
61.643
60.469
60.956
59.576
56.85
56.27
56.912
56.978
57.036
57.061
57
57.242
57.16
57.063
56.97
57.053
57.134
57.557
56.659
57.223
57.222
56.642
56.676
57.069
57.468
56.907
57.035
57.606
57.873
57.709
57.664
57.57
57.406
57.534
57.122
56.803
57.026
56.978
55.599
57.039
57.389
57.738
58.005
59.074
60.143
45.376
56.648
67.919
68.01
67.956
67.903
47.931
49.864
43.582
44.927
43.854
44.636
44.436
44.509
44.527
44.361
44.026
44.148
43.932
43.934
43.716
