46.101
45.888
45.801
46.502
57.401
57.812
57.983
58.077
58.167
58.032
57.848
58.211
54.475
45.201
45.836
45.845
45.681
45.92
45.965
46.35
69.968
69.99
58.139
46.288
45.857
45.857
45.758
45.752
45.816
45.942
46.003
45.904
45.913
45.714
45.585
46.071
45.833
45.508
58.288
58.913
58.215
58.08
57.982
58.069
58.015
58.044
48.809
44.991
45.958
45.934
46.257
45.712
45.952
45.637
45.715
45.8
46.09
45.932
46.015
45.769
45.898
45.791
46.051
46.051
45.74
45.75
45.761
46.08
46.069
45.895
45.999
45.786
45.858
45.502
46.204
45.865
45.951
45.981
45.763
45.828
45.9
46.012
45.319
46.063
46.808
72.966
73.017
72.953
72.996
46.229
46.642
72.975
72.946
66.071
68.772
71.473
71.51
59.648
59.669
59.871
60.072
60.236
60.15
60.063
59.205
57.818
58.152
42.991
43.573
58.326
58.583
58.266
57.938
58.023
58.006
57.846
57.508
56.852
58.976
58.47
57.964
69.513
69.124
69.142
68.913
69.062
68.994
69.228
68.982
69.27
57.334
57.391
69.752
70.183
70.261
70.162
69.82
69.563
69.424
69.375
57.594
57.67
57.852
57.957
57.919
57.576
57.647
69.726
69.824
57.884
57.773
57.694
57.827
58.123
57.88
57.822
57.954
57.649
57.792
58.598
58.045
58.128
57.79
57.796
58.13
60.538
60.442
60.717
60.938
60.984
61.094
61.259
61.325
57.742
57.866
57.815
57.84
58.247
58.272
57.676
58.659
57.756
57.673
57.59
57.208
56.825
43.912
45.673
48.357
46.359
44.361
44.162
44.326
44.533
44.316
44.231
44.042
44.159
44.09
44.015
43.79
43.815
43.736
43.609
43.63
43.335
43.655
43.23
56.355
56.106
55.981
55.953
55.89
56.213
56.35
56.261
56.621
56.905
56.9
56.787
56.359
56.016
56.283
54.257
54.728
55.163
67.131
66.097
66.876
66.376
54.105
54.646
54.747
54.726
54.986
54.919
55.048
55.236
55.207
43.853
43.83
43.97
43.937
44.085
44.223
44.37
59.864
59.52
59.303
53.583
47.862
46.762
52.963
59.165
68.457
66.611
65.25
52.985
53.361
53.212
52.953
52.693
52.779
76.561
76.599
76.678
76.668
76.577
76.347
76.202
76.057
76.257
76.546
76.661
52.695
52.87
52.948
52.782
52.792
52.681
52.567
52.454
53.062
52.315
52.219
52.835
52.717
53.004
52.873
52.967
53.003
48.159
47.135
46.112
46.376
45.602
49.295
52.988
53.111
52.543
45.772
45.844
45.989
45.897
45.775
46.043
45.613
46.06
45.839
45.921
45.937
45.66
46.176
45.738
46.049
45.567
44.895
47.925
52.759
57.594
57.828
58.266
