48.14
53.978
48.597
43.216
43.335
56.669
57.269
54.03
54.779
54.693
54.993
54.642
54.811
54.86
54.936
54.891
55.567
55.591
55.42
54.521
55.552
54.493
54.928
53.687
54.393
53.5
52.106
52.569
52.844
52.842
71.261
70.84
70.567
52.153
51.053
52.863
54.495
54.072
45.928
44.586
53.303
55.002
54.54
66.552
66.488
66.454
66.354
53.267
52.81
54.023
54.597
53.676
54.389
54.045
53.324
65.648
65.537
53.032
52.165
43.922
43.429
44.682
45.935
45.655
66.166
66.104
65.741
65.558
65.376
52.748
52.488
51.309
50.13
45.743
45.493
51.897
50.807
70.087
70.06
70.139
70.035
49.856
47.861
47.922
49.514
48.352
49.13
49.18
48.818
50.189
51.281
52.373
52.662
51.491
52.105
53.038
51.075
53.211
52.453
52.216
53.246
52.374
52.662
52.519
52.377
52.814
44.609
44.937
44.42
45.021
45.053
44.899
47.124
52.09
55.549
54.029
53.579
53.129
52.679
52.743
52.375
52.393
52.119
52.145
52.231
51.985
52.639
53.02
53.468
53.916
53.788
53.661
53.086
52.511
53.14
52.288
51.348
51.288
51.289
51.289
49.779
44.455
42.971
55.07
54.395
64.353
64.317
64.184
64.269
64.106
63.859
63.466
51.423
50.985
62.04
61.398
61.032
60.667
55.212
49.757
52.61
50.233
47.856
49.2
46.014
46.093
45.711
45.328
45.378
45.838
52.928
52.977
52.616
52.255
51.577
51.166
51.313
51.28
51.184
51.632
51.498
51.37
51.196
50.036
50.277
50.517
49.746
49.502
49.258
49.343
49.394
49.509
49.501
50.202
52.106
51.22
49.047
49.614
50.36
50.126
49.169
49.658
49.946
49.475
49.036
50.048
48.431
49.987
47.236
44.485
44.491
44.863
45.234
45.017
44.919
45.388
45.34
44.681
45.706
45.971
46.236
46.079
51.44
56.945
50.139
47.874
50.463
47.519
50.144
47.151
48.365
49.579
69.755
69.217
49.616
47.918
56.088
54.879
52.742
50.605
49.579
69.525
69.605
69.274
68.943
49.132
44.357
45.928
45.686
45.444
45.619
45.635
53.583
53.653
54.667
51.902
51.607
50.549
50.941
51.333
44.458
45
45.916
45.302
46.659
48.015
49.145
50.274
50.073
62.145
61.951
49.622
49.643
49.415
49.474
48.744
49.903
49.156
47.547
52.251
56.955
55.179
53.881
52.583
51.332
50.081
49.818
49.554
50.098
52.495
47.959
48.328
48.697
44.482
45.467
45.123
44.246
44.482
44.737
44.995
50.741
47.882
45.022
45.265
45.043
44.759
44.788
45.086
45.34
45.196
45.747
44.88
45.082
45.638
53.031
52.886
52.741
52.968
54.427
53.086
53.593
54.1
54.009
52.612
63.666
63.875
64.02
64.014
64.008
44.147
42.991
43.649
44.307
43.229
63.896
64.167
58.052
51.937
45.645
45.498
45.012
45.727
