45.599
52.159
52.079
51.631
52.953
45.769
44.905
44.948
44.531
45.879
45.039
44.198
53.699
65.952
66.009
54.217
44.741
44.995
44.611
51.831
54.778
50.076
45.374
44.632
46.291
47.421
48.552
55.524
55.635
48.81
48.853
49.191
49.528
46.96
44.392
45.938
45.742
45.801
48.401
47.104
45.807
45.855
45.703
50.866
55.382
54.979
53.826
52.673
45.745
45.594
44.959
45.243
45.528
45.653
44.605
44.819
55.687
55.362
55.583
55.807
56.103
56.399
55.281
55.639
55.41
55.181
49.599
47.84
63.911
63.62
60.036
56.452
52.729
49.005
49.474
49.712
49.806
49.499
54.58
55.242
53.095
53.688
54.643
54.861
54.988
54.751
53.587
44.754
44.735
44.676
48.734
55.208
55.286
55.296
55.15
54.301
53.167
51.861
44.416
45.655
44.765
53.804
53.549
80.136
79.664
52.053
51.561
52.103
49.567
44.466
44.289
44.347
44.406
45.992
47.578
54.867
66.115
66.13
53.891
52.709
53.875
55.042
51.519
47.996
49.559
66.149
81.592
81.087
81.04
73.161
65.282
65.15
60.481
55.812
45.929
45.459
45.513
45.567
50.301
55.034
54.392
53.897
53.403
65.286
64.961
63.974
63.882
71.005
58.087
67.516
58.226
48.936
49.944
48.069
50.474
49.577
49.494
49.62
50.319
63.355
63.033
66.437
69.841
70.367
70.895
70.397
69.677
50.09
50.127
62.194
62.408
50.309
50.319
48.479
69.232
69.647
61.226
58.076
54.927
54.431
53.562
52.693
52.467
52.289
52.017
52.731
49.618
46.506
44.156
44.81
45.083
44.698
51.474
50.231
48.987
50.169
48.514
50.323
49.226
50.325
52.401
50.92
52.142
52.216
50.868
62.073
62.093
62.273
62.452
50.296
49.383
48.471
48.938
52.275
47.938
43.602
43.505
51.327
50.73
50.377
51.214
49.538
50.276
51.014
46.565
44.795
45.031
45.267
47.897
49.392
48.441
56.684
55.057
49.359
58.053
53.116
48.179
47.782
49.82
62.837
56.763
67.607
78.451
78.386
81.378
81.533
81.432
81.636
81.757
81.969
82.113
82.046
82.058
81.884
81.495
81.228
81.073
77.502
76.768
79.402
77.221
75.04
48.534
49.754
60.301
60.472
60.111
60.387
60.663
60.728
60.43
60.302
60.185
60.211
60.219
60.667
53.649
53.423
53.197
48.566
43.934
45.587
45.08
45.898
44.957
45.556
45.188
44.987
44.63
45.763
51.739
53.225
46.376
45.484
46.232
46.979
46.342
45.705
45.246
45.49
45.188
47.083
56.196
56.481
50.716
53.315
51.86
50.405
55.16
55.38
51.713
48.046
62.814
56.452
50.091
48.297
50.434
48.937
49.32
50.45
48.526
47.755
46.076
46.043
51.767
64.337
64.342
64.084
63.639
63.078
62.782
62.486
50.836
51.022
50.287
49.617
50.347
51.149
49.406
49.891
49.028
48.747
49.544
49.618
49.321
49.122
49.148
49.598
49.261
48.058
48.55
48.681
48.744
48.882
49.082
49.07
49.271
49.11
48.873
48.676
48.364
46.881
52.32
48.69
45.06
45.111
44.748
45.141
45.534
44.892
45.009
47.806
55.723
55.333
45.053
44.946
45.87
44.582
44.781
45.078
44.993
45.024
45.375
45.047
45.495
45.944
54.335
53.771
53.873
53.715
44.09
45.176
45.025
44.185
45.655
53.192
48.997
44.803
43.328
46.048
44.079
49.785
55.492
55.007
48.667
48.969
53.444
52.715
51.986
45.061
45.532
45.592
45.414
44.613
45.246
45.553
45.323
44.311
44.458
55.325
55.604
60.764
53.231
45.699
45.768
66.099
66.085
45.086
45.432
45.685
45.939
52.654
52.08
51.506
49.987
48.469
48.201
47.321
46.441
50.467
52.306
48.735
48.907
