54.86
54.97
55.034
55.01
43.017
43.083
67.028
67.035
67.032
57.282
47.531
45.934
45.561
46.995
45.222
46.301
45.739
44.572
43.516
43.005
43.214
43.424
45.013
45.481
44.818
45.47
46.907
44.094
43.219
42.948
42.98
43.049
43.118
43.016
43.006
44.491
48.147
46.902
47.718
46.653
46.989
45.584
45.55
45.515
46.16
46.804
47.409
57.161
57.848
58.534
51.885
45.235
46.874
45.64
44.956
45.272
45.756
44.627
44.448
44.588
44.894
45.199
45.108
45.834
46.663
45.908
45.592
45.275
46.107
46.938
46.306
47.552
44.987
46.153
46.855
45.962
47.642
45.883
47.337
45.477
46.443
46.706
45.827
47.497
45.558
46.778
46.536
46.293
46.291
46.289
47.639
46.55
45.985
54.933
55.249
55.062
55.025
55.069
55.21
55.157
55.276
55.332
59.108
62.224
62.193
62.19
62.262
62.201
62.117
61.727
61.494
61.207
55.394
55.588
55.535
57.22
58.906
58.837
59.268
59.258
59.613
47.039
45.378
45.314
45.907
45.094
44.282
45.081
46.414
45.924
45.435
46.834
54.449
62.063
61.023
60.872
49.954
49.924
50.27
52.343
54.415
53.707
53.295
53.047
52.612
52.333
52.559
52.785
52.759
52.895
76.858
77.68
54.011
53.787
53.806
53.641
53.019
53.077
52.796
52.981
52.864
52.537
51.702
51.149
51.999
61.387
56.119
65.704
75.289
75.309
75.328
51.122
50.96
50.638
50.092
50.043
50.272
49.906
50.127
50.653
50.661
50.044
50.877
50.689
49.807
49.58
48.689
50.813
52.937
52.318
51.699
48.556
48.101
48.137
47.466
48.242
48.317
46.427
44.917
43.407
42.976
43.032
43.087
43.33
44.607
48.873
49.082
47.203
47.605
47.782
46.677
48.183
47.161
48.44
48.729
48.122
48.064
48.214
47.631
48.168
48.07
47.989
48.548
48.137
47.853
48.326
47.571
48.049
48.347
47.909
48.426
48.665
47.121
45.323
43.525
43.469
67.126
59.101
51.077
47.102
47.559
48.016
46.575
47.644
46.157
47.68
46.423
47.782
46.956
47.747
47.355
47.944
48.333
46.807
47.647
45.954
47.208
46.093
46.334
46.809
47.255
47.141
46.484
46.193
45.902
66.596
66.685
66.586
66.227
46.922
47.403
47.451
47.051
47.038
47.412
66.144
66.311
66.298
47.69
48.217
48.038
47.858
48.254
47.728
47.288
47.015
46.804
46.761
46.502
46.316
46.116
46.067
46.014
46.05
46.384
46.033
46.102
46.322
46.42
57.123
57.108
57.092
56.572
61.813
67.055
66.381
65.882
46.45
46.337
46.499
46.586
47.187
46.82
65.929
65.82
58.799
58.998
58.938
59.074
59.13
59.16
59.094
59.097
58.782
59.041
59.021
47.563
46.781
46.83
47.156
46.758
46.64
47.715
47.035
47.072
47.057
46.781
47.448
47.462
46.572
47.208
47.224
47.049
47.492
46.441
46.817
57.65
58.352
67.716
63.025
70.094
77.163
76.701
57.354
56.682
57.294
57.369
57.368
57.197
57.224
53.875
51.793
57.944
64.095
64.076
63.98
64.048
63.992
64.006
63.981
64.003
63.987
64.079
