53.611
60.605
60.931
57.832
48.143
48.95
47.691
60.219
72.747
73.094
72.982
72.984
72.987
43.984
44.085
73.032
72.981
65.183
57.385
58.008
70.875
71.193
71.428
71.567
71.445
71.393
71.321
71.375
71.427
71.374
45.853
46.207
46.001
45.486
59.603
70.408
70.077
69.891
63.451
63.274
63.098
57.587
58.059
57.628
57.198
70.616
70.409
58.064
58.2
58.469
58.618
58.269
57.91
58.034
58.041
58.13
57.959
57.771
57.48
57.219
56.688
56.014
60.782
60.779
60.784
61.139
61.217
65.559
69.901
69.547
69.389
69.258
57.004
56.135
56.92
56.819
56.416
57.258
57.332
56.797
56.467
57.207
57.251
57.05
56.793
57.308
57.433
57.763
57.918
58.128
57.836
57.713
57.632
57.337
57.164
57.202
57.548
57.606
57.769
57.769
57.693
57.603
57.57
57.499
57.502
57.726
57.82
57.791
57.757
56.117
59.354
62.591
68.07
68.077
62.652
63.002
43.5
43.918
43.374
43.936
43.238
43.282
43.456
43.373
43.476
43.493
43.687
43.687
43.797
43.94
44.069
44.101
44.241
44.012
44.128
44.285
44.177
43.818
43.207
56.08
56.732
56.857
57.016
57.135
57.323
57.46
57.652
57.557
57.532
57.1
57.05
56.387
55.631
54.976
54.594
60.932
67.271
66.661
66.826
66.992
66.964
67.064
67.03
67.192
67.151
54.961
55.06
55.173
55.361
55.466
55.995
56.786
57.911
70.476
70.707
59.008
57.71
71.848
71.988
71.971
71.973
71.872
72.122
57.998
58.53
59.041
59.755
58.94
58.799
59.978
58.822
58.761
59.486
59.185
59.139
59.947
59.071
59.525
59.386
58.971
59.587
58.896
58.717
58.262
57.171
55.407
46.076
45.872
44.898
64.988
65.017
64.24
63.462
63.709
62.864
50.682
51.784
52.191
52.598
48.836
50.341
51.846
51.771
48.081
46.325
46.93
52.179
52.144
52.32
52.423
52.65
52.796
52.884
45.8
45.978
45.791
46.132
46.065
46.215
46.416
52.456
52.556
52.962
52.717
52.01
51.302
57.996
57.923
58.145
58.094
58.204
58.296
58.388
58.26
57.3
45.919
46.18
45.616
45.871
45.864
45.728
46.011
46.009
45.618
45.872
45.492
45.907
45.928
45.958
45.902
45.655
45.725
45.517
46.061
45.82
46.294
64.988
64.988
64.993
65.145
61.631
58.117
58.084
58.392
69.994
70.025
69.984
70.092
63.688
66.115
68.541
69.2
68.812
68.758
68.704
68.436
68.166
56.993
56.714
56.293
56.907
56.489
56.452
55.301
54.151
54.906
53.352
54.706
66.27
66.153
65.961
65.936
52.975
61.467
69.958
70.701
70.368
70.035
55.873
56.891
57.384
57.241
57.495
57.769
57.485
57.519
57.241
57.225
57.198
57.476
57.71
57.997
58.01
57.942
58.012
57.586
56.658
56.285
60.919
61.055
61.035
65.703
65.986
57.583
48.275
43.85
43.902
49.087
49.448
49.923
50.015
50.413
48.918
49.156
49.892
51.012
51.019
50.489
49.563
48.638
51.475
50.983
50.491
50.088
50.202
50.316
50.7
52.101
50.445
50.687
51.418
50.003
50.691
51.379
49.967
57.866
57.995
52.796
52.694
52.591
51.6
52.045
53.941
53.134
54.297
55.46
55.304
55.147
