43.903
44.877
45.852
50.12
47.42
44.72
45.061
44.33
45.887
50.228
54.626
49.091
43.556
43.737
43.917
56.684
55.742
55.143
54.589
49.128
49.58
50.032
52.186
53.6
45.551
45.395
45.171
45.425
44.766
45.054
44.692
44.992
45.464
55.168
55.322
53.79
52.257
44.864
44.713
44.636
45.04
44.953
45.126
46.072
44.363
55.219
55.208
55.936
55.792
56.295
56.798
55.221
55.607
55.55
54.803
54.055
48.227
48.527
46.305
51.451
47.389
43.327
43.75
43.33
42.911
49.724
49.323
49.541
51.777
54.013
65.935
66.195
66.441
66.666
66.538
54.15
52.859
44.577
45.03
46.088
55.909
55.953
55.246
55.364
55.326
55.235
55.689
53.235
45.62
44.676
55.296
67.68
67.176
66.67
54.145
53.345
52.736
51.599
54.369
54.484
53.27
50.989
48.707
48.236
54.984
54.714
66.904
66.867
66.728
53.982
52.407
51.14
54.188
53.951
54.217
81.726
81.587
73.654
65.721
53.22
52.722
54.259
55.797
45.974
46.118
53.844
55.165
56.148
55.077
54.006
54.872
53.592
53.591
53.837
53.435
52.969
51.486
51.165
51.413
50.867
50.18
51.1
51.545
50.592
52.335
51.89
52.813
52.484
77.337
77.455
77.281
52.042
53.107
53.245
53.082
53.139
53.75
53.899
54.053
53.926
53.886
53.252
53.779
53.257
52.972
51.753
44.84
45.191
44.976
48.695
52.414
63.713
63.552
59.197
54.842
55.22
44.967
45.177
44.944
45.309
45.499
45.715
49.323
52.931
52.742
64.98
77.219
77.283
53.412
53.385
76.943
76.98
77.207
53.088
53.582
77.43
77.604
77.686
77.574
77.515
53.559
53.184
52.064
55.902
55.158
51.199
47.239
50.244
53.249
53.236
52.583
52.382
52.455
52.527
52.409
52.439
52.261
52.456
80.159
80.201
56.793
53.704
52.05
51.762
49.944
45.243
45.503
45.393
45.284
52.666
51.084
48.685
48.367
48.05
49.844
49.946
50.031
49.722
55.644
55.532
49.191
50.402
46.862
48.529
50.196
52.091
51.203
51.575
51.915
50.751
51.349
50.371
49.529
49.286
49.109
48.825
49.101
49.063
50.11
46.185
44.652
45.239
45.238
50.939
50.339
49.949
49.783
49.829
50.046
50.262
50.152
50.133
50.072
49.278
50.774
51.396
50.876
48.25
50.247
50.964
48.772
46.581
45.64
46.168
46.696
53.923
52.439
50.817
50.817
50.817
49.48
50.495
49.808
47.795
48.73
49.86
50.989
54.201
52.937
51.674
63.676
55.397
64.705
57.77
63.182
55.605
48.028
44.215
44.681
45.752
46.214
53.37
66.094
65.809
60.11
65.803
71.496
71.197
70.814
70.4
69.662
47.39
49.363
51.335
63.331
63.26
63.509
63.596
50.981
51.654
50.989
50.139
50.245
50.351
50.3
50.211
50.121
48.502
49.553
49.145
48.853
49.42
49.251
49.081
48.687
49.208
49.365
49.262
49.27
48.52
47.951
47.382
43.299
44.814
45.492
45.506
44.989
45.033
44.713
44.686
47.888
55.254
55.384
44.983
45.234
45.12
45.379
44.731
44.887
45.173
44.685
45.616
45.191
53.823
52.827
55.363
53.566
51.889
50.211
47.447
50.13
52.812
54.873
53.513
63.696
63.835
63.67
63.788
63.906
60.669
57.432
55.744
53.11
50.476
48.775
53.617
52.218
50.82
44.107
45.783
45.751
45.549
50.944
52.131
45.774
45.657
45.108
51.238
54.963
55.342
66.211
66.187
45.679
45.743
45.481
45.218
46.124
45.709
45.984
46.259
47.485
47.653
51.563
50.132
48.702
48.166
47.961
47.757
48.256
48.27
48.284
47.892
53.683
53.983
