52.35
52.982
67.925
68.775
68.13
61.461
54.792
60.797
66.802
67.285
67.849
67.484
67.462
67.804
67.881
67.698
48.507
48.049
47.67
47.976
47.991
47.983
48.109
48.007
49.2
47.934
46.668
47.042
46.909
46.066
46.498
46.931
46.763
69.915
70.008
47.152
46.911
46.49
46.069
46.542
54.321
55.394
59.728
52.654
45.581
44.545
46.449
48.525
51.751
54.977
66.525
67.082
67.601
68.772
56.812
57.145
55.991
54.929
78.982
79.022
78.997
64.219
55.348
55.612
55.24
54.68
54.12
53.594
52.302
53.371
53.007
52.388
51.941
51.652
51.282
50.799
50.628
50.492
50.287
49.198
48.799
48.841
48.884
68.271
67.309
66.618
66.519
66.813
67.072
67.081
58.57
50.059
49.678
50.254
50.035
49.583
51.969
53.744
70.792
69.003
48.495
48.879
67.494
67.879
68.642
68.926
69.098
69.101
68.724
43.407
43.082
50.112
50.112
50.209
50.031
49.788
55.88
61.972
61.946
62.027
61.983
52.507
59.732
57.254
54.775
54.983
55.191
54.642
55.17
55.508
54.943
54.951
55.437
52.269
49.1
43.083
43.004
43.268
43.279
43.527
43.193
50.776
50.696
50.508
52.6
48.033
51.325
54.617
55.624
55.391
54.714
54.742
62.318
68.597
68.157
67.564
67.431
67.483
67.475
67.458
67.254
67.262
67.169
48.495
48.218
47.94
57.434
51.186
59.089
51.862
53.605
55.348
50.428
58.425
51.511
44.597
44.955
55.933
66.91
66.6
66.979
66.851
66.934
67.034
66.994
66.99
47.322
47.978
71.852
71.455
70.922
70.446
64.97
65.136
65.079
65.022
64.965
46.747
46.267
46.622
46.108
46.086
64.982
61.588
58.194
58.018
57.94
46.451
45.659
45.855
46.085
46.093
46.171
61.886
61.975
61.953
61.852
61.85
61.872
61.89
61.89
61.942
61.875
61.929
57.977
57.974
58.076
58.019
58.013
58.088
58.026
47.663
46.86
46.292
46.473
45.743
46.371
65.154
65.017
69.915
69.88
69.946
69.996
44.743
45.116
44.851
57.458
57.588
64.687
64.961
64.999
65.032
57.985
57.926
57.954
62.384
54.827
47.271
47.28
47.213
47.154
47.114
46.948
47.183
47.769
48.355
47.951
61.138
67.92
67.34
71.859
71.543
71.456
71.144
71.241
71.684
71.857
67.225
67.611
67.898
67.864
68.08
68.422
68.622
68.493
68.38
67.972
68.17
67.865
68.082
67.765
47.037
48.296
48.653
65.943
64.866
60.073
59.305
74.051
73.939
74.094
68.137
67.885
67.333
71.636
71.228
70.968
70.941
71.199
71.366
71.375
71.402
71.178
71.321
71.421
71.52
71.605
71.69
71.764
71.749
72.007
72.073
71.974
71.883
71.678
71.381
71.554
71.442
71.14
71.223
71.274
71.379
71.153
71.418
71.675
71.671
71.083
71.261
71.014
71.227
70.952
71.638
71.86
72.115
72.025
71.635
71.294
71.122
70.835
71.086
71.398
45.933
44.533
71.495
70.998
71.375
47.222
47.784
71.598
71.107
71.002
47.141
48.555
47.201
70.918
71.226
70.697
59.291
47.884
48.076
48.001
46.343
55.716
49.842
49.246
48.651
48.238
47.824
48.759
47.053
53.242
52.487
51.097
49.706
49.091
48.672
48.275
46.923
53.517
53.396
51.111
48.827
49.617
49.131
48.384
53.4
53.501
52.846
51.855
49.628
49.721
49.333
48.052
53.673
65.045
68.994
69.04
48.893
49.65
53.021
53.255
