49.645
49.638
49.687
49.735
49.36
50.259
49.575
50.083
50.167
49.562
50.358
50.223
51.897
53.571
54.585
49.1
49.376
50.247
49.915
48.861
50.377
47.492
49.399
51.306
50.759
50.213
50.185
49.334
49.816
50.015
49.76
50.04
49.707
51.17
52.245
50.979
49.712
50.761
49.777
55.414
54.256
54.879
53.08
54.125
49.98
43.569
44.831
47.628
49.031
48.233
46.951
48.411
48.145
49.193
50.241
49.247
47.67
47.662
49.725
49.348
48.471
47.604
48.742
49.29
49.008
48.958
47.787
49.058
59.628
55.14
50.652
49.934
50.347
49.939
50.624
49.31
50.201
49.359
57.446
55.71
54.691
66.725
66.931
66.685
54.749
54.555
54.634
54.165
54.019
54.151
53.847
54.406
54.966
54.7
55.206
54.842
54.894
54.667
54.206
54.289
54.168
54.865
54.588
54.856
54.95
54.933
54.96
55.528
54.335
55.661
54.312
55.566
53.27
53.455
49.849
49.764
50.251
49.752
49.904
49.995
50.159
49.995
49.844
50.908
51.773
48.969
50.352
49.999
49.392
50.51
56.645
56.431
52.093
47.754
50.64
53.525
53.335
52.11
77.565
77.312
58.57
46.253
46.333
47.166
47.714
48.263
47.958
47.074
47.521
68.025
67.851
67.876
67.902
49.812
52.023
54.235
54.999
53.26
50.652
48.043
50.475
52.907
52.643
53.128
53.154
52.759
52.303
47.315
46.861
46.677
46.596
55.725
57.011
57.696
58.137
57.965
57.939
57.801
57.411
57.514
57.618
57.164
57.308
57.107
57.255
57.104
57.394
57.461
57.801
58.116
58.171
58.403
58.209
57.887
57.758
57.782
57.894
58.183
57.87
57.734
55.82
53.906
56.987
56.656
47.143
46.767
46.893
47.39
47.123
46.913
47.267
45.541
53.297
52.745
49.112
45.479
46.172
46.158
46.145
47.228
48.951
54.053
48.974
54.109
48.903
43.697
45.195
44.167
43.139
43.259
50.746
50.262
42.975
42.97
54.767
54.246
55.579
61.345
67.111
66.592
46.628
47.469
47.197
48.563
45.844
45.734
45.623
46.821
45.014
43.736
54.46
53.339
55.641
55.351
55.061
54.578
55.065
60.553
53.263
59.717
53.453
47.189
47.45
47.776
52.463
52.452
50.599
51.201
51.802
51.157
50.512
49.115
47.719
47.631
47.543
48.242
48.94
48.1
50.315
49.966
50.326
49.742
68.601
68.283
68.295
68.306
50.477
49.521
48
49.437
50.875
45.434
46.489
46.961
47.434
46.926
46.418
46.819
48.417
50.016
52.126
52.827
51.54
48.267
49.311
47.798
48.261
48.724
47.74
47.637
47.533
50.928
49.845
49.452
49.919
49.454
49.772
49.732
50.57
51.538
52.721
53.904
53.2
53.58
53.02
53.647
54.295
52.554
52.725
51.861
53.154
49.678
47.042
48.377
49.711
49.919
50.477
52.673
65.502
65.003
51.472
52.796
52.399
52.909
53.81
53.078
53.808
54.286
53.849
53.387
53.045
52.977
52.91
53.2
53.694
53.992
53.969
53.028
53.372
53.183
52.896
54.048
54.392
54.628
54.235
53.778
54.761
54.036
50.985
49.713
50.127
49.807
48.201
53.663
56.824
57.111
57.05
53.779
55.1
56.421
54.643
49.29
48.127
49.711
48.126
49.279
49.41
48.796
48.288
50.354
48.46
47.349
50.004
49.004
56.747
57.315
57.302
53.698
49.966
53.786
50.628
51.88
53.131
53.496
64.885
64.26
51.962
51.683
52.523
53.047
53.417
53.37
53.549
65.52
65.492
53.168
53.26
53.461
53.213
51.027
49.624
52.565
55.506
54.554
48.649
48.756
50.736
49.037
49.14
49.163
49.124
48.95
48.775
47.999
46.609
47.153
46.79
46.217
46.74
46.691
46.553
46.949
58.554
58.597
58.939
59.28
58.827
46.872
47.121
47.301
46.904
46.819
47.176
46.547
47.041
46.854
47.069
47.284
47.433
47.192
46.939
47.327
47.325
47.351
48.341
53.935
54.987
51.6
48.213
47.128
47.189
46.799
47.043
46.729
47.281
47.948
55.642
56.101
56.843
56.863
56.72
56.485
56.075
56.545
56.602
56.958
57.317
57.605
58.83
58.519
58.157
57.703
57.386
57.751
58.272
58.469
58.583
58.463
58.309
58.332
58.487
58.595
58.581
58.668
59.06
57.289
55.55
53.587
51.693
54.671
53.777
55.7
57.059
56.343
56.237
55.997
56.492
54.063
53.336
54.893
54.747
53.897
54.873
56.875
56.036
56.132
56.026
55.922
56.569
56.284
56.675
56.739
56.961
56.145
56.568
55.756
56.538
55.854
56.75
56.817
57.18
57.701
57.357
57.286
56.944
56.275
56.883
54.498
53.919
53.947
53.855
53.693
53.255
53.526
54.458
53.724
53.868
53.871
53.873
53.782
53.751
54.109
53.958
54.631
54.526
54.421
53.804
53.802
53.559
64.129
64.111
63.953
64.903
65.854
63.084
60.315
52.378
51.363
51.291
