43.831
44.209
44.108
44.27
44.278
44.18
44.226
44.257
44.223
44.212
44.123
44.048
43.994
44.019
43.889
57.356
57.622
57.695
57.515
57.446
57.585
57.609
57.768
57.983
57.657
57.655
57.261
57.273
57.439
56.845
55.175
53.604
48.892
52.913
56.935
57.403
56.936
56.82
56.669
56.519
56.421
56.31
56.241
56.316
56.395
56.381
56.495
56.539
56.642
56.619
57.337
58.448
70.703
71.222
59.657
59.507
59.254
49.2
60.55
71.9
71.991
71.971
72.055
59.874
60.131
59.959
59.761
59.943
59.796
60.062
59.704
60.313
59.957
60.211
59.954
60.016
60.32
59.702
60.262
60.06
60.182
60.178
59.743
57.994
57.441
45.965
45.592
45.939
46.12
53.155
76.208
76.201
76.095
75.989
76.022
76.041
76.195
76.045
75.998
76.52
76.949
77.055
76.912
53.067
53.062
52.765
76.624
76.558
76.56
52.926
52.89
53.224
53.424
53.251
53.158
53.018
53.003
52.854
52.749
52.933
52.99
53.137
53.132
52.866
52.66
53.039
53.17
53.301
59.188
55.137
60.092
65.046
56.668
57.355
58.041
57.576
51.676
45.775
46.096
45.597
45.815
45.91
45.916
45.954
45.845
45.703
45.82
45.813
45.928
45.961
45.865
45.692
45.894
45.87
45.972
45.948
45.906
45.7
46.023
45.842
45.952
46.139
51.898
57.658
58.045
57.937
58.176
57.899
58.14
58.163
55.854
56.054
56.255
56.873
57.263
57.515
57.404
57.91
57.804
57.649
57.281
56.672
56.457
56.54
56.301
56.811
56.676
56.658
56.431
56.456
56.36
56.275
55.048
54.603
55.166
55.73
66.714
66.22
65.654
53.776
54.61
54.365
54.87
55.615
56.422
56.872
57.248
57.521
58.162
57.983
57.702
57.527
57.665
57.427
57.661
57.695
57.767
57.927
57.89
57.779
57.362
57.144
56.876
56.483
55.952
54.83
52.967
50.93
49.556
48.737
48.064
48.157
48.293
50.08
69.647
69.91
50.763
50.638
50.782
50.43
49.891
50.358
50.825
49.574
49.989
51.335
50.651
49.992
51.441
50.657
50.585
51.039
51.286
50.262
51.038
51.272
49.715
50.367
51.058
50.596
51.727
51.391
51.237
51.856
51.03
73.049
73.005
72.987
46.119
44.72
45.512
46.303
44.599
56.374
55.632
55.572
55.512
43.966
44.18
44.402
44.237
44.44
44.119
44.134
44.16
43.906
43.693
43.641
43.474
43.266
43.388
42.999
43.045
43.398
43.051
43.121
43.356
43.589
43.076
43.726
51.408
50.978
51.756
47.523
47.596
49.883
52.17
52.569
64.643
65.26
65.38
65.073
58.642
61.524
64.405
65.13
64.697
63.912
63.126
69.441
68.282
48.708
47.132
48.658
50.185
49.955
68.768
68.343
49.79
49.761
49.956
50.152
43.437
44.127
45.554
46.982
46.619
46.793
46.585
47.858
49.132
47.666
48.369
45.444
46.369
44.726
44.839
45.255
45.753
45.37
45.836
45.858
45.788
57.825
57.933
57.947
46.079
45.909
46.21
76.736
76.794
77.013
84.152
84.16
45.903
45.863
57.846
57.778
57.749
57.546
57.603
57.975
57.432
57.682
57.932
57.786
47.768
47.46
57.717
55.883
54.049
54.095
45.772
46.312
46.053
45.843
46.759
45.301
46.178
46.162
45.908
45.79
45.852
45.715
45.932
45.916
45.967
45.827
45.734
45.933
45.771
45.938
45.888
45.952
45.449
46.933
48.417
49.501
47.881
40.938
42.734
58.145
58.262
56.163
54.064
44.536
45.841
45.872
45.989
45.859
45.897
45.781
45.889
46.015
46.046
45.806
45.979
45.889
45.912
45.88
45.932
45.978
45.904
45.778
45.882
45.916
45.994
45.925
45.622
44.63
45.277
60.046
51.752
60.884
51.93
60.97
70.009
70.009
70.008
68.424
53.3
45.927
45.913
45.917
46.04
45.855
45.951
70.006
70.024
44.498
46.309
45.83
45.953
45.74
45.783
45.948
45.858
46.009
45.769
45.834
45.719
45.93
46.077
45.926
45.666
45.63
46.64
47.724
48.808
49.454
47.789
65.021
65.021
65.138
65.135
57.538
51.939
46.34
45.951
45.456
46.006
45.84
46.058
45.973
45.701
45.729
45.644
46.115
45.82
46.028
45.903
45.584
45.841
45.854
45.981
45.9
