76.91
48.155
49.474
49.322
49.378
49.303
49.079
48.901
48.765
51.531
54.296
53.491
65.771
66.065
66.265
66.42
66.547
54.726
54.551
54.691
54.346
55.177
56.018
54.02
54.103
53.951
53.67
54.12
44.516
45.75
53.689
53.572
53.455
52.728
53.1
52.68
52.025
52.004
48.402
43.457
44.532
45.159
44.432
47.571
50.71
53.319
65.332
65.361
52.603
44.634
43.135
43.542
43.95
49.778
66.09
69.015
71.94
71.625
71.45
71.417
51.045
46.455
47.591
46.643
45.695
45.997
54.349
53.253
55.976
54.676
53.405
53.45
53.032
46.345
45.095
45.134
45.173
48.132
45.577
46.123
46.669
47.724
48.78
48.005
48.524
48.287
49.022
49.371
49.005
49.439
49.797
50.156
79.186
79.11
50.481
51.908
50.631
50.722
50.761
50.8
51.733
51.375
50.756
52.601
50.507
50.382
47.601
43.14
44.905
44.981
46.112
52.06
51.798
51.537
51.218
53.561
54.046
50.169
50.435
50.701
50.467
47.091
47.784
48.476
48.395
48.314
48.73
52.138
51.02
47.986
49.925
68.527
68.533
50.703
47.57
48.21
50.573
50.034
49.495
50.014
49.848
49.541
50.507
50.596
50.912
49.22
49.246
48.871
47.914
46.956
45.301
45.298
45.294
45.957
48.952
47.711
46.469
46.704
46.341
51.245
53.107
54.185
55.263
55.316
51.348
45.77
45.902
45.014
63.383
64.573
64.246
63.929
63.455
63.01
62.839
50.294
51.59
48.859
50.439
49.062
48.939
49.865
48.041
47.825
47.232
46.639
50.039
49.141
54.186
56.726
55.191
66.043
54.74
43.438
43.238
61.449
61.423
61.362
60.995
61.024
61.054
61.179
61.305
49.473
48.904
49.982
48.652
48.635
48.392
55.605
55.422
44.572
44.785
45.068
45.228
45.864
45.271
45.374
45.332
44.727
45.701
52.738
53.165
54.507
54.133
54.536
50.977
48.186
49.085
49.111
49.138
49.855
48.536
48.956
48.002
47.048
48.517
49.986
55.552
70.326
78.198
77.965
77.819
77.672
49.249
47.691
47.463
47.236
47.259
47.283
46.349
45.416
64.492
64.644
64.309
63.801
54.827
52.968
51.109
51.15
46.506
45.884
44.919
45.095
46.366
47.636
47.802
47.968
49.442
48.142
49.442
48.88
47.992
60.991
60.838
48.245
48.739
48.526
49.826
48.02
48.198
48.376
48.987
49.083
48.898
48.405
43.655
43.198
43.37
44.989
48.97
47.209
47.338
47.467
42.948
44.729
45.51
45.074
45.082
45.099
44.952
45.82
53
48.784
44.568
45.485
45.352
44.819
45.296
44.918
46.01
44.278
45.142
44.911
52.803
53.425
45.711
45.32
54.117
53.188
53.697
54.206
44.953
45.553
46.142
46.731
45.69
44.649
63.943
63.859
63.862
63.841
63.82
55.44
59.599
51.82
51.091
50.363
51.272
52.181
52.001
45.359
44.881
46.379
46.315
46.251
46.112
45.87
45.361
44.853
55.509
54.742
61.94
54.156
46.372
46.157
46.119
46.08
45.379
69.169
