57.844
57.733
58.162
58.239
58.467
46.124
45.963
46.006
46.095
47.013
45.118
45.55
44.736
43.921
44.187
44.453
45.481
44.572
51.43
49.537
47.645
49.19
50.736
51.075
51.414
52.385
52.416
53.623
52.599
55.03
55.287
55.214
56.465
56.629
56.876
56.623
56.37
56.605
56.019
56.19
55.867
56.362
56.658
56.713
57.153
57.061
56.38
56.928
56.452
56.244
56.758
55.983
56.678
56.467
56.239
56.679
56.389
56.706
56.668
56.254
56.708
56.541
56.577
56.272
56.593
56.624
56.012
56.45
56.279
56.96
55.837
56.745
56.783
55.948
57.014
55.381
57.154
55.736
56.828
56.558
56.31
56.876
55.657
57.086
57.397
57.709
58.051
57.978
73.007
72.822
71.418
71.525
71.543
71.537
71.816
71.716
71.617
71.53
71.418
59.482
58.8
57.569
56.077
56.023
56.746
56.888
69.084
68.693
68.704
68.715
68.976
69.11
69.665
70.023
70.362
70.442
70.107
69.9
69.889
69.878
70.032
70.084
70.137
70.216
70.052
57.291
58.325
56.663
56.384
56.081
55.657
54.256
53.204
53.197
53.191
64.69
64.412
68.144
71.876
72.142
53.586
54.201
52.944
44.282
44.236
48.919
53.603
53.155
52.708
54.016
53.559
54.372
54.42
54.98
62.057
69.133
69.112
69.178
69.455
69.588
69.612
69.612
69.611
69.491
69.639
68.882
68.126
56.714
43.496
43.742
73.065
72.985
72.963
72.877
73.834
74.791
55.123
55.566
55.393
55.395
55.899
55.402
55.796
56.19
55.677
56.543
55.654
56.216
56.18
56.286
55.995
55.932
55.997
55.858
56.106
55.919
56.16
56.239
56.003
56.391
55.696
56.412
55.815
56.166
55.985
56.463
56.119
56.726
56.117
56.757
56.866
56.623
56.773
57.109
56.47
56.585
57.097
56.412
56.758
56.731
55.886
56.588
55.753
55.716
54.903
54.089
53.341
53.259
53.599
53.889
53.527
49.981
46.434
45.71
53.496
52.97
53.467
53.088
44.952
44.239
49.415
48.218
65.074
65.071
64.932
73.456
60.722
47.988
48.703
67.98
68.592
68.915
69.239
68.844
49.26
49.531
49.31
49.088
49.477
49.439
49.402
48.827
49.33
49.833
60.058
60.295
55.728
51.161
49.591
49.27
48.688
