47.689
47.76
47.831
51.374
54.918
59.243
59.029
46.337
46.977
46.389
46.658
58.967
58.878
58.935
58.992
59.045
47.157
46.683
47.062
47.309
47.557
47.324
47.422
47.003
47.679
48.29
48.33
49.477
51.381
48.162
49.006
49.09
47.672
49.485
47.014
46.639
46.263
45.919
44.212
45.987
45.733
44.438
44.57
45.81
45.867
45.813
45.759
45.057
45.029
45.052
45
45.039
45.104
49.787
48.582
49.35
48.697
47.126
47.365
47.603
49.826
50.23
48.09
49.453
44.636
45.381
54.332
53.522
53.354
54.199
54.98
55.03
55.284
55.537
54.233
55.564
55.464
55.364
55.448
56.005
55.873
55.544
55.829
55.598
54.838
54.849
54.816
55.3
55.103
55.552
55.391
55.227
55.399
54.937
55.164
55.211
54.763
55.579
54.981
55.266
55.463
55.046
51.597
53.577
55.556
54.381
55.675
55.846
54.789
55.318
55.537
55.411
54.968
55.366
55.024
54.621
55.647
54.572
55.065
55.618
55.324
55.164
55.49
55.549
54.794
55.258
55.427
47.941
51.718
55.496
54.798
54.919
55.24
54.604
55.393
55.047
54.982
55.371
55.041
55.069
55.306
54.933
55.157
55.039
55.086
54.952
55.046
54.927
54.981
54.51
44.901
45.131
44.916
44.92
45.044
44.955
45.218
44.792
45.007
44.928
44.875
44.942
45.165
44.767
44.881
44.512
44.593
44.67
46.006
47.343
46.661
47.116
47.571
46.834
47.386
53.767
50.677
58.604
52.513
46.422
47.201
46.51
47.422
46.808
48.948
48.799
48.22
47.788
47.402
46.501
47.368
46.356
47.605
46.659
47.93
54.06
60.189
59.954
60.164
49.239
48.084
47.718
48.467
46.44
48.289
47.619
46.839
48.805
48.289
47.398
48.63
49.262
49.128
47.968
48.051
48.617
48.222
47.919
47.684
47.741
48.102
48.288
48.563
47.83
47.806
45.574
52.344
49.845
47.346
46.858
46.308
47.551
47.441
47.793
47.373
47.281
47.144
47.567
47.711
47.684
47.446
47.447
47.752
48.318
48.703
48.846
48.446
48.025
47.892
47.498
48.402
48.729
48.17
48.16
47.927
48.169
48.848
49.307
49.172
48.754
48.95
49.513
49.184
48.807
49.343
49.687
48.9
48.559
48.831
48.834
47.994
45.497
46.406
47.726
48.876
48.21
47.543
47.767
45.647
46.315
46.951
45.35
46.376
47.069
45.225
46.651
46.642
45.207
46.84
46.224
45.195
47.56
46.356
45.218
47.437
46.952
47.052
47.152
47.599
48.045
53.855
59.665
52.535
50.058
47.581
46.996
47.111
47.226
47.151
47.193
47.235
47.052
45.564
46.799
46.343
45.948
46.516
65.08
65.08
46.966
46.431
46.698
46.258
46.744
47.229
49.757
48.759
49.038
49.316
49.45
49.444
50.343
49.732
50.072
49.435
50.554
49.404
50.545
49.362
50.625
49.307
50.663
49.385
50.624
49.307
50.65
49.36
49.588
49.816
50.692
49.718
50.253
50.236
50.148
50.34
50.248
50.214
50.101
50.312
50.111
50.193
49.99
50.172
49.858
50.093
49.856
