44.959
45.151
45.343
44.192
43.041
47.833
49.199
69.278
68.978
49.457
48.861
48.97
49.216
49.043
48.87
49.055
49.693
49.141
49.237
49.701
49.545
49.39
48.748
49.106
49.486
49.174
48.861
48.827
49.052
49.28
49.452
49.245
55.36
51.948
48.535
48.703
48.483
48.468
48.224
48.324
48.053
47.781
47.232
47.209
47.185
56.894
66.603
76.24
79.101
80.953
46.457
46.581
46.83
46.543
46.255
45.258
44.261
46.283
46.335
46.387
81.653
79.701
46.443
46.737
46.466
46.304
46.143
46.187
46.231
47.136
46.607
46.804
47
47.323
47.286
47.305
47.324
47.409
56.778
55.485
47.053
47.308
47.647
80.925
64.335
47.745
47.501
47.096
48.789
46.908
51.492
53.008
54.525
53.984
66.529
79.074
80.09
81.105
80.815
77.865
78.294
81.614
81.328
82.143
82.958
47.95
46.993
47.185
49.069
49.6
64.848
80.095
79.554
79.289
79.354
79.464
48.244
48.194
48.69
48.8
49.264
49.004
48.693
47.188
47.909
47.927
54.936
54.791
54.763
54.734
48.902
48.971
49.04
47.452
47.884
48.274
71.72
71.663
48.238
47.984
47.904
47.258
46.89
47.757
48.239
66.121
66.006
47.709
49.106
71.398
71.255
57.469
64.303
71.137
71.272
54.061
53.68
61.678
69.676
68.663
68.864
48.892
48.896
47.896
48.264
48.451
48.698
49.14
48.947
49.113
48.677
51.685
49.682
47.679
51.434
47.942
44.451
45.306
53.603
53.815
54.028
54.994
48.905
50.773
50.275
49.22
49.571
49.589
50.567
48.224
48.781
48.278
47.774
47.308
50.268
48.732
48.72
48.707
48.675
48.801
49.158
49.896
49.428
48.96
49.142
68.952
68.817
68.316
49.086
48.956
49.44
49.413
49.386
48.993
49.165
49.058
48.951
49.266
49.873
48.959
49.43
49.9
49.058
48.789
49.094
69.591
67.75
48.361
48.397
48.008
57.291
66.573
66.976
63.224
64.995
66.766
67.629
69.796
58.987
48.179
47.871
48.044
62.901
54.866
46.832
47.142
47.31
47.331
47.351
47.969
47.235
47.272
48.289
51.578
49.551
47.524
47.909
78.924
78.427
47.302
47.283
47.798
47.23
78.806
78.706
78.607
55.477
55.277
57.183
59.089
78.632
78.675
78.661
78.831
78.607
47.405
48.054
63.464
59.013
65.072
58.18
68.831
59.568
50.306
51.892
50.122
50.262
50.403
50.222
50.041
52.044
54.047
51.835
58.89
65.944
66.789
67.233
82.966
82.955
78.904
78.461
78.1
78.074
78.148
78.012
78.044
54.151
53.936
53.809
54.518
54.012
53.657
53.133
55.623
55.04
48.96
49.18
50.01
48.094
47.219
47.939
48
48.06
47.529
47.036
66.944
66.793
59.464
45.912
47.579
48.867
47.829
46.792
58.004
69.215
70.664
63.007
55.349
49.186
48.187
57.024
54.145
62.427
56.344
50.261
50.211
50.861
69.268
68.932
51.195
49.611
49.751
49.46
49.474
49.482
48.295
47.792
47.289
43.541
44.991
44.024
45.481
44.86
44.24
43.305
43.686
53.136
51.682
51.186
49.77
49.861
50.06
55.461
