44.908
50.174
50.165
49.816
49.466
49.435
48.846
48.258
49.357
47.937
46.517
47.261
45.303
45.098
44.703
45.307
53.324
53.707
53.09
53.517
51.794
52.197
52.599
54.892
53.925
52.958
52.667
52.217
51.767
50.912
52.517
50.764
69.337
68.63
51.557
53.123
54.689
53.697
54.113
48.296
43.465
45.457
65.653
65.041
72.491
71.709
70.928
71.013
71.098
71.297
64.425
64.408
64.553
71.91
71.747
71.66
80.318
80.16
79.954
61.696
53.596
45.497
46.544
50.983
51.48
50.114
52.779
52.298
52.484
52.365
55.183
62.905
70.628
70.014
50.118
51.536
60.195
53.764
52.071
50.379
58.974
67.568
67.754
67.775
67.534
47.634
49.143
49.084
49.026
48.137
49.016
64.778
64.201
63.6
63.275
66.696
70.118
70.232
70.384
70.375
70.415
70.53
70.541
70.557
70.575
70.528
70.6
70.519
70.01
46.582
44.959
44.896
47.032
49.51
47.723
47.193
55.243
55.015
48.291
47.097
50.861
51.066
51.985
52.833
53.116
53.436
53.904
53.639
51.954
51.739
49.203
50.574
50.571
49.048
49.838
48.745
47.577
51.097
50.612
49.695
49.797
49.929
49.932
49.934
53.031
56.128
55.231
44.186
44.568
49.447
48.781
50.465
50.579
47.882
48.727
46.73
44.488
44.522
45.32
45.67
45.596
47.877
50.158
51.613
49.919
48.224
46.967
45.71
45.404
43.393
45.353
46.063
56.476
50.837
60.911
70.985
70.692
60.659
50.625
47.932
48.624
54.802
55.58
59.166
62.752
62.243
65.443
68.642
68.626
68.176
60.909
61.092
54.774
63.918
73.061
73.002
54.496
54.581
54.665
50.965
47.264
44.381
43.793
45.335
44.224
44.788
45.058
70.1
69.448
62.374
55.301
55.134
52.57
50.006
50.291
50.575
50.309
50.044
48.773
49.505
49.538
49.78
49.193
50.921
49.987
49.674
50.361
50.523
50.466
50.41
49.699
49.008
50.082
48.946
49.851
49.901
49.484
49.964
50.181
49.001
49.492
49.804
49.773
49.33
49.927
48.175
49.579
44.657
44.64
44.232
45.59
52.247
63.917
63.764
63.457
63.742
63.569
63.312
62.928
62.457
62.161
56.469
59.17
61.871
60.881
60.895
60.69
60.51
60.632
61.039
61.121
49.373
48.884
49.083
49.345
49.588
48.081
60.843
60.974
49.647
48.2
49.568
54.58
54.352
64.721
54.21
64.624
54.511
44.398
43.086
44.979
46.872
50.291
47.359
47.798
48.238
44.218
46.068
45.235
44.94
44.646
44.501
49.873
55.245
54.765
56.068
54.204
52.339
45.167
45.789
45.196
45.371
45.23
44.992
45.072
46.626
53.694
53.352
54.719
53.929
54.637
54.561
54.485
45.041
45.14
45.51
49.536
63.71
63.875
63.993
63.998
64.003
55.807
47.611
43.646
43.571
43.89
43.216
