44.332
44.223
44.262
60.865
61.269
44.135
44.068
43.923
50.603
57.284
57.424
57.197
56.975
56.905
56.811
56.811
56.871
57.153
57.296
57.31
56.952
56.637
56.045
55.365
54.957
54.847
54.737
54.43
54.433
55.085
55.222
54.952
54.682
55
55.318
55.119
54.634
54.907
54.254
58.63
58.741
58.851
69.95
70.269
70.732
58.977
60.985
62.993
63.061
63.039
61.055
59.07
59.611
59.671
59.769
59.663
59.166
59.615
59.035
58.983
59.349
59.467
59.171
59.587
59.288
59.144
59.564
59.082
59.39
59.351
58.755
57.751
45.849
45.741
64.982
64.897
64.865
48.568
48.689
49.198
50.201
69.403
70.146
70.473
70.65
70.703
70.333
70.357
70.224
70.63
61.182
51.734
51.587
70.904
58.556
64.56
58.361
64.547
64.463
64.379
52.15
52.192
52.055
45.611
46.352
51.641
50.945
47.588
47.179
46.417
51.726
52.123
52.562
52.56
52.522
52.114
52.623
52.587
51.911
52.053
52.322
55.38
58.438
58.741
58.215
46.16
45.64
45.796
45.973
45.978
45.786
45.892
45.85
45.882
46.011
45.848
45.745
45.641
45.734
46.05
45.906
46.016
45.98
45.614
45.923
45.629
45.921
58.967
64.897
65.04
65.012
65.048
70.035
70.028
70.015
65.071
65.012
65.013
59.296
53.58
54.741
55.903
55.748
55.676
56.055
55.787
56.271
56.565
56.616
56.797
56.795
56.916
57.241
57.11
56.595
56.033
58.495
60.957
61.279
60.842
62.791
64.74
63.928
64.029
52.493
51.96
57.335
61.731
69.968
69.362
69.406
69.45
69.484
68.92
69.136
69.263
69.39
57.513
57.655
57.628
69.766
69.739
69.689
69.615
69.529
57.719
57.752
57.93
57.755
57.096
55.479
62.766
70.052
69.958
62.126
57.956
60.283
54.925
58.214
54.159
50.104
50.002
48.866
48.787
49.77
68.996
68.89
68.806
68.723
69.242
69.762
50.133
50.622
51.139
50.176
50.328
50.812
51.296
50.522
52.26
50.656
51.384
51.464
51.264
51.1
50.937
61.174
61.003
61.21
60.721
60.717
61.119
60.915
73.049
72.994
73
73.005
67.366
68.647
69.929
65.96
61.991
62.347
62.702
43.527
43.905
43.522
43.875
43.701
43.994
43.902
44.026
44.283
44.135
44.341
44.225
44.352
44.25
44.506
44.272
44.647
43.876
44.04
44.17
44.102
46.87
49.638
62.167
62.38
49.777
50.172
51.842
52.047
51.588
51.314
50.842
50.371
51.561
53.616
48.619
43.621
44.016
43.995
44.133
44.149
61.281
60.927
61.025
61.123
60.822
48.743
48.86
54.953
51.919
48.884
54.5
49.384
44.268
43.345
48.443
48.476
48.509
45.478
47.25
58.216
53.48
54.477
55.473
57.282
61.246
65.211
65.171
65.188
64.953
44.471
46.258
45.796
45.935
45.555
46.141
46.083
45.94
45.95
45.914
45.683
45.977
46.066
45.983
45.976
58.143
57.865
58.137
57.551
64.809
64.968
65.062
65.091
64.936
64.802
64.852
47.13
52.595
58.059
58.196
57.988
57.899
57.898
58.22
45.529
45.823
46.303
45.774
46.286
46.018
45.862
45.84
45.784
45.969
45.863
45.91
45.879
45.83
45.723
45.693
45.851
45.93
45.963
45.939
45.668
45.534
45.844
45.632
45.342
58.13
58.102
58.074
58.035
57.819
58.08
57.979
58.191
55.075
51.96
48.102
46.453
45.63
45.906
45.824
45.852
45.939
45.99
46.001
45.574
45.901
46.054
46.207
46.081
45.945
45.79
45.507
45.606
46.235
46.143
46.108
45.865
46.108
46.033
47.775
49.517
48.456
48.391
53.406
58.421
58.208
57.805
57.918
57.88
57.925
57.971
46.933
46.566
46.32
