64.026
58.074
52.121
52.094
53.427
52.084
59.593
67.101
67.012
66.995
66.89
66.775
66.735
66.695
66.706
66.697
66.734
66.876
56.71
46.545
45.234
43.404
43.626
43.847
45.557
46.947
46.68
48.3
50.142
53.249
54.594
56.002
56.21
56.939
56.903
56.387
56.795
56.531
56.324
56.642
55.545
55.626
55.745
55.908
56.176
56.197
55.726
54.776
67.206
71.045
68.822
66.6
52.054
60.101
68.148
67.465
67.2
55.026
55.074
55.22
54.382
55.234
54.762
54.514
51.251
47.988
48.305
56.068
56.005
55.994
56.005
55.631
55.629
55.663
55.587
55.605
54.864
49.957
51.918
53.879
52.367
53.939
53.286
53.207
54.319
54.444
53.966
53.091
53.884
66.357
66.116
52.524
52.721
52.123
52.6
51.306
52.789
52.025
51.707
53.168
52.276
52.98
52.345
52.682
52.511
52.139
52.646
51.76
51.306
66.647
66.5
66.165
65.928
50.271
49.588
49.954
50.363
50.103
49.902
49.561
50.68
51.936
51.603
50.98
50.739
50.742
51.056
52.653
51.708
51.272
51.101
50.577
48.941
49.117
48.971
62.037
62.229
62.122
62.111
50.376
49.04
46.199
46.788
44.863
48.6
48.109
48.486
48.998
48.754
47.88
47.3
47.341
46.3
47.312
46.783
46.695
46.606
47.25
47.893
52.469
57.045
57.253
56.755
49.786
53.877
49.646
53.238
56.83
57.313
46.246
47.045
54.595
62.145
62.123
62.552
52.01
52.384
52.759
52.298
51.62
52.28
50.904
51.237
51.135
51.032
50.957
49.278
47.6
48.749
49.898
49.584
47.592
48.632
49.672
48.036
47.427
48.077
48.389
47.944
49.076
50.208
50.045
49.882
49.97
51.808
50.684
50.837
50.463
48.694
48.933
49.956
50.47
49.759
49.747
49.838
49.851
50.022
49.994
50.64
50.593
51.178
50.002
50.107
50.016
49.485
49.759
49.538
49.659
49.095
49.672
50.211
50.199
50.403
50.353
49.958
49.891
49.52
48.861
48.896
48.87
48.984
49.501
49.389
49.179
48.686
47.546
64.04
63.852
63.558
51.648
59.536
54.044
48.552
47.935
49.251
50.211
49.663
49.528
49.488
49.409
49.05
49.704
50.401
49.829
49.548
49.004
48.076
47.538
47.363
46.931
47.09
47.254
48.319
48.189
48.058
47.23
46.402
48.743
48.637
48.531
48.705
48.879
48.837
49.988
49.052
48.758
50.098
49.201
49.679
50.154
49.661
50.797
50.185
50.2
49.874
50.435
49.821
50.211
49.551
50.755
49.546
50.254
49.674
50.344
49.744
49.913
49.608
49.786
49.936
49.747
49.981
50.4
49.705
49.54
50.221
49.736
61.563
62.175
46.965
47.39
62.424
62.307
60.609
58.911
46.129
47.782
46.243
47.728
61.991
