56.526
57.198
56.961
56.839
56.364
55.888
61.203
58.321
55.439
53.893
54.711
54.726
54.785
55.035
55.158
55.075
55.403
55.426
55.488
55.597
56.216
55.229
55.018
55.144
55.131
55.119
55.813
56.507
56.54
58.486
70.239
70.071
69.551
57.516
57.176
56.888
57.08
57.137
56.823
57.344
57.328
56.771
56.755
56.738
57.955
57.1
57.069
56.908
56.955
57.177
56.735
57.122
69.509
70.034
70.119
70.255
70.272
70.285
70.263
70.133
70.229
70.022
70.083
70.145
70.433
70.44
70.503
70.567
70.645
70.481
70.395
70.512
58.525
58.633
58.731
58.583
57.381
57.989
57.931
57.938
57.971
58.669
58.37
58.385
58.501
58.528
58.504
58.374
57.869
58.302
58.414
57.743
57.977
58.069
57.476
62.255
67.033
68.551
68.764
64.262
59.761
57.376
57.775
57.74
57.958
58.175
58.272
58.156
58.206
58.26
58.541
58.707
58.695
58.775
58.787
58.516
58.385
70.505
70.63
70.561
70.342
70.724
58.695
57.1
56.167
55.958
57.521
70.978
70.668
70.654
70.639
70.573
58.342
58.168
58.073
57.978
58.337
58.429
58.546
70.592
71.14
71.041
70.943
59.092
58.872
58.622
58.586
58.614
58.852
59.043
59.171
59.177
59.306
51.351
55.336
59.321
59.442
59.279
59.116
58.931
58.628
58.33
58.155
57.949
57.782
57.69
57.817
57.889
57.887
58.004
57.983
57.396
56.949
57.161
57.244
57.272
57.721
71.224
71.015
71.058
71.099
70.993
71.011
47.201
46.988
46.786
53.951
54.073
54.036
54.121
53.839
70.389
70.463
69.979
70.241
70.184
70.004
69.871
69.897
70.059
70.229
70.359
82.498
82.603
70.721
70.754
58.542
58.307
57.311
57.937
57.431
57.832
58.164
57.111
58.207
58.249
70.663
70.426
70.088
69.998
70.118
70.104
82.167
82.083
82.007
81.951
82.04
58.276
58.075
47.088
47.323
47.086
46.849
46.669
47.026
47.106
47.186
47.286
47.385
46.878
46.372
47.452
47.782
48.113
47.439
46.766
52.792
77.02
66.774
56.529
56.405
51.588
53.817
56.046
55.803
55.716
55.745
67.551
67.38
53.562
52.537
52.115
51.042
54.988
54.506
66.724
66.664
66.651
54.207
55.226
54.456
54.932
55.13
54.593
55.163
55.332
55.131
55.4
55.187
59.577
56.357
53.137
47.455
49.107
48.801
78.97
78.97
67.138
48.529
48.697
67.101
67.037
67.061
67.08
61.222
55.365
55.298
55.805
55.913
55.652
52.884
53.082
54.841
54.942
54.948
55.454
55.313
55.377
55.348
55.115
54.171
53.985
53.784
53.582
55.618
53.245
50.872
51.115
51.98
51.099
51.522
52.184
52.058
51.201
52.372
49.85
50.872
51.895
52.008
51.679
53.325
51.461
51.087
52.798
52.469
51.293
53.09
70.366
70.336
69.905
70.12
69.637
69.211
69.208
69.394
69.676
69.958
70.397
70.495
70.596
50.529
60.576
70.622
70.523
50.166
49.993
50.08
70.767
70.632
70.405
70.324
70.089
70.257
70.398
70.47
70.708
70.761
70.865
70.949
70.879
70.904
70.872
70.768
70.626
64.301
57.975
55.626
55.15
70.893
70.986
71.234
78.38
78.269
78.094
77.919
77.86
77.749
77.719
77.685
77.696
77.656
54.775
54.792
79.168
79.067
56.834
56.143
56.73
57.317
53.761
53.475
54.619
54.618
53.873
53.507
54.155
54.231
53.958
53.785
54.527
53.888
53.94
54.468
54.224
53.515
54.063
54.025
53.473
52.921
