52.038
51.737
52.012
51.709
52.103
50.552
51.541
52.53
52.499
58.466
58.89
58.706
70.723
70.493
70.381
58.55
58.518
57.718
56.919
58.403
58.492
70.366
70.369
69.966
57.851
57.456
57.101
57.129
56.807
56.766
68.544
68.245
67.97
67.69
83.626
83.38
80.126
76.871
77.928
75.994
52.154
51.566
52.699
51.227
54.432
54.548
53.692
52.836
51.723
51.301
52.793
51.714
50.818
51.009
51.2
51.159
50.885
50.61
52.395
51.591
53.489
55.388
53.296
53.065
52.711
52.335
51.946
52.31
52.224
52.084
51.621
52.268
51.719
52.248
57.746
56.896
57.241
56.771
57.01
56.707
56.483
56.327
56.509
56.69
56.715
56.805
57.01
56.905
56.816
56.684
56.753
56.944
56.987
56.971
56.495
57.383
56.632
56.357
56.975
56.762
56.836
56.853
56.846
57.054
56.893
56.732
57.592
56.891
55.876
45.527
44.706
45.247
44.708
46.957
45.237
43.517
44.975
44.822
44.994
44.772
44.917
44.621
44.824
44.436
50.833
48.343
50.823
50.706
50.59
47.345
58.198
50.685
43.172
45.091
45.022
46.823
45.788
44.695
44.869
44.48
45.536
44.442
44.933
45.386
69.162
69.314
51.304
53.424
49.001
44.579
43.613
45.496
54.173
49.732
45.29
44.56
43.46
44.698
45.936
45.566
45.197
44.544
45.064
44.575
45.089
44.917
50.703
53.205
55.707
49.743
63.281
76.818
76.763
76.83
49.754
49.471
49.663
68.451
68.731
69.364
69.955
70.013
69.829
69.669
69.691
69.712
50.072
49.997
49.747
49.465
55.082
54.792
54.502
53.893
53.284
53.37
52.709
52.71
54.409
50.308
49.874
57.01
57.157
58.136
57.546
56.814
56.643
56.521
56.382
56.236
56.083
56.365
56.599
56.992
56.904
57.103
56.908
56.742
56.42
55.837
56.363
56.669
56.504
56.418
56.385
56.394
50.032
50.081
49.824
50.015
49.834
49.671
50.444
49.645
57.202
57.04
56.947
55.277
50.324
50.065
48.845
50.498
49.129
50.508
49.577
49.479
50.878
50.369
49.69
50.16
50.025
49.918
49.863
51.092
52.322
53.7
50.398
52.318
54.238
49.079
49.816
49.435
50.664
50.908
50.03
51.251
48.455
49.389
49.798
52.315
53.318
53.28
53.086
52.829
53.138
53.165
52.501
46.628
46.384
46.151
45.067
43.984
49.989
55.993
55.26
55.477
55.218
54.59
54.123
47.012
45.611
47.043
46.927
58.985
59.415
59.368
59.274
59.22
59.031
59.046
59.144
59.335
59.608
59.881
59.395
59.499
59.71
59.412
59.431
59.592
59.609
59.663
59.64
59.36
59.109
46.795
46.651
46.898
47.231
47.273
46.006
47.046
46.912
50.764
54.616
53.154
50.7
48.246
47.373
46.962
46.679
46.774
47.975
46.804
46.128
47.053
46.257
45.667
44.438
43.635
44.846
54.568
