45.323
45.796
45.588
50.246
54.905
55.304
53.635
51.965
45.448
45.52
44.953
44.391
45.952
45.644
45.756
46.539
47.322
47.936
63.923
63.886
64.017
64.178
55.254
59.678
64.102
63.977
56.322
48.666
48.683
49.487
49.179
48.601
54.403
54.708
43.772
43.2
44.106
53.919
54.48
55.042
55.132
54.674
54.411
54.406
53.94
44.617
44.666
44.805
66.241
66.06
65.706
65.672
65.809
66.037
66.13
65.896
45.448
45.412
45.896
53.288
51.437
50.332
50.737
49.891
49.952
50.366
52.123
64.461
66.043
53.865
53.868
54.773
53.835
53.508
53.607
53.853
53.838
53.303
53.359
53.726
54.371
55.015
54.422
53.448
53.134
53.096
53.059
52.941
52.843
52.174
50.403
51.618
52.833
46.967
46.294
53.865
64.802
64.413
64.315
64.218
64.057
64.054
63.522
62.948
61.929
55.631
49.333
48.134
49.908
48.91
49.693
49.925
50.157
50.274
51.353
50.989
53.241
52.021
52.458
52.194
52.141
51.227
51.742
51.124
51.253
51.922
50.447
49.576
49.276
54.124
53.774
52.794
52.689
52.585
51.772
51.479
50.906
50.333
47.171
43.729
45.152
45.889
50.196
48.832
50.507
50.024
49.542
47.535
48.318
47.723
49.81
49.01
50.63
52.342
52.858
52.357
52.461
51.773
51.426
52.046
51.186
51.538
52.104
50.061
50.029
50.99
49.067
48.967
47.316
46.175
45.034
46.094
47.154
49.971
54.485
55.571
53.141
53.381
64.833
64.295
63.66
57.385
51.109
50.89
50.672
52.059
53.446
46.201
46.211
46.182
49.331
52.479
51.995
51.511
48.842
46.174
46.398
54.533
62.668
65.565
68.461
67.572
67.44
49.205
48.029
48.506
48.983
49.124
49.265
51.821
51.241
50.661
64.157
71.166
59.452
54.794
64.921
75.047
75.303
82.649
82.858
82.889
82.919
51.331
52.517
51.145
50.991
50.838
47.32
43.802
44.098
44.544
45.147
45.432
51.14
51.275
51.219
50.708
50.456
50.203
51.539
51.896
45.726
44.536
45.088
44.44
47.721
51.003
49.549
48.096
48.218
48.339
48.693
49.047
63.171
58.205
53.239
52.842
52.445
51.531
51.207
49.963
51.039
49.767
49.329
49.722
46.121
50.883
46.935
51.219
49.914
48.609
48.107
47.605
46.972
46.34
46.634
46.928
48.345
47.494
47.425
47.357
49.811
48.12
49.943
48.144
55.391
61.634
61.618
45.843
45.308
64.209
64.603
45.129
45.33
47.31
49.289
50.157
50.093
50.029
49.919
50.437
50.75
51.063
49.722
49.203
49.028
49.485
48.346
50.138
49.461
49.373
46.444
47.678
48.912
47.473
49.602
49.644
78.873
78.956
78.34
78.046
48.117
46.073
45.75
77.764
77.595
77.678
50.169
50.559
50.242
50.097
49.577
47.981
46.386
44.658
45.123
44.717
45.03
44.836
48.259
51.683
51.404
51.534
51.676
51.055
51.844
51.876
52.162
52.94
52.692
52.444
51.347
52.269
51.432
51.17
51.788
49.252
49.656
50.677
53.189
51.511
49.833
49.596
50.12
50.152
55.965
61.779
61.881
61.7
61.518
61.34
61.247
61.154
61.267
56.129
59.029
55.576
55.424
55.271
55.059
50.179
50.257
50.334
50.382
49.662
48.941
48.583
48.225
49.046
45.732
47.089
48.215
63.903
63.95
59.757
55.563
55.143
49.296
48.41
50.51
51.063
