57.988
58.089
57.978
57.866
57.889
57.912
57.905
47.671
46.256
49.024
48.263
47.502
45.041
45.567
61.557
63.792
63.78
50.164
48.071
54.709
54.799
54.889
49.111
47.631
51.028
54.426
55.496
54.59
54.39
54.131
54.096
52.874
53.192
47.649
49.696
51.743
52.994
54.099
54.598
55.096
62.238
69.38
69.179
69.451
69.591
69.449
69.107
68.831
68.849
68.974
68.805
69.286
69.327
69.381
69.797
68.322
66.846
66.961
66.826
67.055
66.92
66.994
66.974
56.308
57.134
57.474
57.018
56.831
56.838
56.462
56.54
56.834
57.075
57.124
57.47
57.489
57.234
57.305
56.623
56.449
52.432
50.849
51.152
51.455
57.224
62.993
57.177
57.347
57.517
57.768
56.991
57.63
57.094
56.78
56.037
67.49
67.008
66.347
65.415
65.556
65.628
66.281
66.679
66.984
67.012
60.723
54.434
54.357
54.505
55.013
67.567
67.635
67.037
66.958
67.093
67.114
66.99
67.161
67.197
55.222
55.409
55.272
55.136
67.172
67.016
66.657
52.617
52.669
50.996
50.592
50.423
50.492
50.23
50.033
50.186
63.909
71.025
70.837
70.238
70.346
70.56
70.926
71.098
71.176
70.999
71.413
71.147
70.688
70.678
66.562
67.92
69.278
68.398
71.671
71.59
71.542
71.494
70.257
69.02
49.265
48.288
48.261
48.234
49.036
59.127
53.477
59.164
64.851
64.937
64.76
64.583
64.388
71.024
70.96
70.896
70.849
70.529
58.129
58.159
58.188
58.171
57.998
57.945
50.257
49.733
47.846
45.959
46.19
60.06
62.529
64.997
64.987
65.183
64.036
62.888
66.708
70.528
70.876
71.271
71.229
61.136
52.582
52.171
50.599
50.689
50.778
50.303
49.828
61.433
61.254
48.905
48.851
49.644
49.394
49.488
48.384
47.191
51.079
48.113
45.147
47.141
47.145
47.149
46.921
46.18
54.229
62.278
60.872
54.639
52.828
51.017
50.849
50.682
50.197
49.713
49.892
49.163
48.434
48.187
48.76
49.201
48.95
50.506
49.48
49.212
50.114
48.999
49.192
49.3
48.281
48.234
48.376
47.2
67.376
67.239
67.115
66.991
66.778
66.942
67.144
67.11
67.051
67.143
67.27
67.634
67.98
49.709
48.92
48.251
48.026
47.864
47.598
47.74
48.192
48.226
48.562
47.652
49.098
47.646
47.071
47.022
46.958
48.372
49.488
49.492
48.866
50.635
50.186
48.462
50.415
52.369
52.885
53.109
53.674
53.124
51.794
50.464
68.457
67.888
67.507
67.646
48.421
48.282
48.462
48.12
68.847
69.401
73.722
62.392
51.062
50.019
50.205
69.237
69.19
68.946
73.956
78.965
79.006
64.854
67.046
69.238
68.789
68.579
49.908
49.15
48.681
48.66
48.639
47.522
67.228
67.317
67.324
66.983
66.355
66.208
58.566
45.067
44.065
49.543
55.022
55.321
63.325
71.33
70.823
46.44
51.607
56.775
58.492
57.281
56.07
54.683
55.577
56.47
50.625
44.779
43.18
49.537
47.087
44.637
43.771
44.201
43.747
43.29
66.871
66.97
67.043
67.017
67.13
66.74
51.458
43.025
43.213
43.094
42.975
43.066
42.996
