45.855
45.173
44.712
44.25
58.006
57.95
57.746
58.088
57.967
58.341
58.017
58.23
53.379
46.16
45.908
45.908
45.751
45.773
45.958
45.861
45.997
45.84
45.813
45.744
45.786
45.844
46.016
45.967
45.928
45.781
45.607
45.978
45.928
45.847
46.194
58.277
57.835
58.539
49.102
47.612
57.881
58.033
58.025
57.859
58.407
45.51
43.384
44.716
46.287
45.913
45.72
45.948
45.768
45.966
45.666
45.365
45.979
45.981
45.813
45.969
45.901
45.98
45.646
45.947
45.808
45.896
45.969
45.966
45.853
45.697
45.803
50.433
48.433
46.432
45.572
45.959
45.577
45.813
46.072
45.823
73.014
72.988
73.023
72.898
73.064
72.862
54.883
55.724
56.209
56.868
57.016
57.092
57.771
57.904
58.079
58.121
58.343
58.494
58.438
57.874
57.476
57.155
56.885
57.249
57.509
57.237
57.484
57.242
56.993
56.673
56.111
56.102
55.675
56.226
56.008
56.01
56.602
56.228
56.072
56.155
55.926
55.844
56.22
56.084
56.455
56.376
56.076
56.332
55.994
56.817
56.149
56.662
56.459
56.304
56.883
56.427
56.459
56.508
56.381
56.396
56.231
56.501
56.664
75.619
75.683
75.547
75.411
56.426
56.326
56.166
56.006
56.455
56.903
56.922
56.941
56.753
56.566
55.55
56.181
55.33
54.832
57.887
55.316
56.18
57.045
58.211
56.719
55.227
60.023
61.624
58.29
57.282
58.027
58.076
57.737
58.428
44.414
44.461
67.957
67.982
68
68.102
67.89
62.408
56.927
56.564
56.51
56.456
44.238
43.821
43.748
43.936
43.94
43.056
43.253
43.594
43.203
43.154
43.409
43.556
43.061
43.224
43.566
51.538
52.148
53.113
53.046
53.134
53.84
53.845
54.388
54.41
54.76
55.312
55.486
55.385
55.167
54.991
54.946
54.98
53.753
53.242
53.579
65.763
64.819
52.405
52.624
52.639
52.494
52.563
52.657
52.75
52.779
52.63
52.481
44.162
44.161
44.197
43.943
43.785
43.901
57.035
57.019
57.365
57.901
57.983
57.593
56.74
67.988
67.958
68.023
70.273
72.523
71.476
74.853
61.896
69.778
59.606
49.434
48.771
50.551
48.571
50.751
50.939
49.477
48.097
49.962
51.827
50.743
49.659
48.828
51.22
51.763
75.113
75.384
50.403
49.773
50.474
51.175
50.949
50.723
63.048
56.973
50.898
51.401
50.38
50.581
50.412
50.88
51.342
52.26
52.174
52.087
51.082
50.077
48.781
46.567
45.385
45.45
45.664
46.13
46.143
45.733
45.833
45.867
45.984
45.96
45.843
45.909
45.764
45.722
46.036
45.918
46.072
45.71
57.862
57.963
57.996
57.923
58.069
58.139
57.991
58.149
58.174
58.437
45.742
