48.121
52.191
51.813
51.436
36.021
40.373
44.724
67.185
67.025
58.472
43.158
44.394
66.114
65.935
66.282
47.599
47.624
51.366
47.304
50.174
48.179
46.183
46.65
47.117
46.838
46.558
47.339
48.121
46.252
44.383
43.161
43.134
49.893
54.852
52.067
49.282
48.71
49.714
49.784
49.854
50.12
50.027
50.137
50.594
62.851
70.053
69.49
69.313
69.136
68.93
50.307
50.125
49.943
50.485
48.989
49.31
50.297
50.482
50.824
43.874
45.658
44.647
44.484
45.252
44.882
50.958
50.742
51.463
52.731
55.485
53.703
51.922
48.965
50.016
50.037
50.057
51.464
52.464
51.472
50.953
51.673
50.541
51.173
50.741
50.504
48.879
49.907
51.382
51.365
51.361
50.677
50.125
49.572
50.191
50.245
50.04
49.938
54.079
53.206
53.51
53.513
52.209
53.805
51.631
54.493
52.596
50.7
49.842
49.946
49.741
50.687
54.045
53.935
53.824
52.498
50.76
54.336
52.956
53.673
65.877
65.749
53.158
53.971
53.989
53.34
65.754
65.851
65.683
53.211
54.051
52.401
53.155
53.828
53.749
53.8
52.307
50.815
53.917
54
51.972
48.735
50.085
50.291
49.268
50.18
49.704
49.816
49.842
49.976
49.912
49.927
48.859
56.576
55.299
57.237
57.183
49.163
51.55
53.937
54.098
54.475
49.653
48.078
49.769
49.247
48.724
48.462
48.504
47.538
50.658
49.924
47.991
48.431
48.87
50.859
52.847
65.058
65.595
53.385
67.176
80.967
80.911
80.76
80.704
53.114
53.205
52.947
77.276
77.471
77.664
77.672
77.631
77.721
53.302
53.431
59.263
58.535
59.11
58.691
54.809
55.275
55.742
55.253
54.764
50.714
46.664
46.907
47.5
47.868
67.19
67.085
66.356
65.99
65.543
46.536
46.761
46.277
46.352
46.274
58.518
52.633
46.748
46.701
44.953
44.753
44.552
47.212
70.123
70.062
70.142
70.222
47.155
46.691
47.32
46.382
46.661
46.796
46.905
47.06
47.219
47.478
47.747
46.259
46.952
45.89
51.084
55.539
53.579
53.91
53.479
46.677
47.055
47.096
46.051
57.788
58.324
58.451
58.564
58.174
58.174
58.684
58.379
59.045
59.003
58.755
58.725
58.848
58.694
70.736
69.962
57.793
57.711
57.993
58.045
57.889
58.159
58.341
58.264
58.889
58.568
64.494
70.42
70.733
70.131
53.353
54.185
53.88
53.922
54.35
52.856
60.664
68.472
68.321
68.3
68.371
68.55
68.523
68.642
56.068
62.569
58.648
54.727
54.27
54.629
69.258
68.715
68.563
68.412
68.446
68.48
68.578
68.589
68.588
68.591
68.594
68.809
68.804
56.395
56.952
68.788
68.695
68.647
68.712
68.758
68.735
55.698
56.109
57.247
56.782
55.047
53.817
53.817
54.157
52.719
53.248
53.777
54.471
54.333
54.195
53.32
53.992
53.661
54.068
54.226
55.426
54.678
53.93
53.959
53.672
52.957
63.833
64.249
68.982
69.003
69.159
