46.201
46.126
45.887
45.972
45.746
45.877
45.58
45.83
46.08
45.77
45.893
45.912
45.931
45.844
46.023
46.175
58.283
52.087
45.89
45.968
45.949
45.962
46.009
45.083
57.842
58.187
58.206
58.146
58.087
58.011
57.944
58.041
58.539
58.62
58.899
59.274
58.927
60.499
59.059
65.048
72.628
72.623
59.864
59.122
60.1
72.093
71.926
71.809
71.692
71.69
71.689
71.501
71.404
71.047
72.26
72.293
45.446
45.422
70.739
70.327
70.347
57.562
57.727
57.613
57.819
57.573
58.842
58.849
58.927
59.239
58.873
59.154
59.579
58.801
59.133
58.937
58.76
59.06
58.734
58.798
59.514
58.926
59.854
58.953
59.399
59.973
60.547
61.239
60.964
61.131
57.475
57.099
57.17
56.993
57.195
57.299
57.304
57.212
56.941
57.311
57.652
57.935
57.786
57.811
57.32
57.465
57.628
57.623
57.624
57.744
57.883
57.756
57.734
57.683
57.531
57.511
57.264
57.318
57.34
57.384
57.403
57.384
57.365
57.449
57.693
58.733
64.556
66.296
68.035
64.546
61.057
61.143
64.526
67.91
67.98
67.965
67.951
67.949
44.295
44.359
44.283
44.208
44.105
44.288
44.199
44.395
43.938
44.138
43.922
43.956
43.5
43.556
62.321
60.443
59.139
59.604
60.07
56.23
58.303
60.376
60.106
59.326
60.31
59.59
58.175
56.76
56.87
56.805
56.754
56.597
56.644
56.543
69.014
69.242
69.146
72.878
76.611
76.085
77.298
78.512
78.229
78.204
78.179
78.196
78.271
78.324
78.453
54.671
55.034
67.217
66.928
69.47
56.583
43.695
44.173
71.281
71.236
71.736
72.017
60.072
66.016
71.96
71.899
71.979
71.437
70.896
71.426
71.375
71.323
71.612
71.627
59.728
59.241
59.671
59.224
59.362
59.489
59.616
59.567
59.517
59.249
59.64
58.889
59.089
58.017
56.823
55.62
54.285
64.537
63.602
70.418
70.704
71.067
71.183
64.647
64.695
71.424
71.25
70.607
71.07
71.086
71.28
52.939
52.447
52.601
52.482
52.619
52.385
52.911
52.474
45.826
45.789
45.594
46.032
45.974
45.826
46.126
46.043
45.844
45.713
49.203
52.693
52.492
65.107
64.967
65.012
59.15
53.288
53.411
58.335
58.079
58.132
57.838
58.007
57.904
58.253
58.245
45.551
46.379
57.99
57.985
45.765
45.794
46.101
45.849
45.938
45.898
45.705
45.938
45.944
46.102
45.991
45.859
45.825
45.937
46.074
45.929
46.118
46.059
45.54
45.577
58.171
57.939
59.064
58.044
58.133
58.149
58.041
57.825
