50.452
55.994
61.535
61.345
65.925
55.927
58.772
61.618
61.346
61.605
55.16
48.714
54.84
50.287
45.735
47.58
45.664
61.181
60.826
47.709
47.857
47.679
48.059
48.1
48.801
48.685
48.357
48.029
47.09
46.749
46.409
45.298
44.187
43.471
64.2
62.416
61.864
55.436
49.009
47.287
48.382
47.726
48.598
47.69
48.665
47.727
48.727
47.4
48.293
47.911
47.952
47.476
47.228
47.32
47.437
47.709
59.242
66.513
66.153
65.932
66.136
65.956
66.233
65.782
65.976
65.828
65.971
66.115
66.139
66.163
66.08
66.136
66.192
66.438
58.545
58.022
57.937
58.043
58.184
57.899
67.328
76.051
75.544
75.036
66.667
58.298
47.971
46.887
47.648
47.276
47.469
47.673
47.126
47.981
47.14
47.957
47.269
52.548
57.828
70.01
69.912
57.594
60.369
63.143
62.615
65.711
68.807
68.655
68.706
69.193
69.564
70.207
70.661
71.354
71.381
71.15
71.241
70.875
51.083
51.619
51.187
50.577
50.984
49.992
50.109
49.943
63.292
62.467
69.657
69.698
69.484
69.043
65.285
61.528
65.439
58.713
64.342
69.97
69.624
69.541
69.458
69.432
69.549
69.318
67.164
65.009
64.968
64.955
64.957
64.981
50.391
49.268
69.036
68.995
49.53
48.72
48.65
49.046
49.138
49.348
49.693
49.663
49.718
50.485
49.237
49.802
49.638
49.251
49.52
49.277
48.879
76.632
76.146
75.884
76.167
76.261
76.257
76.254
76.516
82.37
82.272
82.15
82.109
76.315
72.45
60.151
61.212
60.738
60.265
56.123
58.422
55.601
58.157
60.714
60.454
61.057
61.659
53.03
57.546
50.644
56.042
61.44
61.459
61.478
62.538
63.598
56.148
56.648
56.526
55.682
63.275
64.118
55.133
53.337
55.046
55.82
55.435
55.049
63.884
59.998
56.111
54.636
54.891
55.146
72.363
72.346
72.33
72.359
72.404
72.496
72.257
72.173
72.273
43.271
43.041
72.233
72.168
72.284
68.392
68.374
72.22
71.958
67.3
66.776
67.352
55.21
60.969
58.504
56.039
64.031
53.751
43.472
44.442
43.611
68.663
68.665
68.797
43.623
43.68
68.82
68.107
68.233
67.996
67.758
68.378
68.573
67.71
68.701
68.26
67.819
67.89
67.961
43.107
43.127
49.307
55.487
55.353
54.77
54.187
52.499
50.772
48.924
48.372
47.149
45.927
56.992
53.898
61.087
54.639
61.333
54.686
61.395
54.066
60.998
53.16
45.323
46.888
46.156
51.442
56.729
67.702
68.192
46.289
50.481
54.673
68.084
67.905
54.517
53.08
52.896
52.712
53.42
49.2
51.736
48.01
54.994
52.498
59.699
66.901
66.901
66.97
66.978
67.023
66.88
66.736
66.916
67.012
67.107
66.947
58.133
57.657
58.189
58.501
57.833
56.947
54.579
55.281
54.857
54.95
55.042
55.173
55.166
55.329
55.122
66.941
67.063
55.742
55.341
54.939
54.991
55.043
61.891
62.325
58.113
54.959
56.153
57.777
59.401
61.399
55.778
51.001
50.932
78.945
78.99
78.934
79.101
79.002
