45.815
48.081
48.225
48.369
49.141
49.914
46.715
47.324
46.47
46.658
47.159
47.66
46.823
45.985
45.779
46.36
47.732
49.394
49.898
48.843
49.014
48.687
48.36
48.269
48.177
47.32
47.235
47.15
50.33
52.06
60.936
69.813
68.953
68.481
67.937
67.394
66.834
47.184
46.318
64.134
64.194
47.081
48.128
47.699
46.434
46.272
46.301
51.436
51.099
51.729
51.827
69.06
69.05
56.143
51.186
49.883
49.75
50.197
48.902
49.748
48.913
48.925
48.87
51.649
54.427
55.368
56.308
67.658
67.572
67.226
66.725
54.026
53.599
53.421
54.037
54.653
54.354
55.598
54.493
55.903
54.965
55.128
55.498
54.531
54.861
55.216
53.953
55.907
55.891
55.875
54.983
55.009
55.12
55.213
54.232
55.7
54.341
55.361
54.923
54.963
54.914
55.314
54.954
49.839
52.308
54.777
55.242
54.58
55.095
55.287
54.683
55.668
55.661
54.452
55.346
54.972
54.454
55.383
54.787
55.189
55.854
55.067
55.435
55.878
55.657
55.412
55.12
51.497
53.248
54.999
55.134
55.269
55.138
55.285
55.538
54.449
55.541
55.004
54.494
55.842
53.225
54.07
55.722
54.542
54.858
55.906
55.366
54.164
55.513
53.089
51.94
51.702
59.563
64.859
64.062
63.957
64.155
60.109
60.104
59.943
45.257
45.305
45.272
44.947
55.616
55.21
49.629
44.048
44.814
44.974
45.134
50.455
50.835
51.214
63.135
63.987
66.338
68.688
69.051
69.078
69.051
64.053
54.789
54.906
55.443
55.253
54.771
55.154
54.666
55.123
54.989
54.842
55.021
55.2
54.067
79.101
78.883
59.931
59.864
71.037
69.505
68.952
68.614
68.434
68.256
68.348
68.439
68.564
68.63
68.715
68.991
69.161
68.978
68.83
68.918
68.962
69.061
69.074
69.205
69.388
69.859
70.432
69.459
76.429
66.076
55.723
50.808
64.959
79.11
79.566
56.403
56.303
56.619
56.379
56.418
56.011
56.142
56.143
56.602
57.054
56.999
56.995
57.117
57.308
56.97
57.002
56.97
56.931
57.127
76.385
76.503
76.41
57.088
57.119
57.037
57.189
76.348
76.447
76.569
76.788
76.645
76.453
76.295
56.987
56.97
56.93
76.113
76.264
76.329
76.44
76.537
76.709
76.522
76.29
76.256
76.331
76.377
76.359
76.333
76.392
76.319
76.196
76.021
75.992
76.042
76.083
76.135
76.298
76.278
76.259
76.131
75.938
76.029
76.074
76.143
76.141
76.158
76.125
76.155
66.203
56.251
56.703
57.156
76.27
76.219
76.269
76.262
76.393
76.422
57.466
57.233
57.152
57.433
57.312
57.239
57.29
57.279
57.161
57.084
56.992
57.154
57.223
57.221
56.948
52.901
55.239
57.576
57.873
57.841
57.609
57.379
57.386
57.213
57.071
56.97
49.76
50.291
50.162
50.197
49.713
50.105
49.3
50.119
80.953
80.806
80.747
80.768
80.789
81.05
50.077
50.103
50.095
50.038
50.138
49.985
50.179
50.056
50.144
50.069
50.128
50.159
50.368
48.435
46.502
51.38
56.962
