45.678
51.439
51.175
52.225
52.268
51.597
51.94
51.912
58.692
71.089
71.483
71.58
71.405
71.27
71.229
58.24
51.679
51.817
51.963
51.735
71.089
71.056
70.625
70.817
70.73
70.576
70.603
58.484
57.971
57.212
57.116
56.388
56.718
56.525
56.341
56.268
56.516
56.551
54.817
51.365
51.484
51.94
69.552
69.076
68.73
68.384
67.948
55.264
54.059
51.024
49.942
50.098
49.298
49.724
49.458
68.457
68.386
68.383
68.522
51.034
52.315
51.672
52.303
50.851
52.553
54.781
55.214
55.646
54.123
53.853
53.353
53.764
54.155
52.061
51.788
52.31
69.362
69.239
69.169
68.98
68.889
68.733
68.653
68.696
68.975
69.202
69.277
69.241
69.134
68.906
68.779
68.8
68.768
68.811
68.907
69.003
69.019
69.026
69.079
69.094
69.058
69.135
56.857
56.882
68.957
68.887
68.819
68.722
68.847
69.351
61.976
59.48
56.984
57.078
57.171
56.727
56.454
55.667
43.719
44.428
43.74
43.646
43.551
45.199
45.051
44.847
44.7
44.991
44.557
45.079
44.605
44.169
43.733
44.607
44.345
44.084
45.619
45.307
44.996
44.84
44.597
44.982
44.977
44.972
44.543
45.239
44.55
45.049
44.722
44.707
44.881
44.602
53.642
53.324
54.33
43.73
43.697
53.4
54.508
45.47
45.086
44.696
44.871
44.386
46.126
45.127
44.128
45.272
44.955
44.673
44.688
44.803
45.391
45.431
49.156
46.509
49.327
52.146
48.14
52.681
48.681
44.681
45.076
45.105
44.757
45.151
45.252
44.525
43.799
45.18
44.814
44.893
44.662
44.794
44.693
44.503
44.842
52.217
48.078
43.939
43.164
57.531
57.768
59.067
44.577
44.696
44.674
44.948
45.061
45.391
44.298
44.473
44.647
45.267
44.51
44.365
45.333
44.951
53.447
51.761
51.517
51.272
58.621
58.862
58.91
46.013
44.945
45.308
44.687
44.212
46.019
52.947
53.655
53.818
45.01
44.627
44.47
44.312
45.623
45.602
43.634
54.894
54.418
54.325
54.29
50.377
46.463
45.436
44.989
44.857
45.226
44.562
52.485
48.589
44.692
44.576
44.92
45.289
44.444
45.057
45.669
44.217
45.348
43.14
45.017
44.721
44.243
57.135
56.733
57.201
57.485
57.769
57.211
56.654
53.698
45.212
45.12
53.124
55.007
53.57
54.348
55.126
56.997
58.867
58.256
55.602
55.331
55.059
44.382
44.801
45.379
45.059
45.074
44.879
44.891
43.49
44.155
44.82
44.988
45.161
44.928
44.909
44.989
44.361
44.039
58.382
59.443
58.239
57.018
55.798
44.301
44.55
55.291
53.657
54.073
52.851
55.491
57.187
55.932
54.598
53.329
54.564
44.891
44.513
44.837
44.758
