62.094
50.988
51.653
61.487
62.309
62.018
61.727
62.233
61.789
62.1
65.539
68.977
69.644
70.301
70.338
70.251
69.788
62.414
62.193
61.971
62.34
61.404
58.307
55.209
45.076
43.858
67.422
67.23
54.557
55.057
54.664
53.812
53.799
65.189
71.866
71.393
62.653
51.161
51.301
50.206
73.935
73.994
71.637
69.281
69.046
69.242
69.305
69.221
69.063
68.887
69.211
69.952
58.399
59.02
58.932
58.843
58.836
58.096
57.357
56.475
55.593
54.886
54.604
55.6
66.853
67.166
54.871
56.842
58.084
57.944
57.144
56.875
56.607
57.681
57.813
57.866
57.952
58.003
58.097
58.136
58.176
62.523
66.871
66.861
66.966
67.072
56.777
58.739
58.982
70.083
69.628
69.041
68.688
68.138
67.709
67.58
67.339
66.985
66.713
66.405
66.378
66.686
66.644
66.431
66.405
66.476
66.481
66.341
65.723
66.731
67.738
66.984
66.7
66.61
54.462
54.846
55.202
54.958
54.434
66.619
66.466
66.41
54.019
54.139
53.999
53.705
53.977
53.076
50.951
63.94
54.028
51.732
49.436
49.23
49.656
62.654
70.09
70.053
69.477
69.274
69.07
69.145
69.22
49.633
48.473
48.512
48.55
48.741
48.933
49.155
49.377
61.743
61.463
61.09
60.717
59.255
57.793
61.776
61.947
65.601
69.255
68.603
64.928
61.252
48.812
48.382
47.894
47.406
47.111
46.817
45.57
46.172
46.652
52.255
65.166
70.774
69.991
69.602
69.385
69.705
70.253
70.563
70.763
71.061
64.545
51.549
51.878
57.939
57.975
58.05
58.125
58.03
58.178
58.151
57.823
59.449
61.075
61.432
51.885
51.652
60.891
62.226
61.437
63.986
63.875
62.933
61.99
61.317
69.019
58.648
59.92
61.193
61.593
61.165
61.566
57.546
59.332
61.119
58.91
56.701
55.637
44.686
46.481
46.055
46.781
45.386
46.401
46.731
48.019
67.728
67.47
66.925
66.41
59.799
59.215
59.543
59.872
60.033
60.195
60.179
59.771
60.073
67.462
67.364
66.339
64.845
64.988
71.891
78.793
78.794
69.83
60.865
66.424
71.982
71.772
71.43
71.428
60.243
63.589
66.936
72.079
72.207
72.066
48.41
47.889
47.808
47.359
47.924
48.463
48.606
48.158
48.499
47.111
45.399
43.686
48.639
49.135
49.19
52.489
50.361
48.232
47.126
45.307
46.642
48.482
48.374
47.659
45.61
55.305
51.56
47.815
48.607
48.52
48.24
47.536
47.328
47.639
47.991
47.46
48.378
48.578
48.283
48.528
48.563
48.722
48.558
48.313
49.461
50.646
48.795
51.076
49.309
50.025
49.772
49.519
49.092
53.253
53.386
54.126
55.302
50.506
46.77
47.671
47.067
45.97
44.872
45.798
46.724
47.103
47.483
57.282
51.039
55.164
49.967
60.193
70.42
70.706
65.904
65.272
64.774
64.969
65.164
65.191
70.376
70.267
62.202
59.417
64.678
53.875
61.902
53.112
44.323
44.08
44.042
44.005
43.215
45.078
44.247
43.416
43.827
43.981
43.856
43.23
43.471
43.712
43.852
43.488
43.273
43.24
43.295
48.712
54.129
54.209
48.725
43.241
42.975
42.984
50.595
