80.691
80.776
80.826
80.992
80.958
80.945
80.988
80.925
80.93
61.936
61.972
61.954
62.061
81.039
80.959
80.998
59.391
59.302
59.286
59.24
59.214
59.088
59.032
49.778
49.86
49.825
49.832
49.828
49.707
49.8
49.662
49.605
49.673
49.964
49.78
79.048
79.1
43.074
42.949
42.968
43.038
43.064
43.089
43.151
43.104
43.367
43.28
59.684
59.07
58.965
58.98
59.064
59.147
59.038
59.12
59.044
46.233
47.478
46.188
47.147
45.7
47.322
48.409
49.496
49.765
49.821
49.875
49.827
49.867
49.739
48.028
49.455
50.925
47.05
49.004
48.238
47.259
48.142
48.064
47.392
48.172
48.106
46.141
61.992
62.005
62.076
55.073
48.071
46.541
46.975
45.855
46.993
46.022
46.885
46.299
46.683
47.491
48.298
48.182
48.066
48.407
48.305
47.858
46.874
46.85
46.818
46.837
47.454
47.654
47.083
47.307
46.525
47.175
46.697
47.416
46.714
47.61
46.651
47.65
46.416
47.544
46.299
47.237
45.813
46.438
58.886
58.981
58.971
58.917
59.127
58.804
58.963
58.971
67.048
67.029
67.095
67.068
67.042
67.07
50.165
50.027
50.188
49.895
49.986
50.122
49.835
49.997
50.16
49.028
46.605
46.089
45.246
45.728
45.898
44.899
45.412
46.304
45.434
45.877
46.016
45.747
46.56
46.652
47.15
47.123
47.146
47.01
46.972
47.085
46.784
47.412
47.134
47.72
47.787
47.948
48.326
48.066
48.212
47.994
46.392
70.887
70.924
71.423
53.344
50.267
49.768
49.545
49.417
49.343
49.427
49.511
49.692
49.772
49.507
49.03
50.063
49.302
48.541
49.804
49.788
49.548
49.324
48.56
48.71
49.05
49.391
49.388
49.319
49.439
49.89
49.483
49.812
49.657
49.603
49.715
49.241
49.095
50.544
51.994
53.502
55.009
49.318
48.942
48.131
48.168
48.609
48.338
48.886
48.775
48.734
48.865
48.342
48.702
48.399
48.282
48.329
47.848
47.844
47.938
47.826
47.913
48.112
47.702
47.929
47.923
47.9
48.459
48.45
48.06
48.211
48.657
47.939
48.043
48.829
48.009
47.967
48.921
48.541
47.921
48.374
48.347
47.673
47.848
48.003
46.746
48.093
46.521
47.53
45.965
45.396
44.827
48.088
47.289
47.337
47.258
47.117
47.45
47.075
46.873
46.974
47.267
55.781
54.924
51.749
61.474
71.199
70.969
70.81
70.651
70.619
46.658
46.715
46.581
47.369
47.146
49.759
47.954
46.15
46.831
47.513
70.855
70.877
71.033
71.124
71.163
50.349
51.714
53.189
51.977
50.766
51.547
71.075
70.996
70.995
70.92
50.789
51.737
52.251
52.268
52.286
52.235
45.66
45.841
45.903
45.776
45.838
45.856
45.775
45.595
45.125
52.83
53.911
54.992
49.511
66.183
82.854
83.007
44.915
45.01
45.078
45.026
44.828
54.127
54.167
53.908
53.955
54.309
54.269
62.168
62.576
54.326
54.384
53.944
45.191
45.118
56.353
57.099
65.374
65.738
70.541
68.552
66.562
66.842
54.3
54.84
54.046
54.047
53.561
54.249
54.024
54.262
54.065
69.161
68.725
69.164
57.418
45.671
45.672
45.008
45.197
45.583
46.352
45.934
45.515
45.619
45.577
45.369
45.281
45.192
45.096
43.502
51.198
49.612
52.186
54.76
55.006
55.017
55.073
55.046
55.024
55.053
55.082
55.053
55.086
55.027
55.084
55.051
55.032
55.105
55.112
55.157
55.097
62.089
62.096
58.659
55.221
55.221
55.081
54.941
43.203
43.225
55.016
