51.95
51.312
52.922
53.817
66.901
67.612
68.344
68.86
69.181
69.692
58.099
57.436
55.15
67.091
79.033
79.015
78.984
79.005
72.822
66.64
66.358
65.963
66.022
53.432
52.889
53.206
52.82
51.971
51.798
51.744
51.267
51.509
51.813
50.041
50.564
49.237
49.462
49.687
68.461
67.986
67.459
67.222
67.182
67.54
67.46
67.304
55.05
54.459
58.049
57.226
57.432
52.26
52.413
51.182
49.95
50.431
49.643
48.854
48.914
61.787
69.387
69.505
50.116
50.888
50.833
56.466
62.099
62.165
62.079
43.633
43.49
50.467
50.164
50.079
49.84
49.076
47.99
46.904
42.954
42.945
43.226
50.031
50.137
50.287
50.394
50.322
50.431
50.493
50.538
50.744
67
67.075
57.247
50.825
50.599
50.627
50.859
51.091
50.657
50.223
49.983
49.841
50.274
50.265
50.388
50.511
50.81
50.414
50.03
49.193
48.357
48.552
49.069
48.673
48.277
49.286
52.763
56.241
67.551
66.272
68.271
70.271
64.314
65.14
65.967
65.376
48.352
49.072
49.792
57.714
52.657
47.6
47.201
45.533
43.865
44.477
46.582
46.619
48.395
50.172
49.791
49.657
50.669
66.811
66.37
71.181
70.579
70.11
65.218
65.305
70.108
70.45
71.067
70.203
65.161
65.017
64.977
65.032
65.101
46.194
46.371
45.664
45.829
45.982
46.317
46.098
46.005
46.015
62.018
61.957
62.028
62.032
53.093
53.146
52.98
52.839
52.965
64.869
64.973
64.988
64.997
64.953
65.028
65.016
65.062
65.02
65.027
65.076
65.066
65.512
47.612
46.508
46.774
46.651
46.439
46.604
46.226
57.708
58.104
65.264
64.885
65.456
65.514
64.618
65.162
61.443
57.723
58.157
58.151
57.988
57.929
58.126
47.104
47.038
47.373
47.458
47.122
46.654
46.715
69.878
69.865
66.455
68.28
70.104
70.002
70.133
70.246
70.274
70.267
63.041
50.566
49.552
50.992
50.35
49.708
77.062
76.622
76.227
48.622
49.106
48.217
50.279
48.987
49.362
49.351
48.969
48.472
48.222
47.644
44.74
46.489
47.607
48.441
48.578
48.689
48.026
46.562
67.685
67.084
48.319
48.972
67.194
67.074
63.8
68.766
73.732
77.237
77.001
76.31
75.696
61.045
46.395
46.951
48.831
64.885
65.807
66.491
65.099
65.061
65.052
64.956
64.925
67.482
66.94
66.444
66.813
67.028
67.128
67.202
67.226
67.354
67.18
66.88
71.599
70.814
70.349
69.945
69.541
69.599
67.315
65.031
65.236
47.327
50.074
47.879
45.684
45.504
47.292
69.972
70.079
69.875
67.18
64.486
55.674
46.861
50.095
47.943
45.792
44.994
45.262
45.529
59.623
60.047
59.855
60.044
62.498
64.951
71.445
71.089
70.87
70.738
70.73
70.723
71.047
47.593
46.923
47.308
47.973
48.034
57.321
66.609
71.619
71.43
48.17
47.14
47.183
47.745
49.638
47.324
47.17
47.013
46.856
48.485
49.611
49.15
48.688
47.847
47.005
49.378
47.544
70.264
69.212
62.215
55.219
47.8
47.709
55.633
55.714
66.996
67.033
67.06
66.98
66.96
66.99
66.227
66.111
67.288
67.654
67.863
68.398
55.97
54.102
52.235
78.973
78.998
79.021
78.99
72.829
66.668
66.138
65.746
53.823
52.976
52.884
52.502
52.543
51.315
51.289
50.602
49.656
50.144
49.805
49.797
50.195
50.941
52.118
53.295
48.517
49.302
67.652
66.876
66.542
57.383
48.224
47.805
47.918
48.347
47.575
49.521
51.467
52.367
52.165
52.052
51.939
50.432
48.924
49.357
47.27
47.885
48.501
50.144
50.457
59.98
52.158
44.335
43.603
43.206
42.974
54.994
56.305
50.794
50.512
50.196
50.222
50.247
50.261
67.024
67.042
66.961
66.997
66.994
66.849
66.879
66.817
66.941
66.951
66.94
43.02
43.027
66.805
66.947
66.981
66.993
43.248
43.539
43.807
43.016
49.879
50.248
50.351
50.648
51
51.227
51.678
51.838
50.927
50.408
57.814
62.08
61.5
55.22
48.94
49.215
48.287
47.359
49.636
50.532
50.372
50.222
50.215
49.431
48.646
57.429
51.039
50.206
49.373
50.306
49.513
49.38
49.674
49.13
48.312
47.495
45.558
44.405
43.252
43.329
49.427
46.387
43.347
44.149
44.873
44.595
44.318
47.025
47.266
47.507
46.024
46.237
45.729
45.768
58.062
57.973
57.999
58.279
65.133
65.204
62.037
46.504
45.549
45.954
46.566
45.873
46.574
45.817
46.638
46.267
46.597
58.08
51.956
45.832
46.56
46.957
47.353
65.086
65.014
58.735
52.457
47.385
