62.088
62.048
62.032
62.047
62.063
62.014
62.059
62.14
62.085
62.099
62.142
62.061
62.055
62.062
62.085
61.892
60.954
61.767
73.969
74.015
73.997
74.013
61.815
62.061
62.069
61.997
62.105
62.018
61.969
62.071
61.896
62.044
68.335
68.115
68.053
68.147
57.894
57.879
68.247
68.072
67.91
67.721
67.859
67.956
67.915
67.787
67.665
67.793
68.063
67.893
55.764
55.656
55.616
67.651
67.417
67.588
67.759
68.09
57.163
57.848
58.136
58.432
58.346
58.535
58.534
58.197
58.128
58.192
58.502
59.012
59.386
57.964
44.221
44.102
44.002
44.045
43.798
43.907
44.093
44.014
44.162
44.146
44.141
44.091
43.922
44.008
43.884
43.709
43.779
44.056
44.066
44.072
44.016
44.268
44.041
43.907
43.843
43.863
43.886
43.896
44.029
44.02
43.985
44.005
43.897
43.79
43.844
43.951
44.022
44.039
44.017
43.886
44.013
44.041
44.118
43.989
44.074
44.088
44.153
44.102
44.378
62.935
63.081
63.121
63.055
63.094
63.079
63.036
63.071
62.999
43.759
43.877
43.777
43.902
43.553
43.818
43.666
43.786
43.804
43.93
44.067
44.084
44.027
44.064
43.996
44.035
44.185
44.246
44.175
44.38
63.055
63.061
44.236
44.237
44.618
75.04
75.009
75.06
75.054
75.071
75.046
75.037
74.964
74.989
74.969
63.02
60.664
58.308
57.36
57.975
58.677
58.766
58.84
59.267
59.762
59.959
60.35
60.688
60.921
60.991
60.873
60.842
60.653
60.118
71.027
70.17
69.761
69.853
69.992
70.156
70.207
70.216
70.171
70.131
70.072
70.018
69.981
70.094
70.184
70.16
58.073
58.039
70.215
70.485
70.182
70.022
77.191
77.146
77.13
76.893
76.399
57.397
56.037
56.633
56.655
56.676
67.971
67.999
67.983
67.926
67.888
67.839
67.712
67.061
66.41
45.951
45.946
49.611
53.277
53.544
65.685
65.576
64.981
65.262
65.127
64.805
65.339
65.398
60.317
55.236
54.948
54.661
54.622
54.584
54.755
54.926
50.439
52.502
49.271
51.851
48.986
51.877
54.768
50.44
46.113
46.007
60.366
61.006
61.081
61.155
61.027
60.958
61.069
60.961
60.891
45.835
45.89
46.014
46.031
46.093
46.079
45.965
45.911
45.981
46.053
45.998
46.014
46.06
45.896
46.116
46.06
46.018
46.057
46.073
46.034
46.054
46.14
45.989
46.132
57.819
57.828
58.304
57.948
58.375
57.821
57.976
57.927
57.587
58.041
57.403
57.912
57.64
57.811
65.017
65.258
68.225
67.709
67.558
67.407
67.476
67.509
67.621
67.732
67.85
67.928
67.942
67.947
67.965
67.939
67.844
67.94
68.072
68.306
68.145
68.442
68.848
69.282
69.562
69.786
69.89
69.924
69.885
57.974
57.904
57.938
58.132
57.709
57.023
65.914
66.011
58.266
58.307
59.246
58.857
58.77
59.05
59.02
58.99
62.559
54.722
56.033
57.345
55.896
55.74
55.261
55.722
55.877
56.728
56.335
55.955
55.309
56.819
55.566
55.579
56.237
55.178
55.68
55.449
55.101
56.546
55.193
56.408
55.374
55.007
55.008
55.009
67.396
67.835
55.408
56.008
55.917
55.683
68.081
68.329
67.91
67.842
55.703
55.46
55.945
56.429
62.227
68.026
68.024
47.039
46.929
46.9
46.871
46.774
47.053
47.023
46.989
46.878
46.885
46.892
46.94
46.988
47.04
47.092
55.848
55.778
56.055
55.527
56.661
46.837
46.999
46.962
47.006
46.952
46.908
47.085
47.023
46.991
46.936
46.989
46.981
46.915
46.973
47.193
47.074
46.955
47
47.045
46.957
46.868
46.947
47.025
55.744
56.41
55.489
55.593
55.696
56.083
64.351
65.196
68.086
68.017
68.081
68.07
68.142
68.032
68.107
68.025
68.05
68.015
66.516
66.31
65.898
66.113
66.078
65.999
66.173
65.86
66.01
65.866
65.971
66.077
71.068
71.044
71.083
71.025
61.071
61.132
60.972
60.967
61.051
61.188
54.183
55
55.816
55.823
56.344
56.355
55.33
61.012
61.17
60.972
61.059
61.168
61.114
61.091
61.077
