64.699
63.513
62.327
60.698
59.07
78.988
79.447
79.769
79.806
79.793
79.811
79.648
79.661
80.075
80.489
73.779
74.187
74.219
74.32
74.291
74.163
74.129
74.213
74.306
62.627
61.756
61.047
60.907
50.186
49.149
46.999
54.081
61.162
73.08
72.802
72.554
72.407
72.371
72.465
72.553
72.641
72.712
72.648
60.435
59.902
70.943
71.051
70.863
70.92
70.981
70.947
70.96
70.98
70.94
71.023
59.512
59.729
65.086
65.109
65.131
65.153
64.871
70.904
73.414
80.301
79.865
79.703
79.542
79.462
79.469
79.566
65.803
52.039
43.553
44.835
50.307
47.637
44.967
45.073
45.346
45.618
44.832
68.789
69.24
68.76
69.256
68.627
68.783
68.94
70.381
70.793
70.804
70.657
70.686
77.973
78.133
78.124
77.918
77.711
77.76
77.636
77.514
77.407
77.143
76.995
58.814
57.766
56.718
70.863
70.995
44.452
46.373
71.013
70.977
63.601
63.783
62.144
58.225
61.989
55.551
62.057
68.563
75.628
75.45
75.231
75.276
75.187
75.12
75.236
68.817
43.685
43.308
43.721
44.055
69.12
68.988
68.91
68.832
43.746
44.548
44.342
43.76
45.214
47.577
46.288
45
48.911
49.079
49.247
58.818
70.88
70.96
70.96
59.013
59.081
59.14
59.117
58.901
58.686
55.417
59.62
63.824
63.511
73.235
73.542
80.074
79.898
79.778
79.907
80.11
80.434
80.454
74.734
69.015
68.906
69.04
69.086
80.462
80.343
79.985
79.844
79.75
79.66
79.736
79.996
80.287
80.478
80.668
80.673
80.678
80.61
80.65
73.691
73.744
73.655
73.497
73.578
61.696
61.901
61.826
60.356
46.415
47.512
55.413
50.62
49.596
48.573
60.6
72.701
72.641
71.84
71.821
72.053
71.843
72.57
72.556
72.733
72.887
72.972
60.894
61.046
61.289
60.916
60.985
60.574
65.976
65.979
66.013
66.004
65.369
65.63
65.89
50.093
48.354
52.82
58.755
71.086
71.303
71.204
70.981
70.889
70.714
70.467
70.371
69.947
70.154
69.523
69.444
57.216
63.088
59.435
55.782
57.228
56.913
49.094
50.045
48.153
46.262
46.125
45.988
48.589
51.191
68.758
68.989
69.202
69.244
69.141
69.151
68.951
68.848
68.876
68.84
68.863
69.046
68.981
69.023
68.937
73.394
73.129
72.902
72.916
72.939
73.062
73.162
73.177
72.041
66.878
61.716
47.009
45.361
45.919
64.616
68.919
77.114
77.122
77.042
76.96
76.977
77.264
77.552
64.182
50.811
64.442
78.072
78.079
77.975
77.832
77.612
70.797
70.928
70.987
71.045
70.945
70.979
70.889
71.077
44.785
45.428
47.618
47.711
46.842
44.743
43.585
48.175
49.008
46.953
44.898
46.458
51.04
49.667
48.354
48.483
48.613
48.238
47.779
28.917
30.601
32.284
47.681
47.995
47.454
44.958
55.042
58.493
55.736
52.978
52.06
56.71
79.406
79.997
80.053
80.008
79.986
79.895
79.865
80.064
80.685
74.227
74.495
74.624
74.51
74.292
74.122
74.016
74.028
74.099
74.172
62.304
62.537
61.205
61.011
56.974
64.995
54.486
63.812
73.138
73.191
73.063
72.545
72.465
72.363
72.671
72.846
60.33
45.104
44.895
45.521
45.009
44.837
45.287
44.63
45.045
71.073
71.343
70.958
70.828
57.974
45.121
45.035
44.756
45.09
44.978
44.866
44.966
45.029
73.194
73.104
79.538
79.534
79.621
79.7
79.779
79.913
80.026
65.916
51.805
44.443
43.694
79.53
79.311
45.858
45.667
45.476
44.728
45.02
45.051
45.103
45.326
44.492
45.141
44.495
45.137
44.659
44.67
44.985
