50.179
49.337
50.946
49.916
50.306
50.696
50.701
50.706
57.26
57.057
57.194
56.992
56.962
56.864
56.909
57.005
57.031
57.057
59.125
59.481
64.893
64.953
65.067
65.02
65.033
65.061
61.22
50.338
49.886
49.859
50.1
49.889
49.909
49.95
49.306
59.682
59.407
59.587
59.918
60.615
60.578
60.996
61.658
61.569
61.682
60.594
60.155
60.127
60.099
58.901
60.103
62.848
61.856
62.177
62.063
62.241
62.457
62.389
62.217
62.154
61.834
61.536
61.473
60.807
71.99
72.007
72.008
59.79
60.213
72.202
72.296
72.181
72.115
72.126
72.072
72.051
72.059
72.083
72.03
71.651
68.332
65.013
64.985
65.06
68.54
72.019
72.005
72.009
72.014
57.494
58.342
58.095
58.488
58.348
58.461
58.374
58.685
58.306
57.977
58.589
58.526
58.637
58.627
58.52
71.291
70.887
70.949
74.451
77.954
77.966
77.945
78.001
68.454
75.738
83.021
83.293
59.554
60.016
79.136
79.286
79.34
79.376
79.352
79.335
79.328
79.337
79.26
79.281
79.257
79.125
78.992
78.703
78.415
78.043
59.162
58.117
58.488
58.001
57.513
67.203
61.964
69.269
76.574
76.166
56.363
56.127
55.631
55.136
54.894
52.496
53.086
53.676
53.731
53.785
53.659
53.532
54.82
54.086
54.205
54.323
54.645
54.802
54.96
54.787
54.28
54.895
57.661
60.428
60.042
57.281
54.521
53.555
52.589
52.634
52.918
53.272
53.441
54.146
54.245
54.473
54.702
63.136
63.051
63.043
63.156
63.098
63.101
63.215
57.947
58.014
58.081
58.202
57.739
58.251
57.775
58.049
58.215
57.988
57.594
57.958
58.402
57.709
57.583
58.305
58.051
57.687
58.161
58.636
57.242
57.486
58.412
58.567
58.723
60.053
59.969
60.214
59.969
60.136
59.935
60.053
59.934
60.123
59.89
60.363
59.863
60.432
59.942
60.346
60.203
60.254
60.265
60.186
60.366
60.076
60.187
60.115
60.16
59.286
62.453
62.584
62.715
62.72
63.01
62.895
62.78
63.176
63.279
63.028
63.079
63.077
63.126
63.005
69.048
66.09
63.133
52.399
52.775
54.207
52.846
53.123
52.838
52.816
53.495
53.096
53.037
52.979
64.798
65.106
64.875
64.728
65.132
65.282
65.135
64.599
64.77
53.052
53.193
53.522
53.403
53.285
52.635
52.552
51.115
50.093
48.991
48.091
47.658
47.261
47.655
47.869
48.069
49.284
53.024
53.241
53.144
52.964
52.635
52.652
52.71
52.936
53.285
53.371
53.097
52.182
51.266
49.931
48.596
46.923
69.775
70.135
70.091
70.11
70.067
70.077
70.062
70.088
70.069
70.072
70.119
70.126
70.145
70.193
69.952
69.717
69.576
69.434
69.076
69.046
69.053
69.088
69.054
69.109
69.122
69.164
69.27
60.021
60.043
60.038
