62.398
47.829
48.553
55.078
57.08
51.498
45.916
45.024
45.081
45.138
45.622
46.106
46.554
54.042
54.924
48.53
47.388
46.247
48.464
50.68
50.71
49.828
50.81
51.792
52.528
53.264
46.312
47.356
56.212
68.031
68.605
69.113
69.403
69.569
69.636
69.887
69.487
65.79
62.093
61.22
59.328
60.749
69.931
69.369
76.309
81.055
80.896
80.893
81.108
78.954
76.799
76.618
76.442
55.391
54.991
58.92
62.849
63.635
54.278
54.388
45.11
43.35
54.551
67.078
67.219
55.184
55.152
55.263
55.271
55.459
55.646
55.341
55.51
67.861
67.616
55.929
56.387
53.334
53.864
54.854
54.545
53.464
52.772
60.314
60.167
60.138
60.798
59.286
59.58
60.48
59.164
60.238
58.816
53.464
55.108
56.858
61.144
65.429
64.891
43.11
43.107
53.158
51.546
55.346
54.042
52.231
52.933
53.634
52.311
52.895
53.479
46.384
44.401
48.344
52.288
48.796
56.432
64.069
64.554
63.881
64.84
43.728
44.557
43.742
47.284
50.826
50.846
51.445
51.724
51.373
52.138
52.731
52.601
52.769
52.656
52.68
52.764
60.267
58.351
60.188
62.026
61.661
50.454
51.001
51.25
51.512
50.789
51.075
50.301
51.239
51.229
51.219
51.211
51.202
50.146
53.01
48.392
43.774
44.378
49.808
50.569
51.08
52.45
47.774
48.938
50.101
43.711
45.684
45.886
46.662
47.438
46.129
45.461
45.958
46.455
45.39
46.387
47.384
46.921
48.835
48.798
48.76
47.085
45.41
46.196
46.982
57.935
58.524
59.113
58.619
58.125
57.029
44.01
44.155
44.14
43.594
47.563
46.267
48.639
46.295
43.952
45.122
44.203
45.386
46.57
46.802
51.109
50.146
51.279
50.403
49.527
63.05
63.001
62.697
61.907
58.53
62.281
66.032
65.288
66.77
66.779
67.46
67.719
56.01
56.014
56.202
56.199
56.252
56.249
55.717
54.645
64.797
64.82
64.824
64.858
64.589
64.848
75.175
69.967
64.759
64.811
64.863
82.802
82.882
82.922
83.028
83.014
83.014
79.289
79.465
79.49
74.506
67.861
68.246
56.341
55.839
64.753
64.715
64.95
48.829
48.771
49.111
57.056
69.001
69.028
68.651
68.237
68.131
67.96
74.804
74.778
74.752
74.832
74.718
67.755
67.82
67.929
67.935
67.883
61.638
64.322
67.006
66.438
54.675
54.818
68.361
69.608
69.75
69.484
69.462
69.497
69.532
69.521
56.49
57.793
57.319
56.814
56.702
58.73
60.052
60.111
59.967
59.751
59.654
65.691
62.522
59.353
48.324
47.099
47.837
48.575
55.521
59.263
60.395
80.174
80.288
73.118
73.107
61.487
61.224
58.765
58.26
58.103
57.946
58.102
62.729
62.304
61.115
61.052
61.405
60.757
59.702
62.8
63.107
63.205
63.086
62.779
62.639
62.521
74.045
73.828
61.858
62.839
62.81
62.781
62.809
62.379
61.709
62.298
62.888
64.036
75.887
75.521
75.292
82.302
82.235
82.093
82.032
62.53
62.452
74.199
81.024
80.761
80.603
80.667
80.767
80.866
80.732
80.554
80.323
61.159
61.019
61.02
61.265
61.086
61.651
61.218
61.17
60.088
60.835
60.821
58.591
56.36
56.536
56.711
54.969
57.63
50.303
47.879
45.455
44.389
45.389
44.241
61.517
59.686
57.47
57.471
58.991
60.511
52.385
52.994
53.664
77.326
77.751
77.987
75.43
72.874
43.09
43.462
43.945
44.428
52.355
54.71
65.519
65.994
66.005
65.809
73.154
73.195
73.175
73.076
73.012
72.93
72.911
72.859
72.913
66.06
66.111
66.111
66.085
66.099
66.124
66.084
66.038
66.061
61.954
57.847
57.739
57.772
57.921
57.775
58.553
75.721
75.72
75.656
57.26
56.815
56.881
56.948
80.07
79.922
79.833
79.765
79.845
75.105
74.836
68.181
68.492
62.869
57.245
57.647
57.609
57.511
57.75
58.006
57.175
56.344
56.488
56.633
56.589
56.545
55.791
55.038
75.58
75.918
76.248
69.486
57.326
57.892
69.658
69.675
57.667
57.661
45.664
46.962
58.037
58.23
57.792
57.726
56.554
51.993
57.631
63.269
61.399
73.317
73.356
73.585
61.766
61.306
61.027
60.403
60.555
59.812
59.017
58.269
57.545
57.059
57.036
56.644
44.894
43.753
56.437
56.004
54.813
56.072
57.33
57.673
57.856
57.696
57.781
58.09
57.741
57.692
63.666
60.761
57.857
57.957
57.455
57.495
57.859
57.887
70.04
69.636
69.459
76.5
76.532
76.481
76.638
76.79
76.686
76.469
57.84
57.513
57.298
57.082
56.347
55.612
59.221
59.115
57.668
56.221
55.976
55.731
54.617
55.167
55.618
56.069
55.688
56.417
56.161
45.834
54.677
49.729
56.63
63.532
63.249
62.73
62.54
62.682
49.69
