67.013
67.018
67.033
67.009
67.02
67.03
67.058
67.019
67.024
66.932
66.812
66.915
66.953
66.914
66.875
51.783
50.153
51.03
51.906
49.433
50.032
50.631
56.235
53.743
51.251
51.617
51.983
47.878
49.955
52.032
52.746
60.333
59.588
59.942
60.296
60.382
79.422
79.315
72.113
72.101
72.069
66.103
60.137
60.146
72.102
72.103
75.796
79.49
79.386
79.314
79.332
79.3
79.22
60.179
60.002
60.02
60.068
60.068
60.354
59.972
60.035
59.86
59.906
60.002
60.014
60.053
72.008
71.968
72.059
61.259
61.902
61.349
62.303
61.041
61.986
60.926
60.901
60.876
62.132
60.893
62.228
61.011
62.154
61.312
62.111
61.467
61.535
61.603
61.593
61.583
61.493
61.404
61.281
61.158
53.095
53.145
52.992
52.751
60.124
60.055
59.978
60.067
60.286
52.637
52.625
63.544
63.326
75.244
75.229
75.223
75.091
74.992
75.068
74.998
74.917
74.97
75.049
75.056
75.026
75.103
75.203
75.147
75.113
75.152
75.146
75.188
75.152
75.116
75.033
75.036
74.985
74.912
62.906
53.136
52.111
75.099
75.201
74.994
53.345
52.404
51.464
53.381
83.76
83.821
83.921
83.972
83.951
83.931
83.863
83.783
83.678
64.743
66.887
54.919
42.951
43.601
47.888
48.241
48.384
48.484
48.622
48.111
47.919
45.938
47.067
47.887
48.328
48.31
48.74
48.514
47.567
46.965
47.735
47.926
48.186
48.445
48.345
47.936
48.651
69.088
69.076
69.432
69.636
69.84
47.193
45.555
45.585
45.628
45.67
46.854
44.333
46.21
45.57
45.64
45.373
45.106
72.038
71.862
71.792
71.83
71.987
72.121
72.158
72.252
72.262
72.093
71.969
71.865
71.679
71.213
65.032
58.852
57.272
58.779
71.462
71.411
71.554
71.665
71.679
71.698
71.708
71.743
71.754
71.737
71.71
71.691
71.557
71.291
71.013
58.652
45.592
46.643
45.632
69.63
69.527
81.498
81.502
81.549
81.666
69.739
69.864
69.66
69.014
45.68
46.114
46.414
45.879
46.476
45.674
46.003
46.38
69.871
69.69
81.684
81.676
81.794
69.97
70.084
70.037
70.062
69.932
69.918
69.782
81.853
81.94
82.017
82.044
82.058
82.027
69.992
70.029
70.066
70.189
70.093
82.155
82.176
70.383
70.263
70.076
77.016
76.994
82.112
81.995
81.991
82.055
82.227
65.003
64.897
65.076
64.888
65.034
64.983
64.999
65.003
64.976
65.017
65.015
81.97
81.966
82.003
81.924
81.946
69.289
69.238
69.573
82.025
82.031
70.038
69.926
69.94
58.215
58.06
58.216
55.694
53.172
53.147
53.069
58.115
67.446
67.37
67.4
67.628
67.856
56.124
55.685
68.508
68.745
56.054
55.678
56.072
56.531
56.99
56.684
56.588
56.493
62.633
68.773
68.606
68.708
68.941
68.894
68.995
68.803
68.824
68.999
68.941
68.999
68.383
57.242
56.922
50.942
50.504
43.088
43.156
69.31
81.27
81.268
81.281
81.259
81.178
81.018
80.984
80.95
80.86
80.769
80.694
80.471
68.472
68.647
80.836
81.069
81.079
80.899
80.774
80.829
80.809
80.887
80.89
80.921
80.917
80.899
80.909
80.927
80.944
68.196
55.448
55.538
54.791
54.045
54.943
55.221
81.721
81.744
81.794
81.864
81.878
81.88
81.831
56.031
55.57
55.481
55.393
55.729
54.686
55.311
55.229
52.226
53.238
52.52
53.264
53.577
53.891
54.27
56.285
