45.856
46.284
45.994
45.767
45.823
46.318
46.061
45.952
45.936
45.919
46.005
45.92
45.967
45.914
46.012
46.11
45.912
45.983
46.055
66.269
66.614
66.761
67.35
67.973
67.916
74.986
75.003
75.009
75.085
75.025
74.977
74.906
67.76
67.629
67.562
67.543
67.646
54.75
54.232
53.153
54.555
53.357
54.613
54.691
54.769
55.104
55.002
54.935
55.01
55.084
56.101
55.129
56.178
55.774
57.547
58.012
57.617
57.222
57.444
57.666
57.47
57.618
73.019
72.998
73.013
60.651
57.811
59.503
61.196
57.536
57.668
57.772
59.057
60.342
60.303
66.653
73.002
73.043
54.99
56.596
57.392
69.686
69.761
69.14
69.206
69.016
69.073
69.151
69.225
69.632
57.881
58.083
57.891
57.873
57.318
57.193
57.271
57.808
57.862
57.641
58.794
59.152
58.598
59.562
58.821
60.057
59.503
60.92
61.162
61.157
61.138
60.987
60.848
60.785
60.72
60.878
60.58
60.095
71.838
71.661
71.597
71.399
71.17
71.142
71.279
71.371
71.447
71.437
71.348
71.397
60.052
56.653
56.313
55.88
55.857
56.029
56.011
56.271
59.93
60.072
72.189
72.117
71.89
71.77
55.945
55.967
55.937
56.199
56.733
57.266
55.318
56.226
43.722
43.262
56.183
55.974
55.966
58.263
60.56
60.933
61.229
60.817
60.671
60.862
61.073
60.653
60.641
60.536
44.015
43.98
43.914
55.694
55.704
55.759
55.83
56.097
56.003
56.09
56.148
61.552
61.524
73.655
73.479
73.223
73.188
73.275
73.397
73.582
73.682
73.757
73.752
61.742
62.315
62.817
63.13
63.255
63.506
63.506
63.267
62.621
62.76
62.686
62.665
62.917
62.098
61.7
61.302
59.406
57.509
55.916
55.369
54.885
55.729
56.573
54.065
55.331
56.596
56.02
56.032
56.044
55.706
56.33
56.239
55.344
55.963
56.326
55.56
56.079
56.73
52.843
54.415
56.496
56.4
54.942
52.937
57.049
61.16
61.084
56.046
55.761
56.322
60.985
61.138
61
53.591
54.288
54.968
55.649
55.311
56.133
55.248
55.929
56.071
56.213
55.311
56.063
55.773
55.72
56.4
55.909
55.586
56.369
56.089
55.065
56.259
55.947
55.501
55.983
52.389
53.719
53.515
52.534
53.535
53.135
52.565
53.667
53.178
52.306
53.547
53.066
52.245
53.298
53.32
52.297
52.992
53.299
52.622
53.592
55.915
55.691
55.439
56.387
55.601
54.367
54.201
54.199
54.197
54.093
52.405
54.208
54.559
54.103
53.647
53.675
52.608
52.199
54.459
