47.926
48.039
76.597
76.577
76.68
77.01
77.325
77.442
77.505
77.505
77.508
77.505
77.467
77.438
77.327
77.344
77.031
64.517
64.222
63.964
63.903
63.611
63.572
63.7
63.408
63.752
63.445
63.739
63.741
63.743
63.447
63.623
63.755
63.437
63.555
63.69
63.394
63.741
63.299
63.526
63.393
63.318
63.66
63.281
58.601
58.094
63.728
63.194
63.369
63.545
63.388
63.577
63.084
62.792
62.499
62.504
62.509
62.753
62.997
62.723
63.279
63.108
62.937
62.915
62.893
62.947
63.799
63.752
63.739
63.856
63.615
63.671
63.573
63.564
63.558
63.491
63.541
63.522
44.954
46.72
46.758
46.796
47.009
47.278
46.95
47.147
46.818
47.086
46.962
46.99
47.006
47.022
47.006
46.984
46.613
47.424
47.131
46.592
47.056
47.213
47.084
46.966
46.981
46.958
46.979
46.974
47.092
46.98
47.006
46.925
46.919
48.226
56.504
57.85
46.581
47.438
57.436
57.506
56.443
57.643
56.58
57.639
56.668
57.126
57.584
80.75
80.542
80.543
80.621
48.48
46.274
47.324
81.979
82.232
82.389
75.452
75.486
75.544
75.603
75.581
75.626
75.671
75.695
75.609
75.522
75.466
75.378
75.493
75.397
75.506
75.521
75.454
75.559
75.519
75.539
75.563
75.354
75.33
75.174
75.249
75.226
75.34
75.32
75.444
63.089
63.45
63.13
63.092
63.388
63.685
63.978
64.377
76.464
76.256
76.147
76.161
76.144
76.1
76.053
76.054
75.978
75.965
75.99
75.916
75.871
50.1
50.378
50.09
50.092
50.094
50.179
75.349
74.494
74.354
74.259
62.223
62.063
62.232
62.04
62.184
62.459
68.897
75.334
75.319
75.653
75.443
75.432
75.407
75.303
75.319
75.39
75.463
75.316
75.311
75.306
75.446
75.215
75.229
75.116
48.17
49.077
48.233
46.27
52.662
52.166
50.039
50.131
51.944
52.374
52.349
51.837
50.801
51.129
52.165
52.292
52.145
51.511
50.637
51.858
52.302
52.258
51.929
50.797
60.425
62.079
62.229
62.464
62.04
62.291
62.606
63.035
63.336
63.754
63.817
64.029
63.896
63.871
63.72
63.562
63.328
62.931
62.534
61.183
54.564
57.929
61.293
61.179
61.399
61.285
61.171
61.55
61.558
61.4
61.206
61.453
61.561
61.57
61.539
61.586
61.626
61.636
61.59
61.616
61.638
61.527
61.359
61.297
61.436
61.497
55.116
58.303
61.491
61.323
61.285
61.402
61.423
61.462
57.012
52.562
56.947
61.331
61.396
61.578
61.075
60.485
50.415
50.389
59.741
72.726
72.48
79.228
79.227
79.192
79.306
79.591
79.875
80.173
80.522
80.7
80.877
43.572
43.495
80.884
80.419
80.128
79.605
79.172
78.959
79
79.071
79.148
79.051
79.032
78.912
78.864
78.851
78.878
78.847
78.882
78.77
78.786
78.802
78.849
78.778
78.771
78.763
78.852
68.851
73.835
59.387
44.939
45.669
44.839
45.315
44.704
45.04
44.943
44.847
44.967
44.984
45.125
45.142
45.226
45.098
45.368
45.042
44.803
44.842
45.058
45.116
45.016
45.143
45.081
45.007
45.005
44.7
44.874
44.903
45.025
45.114
45.169
46.39
43.89
44.964
44.888
44.074
45.07
44.848
44.635
45.409
59.929
59.864
59.956
60.13
60.161
60.049
59.937
59.839
54.849
49.859
44.539
45.388
44.628
44.998
44.646
44.962
45.219
45.092
45.314
45.329
45.152
45.002
44.742
44.795
44.906
52.189
52.007
44.731
45.156
51.559
52.028
44.464
44.537
52.384
52.771
44.976
45.1
58.237
58.274
59.21
59.053
58.896
58.838
58.78
59.425
57.998
55.193
52.389
45.395
45.294
44.697
61.122
72.758
72.351
71.749
71.787
71.73
71.799
72.04
72.189
59.281
52.2
52.243
51.918
52.02
52.05
51.864
51.9
55.744
59.588
72.092
78.927
78.825
78.8
78.851
78.82
78.832
78.924
79.038
78.984
78.999
79.015
60.01
59.963
59.986
59.982
60.107
60.04
60.008
60.006
60.044
59.306
46.505
45.413
44.459
44.555
45.519
44.848
45.093
44.692
45.061
44.882
44.87
45.066
45.069
45.185
45.181
45.135
45.04
45.118
44.977
44.807
45.009
45.151
45.164
45.093
45.081
45.001
44.904
44.851
44.758
44.885
45.074
45.192
45.211
45.239
45.959
44.108
44.274
45.208
44.466
44.777
45.297
44.968
45.399
45.915
44.99
59.883
60.053
44.429
45.032
59.75
59.656
