80.041
79.989
80.002
79.931
79.846
79.832
79.816
79.736
79.655
79.695
79.522
79.829
60.958
60.833
60.771
60.886
54.978
49.07
48.851
60.598
60.72
58.423
60.22
62.017
74.884
74.789
74.682
74.695
74.828
74.972
74.996
75.019
73.029
62.748
63.184
63.409
63.246
63.083
63.202
63.207
63.154
75.248
75.398
75.51
74.989
81.737
81.757
74.782
74.827
56.299
57.052
57.086
56.977
57.011
57.045
57.043
76.109
76.074
76.04
76.009
75.964
76.012
76.022
76.042
76.044
76.01
64.126
63.934
51.706
52.079
52.001
51.915
51.914
51.913
51.903
60.67
60.736
60.626
60.582
60.538
60.651
72.936
79.579
79.778
79.843
79.88
79.916
60.936
60.951
60.911
60.859
73.079
72.916
73.019
73.026
73.003
72.989
72.99
73.006
73.016
73.017
72.995
72.974
72.989
72.988
64.472
55.956
55.96
56.142
56.09
56.042
56.063
55.987
56.12
56.126
56.034
56.069
56.115
55.964
65.335
65.012
65.091
65.162
65.235
54.356
54.128
54.056
54.169
64.404
64.458
64.569
64.68
64.656
64.773
64.876
64.904
64.77
65.086
76.029
75.988
75.998
75.985
75.979
76.01
72.842
69.674
69.718
70.014
70.211
70.416
70.549
70.641
70.846
71.227
71.677
72.024
72.391
72.635
72.707
72.711
72.698
72.607
72.565
72.547
72.563
72.516
72.472
72.228
71.477
49.344
49.335
49.149
48.965
48.288
47.9
47.57
70.006
70.434
70.845
70.997
70.934
70.955
83.023
83.04
83.045
71.035
70.979
70.887
82.776
82.676
82.639
82.686
82.761
82.849
82.923
70.972
70.92
56.597
57.692
56.703
57.065
57.426
57.362
57.298
48.004
47.713
49.334
50.724
49.68
50.67
51.66
69.496
69.642
69.901
70.117
70.272
70.357
70.409
70.457
70.619
70.745
70.695
70.687
70.641
70.659
70.722
70.772
70.718
70.739
70.789
70.804
70.776
70.814
70.843
70.896
70.938
70.905
70.952
70.779
70.792
70.757
70.787
70.835
70.866
70.896
70.934
70.985
70.952
70.88
70.883
70.83
70.754
70.712
70.737
70.838
70.952
71.087
71.129
71.128
71.044
70.989
70.955
70.961
70.998
71.034
71.081
71.07
71.039
70.94
70.937
70.955
70.905
70.892
70.9
71.015
71.063
71.08
71.117
71.143
71.146
71.101
71.084
71.066
71.035
71.011
71.1
71.118
71.101
71.126
71.197
71.213
71.105
71.113
51.913
52.129
52.062
51.823
51.583
51.618
51.958
71.188
82.896
82.973
82.979
83.006
83.048
83
81.492
79.983
82.913
82.989
83.05
79.041
75.032
75.009
75.022
75.093
75.062
75.031
75.022
82.991
82.944
82.892
83.003
83.009
83.152
83.051
83.084
83.028
82.893
82.968
83.044
83.037
82.985
56.98
57.172
57.145
57.018
57.107
58.01
58.509
58.436
54.073
54.112
54.609
55.105
50.75
52.511
54.272
59.119
56.584
54.049
54.034
54.125
54.131
53.999
54.051
54.065
54.05
53.999
54.049
54.21
53.997
54.185
53.976
54.156
54.041
54.754
53.488
54.234
53.981
54.103
54.029
54.062
54.074
54.06
54.124
54.022
54.044
54.085
54.085
54.095
54.066
54.033
54.1
54.106
54.057
53.962
54.373
