45.55
44.305
43.059
57.002
68.413
68.861
69.252
69.366
69.523
69.631
69.591
81.646
81.759
69.861
69.998
70.227
70.457
76.539
73.593
70.648
70.689
70.63
70.535
70.441
82.378
82.244
70.189
70.134
69.815
44.665
44.634
44.26
44.914
45.512
68.014
68.024
68.019
68.087
68.069
68.17
68.345
68.533
44.209
44.816
50.946
51.449
51.952
57.754
56.765
66.451
66.498
66.809
67.025
67.404
67.305
67.315
67.353
67.426
67.592
67.329
66.376
44.841
45.172
43.589
80.9
80.981
79.592
79.307
79.151
79.126
79.189
79.285
79.433
79.606
79.856
80.106
80.31
80.54
80.592
80.571
80.55
80.434
68.388
68.414
68.446
68.491
68.456
68.197
67.576
66.501
65.158
63.884
63.248
63.488
46.722
61.346
75.97
76.042
76.097
76.09
76.021
75.947
75.808
75.759
64.17
44.976
44.991
44.852
44.551
44.914
79.401
79.318
79.531
79.574
79.619
79.618
67.621
67.614
67.061
65.939
61.314
56.689
56.589
57.207
47.171
45.932
46.291
46.65
65.953
65.903
66.011
66.108
66.25
66.445
66.672
66.981
67.343
67.602
67.72
67.69
67.628
67.528
67.428
67.513
67.596
67.637
67.786
67.814
67.82
67.784
67.616
67.507
67.481
67.371
67.087
66.63
65.881
65.429
65.296
64.999
65.276
65.577
65.805
65.962
65.96
65.774
65.557
65.34
65.244
65.299
65.536
65.916
66.05
66.113
65.841
65.538
65.256
65.224
65.356
65.475
65.545
65.641
65.586
65.499
65.436
65.375
65.498
65.649
65.801
65.976
66.236
66.124
66.012
78.09
78.052
78.03
77.937
48.658
49.411
49.375
48.858
46.616
47.152
48.091
49.029
47.548
46.067
47.321
46.792
47.177
46.91
47.261
65.933
65.979
66.003
66.056
66.108
45.208
46.716
48.264
46.973
47.216
47.441
47.311
46.718
47.032
47.132
47.167
46.784
47.103
46.935
47.11
46.676
47.639
46.047
46.998
64.398
76.602
77.008
77.155
77.345
65.444
64.118
51.295
63.656
64.796
65.935
52.314
50.575
64.023
77.472
77.505
77.619
77.591
77.629
77.607
77.538
77.622
65.129
63.878
78.078
78.06
65.963
59.024
54.371
49.718
57.626
65.534
65.739
65.672
65.843
65.45
65.756
65.63
65.873
66.116
66.476
78.631
78.768
78.754
78.738
66.663
66.737
66.753
78.704
78.564
78.67
78.752
66.732
66.761
66.449
66.138
65.862
62.505
59.148
56.854
55.551
54.248
47.943
47.078
49.101
47.678
48.383
48.405
47.582
48.293
66.961
66.923
66.864
52.403
48.382
54.085
59.788
60.109
60.059
63.535
56.213
67.572
78.932
78.927
63.034
47.141
48.655
48.184
48.079
48.688
47.514
47.244
46.974
46.66
46.698
47.223
47.063
47.222
