80.179
72.186
64.192
63.877
74.492
74.776
74.997
63.866
64.078
63.467
48.057
55.722
63.387
63.357
81.767
81.69
81.711
81.674
81.75
81.712
81.741
38.809
46.254
46.104
45.955
75.636
75.75
75.742
75.602
75.731
75.728
63.805
63.619
82.729
82.755
82.686
75.747
75.66
75.614
66.316
63.751
60.85
57.95
57.574
53.146
53.9
64.173
63.981
63.793
63.819
65.017
63.723
63.453
51.507
52.023
51.251
50.927
52.29
46.258
45.875
45.492
45.707
44.724
43.393
52.142
50.508
49.285
49.023
49.174
50.031
50.28
46.955
46.742
44.933
62.89
63.314
62.506
57.709
59.224
60.739
61.435
62.392
63.349
63.875
76.302
82.927
82.951
82.944
82.993
83.204
76.349
76.322
52.384
48.655
48.338
47.31
46.043
44.688
45.974
48.638
47.749
46.61
44.907
44.876
53.016
61.156
63.163
64.062
61.843
62.094
62.506
62.302
62.097
62.455
62.812
61.981
61.432
48.96
55.2
61.439
62.011
62.417
62.84
64.518
76.085
75.855
75.774
75.844
75.986
75.876
75.746
69.799
63.852
63.707
63.595
63.721
63.619
75.654
75.277
75.481
75.757
76.29
63.394
63.821
64.087
63.028
61.969
61.77
61.273
61.455
61.231
61.071
60.911
61.051
61.192
61.245
61.816
63.957
75.627
75.479
75.538
75.696
75.672
75.642
75.696
75.697
75.765
75.702
75.701
75.382
63.15
62.787
63.113
62.84
63.139
63.198
63.54
75.458
75.108
75.187
75.265
75.591
76.006
76.379
46.453
48.115
53.96
59.805
54.667
58.231
56.07
58.57
61.07
61.523
61.247
61.684
61.836
61.815
61.614
61.413
83.129
82.894
82.689
62.399
63.222
75.744
75.695
75.651
75.669
75.93
64.083
63.064
61.775
68.699
75.622
75.063
74.767
75.055
75.343
75.426
75.534
75.681
75.764
75.875
69.714
63.552
62.769
62.362
61.959
61.416
61.334
61.281
83.216
83.401
83.355
83.039
61.726
68.655
75.583
75.576
75.611
75.529
75.777
75.534
75.487
75.384
75.411
75.381
75.506
75.53
75.637
75.745
75.736
63.738
63.682
63.721
63.704
63.205
51.818
59.493
67.168
67.367
66.886
66.405
63.659
63.967
62.978
51.974
51.312
52.108
53.285
52.275
51.417
49.435
48.535
49.06
48.903
45.398
47.251
46.179
48.025
49.87
45.689
45.868
46.047
45.621
47.826
50.03
62.719
63.083
48.653
50.197
51.741
59.812
61.227
61.831
62.429
74.498
81.462
81.53
81.576
81.84
82.135
82.499
75.705
50.179
49.234
40.361
40.518
40.411
40.412
40.004
50.918
39.792
49.326
42.199
53.646
57.345
61.044
61.288
61.746
61.352
61.355
60.751
61.262
62.052
61.553
61.327
61.778
61.856
50.198
55.728
61.258
61.32
61.694
62.259
62.806
76.111
76.301
76.104
76.065
76.037
75.955
75.86
75.575
75.045
63.49
63.35
63.356
63.482
63.536
63.71
75.412
75.249
75.646
76.007
63.595
61.503
63.345
48.949
61.204
51.423
55.286
59.148
60.84
62.533
60.999
60.8
61.049
61.245
61.353
64.433
62.911
75.461
75.441
75.546
75.676
75.566
75.539
75.408
75.236
73.955
59.687
67.283
74.879
75.309
76.212
76.737
75.526
42.394
43.262
78.361
76.884
75.407
75.746
75.822
75.763
75.684
75.688
75.731
75.575
61.711
60.149
59.833
60.959
73.531
73.428
73.599
61.735
62.057
62.281
61.746
61.146
59.581
52.729
58.558
64.388
64.013
63.719
63.871
63.962
63.962
64.061
63.824
63.266
63.69
62.743
62.229
63.035
63.84
62.392
64.739
63.901
63.953
63.869
63.721
63.551
63.685
69.005
74.326
74.275
72.764
62.267
63.299
77.764
75.537
73.311
73.525
73.962
62.005
61.806
68.365
74.925
75.332
75.14
82.491
82.606
82.678
82.62
82.653
82.618
82.626
82.574
82.587
75.466
75.526
75.547
75.529
75.501
75.556
75.666
75.919
76.073
63.795
62.168
67.744
66.977
64.833
61.079
61.483
51.26
51.879
51.843
50.546
54.7
55.428
53.059
53.415
53.062
52.46
51.858
52.241
50.732
48.97
49.019
48.697
50.055
44.738
46.728
45.962
45.116
45.219
45.322
44.228
