55.86
54.346
52.832
47.568
46.574
45.58
45.882
44.083
45.655
44.896
46.422
43.505
45.171
45.81
49.634
47.985
46.767
51.911
52.575
53.24
47.655
47.38
46.423
51.923
52.203
48.182
48.218
47.288
45.643
46.589
51.446
48.14
44.835
44.769
44.592
44.581
44.942
44.95
45.174
45.062
45.011
45.219
45.238
44.81
44.382
45.967
46.205
46.444
45.927
45.411
52.104
51.761
51.823
51.925
51.852
51.78
52.731
66.697
67.264
67.548
67.448
66.432
56.944
43.602
43.692
43.604
43.855
43.998
43.874
43.963
44.118
43.958
44.277
44.214
44.344
44.346
44.841
68.888
68.852
44.385
43.952
44.207
43.999
44.353
45.902
47.57
58.419
58.999
71.29
71.42
71.529
71.515
71.447
71.43
71.388
71.367
71.604
59.839
59.871
60.152
60.716
61.1
61.367
61.438
61.453
61.452
61.347
61.293
61.164
61.32
60.916
60.111
56.91
53.708
45.742
49.364
52.986
61.035
60.136
71.965
72.208
72.402
72.296
72.19
66.145
60.1
59.553
59.939
59.896
59.816
58.56
58.249
73.61
73.568
73.343
73.077
72.87
72.849
72.724
72.773
60.397
56.942
53.488
51.89
53.215
52.913
53.709
54.599
72.104
71.764
71.675
71.801
71.929
72.175
72.303
72.294
72.091
59.886
53.958
54.064
54.152
54.469
53.975
54.123
58.133
58.139
58.341
70.31
70.422
70.435
70.574
70.713
70.641
70.245
69.699
69.335
68.97
55.656
57.041
55.839
68.478
68.767
68.869
68.81
56.745
57.158
58.124
56.016
57.064
48.656
48.713
48.839
48.966
49.167
49.367
71.216
71.027
77.825
77.977
78.101
78.341
78.458
78.695
69.326
59.956
60.459
60.563
60.687
60.747
60.809
60.859
60.73
60.204
53.428
50.201
55.738
61.276
60.458
47.946
46.707
47.145
47.14
46.666
49.062
51.458
51.611
47.471
47.368
60.751
61.654
61.982
62.054
62.553
62.108
62.265
61.837
61.1
61.169
55.533
56.264
56.349
56.037
60.081
72.174
72.201
72.29
72.392
60.163
60.165
60.166
60.374
60.409
60.444
61.01
60.967
67.17
73.373
73.468
73.465
73.431
73.445
73.542
61.641
61.617
60.976
47.187
47.061
46.62
46.71
46.859
47.258
47.654
46.94
59.427
59.671
59.953
59.817
59.5
59.751
59.556
59.827
60.078
60.547
60.541
61.017
60.858
60.954
60.76
60.655
60.582
60.518
60.315
51.725
51.878
52.238
51.594
52.261
52.032
52.061
51.997
51.875
51.763
52.011
52.076
52.115
51.957
52.025
51.934
51.957
52.585
52.714
52.844
51.697
51.973
51.954
51.924
52.083
52.224
51.937
71.669
71.817
71.679
71.626
71.723
71.812
72.042
72.328
72.607
72.704
72.765
72.791
72.707
72.64
72.614
72.625
72.646
60.737
60.711
60.83
60.716
60.874
60.447
50.194
50.165
49.712
49.879
50.231
49.979
50.044
49.864
50.031
50.011
60.932
61.188
73.466
73.573
73.578
73.413
73.134
73.025
73.063
57.66
49.801
50.52
49.9
49.847
72.134
72.289
72.097
72.183
72.263
72.13
72.147
71.966
52.217
50.258
48.298
49.535
50.772
61.469
73.475
73.385
73.317
73.196
73.155
61.011
61.083
61.076
61.049
61.042
60.595
57.104
56.693
57.164
56.902
56.66
59.597
62.533
62.647
62.414
62.497
62.377
62.894
63.186
63.479
63.758
63.898
63.79
63.724
63.681
63.487
63.63
63.582
63.425
62.903
48.048
48.475
50.015
51.554
52.36
44.963
44.812
45.714
45.405
44.397
44.688
44.979
44.967
44.823
72.564
79.444
79.691
80.07
73.419
73.556
73.73
73.587
73.383
60.164
52.106
51.683
52.199
52.341
60.391
71.635
71.845
72.037
72.164
72.393
72.423
72.278
59.74
50.04
50.098
49.921
50.104
49.989
50.061
70.847
77.648
77.618
77.695
77.801
63.408
60.987
58.567
58.034
57.501
48.992
49.15
59.308
59.729
60.048
60.276
60.504
72.397
72.274
72.013
71.916
71.697
71.577
59.442
49.034
49.431
55.762
56.145
56.167
61.872
61.87
61.982
61.958
61.907
62.016
61.906
61.381
60.019
58.656
53.009
48.474
49.219
49.396
48.998
48.96
62.891
62.766
62.782
62.705
62.585
62.498
62.621
62.953
63.512
64.246
64.673
64.78
64.995
64.992
64.767
64.719
64.58
64.331
64.207
63.993
49.164
49.104
51.102
58.637
58.741
59.211
59.164
59.055
60.544
61.157
60.981
60.947
61.227
60.729
61.134
60.924
60.82
48.514
49.968
49.358
48.748
49.047
48.514
6.3636
