59.043
58.985
59.041
59.054
65.991
66.071
58.628
58.851
58.929
59.114
59.232
59.215
59.308
52.218
52.122
58.789
58.898
60.949
63.001
63.181
60.022
56.863
57.408
66.754
76.101
76
75.969
56.329
56.145
56.145
56.362
56.543
55.847
55.355
55.638
64.947
77.611
77.794
77.819
77.61
77.401
77.451
77.505
65.354
65.748
64.586
46.692
46.754
47.524
47.462
47.026
66.314
66.506
66.762
67.162
67.114
67.196
67.391
67.223
67.42
67.577
67.454
67.412
67.715
67.821
67.376
66.922
66.489
65.844
65.777
65.565
65.508
65.521
65.35
65.645
65.42
65.608
65.763
65.626
65.732
65.427
46.77
46.936
47.036
47.038
78.005
78
77.991
77.982
70.785
63.588
63.499
75.506
75.419
75.451
75.522
75.529
75.582
75.715
75.767
75.527
75.589
75.622
75.481
75.515
75.679
75.703
75.676
75.69
75.741
75.718
75.535
75.523
75.624
75.279
75.564
75.478
75.499
75.607
63.716
56.216
56.138
55.837
56.124
56.19
56.254
55.986
77.674
77.547
77.511
77.612
77.627
77.648
77.638
77.645
77.765
77.945
78.185
78.558
78.707
78.85
78.886
78.999
79.114
79.236
79.669
79.725
79.878
79.859
79.74
79.584
79.516
79.686
79.543
79.703
79.825
79.68
79.535
79.479
67.033
66.228
65.888
65.498
65.399
65.271
65.262
65.787
77.955
78.026
78.064
77.97
77.865
77.754
77.753
77.673
77.72
77.713
77.571
77.559
77.736
77.765
77.738
77.712
77.886
77.91
78.012
78.037
78.112
78.111
47.059
46.969
48.114
53.897
54.135
54.008
54.139
54.028
54.083
54.039
54.082
54.128
54.033
54
54.102
54.086
54.063
53.969
54.116
54.13
53.259
48.129
47.087
47.001
46.915
46.959
47.17
47.004
46.772
47.346
46.754
47.033
47.024
59.831
59.864
59.897
60.125
60.682
60.693
61.19
61.546
61.901
53.955
54.156
54.037
54.114
54.056
54.107
54.098
54.051
54.063
54.1
54.052
54.033
54.139
54.019
54.133
54.11
54.249
54.2
59.453
59.83
59.643
59.48
59.322
59.42
59.215
83
82.997
83.024
82.991
82.994
82.985
83
83.017
82.993
83.008
71.078
77.035
61.77
46.505
47.134
47.034
46.974
47.154
46.903
46.967
46.952
46.948
47
47.052
83.002
83.004
83.023
83.027
83.037
73.104
63.171
63.09
55.184
47.277
46.99
46.756
82.996
83.013
83.046
83.049
83.058
56.222
56.512
56.21
56.072
56.445
56.519
56.266
56.168
66.284
79.918
80.03
79.974
