45.956
45.444
44.384
44.067
43.751
44.275
43.851
43.428
44.077
55.25
55.847
59.62
55.33
51.04
51.059
55.924
54.797
52.308
44.228
44.308
45.028
56.356
63.07
63.096
62.842
62.777
51.936
52.044
66.94
66.266
65.592
77.515
77.201
77.272
55.175
60.199
65.223
65.508
65.435
65.442
65.448
65.527
65.526
55.153
55.01
54.868
54.927
54.986
54.92
54.855
54.74
54.626
54.784
54.942
54.821
55.162
55.503
49.147
49.321
49.25
49.136
49.023
49.899
55.291
56.52
49.969
51.21
53.531
55.853
55.058
55.517
55.975
53.892
51.18
52.735
54.29
51.564
52.901
53.68
65.031
64.936
54.319
52.608
53.547
54.486
64.933
65.034
54.661
55.436
55.182
54.928
55.388
56.433
55.466
55.501
56.395
55.92
55.192
56.442
54.75
55.606
55.587
55.999
68.423
68.475
67.95
67.998
68.16
68.22
68.125
68.139
68.111
68.139
68.179
68.137
67.713
55.894
55.656
55.892
55.741
55.589
68.283
68.56
68.413
68.367
68.272
68.282
68.269
68.246
68.228
68.296
68.505
56.894
56.835
54.744
51.852
53.586
55.447
55.774
54.906
52.173
53.611
52.282
53.424
53.87
54.315
66.798
66.583
66.588
66.582
66.862
66.506
66.629
66.43
66.231
63.406
65.68
67.954
67.991
54.746
55.607
55.207
54.807
51.367
52.66
53.283
52.778
52.273
51.649
64.832
64.765
64.739
64.751
64.763
64.588
64.58
64.448
64.315
64.014
63.132
71.606
80.08
80.068
80.104
80.073
56.353
55.776
55.832
55.817
56
56.298
56.148
56.09
55.884
55.999
55.623
55.656
47.325
47.882
55.242
56.119
49.595
47.655
47.727
47.813
50.032
52.251
51.111
51.066
51.021
52.912
52.824
52.735
53.991
55.246
56.343
55.829
54.828
63.139
62.732
59.174
55.616
55.862
54.95
56.573
56.504
55.269
55.93
60.292
57.637
54.981
56.377
55.437
64.803
65.12
65.022
64.792
65.03
64.964
55.145
55.658
54.513
54.681
54.85
67.287
67.618
67.991
56.268
56.263
56.607
56.542
56.493
56.773
56.612
56.342
56.281
56.022
54.663
66.091
65.223
64.502
64.06
63.994
64.017
64.352
64.359
64.486
64.465
64.625
64.696
61.242
57.788
52.754
45.484
46.497
45.883
46.45
46.259
46.068
46.306
47.061
46.399
45.736
46.38
45.986
45.816
46.025
45.997
45.791
45.825
45.672
45.519
46.167
58.247
57.889
45.789
46.355
45.891
45.876
46.108
45.93
45.88
46.051
45.851
45.928
46.071
46.096
45.768
45.833
46.473
