63.97
63.946
63.878
66.326
68.774
69.106
69.186
69.1
69.177
69.264
69.313
69.425
69.547
64.074
64.02
63.966
64.044
63.986
64.07
63.888
68.093
68.289
68.396
45.552
46.532
68.263
68.043
67.818
46.612
46.797
47.445
47.289
46.877
46.81
46.761
46.988
46.901
50.338
51.695
48.017
49.205
50.393
49.277
48.162
68.115
68.6
68.628
68.511
68.422
68.35
68.319
68.239
68.373
56.486
47.804
47.234
45.318
43.65
46.821
70.1
70.913
70.419
70.111
70.066
69.919
69.93
69.902
70.362
70.29
58.174
58.826
58.96
59.094
59.86
59.706
59.427
59.391
65.413
71.435
71.892
60.202
61.139
61.307
61.169
61.209
60.766
60.765
60.591
60.637
60.533
60.861
60.957
61.241
61.477
49.76
47.893
46.026
44.731
45.991
47.251
57.677
59.526
59.041
59.46
58.797
58.998
58.681
58.765
59.015
44.646
45.212
45.067
45.16
45.174
44.783
44.95
77.04
76.504
76.194
76.025
75.922
75.812
75.902
68.956
65.256
62.022
56.753
44.816
43.008
57.963
58.519
58.38
58.879
58.264
70.493
70.698
70.85
48.572
50.326
55.585
55.761
57.179
56.365
55.661
56.011
56.361
56.738
56.044
55.722
55.706
56.587
44.376
44.124
44.057
43.73
43.404
43.647
43.726
75.841
75.893
75.886
75.88
75.807
75.739
75.65
62.986
56.609
56.117
55.626
55.314
76.029
74.278
74.07
73.428
73.559
73.717
73.964
62.302
62.185
54.486
59.62
52.021
44.422
45.471
45.35
45.228
44.753
44.598
77.904
78.038
78.321
78.415
78.527
79.129
79.646
79.959
80.2
80.211
79.991
79.607
79.101
78.553
78.169
77.95
77.86
77.587
77.226
76.623
53.152
53.407
53.662
64.755
75.847
75.854
75.825
75.842
75.775
75.694
68.815
69.037
69.137
69.136
69.256
69.31
69.233
65.85
48.836
49.316
49.624
49.555
49.636
49.595
49.36
48.827
45.025
41.224
43.014
43.799
52.713
61.626
61.841
54.147
54.392
54.062
53.717
54.256
54.255
54.243
54.084
54.015
54.181
54.512
67.825
59.152
50.479
51.391
52.303
52.829
52.627
52.426
52.498
61.212
69.926
69.732
69.36
69.344
69.367
69.39
69.299
69.208
69.293
69.468
70.394
70.689
70.455
70.462
70.449
70.431
70.409
70.299
70.241
70.624
53.721
53.921
54.124
54.327
54.196
73.368
73.066
79.693
79.63
72.655
60.843
60.75
60.358
52.475
44.592
44.839
45.181
45.052
45.029
45.615
45.119
62.089
62.642
62.722
62.945
63.172
63.595
64.149
64.368
64.269
64.141
64.125
64
63.627
63.146
62.256
61.546
61.485
61.941
62.085
62.087
47.197
46.618
45.267
61.559
61.303
61.217
61.415
61.817
62.102
62.037
61.972
62.034
62.114
62.028
62.023
62.042
62.046
62.065
61.995
62.074
62.213
61.986
47.111
46.884
47.027
47.085
46.848
46.997
46.516
64.403
65.039
46.968
47.65
53.074
58.497
59.03
59.228
59.497
71.708
71.902
71.363
71.408
59.803
47.834
45.658
46
73.408
73.206
73.364
72.963
73.061
73.267
61.407
61.22
61.126
60.751
60.629
46.905
47.3
46.696
46.848
47.021
59.612
71.664
77.922
77.516
82.145
82.176
82.304
82.385
82.495
77.699
74.139
70.58
70.017
63.936
57.855
46.858
47.454
68.783
68.753
68.9
68.927
69.061
69.104
69.074
69.049
46.475
47.107
46.733
47.025
47.214
46.851
70.358
76.801
76.417
76.2
76.325
76.53
76.659
76.713
76.77
76.764
76.668
76.748
76.663
76.543
76.559
76.58
76.265
76.329
72.894
69.459
69.459
49.858
49.527
48.056
46.586
45.899
65.677
66.23
60.137
54.044
52.346
47.245
