46.361
45.812
45.745
45.907
46.373
46.236
46.106
45.578
45.914
46.859
45.355
46.891
45.961
45.776
46.112
45.897
46.681
46.439
45.116
46.895
45.853
45.772
46.316
45.833
49.774
53.715
72.355
71.784
71.396
71.173
71.136
64.34
64.273
64.254
64.428
64.446
64.334
64.259
64.305
47.114
46.019
49.4
47.415
45.429
52.442
53.772
53.134
53.494
52.419
52.345
52.208
52.072
52.106
52.27
52.247
52.224
52.131
52.428
52.725
52.679
52.571
52.464
65.745
65.737
53.667
54.113
53.075
53.661
49.557
49.47
49.383
48.324
53.015
50.079
47.142
47.348
45.626
47.605
49.584
46.831
44.079
44.711
63.123
63.235
63.049
62.863
63.262
55.024
54.087
65.735
65.419
65.17
65.152
65.351
53.714
53.653
54.475
54.279
54.789
54.278
53.766
53.774
53.538
53.302
64.41
64.608
64.517
64.497
64.475
64.349
64.408
64.385
64.28
64.337
64.437
64.554
64.67
60.06
61.561
63.061
63.014
62.966
63.024
63.287
43.765
44.939
51.743
51.156
63.258
63.231
63.062
63.208
63.267
63.207
63.092
63.139
63.28
55.122
55.809
55.953
56.008
56.254
56.019
55.866
55.793
55.928
56.033
56.168
55.981
56.008
56.052
56.095
56.035
56.041
55.983
56.064
55.968
55.935
55.674
56.137
56.338
52.133
51.474
51.176
50.877
56.148
55.962
56.087
55.963
56.178
55.964
56.099
56.234
55.865
55.311
55.641
55.483
55.493
52.114
51.498
52.213
52.927
51.977
63.774
63.563
63.65
63.397
63.497
63.401
63.422
63.48
63.061
54.739
56.127
49.353
48.651
48.623
49.041
49.459
48.947
48.435
51.44
51.262
51.085
51.013
50.942
50.702
50.463
50.348
50.315
50.283
50.111
50.192
50.273
49.928
49.582
64.857
65.181
59.355
53.529
52.827
53.618
53.418
52.402
52.226
53.358
52.563
51.926
53.615
52.834
51.987
53.72
53.242
48.564
49.866
49.491
51.979
53.187
54.034
52.812
52.781
53.586
53.321
54.992
54.483
53.973
51.982
52.872
53.407
49.971
49.206
49.833
55.654
56.248
55.244
56.023
56.061
56.099
55.929
55.84
56.166
55.646
56.091
56.109
55.848
55.982
56.312
55.891
55.75
56.204
56.104
55.648
55.804
55.959
50.453
50.126
50.456
50.786
49.738
51.465
50.851
49.675
51.14
49.984
49.908
50.578
50.327
50.076
51.468
52.191
51.68
47.829
43.978
44.244
44.389
44.181
44.459
43.894
44.303
46.211
45.238
45.947
45.764
45.221
45.663
46.057
