69.061
68.999
69.028
68.997
69.055
69.05
46.092
46.208
46.373
46.651
45.451
45.396
44.518
45.14
43.651
50.113
50.101
48.898
46.213
46.494
48.086
49.677
50.194
50.028
50.171
50.172
50.068
50.069
49.975
50.042
48.696
58.337
56.645
57.16
56.684
49.661
50.333
49.097
49.856
50.616
48.988
50.091
51.194
45.264
46.219
45.277
44.094
44.984
46.236
53.291
49.221
54.147
49.253
53.211
57.169
57.553
51.996
64.483
76.97
76.98
76.959
76.936
77.082
77.187
68.976
69.036
69.01
63.553
64.254
48.649
56.362
64.076
64.132
64.082
63.61
69.068
69.042
69.08
69.045
69.026
69.002
69.252
67.324
65.397
77.175
77.18
77.187
77.134
77.045
64.645
64.221
63.821
63.67
63.069
62.849
62.221
49.915
49.824
50.136
69.041
69.1
64.145
65.295
77.486
77.623
77.643
77.556
77.47
77.36
77.32
77.253
77.287
77.336
50.155
49.908
50.044
49.849
50.169
78.369
78.487
78.824
79.322
79.857
68.599
68.402
68.116
68.949
68.971
74.98
80.989
80.984
80.978
68.321
68.303
80.612
80.599
80.483
80.31
79.989
69.332
58.675
50.493
49.8
50.119
49.796
50.42
49.671
74.553
74.111
81.134
81.083
81.137
81.193
81.133
81.072
81.077
81.082
81.089
80.98
45.865
45.664
44.215
81.111
81.168
81.185
62.142
62.074
71.431
80.788
80.834
80.889
49.107
46.465
45.178
44.555
50.969
49.696
49.484
50.138
49.783
49.846
49.895
50.011
49.853
50.8
58.236
56.9
57.06
50.046
49.945
49.832
49.8
49.947
49.936
49.922
50.086
50.223
49.974
50.252
49.83
50.226
50.043
49.984
49.862
50.012
50.162
49.94
50.272
63.93
65.053
65.737
66.243
78.605
78.831
79.096
79.334
79.564
79.716
79.922
80.159
80.395
80.474
80.719
80.953
80.973
80.582
49.912
49.927
50.105
49.968
49.953
50.027
78.349
78.613
78.769
78.767
78.725
78.556
78.398
78.348
78.376
49.899
49.873
50.375
49.617
49.952
65.289
77.274
77.361
77.342
84.265
84.22
77.317
77.324
77.417
45.462
46.629
52.095
57.562
64.538
77.017
77.095
84.203
84.275
84.412
77.687
78.061
78.373
78.499
78.679
78.777
66.825
66.896
66.928
49.796
58.204
66.612
66.359
65.749
49.315
49.553
50.372
50.105
49.496
49.728
65.699
77.682
77.581
77.695
77.816
78.07
78.104
49.748
50.499
49.345
49.736
49.358
50.541
49.812
77.155
77.128
84.171
84.152
84.204
84.254
84.294
84.332
84.357
84.364
84.204
84.151
77.165
77.219
77.294
77.266
77.289
77.306
77.271
77.337
77.275
77.374
77.518
77.603
77.614
77.739
77.765
77.722
77.678
77.624
77.531
77.364
77.388
77.399
77.309
77.213
77.312
77.388
77.324
65.915
71.602
77.289
77.279
76.998
76.268
44.768
44.647
44.361
44.075
45.447
46.394
44.933
43.447
45.271
47.096
52.079
79.465
80.121
60.674
67.113
62.058
67.868
73.678
73.854
73.901
73.893
73.886
73.943
73.893
73.816
61.769
59.499
57.875
57.07
57.106
73.83
73.796
73.934
73.964
73.995
73.882
73.927
73.982
73.957
73.962
73.919
61.95
61.912
61.885
61.68
60.787
58.17
56.644
56.952
57.199
58.105
59.011
58.604
50.692
48.835
49.637
50.43
50.162
49.177
49.812
50.512
50.146
48.99
49.771
50.694
49.655
48.615
49.573
50.531
73.831
