62.915
56.592
52.288
61.493
53.339
62.025
62.487
62.95
63.001
43.494
43.767
43.863
44.189
43.981
48.756
48.064
47.371
54.02
53.91
54.051
53.881
53.959
54
54.035
53.993
53.989
53.931
54.247
53.9
53.802
53.742
53.895
54.039
54.088
53.995
53.847
54.028
54.018
54.052
53.932
53.947
53.986
53.954
54.034
54.016
54.013
53.929
53.91
54.015
54.029
54.015
53.985
53.566
53.943
56.65
55.343
54.036
56.584
55.261
53.937
59.464
58.751
59.223
59.091
58.737
59.489
58.713
59.125
59.375
58.706
59.626
53.966
53.938
53.904
71.009
71.055
70.974
70.968
70.983
70.955
70.967
70.979
63.163
60.233
58.632
59.499
59.059
58.619
59.655
59.533
59.411
62.954
62.74
62.684
62.628
54.699
43.076
43.341
43.806
43.888
44.04
44.006
43.953
44.157
44.101
45.681
54.874
53.419
54.104
53.862
54.151
54.239
54.327
53.788
65.42
65.287
65.071
65.068
65.07
64.992
64.894
64.797
64.535
64.58
64.607
64.634
64.683
64.481
64.456
63.278
51.676
52.118
52.152
52.131
53.461
58.877
64.294
80.108
80.088
64.203
64.174
64.163
64.15
64.104
64.022
63.953
64.003
63.981
64.043
64.281
52.416
52.826
52.635
51.055
58.624
58.501
59.039
64.044
65.381
65.851
66.321
66.32
64.158
64.392
64.138
64.078
63.922
63.755
63.67
63.67
63.632
63.696
63.786
63.942
63.783
63.802
63.751
63.789
63.721
51.812
51.686
51.8
50.678
58.686
70.883
70.887
71.101
71.037
70.818
70.768
70.797
63.575
67.058
59.169
61.201
63.232
63.235
63.273
49.24
56.738
64.235
64.182
64.528
64.507
64.593
64.508
64.3
58.433
52.565
52.825
52.303
51.781
51.71
51.919
52.141
52.362
52.173
52.394
52.684
51.987
51.691
52.321
53.314
58.651
63.988
64.141
64.402
64.212
64.022
64.086
64.211
64.161
64.102
63.962
63.877
63.841
63.92
63.931
64.173
64.971
52.704
52.841
52.132
51.411
51.874
51.834
52.197
52.274
58.563
58.429
58.342
