46.538
46.347
45.6
45.685
46.088
46.094
45.823
47.403
48.19
47.382
46.574
45.478
46.716
46.588
46.46
45.605
45.952
45.979
46.316
45.952
45.941
53.702
50.834
56.272
61.711
61.53
47.959
47.865
47.652
48.592
48.816
48.976
48.898
49.056
61.208
59.27
57.89
58.466
50.121
49.859
50.054
50.127
49.85
49.957
50.072
50.12
50.024
50.086
48.255
47.538
45.591
43.645
56.114
56.67
55.109
56.829
45.351
45.29
45.124
45.069
44.724
44.431
47.052
45.49
43.854
46.777
46.228
45.99
44.803
45.687
45.694
45.701
45.847
45.992
45.682
62.839
63.605
64.426
76.897
77.108
77.207
76.928
64.073
50.908
51.614
51.482
52.101
52.028
78.245
78.083
77.832
77.861
77.746
77.709
77.744
77.68
65.76
53.298
53.052
53.116
53.18
53.648
54.116
60.257
66.398
66.381
66.118
65.855
77.839
77.743
78.098
78.452
67.21
67.404
67.654
67.831
67.69
67.722
67.754
67.547
67.63
67.55
67.148
66.731
66.314
66.69
67.039
67.389
67.364
67.507
67.363
67.705
67.867
67.98
67.888
67.593
62.612
57.63
67.93
78.23
78.06
77.731
77.503
77.385
77.46
77.518
77.65
77.71
77.748
77.725
77.732
77.664
77.576
77.736
77.941
78.031
78.018
77.97
77.943
77.96
77.944
77.884
77.858
77.782
77.686
77.676
77.784
65.476
65.131
65.067
64.754
48.712
47.182
64.82
64.79
65.057
65.131
64.983
64.959
64.579
64.199
63.436
62.861
74.381
74.32
74.308
74.327
74.331
74.498
74.627
74.646
61.351
61.213
60.753
59.839
52.813
53.111
53.524
59.916
61.175
61.129
60.746
60.358
72.699
72.896
73.422
73.926
64.072
54.217
54.083
54.131
50.936
47.741
47.221
74.496
74.444
74.611
74.744
74.743
74.672
48.309
47.821
48.021
59.833
59.873
59.913
48.123
47.804
48.102
48.093
48.084
47.743
60.052
60.049
60.124
60.199
60.894
62.829
75.303
75.583
75.501
75.396
75.339
75.378
75.13
63.392
63.381
63.452
75.494
75.863
75.494
75.637
75.643
75.94
76.238
76.536
76.822
76.941
76.837
76.585
74.254
71.924
59.938
59.751
75.626
75.088
61.63
68.44
75.25
75.187
82.07
81.908
62.802
63.007
68.972
68.971
68.986
68.96
68.983
59.447
50.574
51.764
52.955
59.77
60.016
61.384
62.752
61.637
60.521
60.662
59.923
61.848
62.984
73.362
73.199
73.208
73.374
73.396
73.39
73.313
73.128
72.948
60.88
61.951
61.543
62.43
63.147
62.723
63.027
63.331
63.379
63.397
63.652
63.312
62.905
63.317
63.449
66.175
64.357
62.54
58.631
50.775
50.644
63.984
75.852
75.598
75.502
75.679
76.093
64.5
64.944
65.08
65.078
65.053
64.906
49.179
47.35
76.691
76.745
76.741
64.708
64.824
45.814
45.925
46.004
45.874
76.339
76.079
76.018
75.875
75.903
75.985
76.171
64.538
64.696
57.505
59.005
60.505
59.453
57.907
60.044
59.661
59.277
57.541
58.796
62.939
62.863
62.979
74.856
74.841
62.768
62.176
62.788
62.774
74.757
74.694
74.601
74.508
74.484
74.561
74.48
74.147
52.937
53.221
52.963
52.95
52.814
52.638
56.924
52.36
47.795
60.582
73.368
73.241
61.001
57.266
55.967
54.667
54.232
53.797
72.798
73.173
62.066
70.584
79.103
79.174
72.313
71.983
72.19
44.943
45.061
44.853
45.143
44.834
45.049
45.047
51.839
58.631
59.423
60.216
60.194
60.191
60.188
57.927
45.945
45.935
45.9
46.32
61.46
73.435
73.424
76.559
79.695
79.736
79.865
61.789
60.172
63.253
62.418
62.667
56.775
57.718
54.301
50.884
50.715
50.758
51.664
51.601
51.222
50.844
51.185
51.379
51.097
50.814
61.067
61.251
80.525
80.75
81
81.249
81.03
80.811
61.085
59.972
51.279
50.866
50.717
61.371
73.358
73.348
73.54
73.911
74.281
74.668
75.207
75.487
75.242
74.84
70.958
67.077
60.229
60.737
60.985
72.295
79.483
79.878
79.953
80.029
80.094
80.222
80.22
80.218
80.093
79.947
79.801
46.178
46.457
45.838
47.186
48.534
48.746
48.957
59.481
57.333
55.185
55.22
73.075
72.925
69.995
69.99
72.981
72.9
67.085
61.271
50.099
50.065
50.08
49.948
50.232
49.744
50.272
49.934
50.01
49.861
49.958
54.634
59.31
57.518
51.494
50.662
50.679
50.696
51.256
51.265
50.833
50.752
50.849
51.012
51.006
50.654
50.302
50.544
