50.939
49.267
50.91
51.248
51.16
50.557
50.337
51.276
51.129
50.668
50.42
51.093
51.698
51.059
50.263
67.004
78.973
78.993
79.035
50.175
50.727
51.549
51.406
51.029
50.584
78.99
79.011
79.013
78.992
78.999
79.017
79.042
50.899
63.944
76.989
77.002
77.014
77.04
76.992
76.977
45.629
45.686
46.459
46.532
52.276
58.019
58.011
57.984
57.933
57.74
61.652
62.339
62.981
63.3
63.326
52.715
53.146
64.763
64.715
53.057
53.046
53.094
53.016
53.053
53.06
52.693
63.932
64.135
64.585
64.667
64.768
64.83
64.944
64.96
64.985
64.946
64.641
70.825
77.009
77.094
76.935
77.285
76.889
76.771
76.825
76.822
76.819
76.874
76.871
76.874
76.948
77.104
74.544
71.985
71.989
72.062
74.517
60.721
46.925
45.645
45.837
62.879
62.908
52.302
52.438
75.636
75.872
76.27
76.397
76.62
64.704
64.786
76.929
77.039
65.032
64.865
64.605
63.277
62.854
74.034
74.019
74.738
75.457
75.467
75.352
75.146
74.721
74.997
74.769
74.541
77.001
77.02
76.983
77.017
71.991
57.969
57.847
55.443
53.04
53.096
53.091
53.087
52.724
52.361
76.986
77.018
67.502
57.986
57.977
58.119
58.024
57.972
62.282
64.976
64.932
64.979
65.016
65.02
65.014
65.055
64.946
64.936
65.005
64.991
65.003
65.021
65.014
64.96
64.906
65.823
66.739
59.283
51.58
51.285
52.004
59.47
66.936
66.873
67.03
66.992
67.097
67.011
66.983
66.9
66.997
66.955
67.121
46.017
46.574
45.972
44.977
45.581
46.789
46.355
45.53
45.06
46.001
46.641
45.932
45.292
62.015
61.948
62.088
62.311
62.292
62.274
62.486
62.403
62.413
62.423
62.337
61.603
62.304
61.921
61.224
50.586
52.078
51.891
49.736
50.401
70.223
70.018
70.085
69.948
70.023
69.995
69.996
70.021
70.007
69.963
70.031
69.993
70.033
69.966
70.023
50.848
50.987
51.178
50.798
51.059
50.796
50.766
51.012
51.682
70.019
69.989
66.942
66.998
66.969
67.056
48.111
46.332
44.649
45.875
47.061
45.95
44.735
43.52
45.738
44.83
43.922
70.004
69.925
70.012
69.977
70.009
69.987
69.995
69.981
57.63
58.022
58.163
57.696
51.413
51.329
51.244
50.663
50.226
50.571
51.422
51.257
50.386
50.77
51.092
51.259
50.426
50.127
67.103
66.996
66.988
66.92
66.994
66.982
67.004
67.011
67.025
67.026
67.027
70.003
70.066
70.177
69.96
69.962
69.997
57.27
58.209
67.208
67.007
67.06
66.983
66.99
67.003
66.945
67.017
67.012
66.992
67.02
66.997
66.974
66.98
67.023
66.996
66.863
66.947
67.03
66.965
63.195
67.182
71.169
71.199
59.721
59.78
59.842
59.718
59.472
59.226
59.724
59.781
72.091
72.246
72.292
72.216
72.146
72.178
72.218
72.279
60.251
60.23
59.987
60.252
60.117
59.833
60.102
60.237
60.243
61.395
73.984
74.208
74.327
74.422
74.496
74.356
74.5
74.386
74.349
74.389
74.326
74.284
69.998
70.022
58.979
59.104
59.23
64.843
76.98
77.2
77.241
77.159
77.156
77.159
77.174
65.361
65.124
59.964
60.106
59.959
59.624
59.578
59.532
61.491
63.45
63.652
64.568
65.118
65.371
65.391
65.384
65.879
77.687
77.73
77.704
77.677
77.645
77.702
77.814
77.975
78.146
78.456
78.703
78.927
79.043
79.208
67.293
67.28
67.22
67.2
58.267
62.827
61.436
60.045
60.06
60.132
60.003
59.911
63.05
61.508
59.967
67.071
66.765
77.059
77.249
77.381
77.369
77.509
77.383
77.288
77.196
77.006
76.926
76.92
76.934
76.842
65.147
64.977
64.932
65.049
65.163
65.132
65.065
65.007
49.935
49.843
49.967
50.003
50.339
50.001
