45.116
45.058
44.955
45.11
44.738
44.816
44.773
44.881
45.031
45.108
45.094
45.021
45.074
44.887
44.893
44.859
44.79
44.903
45.046
44.999
45.15
44.923
44.986
44.959
44.919
44.996
44.734
44.99
44.939
45.051
45.038
45.228
62.264
62.38
62.231
63.478
61.276
62.69
62.68
60.481
59.587
60.442
72.108
72.152
76.62
76.651
76.508
76.536
76.611
76.668
64.338
63.608
45.252
45.086
44.991
44.761
44.82
64.789
76.542
76.433
76.548
76.542
76.785
76.867
76.995
77.157
65.215
65.552
65.306
65.157
64.927
64.545
43.392
43.484
43.403
43.494
43.394
43.299
43.419
64.125
76.192
75.905
75.946
76.054
76.217
76.068
76.17
76.194
76.175
76.157
76.278
64.292
63.952
63.192
62.845
76.046
76.009
75.961
74.138
74.362
74.587
74.513
74.366
74.29
74.142
74.102
74.112
62.114
62.126
62.208
62.286
62.342
61.88
43.184
43.179
43.069
43.046
43.278
43.205
43.34
72.093
79.156
79.309
79.401
79.254
79.276
79.308
79.341
43.495
43.431
43.298
60.755
60.963
61.171
60.459
59.746
54.94
42.952
42.999
43.302
43.605
43.74
44.049
74.207
74.263
74.176
74.241
74.232
74.135
74.049
74.035
73.939
73.854
73.835
73.836
73.817
73.795
73.735
73.742
44.973
44.882
44.859
44.997
45.043
45.172
45.275
45.158
45.186
44.992
44.857
44.748
44.942
44.897
45.108
45.213
45.233
45.249
45.115
44.872
44.709
44.843
44.927
45.008
72.104
72.087
45.217
45.139
45.012
44.953
44.917
44.758
44.932
45.15
45.097
45.118
45.14
60.269
60.196
60.122
59.947
44.978
45.01
45.029
45.216
45.159
45.228
45.039
44.943
44.803
44.844
44.85
45.057
59.901
60.439
60.662
60.755
72.677
73.065
72.954
72.846
73.09
72.885
72.967
72.8
72.943
72.621
72.67
72.733
72.587
72.752
72.809
73.218
73.15
73.762
74.187
74.434
74.342
74.113
73.739
73.389
73.381
73.314
73.446
73.766
74.072
74.258
74.187
73.85
73.644
73.269
73.576
73.656
73.849
74.064
74.043
73.909
73.448
73.043
73.069
73.096
73.941
73.808
73.997
74.118
73.81
73.7
73.375
73.3
73.496
73.561
73.627
73.965
74.166
74.16
73.904
72.555
73.074
73.593
73.456
73.597
73.8
61.846
61.882
73.847
73.897
73.912
73.927
73.887
55.232
54.912
55.203
73.989
74.013
73.96
74.054
74.046
73.967
74.06
74.032
74.027
74.04
74.036
73.9
73.782
55.333
55.006
55.009
55.012
55.3
72.175
72.158
69.611
67.064
67.333
54.879
55.38
55.459
55.538
64.753
54.15
64.08
56.346
48.612
50.041
50.865
72.007
71.96
50.003
