76.945
76.724
74.24
75.53
76.087
76.15
76.378
76.739
76.878
75.012
74.955
75.034
74.894
75.073
63.441
63.507
63.489
63.622
62.854
55.824
58.962
62.099
61.062
73.777
73.631
76.873
80.116
80.334
80.466
80.582
80.55
73.815
74.016
74.223
74.565
74.784
74.906
74.934
74.753
74.346
73.858
60.562
60.32
62.798
61.745
60.693
73.526
74.025
74.345
74.425
74.283
73.798
72.71
72.152
71.594
69.392
67.189
60.173
60.285
59.656
72.569
72.218
72.185
71.862
71.927
71.948
71.969
71.997
52.759
52.881
52.964
52.98
53.391
53.396
53.489
53.229
53.235
52.914
53.12
52.822
52.95
53.047
53.073
53.006
53.038
53.159
53.184
53.169
53.33
52.898
47.785
45.381
44.744
72.57
72.868
72.604
72.345
71.731
71.698
71.665
72.148
72.514
72.937
73.286
73.484
73.706
73.923
74.139
74.31
74.312
74.315
74.318
74.223
62.342
62.303
62.203
62.104
62.195
62.304
62.282
62.26
62.106
61.742
61.133
72.896
72.16
78.374
78.112
77.871
77.706
77.804
77.524
77.794
77.547
77.706
77.627
77.644
77.631
77.696
77.613
77.589
70.451
70.424
58.362
58.56
59.107
59.655
60.948
61.586
62.128
74.455
74.35
74.503
74.617
74.62
74.44
74.445
74.364
62.416
62.243
61.869
61.14
60.516
59.813
59.541
60.252
60.273
60.602
60.504
62.196
61.097
62.443
61.89
61.46
62.479
61.26
61.817
62.461
61.143
62.243
61.19
61.245
61.772
61.436
62.373
61.699
62.072
61.986
61.899
61.883
61.964
61.128
60.027
64.294
68.561
67.216
66.94
70.231
70.691
70.394
70.301
70.625
70.379
70.152
70.075
70.068
58.094
58.803
60.346
59.524
59.414
59.305
60.104
58.738
58.218
57.377
56.536
45.206
46.942
58.803
59.973
66.818
67.06
67.148
67.239
67.556
67.806
67.465
67.499
67.534
52.044
51.681
63.134
63.094
63.169
63.07
63.022
70.809
70.601
70.707
70.333
70.097
70.015
70.01
70.042
70.14
70.133
70.049
69.916
69.758
69.726
50.821
51.551
51.936
51.326
50.638
50.692
52.459
50.973
51.838
50.89
67.141
67.051
67.684
68.316
67.261
67.072
66.963
66.573
67.065
66.992
66.941
67.034
59.768
52.503
51.789
50.879
56.531
67.024
66.891
62.37
62.382
62.394
79.165
79.043
79.1
79.148
55.319
49.357
51.242
51.304
51.339
50.947
50.996
50.982
51.113
51.384
51.156
52.164
48.719
60.427
60.386
60.344
60.403
59.937
58.855
58.552
56.711
54.234
52.932
53.443
59.651
59.628
59.605
56.339
60.901
60.248
59.594
53.641
53.558
60.159
60.171
68.881
68.108
57.659
56.721
58.542
60.362
57.252
57.838
59.281
59.847
60.413
64.035
61.802
69.486
77.171
77.983
78.157
78.016
77.9
78.087
78.094
78.054
77.822
77.584
77.418
70.346
70.176
70.461
65.343
60.226
59.019
57.813
57.242
59.426
61.61
74.407
73.981
80.958
80.938
73.895
73.985
73.992
74.009
67.808
61.608
61.169
54.49
47.812
55.624
63.436
63.815
63.616
63.843
63.872
63.963
63.679
64.135
63.423
63.903
63.528
64.266
64.833
65.382
65.602
65.666
65.67
65.403
65.202
65.063
65.144
65.224
65.369
65.43
65.465
65.429
65.303
65.195
65.109
65.096
65.083
65.089
65.224
65.426
65.597
65.224
65.174
65.556
65.373
65.112
65.467
65.714
65.498
65.468
65.229
64.988
76.963
76.925
76.962
76.97
77.039
77.036
77.057
62.07
62.16
77.095
77.267
48.008
47.33
77.022
76.991
47.283
47.76
47.639
47.518
77.01
77.09
64.24
66.817
69.394
69.46
69.577
69.428
69.545
69.779
69.783
69.866
69.815
69.646
69.46
69.357
69.276
69.201
69.337
69.41
69.436
69.383
69.427
69.416
69.312
69.304
69.395
69.479
69.546
69.612
69.691
69.813
69.763
69.784
70.082
69.7
69.657
69.26
68.945
68.862
68.69
68.769
68.838
68.724
68.707
68.546
68.552
68.497
68.465
68.433
68.553
68.528
68.624
68.647
68.557
68.587
68.755
68.872
68.484
68.836
68.259
67.791
67.39
67.602
67.324
67.65
67.77
67.758
67.7
67.668
67.555
67.522
67.469
67.415
67.382
67.784
67.628
67.541
67.526
67.335
67.233
67.443
67.381
67.679
67.677
67.537
67.542
67.429
67.105
66.77
67.178
67.265
67.139
66.96
48.112
48.221
47.981
48.024
