55.737
55.836
55.402
61.272
80.121
78.518
78.965
79.533
55.082
56.2
56.123
55.554
56.038
56.08
55.653
72.995
72.891
55.407
55.733
55.389
55.298
55.528
55.404
73.621
72.769
64.113
55.456
55.588
55.615
55.595
63.641
63.614
63.392
63.117
63.2
63.374
62.452
56.093
53.861
55.863
57.865
58.132
57.892
57.996
59.67
73.098
72.79
72.291
72.125
72.414
72.441
72.717
73.062
73.385
73.32
73.182
72.93
72.754
72.578
52.508
53.185
52.811
52.779
53.01
53.016
52.64
52.894
53.148
57.997
58.093
57.871
52.933
52.691
52.984
73.035
72.954
55.898
46.187
47.316
46.152
44.505
45.323
46.14
47.902
73.041
72.983
73.003
73.024
45.631
45.15
72.963
73.042
77.228
76.795
76.363
65.201
54.039
55.05
56.061
56.018
56.129
56.24
55.776
55.933
56.01
55.947
76.57
77.17
77.63
77.781
77.721
77.558
77.402
77.247
77.081
76.942
77.003
64.834
64.797
64.948
64.388
65.18
76.975
76.727
76.55
76.401
76.262
76.403
76.392
76.403
76.475
76.364
76.572
76.513
64.918
64.724
64.897
64.75
64.521
64.48
64.348
64.736
64.367
64.841
64.952
65.45
65.756
65.759
65.729
65.691
65.42
65.475
65.499
65.15
56.974
58.173
57.615
51.229
51.536
50.982
63.147
74.652
74.462
74.001
74.037
74.325
74.374
74.601
74.763
62.998
62.492
62.234
61.976
55.37
55.181
55.626
55.404
51.195
50.765
61.117
61.076
60.554
60.673
60.787
56.09
56.017
61.07
61.23
61.049
60.932
60.033
56.163
55.985
55.806
55.868
55.963
56.235
59.014
61.792
73.891
74.112
73.892
74.075
74.155
74.184
74.72
68.915
63.111
63.122
63.111
63.139
63.166
63.021
62.97
62.827
62.799
62.77
68.81
74.851
74.803
74.493
74.593
74.623
81.468
81.552
81.663
81.781
81.924
74.761
74.526
74.244
55
54.919
59.783
58.827
64.613
70.4
70.359
70.031
70.058
70.288
70.684
71.08
71.184
71.165
71.402
71.57
71.42
71.545
71.804
55.82
55.02
55.654
55.404
56.196
71.838
71.059
70.262
69.946
73.169
64.565
55.962
55.492
55.417
56.086
55.476
54.866
56.944
55.823
54.703
55.827
55.513
56.17
55.905
55.501
56.168
56.326
55.255
55.896
56.052
55.319
56.165
56.156
55.003
55.917
52.363
53.853
53.958
52.11
55.116
55.117
56.494
53.766
53.62
52.937
52.186
51.981
51.776
52.358
54.899
55.902
56.002
55.008
56.405
56.575
55.963
55.324
56.097
56.335
56.573
54.021
52.496
52.298
73.533
73.742
73.713
73.889
74.217
74.331
74.304
74.278
74.273
62.431
62.478
62.599
62.55
54.434
55.678
55.089
55.567
59.508
63.449
75.613
75.14
74.864
74.737
74.718
75.083
75.821
76.303
76.524
76.646
76.722
76.804
76.908
76.74
55.164
51.18
47.196
46.338
45.659
73.754
73.429
72.815
72.966
73.118
73.714
73.633
74.229
74.537
74.822
75.036
75.137
75.139
75.084
74.909
74.589
74.132
73.251
72.512
72.291
72.591
72.611
72.63
72.84
72.816
72.738
72.626
72.515
72.533
72.807
73.292
73.34
73.234
73.011
56.115
53.255
52.688
72.924
73.095
70.02
53.829
51.929
53.609
53.892
52.986
53.385
53.319
53.253
51.628
54.368
52.696
53.434
52.787
56.331
55.684
55.894
54.799
54.08
53.362
56.137
55.859
55.384
56.301
56.208
55.959
56.035
55.87
56.251
56.25
56.049
55.969
55.89
56.406
58.614
57.255
57.454
57.653
57.727
57.802
58.788
57.093
58.535
57.548
58.119
57.614
57.802
57.991
65.919
66.02
