52.27
52.418
52.565
51.894
51.223
44.616
45.076
52.135
52.33
52.376
52.174
52.01
51.854
51.695
51.754
51.006
50.791
50.576
44.353
44.044
44.057
43.9
43.929
43.894
44.726
44.536
44.671
44.584
44.436
44.399
44.137
44.06
43.999
44.213
44.053
44.002
43.645
43.325
43.268
43.212
43.467
43.723
43.855
43.978
44.078
43.977
51.277
50.802
55.05
59.298
58.568
58.895
58.228
70.967
70.875
50.743
51.107
44.112
44.031
44
82.971
83.022
83.005
72.308
71.992
71.404
71.148
71.156
71.211
71.479
71.779
71.994
72.192
72.461
72.797
72.725
72.853
72.684
72.674
84.478
84.384
84.339
84.512
72.592
60.671
60.817
60.964
44.536
45.082
44.696
45.216
45.329
45.134
45.082
44.952
44.911
44.776
44.812
44.847
62.046
62.157
62.246
62.197
62.147
62.363
61.896
62.099
62.301
62.191
62.032
62.274
62.349
61.865
62.345
62.412
62.089
62.365
61.637
61.929
62.221
61.229
60.513
60.682
60.85
62.109
61.174
61.981
63.016
74.647
74.43
74.112
73.762
73.777
73.791
74.12
74.448
75.114
75.797
76.265
76.551
76.654
76.633
76.515
76.333
76.208
76.206
76.189
76.181
76.191
76.158
76.251
76.308
76.305
76.23
76.127
76.07
76.066
76.082
64.277
64.324
64.481
65.32
65.383
66.36
66.835
67.094
67.203
67.21
67.066
67.005
66.944
66.946
66.909
66.916
66.967
67.017
67.05
67.038
67.063
67.087
67.121
67.13
67.169
67.214
67.283
67.346
67.375
67.359
66.993
47.293
46.644
46.965
47.196
47.232
46.885
46.857
47.108
47.24
46.818
68.222
68.376
68.506
68.577
68.653
80.758
80.988
81.244
81.573
82.009
82.319
82.467
82.557
82.646
82.613
82.58
82.327
82.073
81.623
81.14
80.884
80.817
80.83
80.81
80.741
80.732
80.674
80.623
80.553
80.506
68.479
68.638
68.746
68.76
68.846
68.895
68.912
68.87
68.744
68.594
68.492
68.555
68.607
68.791
68.8
59.533
50.265
49.762
50.228
80.98
80.992
81.061
81.021
58.023
58.543
57.498
58.21
59.566
50.013
50.149
50.28
50.087
49.99
49.914
50.086
49.886
50.092
49.728
80.981
80.974
81.028
81.014
81.003
81.016
81.02
81.036
80.996
80.968
80.948
80.954
80.987
80.985
52.601
51.182
51.43
51.093
58.851
58.174
58.984
58.061
58.656
59.023
58.972
58.562
58.151
58.922
58.731
58.31
49.463
47.86
51.112
50.619
62.101
65.155
65
65.046
44.03
44.057
45.006
67.143
67.384
67.174
66.789
66.292
48.962
49.374
51.878
52.362
53.946
56.289
58.632
58.049
45.758
46.171
45.956
45.871
44.838
