52.261
52.063
51.371
50.321
52.843
53.014
53.185
66.433
66.701
66.944
67.126
67.257
67.223
68.198
69.172
57.541
57.879
79.02
78.903
76.653
74.403
73.951
70.178
66.405
66.373
66.555
66.637
66.892
56.762
46.632
51.047
49.708
48.368
48.324
46.936
58.059
58.865
59.069
70.396
81.724
81.57
81.582
81.593
67.122
72.704
78.286
78.936
79.24
79.586
79.728
79.819
79.949
79.898
79.776
79.437
79.433
79.429
79.471
79.468
79.383
79.287
79.191
74.467
76.77
71.954
67.138
46.686
48.597
54.032
60.583
67.134
66.543
52.572
53.578
53.68
53.781
52.785
57.327
58.889
53.33
52.672
52.872
53.072
50.611
52.725
54.838
57.183
65.258
64.58
64.544
64.047
63.818
64.047
64.073
63.952
63.912
45.41
47.019
47.501
46.996
46.619
45.476
47.448
47.889
47.442
73.11
72.562
62.7
52.837
52.823
52.525
52.385
51.582
50.779
49.177
51.322
50.076
48.504
72.884
73.001
73.078
73.126
73.174
73.207
73.183
73.127
73.231
73.21
63.105
52.999
54.304
49.315
47.771
49.523
51.274
49.069
46.865
45.952
78.033
77.984
77.987
68.604
59.221
58.937
59.192
59.215
58.929
58.643
57.827
62.384
61.884
50.062
50.009
49.982
82.999
83.014
83.046
82.993
83.021
82.98
60.05
59.946
59.976
59.886
60.27
59.458
60.521
60.016
59.819
60.439
59.857
60.289
60.408
60.004
60.397
60.059
60.29
60.017
60.228
60.085
59.515
60.125
60.735
59.633
58.78
71.386
83.991
84
84.036
84.022
84.008
83.983
83.982
83.98
76.723
69.465
69.501
69.409
69.316
59.231
67.842
63.028
70.066
58.179
67.876
63.226
58.577
59.277
58.691
58.89
58.88
59.09
58.791
77.629
77.652
77.722
77.769
77.864
77.87
77.711
58.588
58.936
58.333
59.084
58.855
58.852
58.923
58.931
58.938
58.71
58.824
58.895
58.966
58.929
47.117
46.974
46.883
47.212
47.161
46.771
46.886
47.17
47.051
47.005
46.922
47.113
46.912
44.655
44.287
48.082
48.099
48.162
48.158
47.75
48.052
48.086
47.985
47.899
48.104
48.018
47.882
48.036
48.072
47.89
48.075
48.479
47.53
47.888
48.131
47.753
47.894
48.464
47.781
47.305
56.404
69.69
70.281
70.739
71.165
71.501
59.99
60.326
60.368
47.81
47.253
47.156
47.755
47.871
60.007
59.703
59.829
59.933
60.013
72.107
72.283
72.418
72.274
72.149
72.195
72.09
59.925
47.961
48.079
48.284
47.73
48.186
48.083
52.64
57.197
58.676
70.469
70.799
71.134
71.469
71.87
60.028
59.99
59.518
48.086
47.969
47.946
48.148
47.954
47.909
71.506
71.387
77.812
77.591
77.484
77.665
77.763
77.863
70.867
70.754
58.674
55.511
47.775
48.212
47.848
47.889
48.148
48.156
47.682
55.852
55.785
75.055
75.032
55.615
55.912
55.953
55.994
55.692
68.362
68.291
68.419
68.546
68.375
55.649
55.459
81.02
81.018
80.998
81.004
81.005
80.992
81.012
64.332
47.652
48.097
47.902
48.096
47.938
48.197
47.902
