48.924
50.066
48.51
49.412
48.843
49.157
55.878
56.147
56.071
55.944
60.522
65.099
65.116
67.378
79.702
80.621
81.087
81.31
81.483
49.24
48.662
49.357
48.844
54.555
56.286
58.016
58.374
68.056
64.042
60.028
60.575
72.33
68.738
65.146
64.94
64.968
64.862
64.756
49.057
49.965
50.732
48.26
50.127
51.994
50.6
44.546
43.267
43.531
43.864
43.526
43.372
45.087
45.314
45.541
50.292
50.863
49.442
50.205
50.096
49.765
61.863
63.053
64.271
76.816
77.069
77.254
77.124
76.709
76.514
71.188
72.273
72.281
72.185
49.908
63.583
77.258
77.262
77.226
77.266
77.282
77.264
77.43
77.508
77.8
77.662
77.722
77.979
78.533
78.713
78.892
78.983
79.099
79.186
46.557
44.777
44.45
67.215
66.882
66.933
67.151
67.142
67.132
67.523
79.721
79.661
79.583
79.639
79.725
79.811
80.03
80.375
80.65
81.064
81.377
81.507
81.497
81.431
81.301
81.225
81.261
81.324
81.442
65.979
66.038
66.295
65.721
65.75
65.809
65.767
66.1
66.014
65.272
62.869
60.466
58.953
70.278
73.031
72.862
60.314
60.613
69.963
69.93
69.646
66.498
66.331
66.95
67.141
49.43
58.121
66.812
66.601
65.456
65.415
65.453
65.62
66.158
65.822
77.837
77.831
65.796
65.603
65.654
65.705
65.702
65.006
63.343
63.308
63.272
62.596
63.841
65.085
76.98
76.639
76.705
76.875
76.866
76.918
76.877
76.814
76.681
76.735
76.73
76.636
76.464
76.648
76.317
64.631
64.305
60.446
57.907
57.998
65.797
65.663
66.103
60.707
61.377
61.287
61.434
80.342
80.258
80.362
80.51
80.714
80.855
81.126
81.398
81.555
81.773
81.843
81.96
81.989
82.018
81.996
74.902
74.907
74.81
74.479
74.148
49.708
49.586
49.464
49.683
58.893
60.367
75.127
75.047
74.927
74.89
74.813
74.705
74.768
74.888
63.318
63.359
63.315
63.565
64.272
65.446
66.444
66.884
67.275
67.667
67.961
68.148
68.335
68.714
69.094
69.496
69.23
68.82
68.382
68.359
79.939
79.684
79.662
79.742
79.747
79.779
79.812
78.62
78.306
67.751
67.59
67.495
67.295
67.07
66.741
66.671
66.066
65.949
48.922
48.626
65.395
65.302
65.375
65.512
65.825
77.996
77.965
78.072
78.122
78.245
78.122
77.851
77.749
79.969
77.524
75.078
74.999
69.766
73.115
76.463
76.477
76.455
76.573
76.733
76.843
77
77.175
69.362
67.763
66.164
53.858
53.943
77.891
77.79
77.586
77.594
77.666
77.644
77.714
47.637
47.278
51.995
56.713
56.293
47.89
49.357
49.3
49.244
78.237
78.07
77.987
77.987
78.048
78.021
78.073
78.125
78.28
72.558
66.836
67.066
67.481
67.676
67.762
67.748
67.806
67.965
67.946
67.578
67.212
67.377
66.076
64.774
64.663
64.8
64.874
63.811
62.884
59.729
59.709
59.868
59.293
57.8
71.853
71.912
71.96
71.984
72.019
71.952
76.4
76.544
76.844
77.105
77.356
77.577
79.801
82.026
81.979
53.179
58.064
55.324
59.116
62.909
64.099
64.197
64.294
64.62
64.558
49.722
56.965
52.429
56.543
52.83
56.785
60.74
60.773
60.942
62.926
63.056
63.057
63.272
62.944
61.381
59.817
59.842
59.673
59.504
50.825
51.031
51.048
50.858
50.945
50.857
50.769
51.175
59.385
59.136
58.417
62.029
61.029
60.029
53.167
52.786
53.189
53
59.838
59.83
59.903
59.977
58.461
56.946
58.645
57.631
65.259
55.694
46.13
45.738
56.277
55.633
45.992
46.23
45.581
43.664
44.617
45.57
49.681
53.791
