48.962
49.277
48.974
48.899
49.168
49.043
48.922
49.123
49.102
48.995
49.089
49.094
49.032
49.023
49.074
49.087
48.98
49.073
49.083
49.052
49.077
49.076
49.04
49.072
49.051
49.06
49.067
49.079
49.047
49.042
49.109
49.002
49.09
49.06
49.082
49.037
49.075
49
49.176
48.975
65.04
65.802
66.129
66.405
67.008
79.333
79.601
79.759
67.687
67.34
58.209
49.079
49.088
49.012
49.097
49.069
66.293
66.903
67.339
67.655
67.884
68.212
68.5
68.788
68.829
68.921
68.676
67.985
80.988
80.996
81.012
81.01
81.001
80.984
79.967
78.949
79.285
79.49
79.546
79.61
79.664
79.76
79.825
79.845
67.821
67.688
79.703
79.525
67.03
66.852
66.461
65.869
65.262
65.677
65.686
65.744
77.721
77.724
77.654
65.732
65.799
77.822
77.862
65.882
62.068
61.967
65.521
64.978
65.006
63.032
62.119
62.53
62.629
62.728
62.72
62.711
62.718
62.815
62.912
62.303
62.62
62.937
62.578
62.22
62.274
62.092
62.003
62.072
61.995
62.04
61.97
61.997
61.977
61.958
61.93
61.97
62.158
62.108
62.058
74.305
74.349
74.405
74.466
74.51
74.518
74.503
74.53
49.024
49.07
49.065
49.116
75.948
76.104
76.245
70.113
63.982
69.891
75.8
75.842
75.837
75.882
64.046
63.98
63.304
49.143
49.13
48.966
49.061
49.156
75.908
76.002
76.038
59.809
60.377
60.8
60.813
60.845
60.867
60.881
60.812
60.727
60.733
60.711
60.719
60.711
60.729
60.735
60.709
60.739
60.743
60.807
60.797
60.856
60.897
60.998
61.025
60.646
49.098
49.083
49
49.018
49.093
49.042
49.111
48.924
49.174
49.025
49.027
49.073
62.377
63.384
63.369
63.339
63.88
63.687
63.841
64.363
63.96
63.942
64.152
63.985
65.031
63.932
64.985
65.067
64.487
65.607
65.846
65.878
65.872
65.509
65.637
65.765
65.785
65.792
65.757
59.007
58.996
65.752
65.794
65.83
65.747
65.469
65.192
65.648
65.67
65.497
64.403
65.613
65.792
65.858
65.805
65.778
65.563
65.55
65.718
65.736
65.703
65.394
65.5
65.77
65.875
65.918
65.964
65.905
65.788
65.452
65.477
65.637
65.647
65.64
65.69
65.719
65.658
65.633
65.545
65.267
65.535
65.675
65.67
65.488
65.501
65.596
65.586
65.492
65.397
65.528
78.001
77.884
65.881
65.832
65.816
65.883
65.875
65.867
66.079
66.08
66.057
66.073
66.059
66.063
66.067
66.05
66.063
66.079
66.056
66.074
66.057
66.045
66.084
66.039
66.103
66.026
66.085
66.065
66.062
66.081
66.048
66.056
66.067
66.033
66.086
66.057
66.069
66.067
66.058
66.065
66.056
66.06
66.068
66.075
66.046
59.038
59.049
58.993
59.065
59.051
66.047
