82.988
82.999
82.995
83.019
83.023
83.026
83.012
82.99
82.974
82.959
82.969
82.967
82.984
83.012
83.034
83.05
83.028
83.039
83.014
82.974
66.592
67.367
68.141
68.544
68.523
68.285
68.13
68.165
80.046
79.969
79.938
67.88
67.743
79.993
80.007
63.008
63.055
58.428
59.152
61
61.242
60.788
60.655
61.08
72.981
73.018
73.018
60.692
60.571
60.664
49.162
48.971
49.003
49.202
48.995
48.96
49.14
49.03
63.428
75.07
74.83
74.861
74.961
75.006
74.963
74.905
74.961
74.9
74.898
74.979
75.019
75.083
75.274
75.231
63.258
63.031
63.276
63.521
63.568
63.512
63.306
63.487
63.688
63.761
63.766
63.748
63.651
63.466
63.522
63.389
62.933
62.569
62.353
62.392
62.337
62.371
62.618
74.748
74.739
74.621
74.658
74.666
74.716
62.873
63.046
62.558
62.058
61.703
61.175
74.997
75.016
75.001
74.994
62.134
60.553
60.563
60.618
60.656
60.666
60.746
60.756
60.778
60.724
60.68
60.694
60.697
60.75
60.817
60.869
60.937
60.96
60.99
61.028
61.048
61.072
61.132
61.112
61.152
61.11
61.018
48.977
49.105
49.028
49.058
49.045
48.986
49.065
49.048
49.105
49.025
64.047
76.165
76.145
76.247
76.237
76.131
76.003
49.022
49.084
49.056
75.84
75.864
75.896
75.908
75.888
63.869
63.823
75.682
75.763
75.71
69.79
63.87
63.838
63.813
63.788
49.033
49.07
49.024
49.067
49.012
49.079
49.039
49.067
49.014
49.025
49.072
49.064
49.077
60.596
60.806
60.995
61.094
61.117
61.882
73.517
73.498
73.404
73.44
73.469
73.455
73.447
73.577
73.486
61.645
61.166
61.404
61.282
62.019
62.128
62.748
62.825
62.85
62.477
62.101
62.397
62.568
62.933
63.029
63.154
63.209
63.006
62.779
62.49
62.247
62.479
62.843
62.784
62.81
62.753
62.533
62.312
62.505
62.37
62.4
62.43
59.034
59.289
59.044
58.615
58.771
59.199
59.256
58.909
58.673
59.221
68.781
68.341
68.312
68.368
68.385
68.403
68.247
57.035
57.212
68.078
68.095
68.132
58.338
58.608
59.033
59.329
59.191
58.618
58.421
59.024
59.293
59.229
58.939
58.879
63.029
63.097
56.261
57.297
59.038
59.415
59.232
57.361
57.183
56.148
55.654
55.873
56.886
56.86
55.818
55.624
56.32
57.327
56.55
55.656
55.759
56.258
56.799
56.483
55.806
55.694
56.294
56.878
56.049
55.678
55.91
56.651
56.62
55.838
55.753
56.041
56.603
56.286
55.837
55.831
56.122
56.523
56.16
55.85
55.884
56.234
56.357
56.083
55.937
55.916
56.196
56.369
82.934
82.941
82.957
83.001
83.048
56.136
55.648
56.104
56.981
56.71
55.692
55.672
57.61
57.694
56.074
56.326
56.579
58.236
59.749
79.246
79.37
60.279
60.918
60.668
60.931
61.247
60.891
61.293
60.526
57.601
56.775
57.006
56.698
57.456
56.979
57.287
56.524
57.365
57.41
56.981
56.92
57.406
56.706
57.433
56.761
57.271
56.692
57.178
57.016
57.026
56.985
56.929
57.544
56.528
57.504
57.513
57.523
57.509
57.496
56.729
57.319
57.054
57.128
57.024
57.02
57.018
57.019
57.016
57.015
57.025
57.102
57.1
57.01
56.991
56.956
56.885
56.911
57.001
57.271
57.145
57.02
57.006
56.981
57.073
57.079
57.007
56.935
57.14
57.076
57.683
57.713
57.742
57.718
57.844
57.945
57.063
57.926
59.497
57.983
59.513
58.074
59.419
58.129
56.832
57.223
57.095
57.023
57.043
56.966
56.86
60.975
61.484
80.653
80.742
80.679
80.712
80.817
73.92
74.013
74.103
74.19
74.251
74.183
74.137
74.368
57.005
57.044
56.993
57.011
56.993
65.019
64.491
57.014
57.003
56.995
56.998
57.038
57.026
56.994
57.01
57.01
57.029
57.016
57.358
57.562
56.455
57.61
57.352
57.095
57.33
57.179
56.65
56.852
57.051
57.061
57.074
57.068
57.065
57.045
57.001
57.062
57.029
57.011
57.017
57.037
57.018
57.014
56.933
56.923
56.881
57.174
56.192
56.022
55.852
58.899
79.865
79.86
58.272
59.059
58.927
59.119
59.017
59.095
59.007
58.892
59.12
58.999
58.963
59.053
58.991
59.028
58.94
59.108
58.918
59.032
59.03
59.055
58.91
59.048
59.017
59.002
59.021
61.598
64.174
76.358
76.465
76.278
76.071
75.89
63.763
64.605
64.696
65.303
65.693
65.95
66.108
66.28
66.357
66.245
65.91
65.436
64.908
64.202
64.096
63.653
63.476
63.462
63.543
63.723
63.847
64.12
64.24
64.149
64.097
63.836
63.764
63.815
63.659
63.583
63.63
63.818
63.758
63.704
63.868
63.947
63.784
63.681
63.82
63.893
63.653
63.009
63.067
49.279
48.652
48.943
49.26
48.987
48.907
