69.044
68.998
68.865
68.784
80.993
81.05
68.986
49.909
50.211
69.082
68.992
68.816
80.926
81.031
81.005
50.184
49.881
80.99
80.978
81.057
81.055
81.053
80.978
80.903
80.842
73.823
68.891
68.899
71.414
73.929
74.035
73.966
73.997
69.183
69.091
68.996
68.902
68.854
61.526
54.199
53.149
47.031
46.433
46.691
46.949
46.371
45.854
51.366
51.396
52.751
54.106
47.884
46.582
45.724
47.215
46.584
46.518
51.12
49.231
47.342
45.783
44.246
43.002
44.203
45.403
43.308
44.211
43.74
44.707
45.673
44.523
43.373
44.473
67.413
68.638
69.647
69.884
69.981
70.067
70.046
69.807
69.568
69.357
69.146
69.083
68.913
55.031
55.573
56.116
69.648
70.241
71.157
71.02
82.975
82.864
82.805
82.695
82.555
82.306
70.21
69.971
70.149
70.258
70.379
70.847
71.652
72.539
72.357
84.24
84.127
83.924
76.763
69.602
44.059
44.993
63.016
53.92
68.805
83.69
83.64
83.795
83.848
83.883
83.861
83.895
83.939
83.874
83.831
83.899
83.993
83.969
83.935
83.899
43.525
43.791
43.603
43.474
43.475
43.502
72.739
84.412
84.299
84.307
84.284
84.318
84.437
83.167
81.897
72.929
73.423
73.466
73.616
73.575
73.708
73.771
73.747
73.722
73.657
73.692
73.673
73.726
73.77
73.697
73.323
72.868
71.843
70.804
55.705
54.063
69.022
69.153
81.198
81.445
81.515
81.498
81.498
81.493
81.513
81.573
81.49
81.587
69.759
69.939
69.5
81.894
82.016
55.742
55.043
43.018
43.65
44.049
80.711
80.701
80.565
80.554
80.539
80.724
81.055
50.26
49.8
48.303
43.716
43.438
43.856
81.604
81.753
81.831
81.821
81.766
81.775
81.752
81.728
81.825
81.866
69.818
69.784
69.855
69.922
69.872
69.842
69.307
68.784
75.382
70.242
76.198
70.765
65.332
67.057
67.849
67.475
65.107
55.55
55.737
54.82
54.91
55.126
55.3
54.961
54.917
54.872
56.037
55.414
54.792
59.444
64.223
64.16
64.332
67.002
79.219
78.865
78.664
78.657
78.801
54.089
53.578
66.911
67.002
60.289
53.577
51.935
52.71
52.366
52.022
80.864
80.692
80.582
80.496
80.253
80.104
79.893
80.004
80.134
81.985
83.836
67.7
62.028
56.356
62.28
68.205
68.873
69.32
69.257
69.564
81.29
81.766
69.72
67.675
67.324
67.061
66.798
60.116
65.11
70.104
81.419
81.569
81.73
81.725
81.72
81.755
81.562
81.52
81.393
81.357
81.337
69.577
68.924
67.185
67.411
68.762
70.114
70.327
70.754
70.273
82.203
82.199
82.214
82.262
82.252
70.663
70.509
82.543
82.801
83.07
83.325
83.713
83.993
84.185
84.14
84.031
83.869
71.893
71.812
71.781
71.715
71.806
71.808
71.764
61.572
57.863
54.155
53.774
52.639
52.757
66.687
66.96
67.464
67.688
79.832
79.977
80.037
80.085
80.132
80.117
80.03
80.02
79.989
67.902
67.826
72.164
72.424
72.286
75.509
78.732
78.678
78.626
78.588
78.573
78.585
78.685
78.913
64.071
64.087
64.104
64.183
68.165
72.148
80.161
79.966
79.828
79.713
79.706
51.906
45.856
63.003
67.529
68.166
68.802
69.158
69.222
69.23
69.061
68.793
68.524
68.734
68.943
50.194
49.929
50.21
57.881
65.552
65.321
64.151
67.764
71.378
70.636
69.732
68.674
67.617
68.295
68.972
65.626
64.399
50.412
49.578
49.972
49.837
50.11
65.586
65.607
77.507
77.284
77.279
77.562
77.695
53.256
54.116
65.548
65.134
65.042
64.96
64.853
64.641
61.1
61.152
65.801
66.942
67.582
67.561
79.673
79.653
79.61
79.516
79.328
52.394
53.153
52.515
53.793
52.305
66.954
79.996
80.551
80.547
80.349
80.199
80.048
68.222
67.737
67.42
67.642
67.614
67.696
68.323
80.104
79.973
79.812
79.712
79.708
47.014
47.355
79.861
79.917
81.964
74.875
67.787
68.258
43.762
43.557
43.097
43.456
43.45
43.615
43.34
43.37
43.319
81.177
81.149
80.931
80.904
80.981
81.031
81.058
81.183
81.321
81.45
81.717
81.836
82.014
81.991
81.881
81.953
81.842
81.87
81.84
81.652
81.743
81.728
81.595
69.535
69.533
68.476
54.395
53.886
69.892
70.09
69.843
69.528
78.564
78.589
78.784
78.922
78.911
78.901
78.842
78.812
78.663
78.623
78.532
78.335
69.855
70.105
47.346
48.306
45.999
45.559
76.983
76.975
76.982
76.822
76.858
76.735
76.68
76.965
44.534
44.112
63.848
62.962
63.659
63.375
69.83
76.285
76.133
79.62
63.493
73.237
82.98
82.947
82.961
63.847
64.167
62.503
60.839
70.363
70.365
60.883
60.928
70.221
69.741
70.341
70.099
69.858
69.964
69.243
65.257
61.271
56.481
56.71
56.285
55.859
56.388
56.359
56.382
56.405
56.269
57.045
