58.142
60.089
62.036
60.537
61.362
60.681
60.818
61.219
60.678
60.781
59.664
56.191
57.844
59.497
52.829
47.413
47.749
47.907
48.066
46.51
46.061
45.602
45.143
44.157
43.171
54.476
54.387
54.301
54.407
54.114
54.005
53.5
52.996
53.838
47.019
51.401
55.783
56.378
55.594
56.882
56.176
56.349
56.062
56.172
56.132
56.284
43.517
44.57
44.294
59.623
59.328
56.151
55.748
56.228
56.383
55.856
56.049
43.755
44.094
44.24
44.191
43.894
62.5
62.592
43.563
44.798
44.349
43.899
46.241
62.122
60.815
62.376
58.074
59.424
60.774
57.546
58.257
59.164
60.869
58.968
60.617
59.636
58.655
58.401
66.467
67.335
68.643
67.896
55.375
53.918
52.461
53.876
55.291
50.587
50.835
43.815
44.191
44.929
68.031
68.146
73.842
59.932
57.311
54.691
53.084
51.476
50.033
51.22
54.124
52.069
53.784
55.499
59.065
62.631
62.395
61.931
55.186
55.875
64.632
61.557
58.483
57.221
81.432
82.386
82.901
83.019
83.186
83.106
83.087
82.752
82.95
76.809
76.592
76.626
76.82
77.069
77.448
65.76
66.048
62.604
63.312
63.987
64.662
64.915
64.929
64.942
65.631
70.111
74.591
74.695
74.727
74.544
74.347
74.32
74.272
67.955
71.231
66.007
60.783
60.493
73.946
79.741
79.416
79.223
79.4
79.46
79.597
72.373
72.252
72.275
72.299
72.178
71.633
72.66
71.599
71.682
71.766
71.943
72.072
60.892
58.696
53.479
53.605
53.695
54.193
53.803
54.638
73.669
79.973
79.652
84.302
84.281
84.233
84.267
84.262
79.538
79.349
79.49
79.765
79.816
79.991
80.053
80.181
80.183
79.838
79.114
58.346
56.106
57.475
60.474
60.513
59.173
57.832
61.362
60.947
60.337
57.71
55.084
54.522
54.667
54.347
54.027
53.8
53.373
67.528
81.684
82.712
83.154
83.057
83.213
83.369
83.798
83.692
83.587
77.486
77.671
77.552
77.318
77.096
77.14
77.432
77.551
77.597
76.79
63.179
60.662
62.612
62.491
62.371
62.879
63.181
75.055
75.042
74.864
74.563
74.64
74.143
74.904
75.014
61.119
60.289
60.587
74.237
74.027
79.839
79.412
79.359
72.553
72.731
79.559
79.225
72.543
65.028
64.902
62.077
66.783
71.489
79.008
78.973
79.123
79.272
79.637
72.461
72.384
72.156
60.528
60.558
61.124
73.303
73.857
80.239
80.159
79.986
63.125
62.196
80.061
79.902
79.905
79.895
79.945
79.882
79.749
80.036
80.215
79.852
69.36
58.868
58.24
57.034
56.681
56.329
44.292
43.895
44.226
43.942
43.828
43.392
42.956
45.426
44.29
45.238
46.185
57.909
57.99
58.034
58.257
58.705
71.543
72.347
72.393
72.031
78.926
78.991
79.271
79.733
80.347
80.742
80.83
80.757
80.498
80.001
79.479
78.748
78.051
77.608
77.165
77.011
76.896
76.744
76.608
76.527
72.923
72.945
57.226
57.367
58.251
58.818
59.384
76.468
76.415
76.472
76.498
76.515
76.635
76.659
76.719
76.663
69.602
69.814
69.698
63.769
57.839
58.144
57.61
56.453
72.92
72.817
72.938
71.937
71.36
71.282
71.334
71.295
71.512
72.203
72.439
72.676
72.631
72.587
62.446
63.738
64.362
59.469
60.598
61.545
63.517
62.177
62.272
59.852
60.227
61.358
60.781
62.053
62.8
76.216
75.957
75.642
75.532
59.379
57.99
57.75
61.889
84.074
84.078
84.065
62.984
64.047
77.925
77.602
77.745
77.628
77.676
77.725
78.053
78.552
79.063
79.291
79.429
79.41
79.489
79.348
79.476
79.628
79.703
79.719
79.553
79.58
79.647
79.481
79.424
79.449
79.47
79.573
79.426
79.599
79.679
62.357
62.546
62.294
67.111
66.15
65.204
64.391
63.725
63.673
64.295
64.339
64.389
64.244
64.855
65.038
65.221
65.192
65.189
64.962
64.658
64.024
63.274
63.244
63.383
63.312
63.624
63.65
63.16
61.695
57.222
52.749
48.135
45.932
46.5
59.317
78.935
79.484
79.684
79.759
79.795
79.999
80.012
79.906
79.696
79.699
79.688
79.616
79.65
79.843
80.011
80.174
80.193
62.409
62.694
62.015
53.794
45.573
45.136
48.456
47.053
45.65
46.011
52.678
53.036
56.506
56.829
57.153
57.473
57.794
56.907
49.357
47.854
46.575
47.749
48.923
49.398
50.799
49.346
47.893
49.181
50.47
66.85
