44.391
51.651
53.003
57.52
59.37
59.744
60.098
60.707
60.274
61.028
60.032
51.879
51.889
51.895
52.043
51.785
57.689
59.345
55.559
57.614
59.67
63.048
63.322
62.988
63.065
63.007
62.069
65.404
68.739
69.067
68.645
48.189
47.413
65.524
64.242
64.761
64.83
64.874
64.723
64.471
64.43
64.401
64.162
47.232
46.73
47.56
47.389
46.044
44.23
49.657
56.018
67.888
80.172
80.401
80.639
68.825
69.117
69.583
69.998
70.301
70.462
70.499
70.354
69.937
69.219
68.275
67.648
67.362
67.368
67.582
67.767
67.884
67.892
67.904
67.59
66.3
64.6
55.694
57.488
62.802
68.116
67.531
79.524
79.814
79.991
79.951
79.923
67.835
67.582
66.894
65.714
80.028
80.045
56.776
61.708
66.639
65.984
77.768
77.828
77.863
77.901
78.034
66.074
66.043
46.748
48.615
51.321
51.027
49.022
43.962
43.905
49.711
48.294
66.01
66.145
66.106
66.082
65.959
65.99
66.044
66.122
66.016
65.016
64.845
46.368
51.071
49.38
47.689
75.243
75.356
75.5
75.702
75.76
75.743
63.632
48.995
48.744
49.112
48.821
49.726
56.752
60.713
54.845
48.977
48.714
49.318
48.603
49.371
48.673
49.318
50.581
50.378
50.176
49.55
48.924
47.99
47.055
63.769
76.093
76.269
76.266
76.226
76.096
75.87
75.603
44.286
43.644
75.987
76.052
76.02
63.006
70.621
78.236
78.335
78.387
78.427
78.448
66.279
65.59
52.162
51.895
52.014
52.146
51.929
52.109
50.576
53.92
56.121
56.383
66.399
66.596
66.591
66.555
66.768
66.95
67.384
67.652
67.847
68.042
68.02
67.847
67.612
67.009
66.354
65.299
64.305
63.982
63.96
63.951
63.934
64.128
64.162
64.269
64.491
64.816
64.624
63.428
43.853
44.164
55.93
55.822
56.087
76.663
76.443
76.274
76.126
76.046
76.036
76.098
76.213
76.254
76.131
75.99
64.476
52.962
52.169
52.132
51.983
52.252
76.001
76.003
76.006
75.994
76.003
76.003
76
76.007
63.644
51.282
52.028
51.553
53.446
51.986
52.455
51.978
51.831
52.213
51.801
51.909
52.039
52.332
52.315
52.012
45.929
47.432
46.594
63.873
63.882
63.997
63.958
63.848
63.932
64.071
64.293
58.792
53.29
46.621
46.198
46.613
45.86
45.106
74.696
74.498
74.282
74.174
74.047
74.07
74.137
74.098
74.6
46.071
45.922
46.008
44.954
43.9
46.295
45.796
45.296
45.413
45.53
45.521
45.428
45.536
45.215
45.401
45.318
45.235
44.903
44.911
44.995
45.08
63.912
64.73
65.357
65.984
66.519
78.881
79.326
67.899
68.427
68.669
68.468
68.266
57.105
56.819
57.421
56.602
44.074
45.145
68.637
80.648
80.68
80.47
80.406
80.466
80.427
80.455
80.302
80.134
68.193
68.218
74.35
80.482
80.678
80.738
80.534
80.353
80.388
80.35
80.349
80.452
80.452
80.564
80.565
80.631
80.604
80.629
80.591
80.587
80.551
80.459
80.424
80.48
80.542
80.539
80.514
80.41
80.36
80.381
80.356
80.384
80.482
80.562
80.672
80.749
80.82
80.917
68.911
44.733
44.838
45.165
45.325
44.76
45.158
44.959
44.591
44.671
44.607
45.182
45.203
45.126
45.158
45.079
45.27
45.115
44.901
44.974
43.765
45.201
47.505
