71.929
71.847
71.868
71.849
71.891
71.823
71.926
72.11
72.135
72.034
71.989
71.992
63.782
63.944
64.258
69.14
74.022
72.071
72.072
74.039
74.061
73.992
74.03
73.068
72.105
64.226
63.567
63.802
64.317
64.037
63.623
64.013
64.288
63.907
63.749
64.147
64.086
63.808
63.53
74.02
74.052
67.013
61.291
62.195
62.659
62.509
63.077
62.618
62.945
74.989
74.965
75.088
75.211
75.401
75.624
63.972
63.873
63.772
63.305
73.982
73.958
73.955
73.967
73.931
75.995
76.019
76.421
76.822
76.576
76.798
76.588
76.806
76.712
76.736
76.793
76.746
76.758
76.771
76.878
76.96
77.04
77.052
76.89
75.473
74.055
73.985
74.047
73.998
68.933
63.868
63.535
63.762
63.727
64.054
63.903
63.987
64.323
64.269
64.215
64.394
64.207
64.193
63.288
75.958
75.954
76.035
76.037
76.002
74.087
73.915
73.742
74.022
61.465
61.752
61.863
61.916
62.132
74.153
74.023
62.005
61.285
73.78
73.843
73.921
61.711
61.78
61.318
60.184
60.342
60.001
60.051
72.116
72.249
71.896
71.792
71.851
71.87
71.86
71.716
71.872
71.983
71.97
71.949
71.885
71.893
72.044
72.02
71.955
71.972
71.966
72.009
73.445
72.789
72.631
72.582
72.408
72.39
72.372
72.451
72.998
73.206
73.415
73.945
74.049
74.123
74.007
73.93
73.887
73.863
73.925
73.924
73.818
73.815
73.811
73.939
74.112
64.564
55.016
55.012
54.965
55.006
55.08
55.01
54.998
55
55.002
55.004
55.099
54.931
55.07
55
55.161
59.752
71.668
71.884
72.057
72.121
72.073
72.019
71.982
71.958
71.987
71.898
71.852
71.795
71.815
71.791
54.994
54.911
60.502
72.013
72.075
71.895
54.923
54.887
55.495
55.144
54.978
55.117
55
55.004
55.117
54.866
55.095
55.113
55.131
55.152
67.407
67.464
67.64
55.844
55.94
56.838
56.465
56.316
56.338
56.36
56.244
56.127
56.275
56.423
55.954
57.484
56.064
68.985
68.935
67.615
66.295
54.728
56.493
56.359
56.225
56.367
56.51
56.782
56.927
57.146
57.687
57.642
57.126
56.61
56.002
56.233
56.791
79.105
80.984
80.934
76.466
71.999
72.004
72.017
72.033
72.018
72.012
72.023
72.08
75.56
79.04
79.017
68.948
68.915
68.947
69.041
69.046
69.077
69.104
79.017
79.013
72.034
71.965
54.267
54.675
66.828
67.915
69.002
53.971
53.993
54.015
52.967
53.643
53.55
52.609
53.615
52.007
53.457
53.446
53.435
53.397
53.461
53.525
53.536
53.547
52.365
53.449
53.058
53.079
53.34
52.611
53.351
52.449
53.336
52.84
53.157
53.077
52.828
53.129
52.63
53.143
52.827
53.208
53.105
53.057
53.568
53.617
55.207
56.797
57.045
56.922
57.324
56.88
57.165
56.906
57.228
56.947
57.215
56.818
