55.763
54.463
55.701
55.655
55.61
58.57
61.531
67.778
74.026
74.237
74.58
63.229
63.453
63.924
76.219
76.422
76.481
76.528
64.647
64.535
73.967
76.101
76.007
75.941
75.982
76.003
64.171
64.064
64.326
64.509
64.693
64.814
65.095
65.353
65.532
65.78
65.813
65.933
65.918
65.555
65.121
65.069
65.032
64.687
55.191
55.144
55.042
54.891
55.073
55.255
63.004
63.094
63.937
63.718
64.364
76.39
76.226
64.434
64.418
64.424
64.43
63.958
63.214
64.117
62.641
55.371
54.896
54.611
54.326
43.163
43.054
80.657
80.69
74.088
74.256
74.323
74.401
74.49
74.424
74.399
74.36
74.321
62.324
62.396
62.3
61.98
61.659
73.952
74.033
74.034
67.773
61.511
60.59
59.107
61.173
72.263
72.449
72.714
72.834
72.876
72.92
72.448
72.45
72.492
72.301
72.205
71.926
72.01
71.963
71.947
42.973
42.975
43.034
74.635
74.603
74.483
74.447
74.421
74.438
74.482
74.571
74.432
74.39
74.387
74.316
74.229
51.144
52.785
51.731
51.821
52.82
51.462
52.33
64.602
65.521
66.435
67.204
67.784
67.946
68.017
68.058
67.861
79.913
79.914
80.001
80.232
80.674
81.054
81.392
81.73
81.812
81.752
81.691
81.709
81.576
81.688
81.516
81.587
81.593
81.553
81.67
81.739
81.756
81.785
69.744
69.772
69.804
69.795
69.782
69.65
61.611
62.78
63.95
73.024
68.607
64.19
63.979
64.027
64.168
65.367
66.566
78.46
78.828
79.122
79.275
79.327
79.365
79.325
79.247
79.187
79.223
79.282
79.293
79.269
79.464
79.754
80.121
80.306
80.387
80.814
80.819
80.824
80.851
80.877
80.83
80.793
80.809
80.826
80.688
80.82
80.703
80.765
80.789
80.759
80.641
68.912
68.965
80.776
80.672
80.799
80.723
80.695
80.668
80.658
80.579
80.683
80.625
80.567
80.59
80.742
80.676
80.758
68.726
68.968
68.941
68.913
69.22
69.057
68.895
68.91
80.711
80.832
80.908
80.891
80.874
76.588
72.302
72.202
70.607
69.012
68.969
68.886
69.055
69.074
72.329
72.192
72.131
69.199
69.185
69.169
81.114
81.086
72.2
72.187
72.122
72.049
69.039
69.036
72.098
72.109
70.626
69.142
69.133
69.122
69.177
69.237
69.198
69.065
68.736
68.848
68.96
68.977
69.063
80.939
81.037
81.087
69.132
68.94
68.667
68.825
69.029
69.03
68.855
68.467
67.363
81.107
81.125
80.987
80.894
68.843
68.932
68.959
68.983
81.078
81.094
81.09
80.933
74.814
68.696
74.937
81.179
81.045
81.123
81.061
80.122
79.184
53.57
