66.969
66.888
67.004
67.068
51.438
52.008
67.286
67.16
67.066
67.041
66.97
67.093
67.024
67.018
67.014
66.966
67.041
66.98
66.914
66.967
67.246
46.551
48.352
48.44
48.734
47.812
48.169
67.077
67.064
55.034
55.012
54.99
55.039
55.137
55.164
55.191
55.754
71.208
71.351
71.35
71.694
72.103
72.342
72.409
60.425
60.538
59.268
61.133
62.998
63.023
55.22
55.079
54.896
55.104
55.333
54.84
59.171
59.481
59.561
59.315
59.51
71.71
71.802
71.78
59.127
60.806
62.485
62.573
54.97
55.069
74.177
73.834
80.813
80.888
81.058
74.06
74.093
74.02
73.913
73.93
73.968
73.945
73.947
62.646
62.616
62.575
63.155
63.735
64.404
65.102
65.567
65.617
66.04
65.992
66.021
65.985
65.678
65.414
65.319
65.191
64.351
64.717
63.614
63.178
63.217
65.08
66.944
66.799
66.987
66.872
65.586
66.233
78.029
77.944
77.954
77.974
77.903
77.859
77.904
78.073
78.234
78.395
78.824
79.024
62.861
63.544
62.725
62.52
67.063
67.092
67.152
67.143
67.113
66.997
66.843
66.627
66.314
66.002
64.883
65.16
65.582
65.772
65.255
65.617
65.505
65.105
64.992
65.149
65.25
64.976
64.765
64.939
64.995
64.935
65.072
65.158
65.298
65.442
49.781
50.051
50.105
50.16
49.939
50.146
50.015
49.928
50.018
49.961
50.172
49.859
50.078
50.03
49.765
50.31
50.059
49.607
50.367
49.633
50.264
49.784
50.352
49.869
49.93
50.226
49.899
50.103
49.816
50.194
49.833
50.085
50.24
50.612
50.984
49.425
50.417
49.68
50.376
49.768
50.065
49.868
50.189
49.839
50.21
57.483
60.944
60.513
61.055
61.741
61.221
62.143
61.984
61.987
62.374
62.489
62.428
62.317
62.279
61.77
61.262
61.287
61.417
62.007
61.789
62.02
61.69
62.032
74.104
74.1
74.06
74.097
61.923
62.132
62.09
61.909
56.84
56.708
56.516
56.504
53.704
61.399
69.093
69.043
69.051
64.223
67.985
71.747
71.826
71.858
71.85
71.942
71.966
71.943
71.977
71.979
71.882
71.737
71.362
70.988
70.216
69.474
69.266
69.41
69.556
69.703
69.919
69.969
69.976
70.091
70.216
70.273
70.217
70.33
70.175
70.02
70.392
70.436
70.088
70.552
77.561
77.481
77.412
79.81
75.884
71.959
57.927
58.93
65.294
62.599
59.903
60.052
79.202
79.184
79.073
78.962
47.827
48.038
48.128
48.317
47.791
48.247
48.074
48.088
48.103
59.734
59.636
53.988
54.54
55.092
55.782
54.929
54.859
54.788
55.634
55.199
54.763
55.246
55.454
55.254
55.322
55.389
54.91
54.692
55.373
55.016
54.92
54.919
55.212
54.823
54.435
55.218
54.714
55.357
55.068
55.159
57.6
60.041
59.805
59.875
59.946
59.998
60.051
60.358
54.81
55.001
54.892
55.295
54.635
55.307
54.829
55.266
55.036
54.897
54.862
69.937
70.005
70.007
55.096
55.287
55.209
55.032
69.989
69.287
68.92
69.235
68.941
69.196
68.913
69.247
69.505
69.696
70.095
69.983
69.965
70.13
69.86
70.199
69.752
69.765
69.778
67.048
67.166
66.948
67.069
67.059
67.164
67.269
67.23
67.166
67.114
67.07
67.048
67.014
67.029
66.986
67.062
66.95
66.98
