82.977
82.953
82.963
82.965
82.978
59.425
59.658
59.447
52.117
55.934
51.452
46.971
47.312
48.113
48.034
48.192
47.994
48.019
48.034
47.92
47.98
47.945
47.934
48.011
47.91
47.949
48.952
49.025
49.098
48.673
47.616
48.165
48.375
47.458
47.796
48.036
56.696
57.422
58.432
58.33
59.019
59.308
71.567
71.782
72.02
72.249
72.312
72.186
47.934
47.97
47.853
47.839
47.825
48.025
59.193
58.797
71.33
71.739
59.889
59.987
51.7
61.915
61.122
60.328
60.127
59.351
58.858
59.168
59.179
58.012
58.836
58.646
58.811
59.168
58.9
59.374
59.886
60.033
60.21
60.415
60.423
60.381
60.171
60.115
60.059
59.973
84.038
84.007
71.758
71.466
71.123
71.19
71.059
71.082
71.086
71.053
58.632
60.154
60.006
60.074
60.001
60.125
60.052
60.063
60.362
57.864
57.886
57.096
56.934
57.935
58.209
58.46
58.71
57.984
58.915
57.854
58.656
57.281
60.04
60.144
83.013
83.021
70.319
69.656
76.263
76.155
76.205
76.154
76.109
76.036
76.093
76.036
75.986
75.985
76.006
57.031
57.105
57.296
81.026
81.034
80.984
80.996
81.003
80.988
69.919
58.849
46.381
47.402
46.831
46.481
46.742
46.955
47.013
46.995
46.955
46.945
46.911
46.926
46.969
46.952
46.985
47.888
48.792
62.171
62.101
62.03
61.959
61.895
61.73
61.494
70.075
69.321
69.124
69.397
69.783
70.309
70.796
71.106
71.182
58.822
46.885
47.098
47.008
46.981
46.996
47.002
70.795
70.971
70.86
70.716
70.62
58.728
58.851
58.818
58.976
53.653
48.331
47.429
53.026
58.623
58.917
58.877
58.902
59.259
70.769
70.1
69.958
70.037
70.238
58.967
59.055
58.729
58.955
59.097
58.953
58.737
58.52
58.945
58.896
58.998
58.957
59.279
70.119
69.409
69.184
68.959
68.94
68.921
68.994
68.975
69.122
69.166
69.084
68.828
68.449
67.614
66.778
66.62
66.483
66.126
66.169
73.475
73.584
66.797
67.038
74.224
74.314
66.967
59.621
60.765
61.909
62.042
62.189
62.182
78.997
78.997
78.969
79.028
78.966
79.008
79.008
79.024
79.023
78.954
78.984
79.031
78.994
79.034
78.967
79.003
78.98
78.949
58.472
55.034
55.347
55.005
55.337
55.629
55.622
55.74
55.858
57.142
56.977
56.813
44.213
45.045
57.023
57.01
57.104
56.915
56.726
56.808
78.978
78.975
78.987
79.085
56.256
53.705
52.751
55.476
54.738
55.159
54.895
55.258
54.985
55.691
64.202
63.776
55.203
55.471
54.682
55.277
54.723
66.876
67.056
56.881
44.826
45.135
79.025
79.025
78.982
78.979
79.004
78.976
79.034
78.965
79.046
78.933
79.034
78.977
66.83
54.684
54.974
55.439
54.678
55.312
54.89
55.148
55.058
55.146
54.879
55.236
55.008
55.038
54.777
66.248
65.835
66.162
54.962
54.703
55.523
54.8
55.228
54.757
55.267
55.297
67.794
67.191
54.871
54.737
78.877
78.977
79.293
55.505
55.379
75.288
75.402
71.791
68.18
68.219
67.57
67.469
67.369
67.169
66.76
66.346
73.49
73.367
73.351
66.407
66.516
66.35
63.27
60.189
60.127
79.002
78.973
78.999
79.002
79.004
78.992
78.929
76.792
74.655
74.576
74.529
74.461
74.416
74.413
74.449
74.467
71.351
68.235
68.657
69.085
69.328
69.553
69.485
69.417
69.247
69.241
69.319
69.32
69.234
63.006
66.079
69.153
69.129
69.17
69.185
69.162
69.234
69.089
69.096
69.097
68.998
68.987
68.975
68.924
56.826
56.723
82.995
83.038
83.012
83.001
83.009
82.998
82.975
82.999
82.995
83.007
82.992
83.01
83.001
83.002
83.01
75.863
68.717
54.971
56.845
56.697
57.28
57.053
57.001
57.116
57.073
57.045
57.078
57.062
57.099
57.095
57.105
57.068
57.101
57.085
56.804
57.131
