53.771
53.067
50.607
48.146
46.969
46.909
47.632
45.977
47.333
46.916
46.836
46.756
46.831
46.905
48.526
46.468
45.893
47.544
49.196
48.227
49.194
48.998
49.133
48.907
49.176
49.181
48.139
50.912
51.539
51.358
48.365
45.372
44.538
52.089
51.854
51.618
51.874
48.71
45.546
44.83
44.854
44.814
44.775
45.077
45.121
45.148
45.01
44.937
45.448
45.312
45.01
57.003
60.823
60.894
60.707
56.66
56.335
58.513
60.691
61.292
60.649
55.986
57.746
52.118
51.911
52.002
64.297
76.178
75.833
75.652
75.643
75.786
75.787
75.794
75.835
75.786
75.66
75.467
68.367
61.267
46.189
45.971
73.545
73.026
79.979
80.02
79.958
79.938
79.95
79.961
61.06
61.07
61.183
45.882
44.206
51.673
62.551
63.457
63.981
76.288
76.397
76.413
76.4
76.3
76.177
75.933
75.714
75.578
61.062
56.541
52.02
45.578
45.991
73.941
73.191
72.933
72.777
72.726
72.689
72.702
72.806
72.882
73.152
44.869
44.703
45.223
63.651
76.094
76.312
76.397
76.525
76.704
76.619
76.609
46.413
55.225
64.037
55.607
47.176
46.922
45.059
47.144
47.331
47.07
56.496
65.923
66.468
66.777
66.708
66.566
66.486
66.591
66.774
67.18
67.659
67.992
68.324
68.426
68.451
68.396
68.28
68.2
68.135
68.069
67.981
67.96
67.906
67.533
47.193
46.989
47.034
46.913
47.127
47.237
46.707
66.222
66.176
78.372
78.506
78.527
78.515
78.405
78.318
78.248
78.163
78.044
77.998
77.971
77.808
77.439
76.743
75.938
75.418
75.17
75.191
75.23
75.352
75.467
75.582
75.665
75.664
75.526
69.644
63.761
63.718
63.771
63.947
63.962
75.994
75.801
75.701
75.74
75.752
75.724
75.786
75.836
75.816
75.75
75.684
75.666
75.711
75.744
75.721
75.662
75.66
75.679
75.702
75.811
75.943
76.014
63.944
64.159
47.437
55.901
64.365
64.497
64.526
64.542
64.815
64.668
76.74
76.757
76.705
76.643
76.605
76.617
76.669
76.748
76.717
76.712
76.87
77.159
77.583
77.95
78.275
78.444
78.441
78.367
78.305
78.222
78.162
78.085
78.038
78.061
78.073
78.073
78.062
78.075
77.969
47.373
47.109
46.821
47.024
47.32
46.939
46.991
47.507
51.677
50.342
49.007
55.828
56.051
55.978
44.853
45.091
44.676
43.968
43.975
43.641
43.307
43.695
44.149
44.154
43.912
43.801
43.854
43.815
43.927
43.985
44.018
43.957
72.791
73.168
73.855
73.985
74.202
74.418
62.662
60.691
58.68
56.668
50.792
50.899
62.733
62.745
62.932
62.967
62.99
63.12
63.13
63.229
43.657
43.796
43.763
43.81
48.905
50.291
51.676
48.59
61.684
74.779
74.4
74.508
74.616
74.675
47.321
60.974
74.627
74.652
74.836
45.09
46.745
46.567
46.389
63.25
63.132
63.013
62.914
62.764
62.668
62.66
62.983
63.092
53.79
53.678
53.566
51.935
50.304
60.732
71.159
70.838
70.198
70.243
43.858
43.455
70.356
70.859
71.126
44.157
43.918
44.526
50.573
50.34
51.033
50.922
75.706
75.474
75.437
75.421
75.368
75.293
75.212
69.221
63.231
62.281
47.557
44.638
44.387
49.147
50.672
48.594
50.41
64.98
64.748
65.073
65.255
65.214
65.039
64.978
65.188
65.643
65.955
66.169
66.298
66.427
66.444
66.413
66.283
66.159
66.188
66.118
66.204
66.097
65.745
55.54
55.65
55.992
56.07
56.28
56.013
55.745
55.685
77.135
76.567
76.28
76.289
83.428
83.375
76.246
76.213
83.254
83.138
83.033
83.052
83.062
83.032
76.053
76.107
76.018
75.881
75.848
75.842
75.74
75.678
63.478
49.138
48.783
49.74
49.192
49.361
49.529
50.768
63.039
75.261
75.262
74.978
75.029
75.081
75.119
75.12
75.12
75.105
75.025
75.112
46.175
60.647
75.118
75.159
75.156
75.157
75.093
75.037
75.057
63.407
63.555
63.44
62.759
69.304
59.684
50.063
50.872
51.68
50.362
50.311
62.17
63.49
64.061
64.411
64.322
76.344
76.366
76.383
76.295
76.222
76.133
76.085
76.026
76.156
76.446
76.661
77.022
77.154
77.178
77.035
76.785
76.751
76.51
76.556
76.482
76.488
76.585
70.441
64.297
64.217
63.857
48.723
48.934
49.192
48.918
48.824
49.144
49.127
49.122
49.563
48.801
48.582
48.363
47.177
45.992
45.818
45.645
44.186
43.831
43.476
48.171
45.924
50.051
46.579
43.106
