61.856
62.029
62.004
62.104
60.943
58.244
56.607
57.154
57.023
49.657
49.37
58.573
55.345
52.116
45.469
45.16
44
45.065
45.643
44.475
45.179
45.883
44.503
51.113
57.886
56.698
57.133
44.792
45.389
47.257
49.126
48.805
48.484
50.089
51.694
49.918
48.142
51.147
49.457
47.981
50.22
50.406
50.637
49.28
45.285
43.561
45.777
47.993
51.049
49.983
49.137
49.554
50.196
49.732
49.119
50.246
58.717
57.749
56.781
57.638
58.292
58.947
59.799
60.651
47.657
48.875
50.649
49.745
47.937
49.99
50.882
49.236
48.136
50.239
50.569
49.783
48.997
50.443
50.034
49.609
49.726
47.457
45.481
49.554
57.135
56.988
50.344
49.805
49.864
49.822
49.986
49.755
49.892
50.139
50.325
50.013
49.807
49.856
49.818
49.871
49.8
49.863
49.923
49.816
50.022
49.962
49.949
50.091
50.233
47.65
45.958
44.816
43.503
47.524
59.94
61.246
62.087
61.48
42.961
43.361
43.441
43.521
43.682
50.211
48.386
43.962
44.292
44.958
45.625
45.005
44.459
48.252
76.469
77.358
77.855
78.002
78.094
77.946
77.751
65.308
64.167
49.637
50.074
50.061
64.246
55.731
65.756
75.781
75.505
75.537
75.595
75.658
75.869
64.279
64.516
64.739
65.421
65.562
66.125
66.046
65.917
65.943
65.689
65.055
49.897
50.439
49.974
50.146
64.583
63.921
63.378
63.256
65.188
67.119
49.219
49.208
51.716
65.139
65.226
65.543
65.862
66.05
65.895
65.774
65.765
65.663
65.633
65.801
65.648
65.282
50.107
50.51
49.955
50.165
78.613
78.81
79.048
79.354
79.728
68.059
68.335
68.229
74.694
74.859
48.917
47.905
47.83
48.684
67.453
67.81
68.524
68.552
80.618
80.619
80.636
68.884
49.861
49.897
50.725
50.478
49.756
49.807
75.218
75.091
81.728
81.443
81.297
81.196
81.207
81.271
81.31
81.259
81.192
81.267
81.298
49.5
65.358
81.216
81.198
81.182
81.174
81.155
81.103
81.125
81.108
81.084
81.13
81.09
50.564
65.938
64.088
62.237
62.169
49.603
46.758
47.86
48.77
48.68
48.725
48.77
48.832
58.604
57.381
56.935
57.389
49.848
50.106
50.165
49.794
50.21
49.725
50.187
68.856
69.201
48.96
48.197
47.737
47.937
48.172
48.25
47.285
46.319
49.935
49.893
50.226
50.016
58.062
59.201
71.379
71.506
71.648
71.57
57.204
52.665
49.744
49.9
50.101
70.271
70.076
70.05
70.057
70.064
70.084
69.78
50.041
50.374
50.029
49.097
48.165
57.973
70.927
70.892
70.554
70.253
70.223
70.284
70.552
58.199
56.899
50.253
49.677
50.401
49.873
49.973
49.737
56.326
68.205
68.656
68.75
68.786
62.173
55.56
55.95
56.341
57.437
56.846
48.42
48.132
48.251
52.769
57.287
57.024
57.037
57.051
57.066
57.111
57.069
57.018
57.066
57.007
56.959
57.21
57.462
49.989
50.442
50.17
49.596
48.114
49.053
49.992
48.985
51.157
49.97
48.922
57.95
59.729
61.163
61.715
62.422
62.236
62.182
61.526
48.596
49.535
50.421
49.44
48.901
82.064
81.865
81.765
81.713
81.672
81.656
81.633
81.587
81.539
81.567
81.569
81.568
81.526
81.42
81.312
62.217
62.124
62.078
62.114
62.284
81.5
81.546
81.378
81.271
81.164
81.068
80.986
80.905
80.873
80.785
80.842
80.901
49.261
48.959
49.132
49.305
48.972
48.63
59.08
65.656
61.478
67.379
61.805
56.231
56.16
57.236
57.694
58.153
50.808
51.625
52.441
52.119
51.038
50.769
50.814
50.859
49.731
56.534
57.309
56.841
57.233
50.938
50.503
49.002
48.544
48.086
49.844
50.279
49.135
50.267
50.289
49.197
48.822
50.702
50.337
50.628
50.92
53.964
57.008
56.834
57.078
57.047
57.317
48.088
47.876
49.195
48.132
47.69
47.248
57.393
57.238
57.084
57.352
50.533
49.138
49.777
50.389
50.493
48.692
49.433
50.341
56.201
50.246
50.575
50.905
48.981
49.527
50.072
44.764
43.301
48.784
48.972
50.293
48.649
