58.127
58.007
58.209
57.949
58.111
58.169
58.053
58.152
57.985
58.166
58.132
58.12
45.623
46.52
45.642
45.976
46.144
45.741
46.293
46.091
46.017
45.844
46.072
46.212
46.17
46.005
45.983
45.918
45.999
45.973
46.104
46.049
45.856
45.703
45.55
45.997
46.224
46.013
45.516
45.086
45.999
46.234
46.012
46.043
46.075
46.008
45.706
46.499
45.999
46.306
46.133
46.379
71.465
78.928
79.187
79.445
79.786
80.288
80.738
61.933
62.001
62.146
62.157
61.88
55.334
43.352
43.122
47.246
52.887
56.472
60.057
60.238
59.861
71.445
72.286
72.558
72.734
72.694
72.694
73.059
73.025
73.404
61.563
62.17
61.625
62.321
62.178
61.668
62.213
61.713
61.688
61.321
73.976
73.823
80.682
80.796
80.843
80.921
73.922
73.952
74.232
60.159
60.226
59.948
60.355
59.997
60.698
73.864
73.361
80.308
80.203
80.012
79.522
71.902
71.6
71.397
71.195
71.053
71.468
71.522
71.526
71.599
71.634
71.462
59.608
56.044
52.479
52.664
57.551
57.993
69.962
70.144
58.652
58.167
58.508
58.307
58.441
47.499
47.525
50.648
57.265
58.283
72.228
72.437
72.748
72.568
72.403
72.248
72.216
72.184
72.18
72.368
79.454
79.42
79.501
79.592
72.605
72.798
72.936
73.625
74.44
75.261
76.088
76.528
76.899
77.052
77.457
77.863
78.224
66.187
64.487
57.765
57.098
56.585
56.967
57.318
57.844
61.414
64.983
65.587
65.707
65.734
65.76
65.796
65.786
65.841
65.918
65.712
65.636
65.551
65.421
65.425
65.493
65.585
65.776
65.858
65.854
65.858
65.805
65.633
65.493
65.313
65.236
65.259
65.312
65.428
65.663
65.708
65.754
67.416
69.078
69.069
45.417
45.407
44.796
45.304
45.865
45.036
44.536
44.825
45.153
44.932
44.664
45.348
45.825
45.212
44.945
45.3
44.953
44.427
44.744
57.312
56.989
56.81
57.051
57.331
57.269
57.196
56.951
56.883
57.047
57.365
57.626
48.822
50.187
50.132
59.258
58.311
58.366
58.298
58.814
59.042
59.271
59.536
59.755
60.229
60.276
60.461
60.505
60.471
60.289
59.951
59.616
59.535
57.607
57.942
58.995
58.791
58.587
57.795
58.946
59.289
57.904
58.764
60.769
59.025
57.381
58.476
58.011
58.891
59.264
71.612
71.665
71.752
71.785
71.704
71.666
71.762
71.762
71.753
71.85
71.93
71.974
72.034
72.093
79.127
79.052
78.931
78.671
78.411
77.988
77.565
58.154
58.277
58.25
70.127
70.129
58.315
58.308
57.953
57.789
58.204
58.209
57.989
70.14
70.19
70.239
70.231
70.168
70.104
70.077
69.969
69.998
70.027
58.185
58.262
58.007
58.132
70.224
70.01
69.841
69.77
57.773
57.578
50.942
49.852
48.762
51.721
51.61
50.899
50.458
50.793
51.626
51.389
58.459
58.402
51.831
50.244
48.485
46.727
46.612
46
45.807
45.772
46.378
46.322
45.901
45.851
45.946
46.063
46.088
46.113
45.885
45.807
46.113
46.137
46.053
46.012
45.977
46.15
45.957
46.131
45.813
46.097
46.177
46.108
46.091
45.781
46.187
46.195
46.226
45.962
48.245
50.529
57.826
59.118
60.287
72.138
71.711
71.643
71.423
71.5
71.997
72.658
73.267
74.182
74.581
74.502
74.62
74.777
62.854
63.015
62.645
51.551
51.109
50.545
50.841
51.26
62.626
74.263
73.939
73.95
62.128
62.125
62.268
61.993
60.957
60.704
59.648
58.593
59.355
60.117
57.31
57.111
56.576
56.04
60.722
60.456
60.297
60.05
59.761
60.04
60.34
60.543
60.947
61.476
61.318
62.19
62.176
62.04
62.355
62.469
62.299
62.174
62.271
62.033
61.952
62.232
61.973
62.226
62.342
61.829
61.748
61.088
60.656
60.303
59.905
59.587
59.756
60.099
60
59.623
59.626
59.921
59.788
59.545
59.895
60.136
60.06
59.689
59.677
59.871
59.915
59.868
59.692
59.873
59.961
60.184
60.394
60.369
60.063
59.655
59.672
59.449
58.997
59.463
59.652
59.84
56.273
57.09
57.026
56.863
56.96
57.109
57.338
57.568
57.13
56.808
57.4
56.525
57.705
57.662
57.397
57.132
57.746
56.695
57.144
57.162
57.361
56.983
62.988
68.993
69.12
69.104
57.178
56.963
57.042
56.7
58.422
57.168
56.33
55.492
54.005
52.517
42.979
43.67
44.025
44.38
43.385
43.214
44.002
44.202
43.514
43.525
43.306
60.214
59.907
60.1
60.061
60.035
60.118
60.172
60.164
60.055
59.979
59.758
43.29
44.179
43.805
43.43
59.875
59.883
59.953
60.188
60.228
60.269
56.365
52.462
45.627
46.29
46.956
45.627
46.215
45.651
45.829
46.387
46.462
46.538
45.724
46.068
46.031
46.023
46.062
46.087
46.078
46.003
45.966
46.043
46.053
46.067
46.161
46.037
46.009
45.95
46.127
46.119
45.993
46.011
45.911
45.983
46.085
46.221
45.744
46.095
45.993
