60.756
61.175
61.295
61.416
61.655
61.654
61.653
61.903
61.893
61.884
61.983
56.294
50.605
50.322
74.008
73.924
74.016
73.974
73.982
73.973
73.973
73.965
49.836
50.994
62.052
61.986
61.979
61.972
61.926
61.839
61.862
61.886
61.902
61.918
61.885
61.852
58.676
55.501
53.274
57.585
56.92
56.256
53.617
50.979
49.743
54.442
61.249
61.92
60.148
58.377
58.476
59.268
60.05
59.975
59.847
60.009
59.844
59.667
59.867
59.196
58.401
59.546
59.111
59.654
60.197
72.211
72.419
72.444
72.211
72.035
71.969
71.965
71.972
72.018
72.069
72.092
72.135
72.186
72.118
71.984
71.906
71.773
71.61
43.823
43.729
43.632
43.7
43.244
58.238
69.961
69.523
69.465
69.446
69.384
69.349
69.414
69.354
69.432
69.591
69.653
69.655
69.507
69.567
69.679
69.735
69.972
57.831
58.229
57.235
57.579
58.303
58.057
57.385
72.499
72.287
79.253
79.141
79.019
78.984
79.037
78.947
78.92
78.815
78.731
78.697
78.679
78.662
78.735
78.72
71.636
71.563
71.443
59.791
50.464
50.477
50.331
50.331
50.33
49.906
61.578
61.592
61.795
61.877
61.943
61.94
61.832
61.584
61.043
60.501
59.864
59.408
58.876
70.673
70.661
70.53
70.468
70.351
70.32
58.27
58.317
58.443
58.476
59.25
59.58
59.872
60.274
60.175
60.034
59.964
59.834
59.908
60.061
59.59
60.284
59.684
59.957
59.73
59.711
59.028
58.728
58.383
58.276
58.114
57.887
58.094
58.172
58.149
57.662
57.542
58.019
57.999
57.996
58.292
58.438
58.407
58.266
57.958
57.78
57.959
45.954
45.156
57.833
58.123
58.404
58.595
58.113
57.577
57.509
57.441
57.68
57.887
58.094
44.831
46.478
57.848
57.818
53.234
53.252
57.588
57.988
57.922
57.856
57.9
53.16
53.299
51.76
52.381
51.952
52.635
53.317
53.267
53.125
52.983
52.727
52.46
52.191
52.786
53.266
53.078
53.069
53.205
53.098
52.506
52.334
52.593
52.945
53.047
53.272
53.542
56.762
60.884
60.719
57.776
59.36
60.943
56.982
57.519
53.278
52.839
52.903
52.967
53.039
51.329
45.018
43.353
59.776
59.912
59.954
59.936
59.91
59.933
59.924
59.852
59.909
59.909
59.767
59.991
59.853
59.786
59.946
59.831
59.88
59.915
59.915
59.845
59.901
59.958
59.9
59.842
59.851
59.86
59.831
59.803
59.806
59.81
59.924
59.895
59.857
59.819
59.795
59.77
59.81
59.851
59.827
59.804
59.801
59.798
