46.531
45.755
51.036
56.317
64.541
64.911
64.967
65.055
65.164
65.005
64.927
64.848
64.875
64.939
64.873
64.451
63.954
60.481
57.009
55.716
64.153
66.064
77.628
77.654
77.761
77.803
77.61
77.417
77.178
76.94
76.93
77.028
66.508
66.774
78.641
78.493
78.42
78.349
78.359
78.184
78.396
66.713
66.505
65.995
66.368
66.846
67.781
68.14
68.12
80.041
80.087
80.367
80.291
80.585
80.879
68.807
69.013
69.342
69.671
69.249
69.372
69.495
69.172
68.863
68.467
68.18
68.508
80.463
80.569
80.778
80.956
80.962
81.033
80.957
80.931
80.961
80.925
80.73
80.734
81.119
80.936
80.865
81.007
80.956
81.058
49.841
49.695
80.713
80.247
80.29
80.235
80.214
80.224
80.265
80.112
80.033
74.16
68.286
67.123
66.926
66.524
66.423
66.631
66.614
66.794
66.794
66.769
66.989
66.882
66.925
67.136
66.87
66.97
67.031
56.588
55.521
69.216
69.73
60.321
50.912
49.089
50.676
51.211
59.137
67.063
67.65
67.721
67.48
73.511
79.543
79.623
67.628
67.508
80.046
80.315
80.637
80.854
80.982
80.926
80.914
80.902
80.836
80.766
80.821
52.276
52.196
52.086
51.977
79.062
78.7
51.533
49.634
50.084
50.534
78.722
78.481
73.807
69.133
69.054
68.974
51.635
51.685
51.91
50.121
49.863
50.276
50.619
52.08
50.941
52.435
49.259
49.683
50.368
66.37
67.902
47.502
47.575
46.688
47.31
47.932
46.687
47.785
48.884
47.217
44.702
44.088
45.673
47.258
45.348
57.64
69.933
70.776
70.924
83.209
83.091
82.79
82.632
82.371
47.273
45.682
44.407
44.688
44.97
70.26
71.066
71.649
72.01
84.053
84.013
83.889
54.317
47.006
47.656
47.179
46.574
45.968
45.308
44.119
71.858
83.843
83.894
83.882
83.816
83.781
83.834
83.864
83.776
83.788
83.869
83.912
83.978
84.004
69.042
69.163
69.168
69.139
69.015
69.131
73.129
84.027
83.879
83.736
83.742
83.71
83.773
84.046
84.133
84.455
81.45
72.885
73.048
73.37
73.332
73.518
73.636
73.552
73.551
73.396
73.461
73.475
73.42
73.407
73.394
72.927
72.237
71.362
70.27
69.755
69.239
69.333
81.599
81.507
81.451
81.485
81.436
81.463
81.511
81.503
81.658
81.813
81.956
69.722
68.973
66.709
75.419
63.054
58.716
54.378
54.069
53.76
80.625
80.573
80.446
80.482
80.63
53.405
52.468
52.924
52.249
50.697
51.641
52.585
69.886
81.435
81.582
81.564
81.476
81.456
81.43
81.495
81.576
81.658
81.556
81.693
81.769
69.63
69.51
69.242
68.748
67.929
67.11
67.439
64.075
63.677
51.36
53.215
60.522
67.83
67.628
51.054
52.812
53.608
55.336
54.149
55.656
53.575
51.964
51.762
53.248
51.291
52.739
53.072
51.244
52.854
52.306
51.793
52.952
67.133
65.974
66.025
66.076
59.731
53.386
54.154
52.889
55.643
53.646
82.385
82.982
83.035
83.144
73.374
63.604
72.149
80.695
80.943
81.039
81.07
81.097
81.069
80.762
80.74
83.845
83.85
83.803
83.757
83.855
68.009
68.985
69.587
69.993
69.954
82.045
82.049
81.912
74.148
66.383
66.945
66.941
66.788
57.871
64.682
71.493
83.397
83.504
83.653
83.891
84.13
84.368
84.499
72.649
72.977
73.222
73.362
73.559
73.673
73.765
73.846
73.666
73.525
73.334
72.802
84.315
83.896
83.724
69.909
71.859
71.723
51.061
51.548
50.884
50.219
69.065
83.594
83.539
83.288
83.338
83.488
83.514
83.547
83.556
83.619
83.685
83.801
83.821
71.899
71.746
70.28
45.502
46.406
81.74
81.385
66.793
66.84
67.239
67.114
79.101
79.212
79.514
79.772
47.492
46.989
80.386
80.572
80.621
80.563
80.394
80.249
73.78
67.31
67.629
52.453
52.133
52.242
52.483
79.116
79.104
79.072
78.742
78.318
77.407
76.23
75.749
76.019
64.182
48.54
62.337
76.134
76.062
69.684
63.306
64.577
48.496
46.664
46.694
76.54
76.631
45.818
45.148
47.154
49.159
62.017
62.022
50.09
50.729
48.923
50.399
48.903
50.926
49.364
49.534
49.705
50.628
50.491
49.163
49.603
49.456
49.788
49.863
50.613
50.886
51.159
