47.935
48.059
47.959
47.911
47.952
47.924
48.037
47.79
48.054
47.943
48.03
47.948
48.044
47.886
47.973
48.006
47.962
47.958
47.918
47.935
48.022
47.999
47.902
47.973
47.879
48.063
47.96
47.925
47.922
47.921
47.992
48.038
47.869
47.935
47.815
47.705
51.188
54.671
54.991
54.904
55.033
55.179
55.007
55.072
55.138
55.132
55.126
43.016
43.129
43.038
42.946
43.087
54.819
59.133
58.813
58.812
58.811
58.858
58.897
58.954
59.061
59.289
57.313
55.337
54.873
55.149
55.484
55.682
56.225
56.767
57.485
57.31
57.74
57.382
57.633
56.538
43.238
42.996
43.202
58.934
71.389
71.38
71.155
71.122
71.113
71.114
71.16
66.489
61.818
61.737
61.665
61.756
61.858
61.968
62.112
62.114
62.389
60.259
58.128
57.803
57.996
58.188
58.108
58.322
58.536
58.927
58.999
59.177
59.313
59.201
59.149
59.076
58.957
58.939
58.821
58.806
58.825
58.884
58.911
59.064
59.204
59.29
59.172
58.726
57.513
57.299
56.131
57.004
56.648
68.858
68.449
68.358
68.524
68.695
68.66
68.708
68.817
68.881
68.895
68.798
68.472
59.181
58.977
58.962
58.794
59.302
62.971
66.64
78.648
78.699
78.711
66.918
66.995
67.014
67.073
67.049
66.976
54.501
55.481
54.959
78.994
79.008
78.978
78.994
70.064
68.256
75.209
79.507
79.592
79.284
79.742
68.101
56.46
56.311
76.269
76.384
76.313
76.218
76.123
76.026
76.027
76.027
75.911
75.95
76.049
76.079
76.058
76.04
56.775
57.353
56.346
57.324
56.986
56.847
57.165
57.056
57.389
81.02
81.007
80.966
81.013
80.985
80.987
53.502
54.587
54.106
53.269
53.852
54.436
53.703
61.392
61.466
74.015
81.076
81.003
81.012
81.01
81.008
71.745
62.483
52.139
43.86
42.971
52.691
57.023
56.719
57.169
57.148
56.855
56.958
57.236
57.112
56.934
57.188
57.183
56.965
56.914
57.27
57.088
56.906
57.105
57.161
56.838
57.124
57.17
56.927
56.787
57.361
57.109
56.028
53.627
52.94
65.224
65.638
65.04
59.864
54.687
54.202
57.409
57.209
57.282
57.244
54.471
54.77
53.613
55.502
57.392
57.275
56.923
55.822
65.909
65.885
53.871
54.629
54.292
53.196
53.29
65.762
65.793
65.755
65.774
65.792
65.769
65.921
65.954
56.774
55.953
61.726
65.756
65.902
56.294
56.693
57.336
61.959
78.035
78.031
61.88
61.988
61.917
61.846
61.857
61.823
61.789
61.926
62.355
43.601
43.069
52.995
51.992
52.202
52.021
51.99
52.026
52.034
51.975
51.915
51.964
52.071
51.946
51.955
52.056
51.92
58.56
59.049
59.059
59.069
59.048
59.027
59.021
59.015
59.006
59.124
51.938
52.806
54.854
53.247
53.854
54.277
54.994
54.235
55.813
55.484
53.655
51.906
78.975
79.069
78.958
79.002
78.983
78.984
53.012
54.458
53.964
54.479
54.275
54.14
54.005
60.427
66.849
66.89
66.836
62.851
58.867
58.893
59.053
58.998
58.959
62.638
66.317
66.054
65.771
66.059
66.155
66.258
66.186
66.256
66.41
66.585
66.773
67.043
67.475
67.395
67.277
67.293
67.284
55.58
55.488
55.661
55.377
67.222
67.129
67.171
66.995
73.012
79.029
79.002
59.108
59.085
59.02
59.273
66.436
66.165
66.259
77.861
77.728
77.581
77.512
77.477
77.442
77.386
77.287
77.484
53.576
53.783
65.623
64.67
64.72
64.103
64.343
64.196
63.996
63.745
70.919
70.934
71.052
71.016
70.974
64.075
63.655
59.134
58.982
76.004
75.998
76.018
75.993
75.985
65.358
64.988
64.617
64.395
51.945
52.005
52.066
49.392
51.329
51.214
51.1
58.349
65.599
58.417
68.058
59.855
68.782
77.708
77.673
77.711
77.75
65.886
60.307
62.049
62.088
65.728
65.803
65.835
66.232
66.622
67.671
68.72
69.624
70.619
71.053
71.085
71.203
78.248
78.28
59.298
58.33
58.176
58.376
58.499
58.74
58.896
58.918
58.965
59.443
59.25
59.214
59.207
59.27
59.324
59.442
58.563
61.298
62.393
59.244
59.486
59.602
59.367
59.036
58.99
58.785
58.701
58.621
58.529
58.437
58.436
58.438
58.441
58.475
58.39
58.304
58.598
58.892
59.164
80.995
80.992
81.007
81.006
81.003
80.999
59.245
58.614
58.72
58.75
58.678
58.428
58.908
70.793
77.785
77.884
78.078
78.134
78.183
78.207
78.205
78.122
78.051
77.955
77.927
77.883
77.903
77.966
78.001
77.989
77.995
78.001
77.985
77.975
77.992
77.98
77.957
58.934
58.816
58.914
58.853
58.847
58.949
58.958
58.812
58.699
58.641
58.631
58.95
83.008
83.019
