51.754
50.778
49.51
45.152
43.965
45.412
45.725
45.988
44.72
48.843
52.966
53.335
51.772
49.77
48.79
51.806
52.191
51.304
49.174
49.146
48.771
49.483
49.287
49.091
51.887
47.631
47.636
47.641
47.836
48.03
47.431
46.831
44.894
43.925
46.912
48.519
47.623
60.954
61.525
62.597
75.213
75.473
75.658
75.725
75.739
75.654
75.543
75.512
75.632
63.817
63.8
75.653
75.693
75.676
75.693
75.755
75.811
75.888
75.991
75.861
75.695
75.696
47.956
61.951
62.289
62.627
62.518
62.591
63.048
65.818
78.017
77.929
77.914
77.942
77.993
78.063
71.552
65.04
64
63.919
63.727
70.752
77.777
77.26
77.066
77.179
77.38
77.521
77.7
77.854
78.043
78.244
66.151
65.961
65.8
65.728
65.347
65.302
77.17
77.256
77.37
77.559
77.653
77.746
64.321
64.586
63.064
56.304
60.007
63.709
75.128
74.92
75.035
75.153
75.34
75.596
75.755
75.875
63.663
63.122
62.519
61.877
61.463
73.174
72.907
72.963
73.321
61.749
51.683
56.738
61.793
60.076
62.816
65.557
65.464
54.779
53.604
54.619
52.264
55.406
52.65
49.894
48.4
58.632
58.344
58.249
58.097
57.608
57.003
56.558
56.584
55.678
56.711
56.34
56.563
58.863
61.162
62.368
64.782
67.195
66.991
66.672
66.146
66.1
66.073
65.672
65.561
58.57
51.578
51.171
50.763
50.627
67.687
68.39
68.266
68.124
68.15
68.045
68.158
68.351
68.477
68.6
48.331
52.539
56.748
56.524
56.553
56.694
56.835
56.529
56.222
57.085
56.467
57.392
56.711
58.293
58.943
59.705
59.903
59.353
59.716
59.029
60.026
57.265
58.597
58.995
59.17
59.278
58.201
47.192
46.73
45.27
45.766
45.42
45.074
43.366
44.781
56.835
56.974
44.405
43.14
43.96
44.78
49.985
49.88
55.102
55.332
54.509
55.074
53.92
52.767
49.794
51.037
50.669
50.261
48.597
48.664
47.77
51.098
52.492
51.843
51.589
51.335
58.529
70.103
70.174
69.903
69.914
70.069
70.283
69.684
56.055
42.425
43.599
44.203
42.344
60.422
78.5
77.537
77.249
77.171
77.027
73.44
69.854
62.058
58.335
58.714
59.106
59.437
72.587
73.209
73.575
74.388
75.091
75.707
75.931
75.823
75.679
75.33
75.237
62.953
62.005
61.428
60.557
72.053
71.771
71.402
70.931
70.798
64.386
57.973
58.89
65.464
56.232
63.723
66.221
68.719
68.191
67.92
67.899
68.118
68.167
68.233
67.866
74.32
72.996
71.672
65.301
66.102
66.904
66.627
66.48
66.5
63.618
64.381
65.143
60.735
61.762
59.419
57.076
56.839
56.81
56.432
56.749
56.703
56.657
56.52
56.502
56.517
56.652
56.923
57.202
57.357
57.572
47.111
48.234
47.84
47.445
47.113
45.537
45.271
45.005
44.699
44.393
45.322
46.251
66.125
65.105
64.768
64.432
45.104
45.691
46.279
45.854
45.43
45.764
45.248
44.733
51.683
49.052
57.392
55.612
53.831
48.621
48.55
48.478
53.103
53.448
59.063
60.119
61.175
62.468
59.265
61.691
64.117
63.898
63.791
53.307
52.282
49.229
49.928
49.201
46.945
49.154
51.362
49.665
50.834
52.003
50.701
48.261
45.822
46.261
46.4
46.139
49.57
47.619
45.669
72.696
75.677
75.806
75.871
58.948
57.395
55.841
53.997
52.712
52.414
54.764
53.651
55.048
60.754
62.195
63.636
63.439
57.525
57.262
54.767
58.831
62.895
67.534
67.46
57.918
55.535
55.727
53.174
51.476
51.575
52.171
51.974
65.899
56.409
46.918
