45.143
57.104
57.196
57.11
57.259
44.964
45.119
44.973
45.181
45.159
45.147
45.065
57.164
57.192
45.061
45.054
45.149
45.131
45.144
45.184
44.952
44.748
44.823
45.054
45.098
45.172
45.181
45.171
45.083
44.868
44.888
44.64
44.985
44.885
45.172
45.232
45.154
45.117
45.013
44.878
44.715
44.7
45.028
45.05
45.104
45.235
45.149
45.179
44.946
44.729
44.651
44.632
44.868
45.19
45.217
45.141
45.178
45.171
44.945
44.469
44.6
44.756
45.084
45.088
45.175
45.152
45.154
45.013
44.678
44.531
44.538
44.671
45.031
45.324
45.208
45.192
45.1
45.061
44.51
44.314
44.593
44.884
45.079
45.144
45.364
45.255
45.076
44.861
43.545
44.068
44.651
44.897
45.221
45.251
45.176
45.279
45.016
44.772
43.608
43.399
44.734
44.935
45.285
45.365
45.28
45.241
44.636
44.133
43.642
43.151
44.522
45.097
45.295
45.385
45.265
45.231
44.395
39.687
41.573
43.459
44.962
45.303
45.3
45.395
45.245
45.3
49.102
49.069
49.036
61.587
74.138
74.072
74.006
73.81
72.687
73.151
73.102
73.797
73.921
74.034
74.004
74.055
61.712
61.724
61.72
61.602
63.13
74.883
74.905
74.928
74.816
75.066
74.735
74.453
62.59
62.695
73.9
73.93
74.046
61.686
61.445
67.744
74.044
74.008
74.048
74.057
63.067
63.329
63.413
63.443
63.709
63.401
63.902
63.387
63.778
63.535
63.588
63.836
63.604
63.675
63.078
75.991
75.977
75.995
75.967
76.027
76.194
64.284
63.346
63.817
63.251
63.655
75.309
75.32
75.358
75.7
76.358
76.601
76.684
64.914
65.113
65.073
64.638
65.528
65.538
64.982
64.427
64.139
63.215
64.183
63.56
63.663
75.497
75.76
63.6
63.669
63.584
63.819
75.864
75.882
63.81
63.623
63.504
62.745
61.934
61.086
60.509
60.824
61.1
61.436
73.858
73.919
73.924
73.889
73.77
73.659
80.628
80.672
73.94
73.928
73.926
73.956
74.017
73.981
73.974
73.987
74.021
73.996
73.989
74.011
73.946
61.871
61.933
81.005
81.029
81.056
81.052
73.959
74.044
73.983
73.942
73.924
73.919
73.941
69.02
69.036
69.02
68.996
69.066
81.016
81.024
80.98
50.011
50.037
59.573
60.558
61.491
62.149
62.427
74.543
74.507
74.471
74.373
74.149
62.324
62.334
73.995
73.995
73.93
73.987
73.996
73.961
73.958
74.011
49.948
50.062
57.324
64.586
64.521
76.667
76.67
76.797
77.051
77.394
65.906
65.988
66.409
66.556
66.36
67.378
67.654
67.624
68.002
67.139
66.423
65.489
64.179
64.222
64.266
76.074
75.869
75.802
75.811
75.812
75.847
75.867
75.939
75.948
75.894
75.844
75.837
75.907
75.977
75.991
75.985
75.989
75.989
76.13
74.125
74.216
74.137
74.094
74.125
74.101
74.042
74.047
74.124
62.535
61.909
62.01
62.111
73.841
73.97
73.952
73.985
73.977
73.942
73.984
74.017
74.039
74.09
74.141
74.104
73.994
73.901
73.876
73.962
59.438
59.862
72.056
71.933
71.943
72.059
72.055
71.913
71.936
71.934
59.939
59.573
59.532
72.008
71.994
72.052
72.106
71.983
71.959
71.965
45.2
45.259
72.075
72.007
71.974
71.931
71.813
71.73
71.825
71.838
71.907
