49.225
49.01
49.01
49.282
49.363
49.444
49.061
48.681
49.387
48.884
48.855
49.311
49.026
48.374
49.509
49.2
48.307
49.054
49.33
48.594
49.246
48.98
48.99
49.393
77.01
76.987
77.008
76.962
65.874
65.576
65.572
65.261
64.746
64.232
64.514
64.526
64.886
51.25
48.239
49.101
49.152
49.193
49.235
49.678
58.799
67.919
66.192
54.237
53.762
53.611
53.276
53.427
53.578
65.456
65.549
65.608
65.665
65.649
52.824
53.901
60.837
61.056
60.978
60.989
61.016
61.107
63.589
59.137
62.69
58.797
54.905
53.215
54.345
53.532
54.112
54.118
54.044
55.179
55.176
54.66
54.62
54.579
54.832
54.461
54.091
55.699
58.408
56.523
54.639
54.912
55.186
55.575
61.035
61.012
61.011
61.029
61.007
60.899
61.266
61.039
60.956
61.088
61.094
61.03
61.066
61.122
54.549
51.032
52.593
52.464
52.334
51.914
53.51
52.892
51.906
72.992
73.005
51.306
50.193
54.639
55.514
54.804
67.56
67.342
67.387
67.606
67.826
55.693
55.664
67.545
67.401
67.105
60.952
60.932
60.923
60.915
60.974
57.194
53.415
60.784
68.154
67.692
67.319
67.007
67.272
67.472
67.791
68.162
68.384
68.434
68.605
68.626
68.463
68.237
48.43
48.623
47.908
47.192
48.813
50.434
48.714
61.016
67.15
66.893
66.966
66.849
67.019
66.897
67.114
67.141
67.261
67.118
66.938
66.579
66.381
66.182
65.769
65.466
65.364
65.297
72.516
72.395
72.22
72.324
72.428
72.438
72.449
65.085
65.053
65.193
72.369
72.121
72.94
72.992
73.044
61.748
58.543
55.338
56.51
51.073
56.773
56.339
55.905
55.864
55.824
55.799
55.773
49.763
49.253
49.462
56.155
56.121
56.288
56.455
56.137
55.818
51.337
57.207
56.676
56.145
55.983
55.821
56.127
56.18
55.958
56.09
56.122
55.838
56.114
62.423
62.735
62.678
62.58
60.084
59.882
59.829
59.801
59.773
59.999
60.253
60.48
60.178
59.912
59.992
60.072
60.104
60.137
57.109
54.081
50.052
53.06
49.317
54.51
50.816
50.079
49.342
49.392
51.58
53.767
53.35
52.932
53.351
52.881
66.312
66.859
67.28
67.682
67.953
67.963
67.928
67.934
67.897
67.801
67.466
66.793
66.04
65.224
64.546
64.503
64.454
64.683
64.837
64.816
64.907
64.899
64.865
64.877
64.889
64.984
60.713
56.443
57.727
57.952
58.007
58.151
58.146
58.228
58.175
57.928
58.01
58.092
53.02
45.51
45.835
46.522
46.002
