49.399
47.907
48.541
49.41
48.684
64.636
58.229
51.822
51.476
51.039
51.026
51.091
51.157
63.611
64.148
64.651
65.326
65.712
66.232
66.589
66.782
54.936
55.115
54.967
54.013
51.957
47.389
47.608
45.795
68.464
68.237
69.631
71.026
77.668
77.483
77.043
76.922
76.956
77.161
77.52
78.018
78.363
78.588
78.546
71.391
71.222
71.177
70.973
70.687
56.348
55.425
49.588
52.53
55.473
64.981
64.694
64.546
64.247
64.22
64.247
64.127
64.036
63.791
58.568
53.344
53.833
54.48
72.169
75.996
75.602
51.422
51.489
51.584
51.641
51.698
51.135
52.66
53.818
53.807
53.591
54.53
53.329
52.636
51.875
50.615
50.408
50.03
50.005
49.885
49.799
50.216
50.713
50.693
51.009
50.733
51.078
50.655
50.854
50.753
50.651
50.696
50.74
50.349
50.234
50.033
49.555
49.153
49.058
49.236
49.306
49.349
49.245
49.685
50.295
50.135
46.94
48.009
49.078
51.544
54.01
68.402
67.928
49.047
48.513
48.029
54.171
53.907
53.939
68.017
67.954
67.921
67.999
51.307
50.317
50.143
49.996
49.823
50.154
50.335
50.528
50.92
50.781
51.12
51.037
51.128
50.767
50.879
50.672
50.72
50.288
50.105
49.775
49.513
49.519
49.618
49.54
49.04
48.785
48.892
49.071
49.374
49.023
48.739
49.032
48.858
49.126
49.272
49.074
48.85
49.006
49.213
49.576
48.758
48.917
48.631
48.292
48.961
49.187
49.531
48.964
47.878
45.551
45.479
47.18
49.266
47.637
46.008
46.489
46.82
46.836
46.693
46.68
46.487
46.705
46.135
46.052
46.075
45.906
45.95
45.737
44.992
44.467
44.599
44.74
44.797
44.974
44.907
44.86
44.655
44.33
44.665
44.142
44.055
44.062
43.503
43.613
43.792
43.433
43.547
43.083
43.048
49.197
49.234
49.915
49.712
49.768
49.089
54.148
54.1
53.56
50.947
58.345
65.742
64.627
51.671
50.795
47.284
43.774
45.465
46.452
47.438
48.125
46.099
47.34
47.732
47.645
47.559
48.04
48.08
48.121
47.565
46.399
48.188
48.161
48.134
46.536
47.259
46.686
46.114
52.608
51.768
50.929
63.555
63.277
48.254
47.136
46.953
46.978
47.009
46.909
47.268
47.073
46.428
48.421
48.704
48.987
48.635
48.283
46.335
48.621
48.467
48.312
48.141
47.97
47.846
45.74
47.676
49.483
49.173
51.689
49.807
51.492
51.645
50.142
51.151
51.689
49.568
51.4
50.793
50.55
51.815
53.079
51.966
52.483
51.663
51.172
54.731
52.82
53.208
53.597
52.558
54.549
52.737
51.985
51.233
50.483
49.733
52.277
51.889
51.501
49.82
49.66
49.499
50.355
51.211
54.163
54.535
52.139
57.314
52.649
57.782
62.914
62.305
63.205
62.472
62.329
63.194
62.532
62.899
54.471
52.739
57.908
63.077
62.623
62.906
63.231
