49.882
49.95
49.942
50.22
50.236
49.861
49.978
50.516
50.118
49.86
50.099
50.334
50.178
50.295
49.799
50.266
50.553
49.878
49.738
50.293
50.345
50.194
49.949
49.72
50.262
50.597
50.032
49.677
50.106
50.408
73.758
73.846
73.921
73.845
50.133
49.77
50.366
50.024
50.172
50.153
49.949
49.885
50.12
50.104
50.087
50.068
50.055
50.035
50.101
50.183
74.17
73.91
50.109
50.185
49.595
49.148
49.057
49.262
49.162
48.92
48.818
48.288
48.295
48.134
47.818
48.294
47.411
47.305
47.337
65.637
66.819
67.443
80.131
80.42
80.501
80.449
80.418
80.511
80.655
80.672
80.671
80.795
80.818
80.791
80.579
80.461
80.125
80.044
79.982
46.093
46.437
45.935
52.94
68.614
80.637
80.503
80.515
80.331
80.366
80.411
80.578
80.782
69.123
69.335
69.396
69.394
69.293
69.194
69.102
68.991
68.893
68.785
68.84
69.074
80.917
80.934
80.884
80.927
80.9
80.888
80.909
80.975
81.017
81.024
81.048
81.009
68.544
68.459
68.66
68.862
68.912
69.085
46.04
45.847
46.026
67.797
68.27
68.902
68.803
80.821
80.646
80.57
80.531
80.782
80.952
81.275
81.53
81.786
69.535
69.454
69.611
45.804
46.102
46.061
46.051
45.952
45.843
45.882
45.995
46.115
68.015
68.286
68.36
68.756
68.928
69.037
69.061
69.137
69.153
69.151
69.062
68.864
68.661
46.035
45.856
45.95
46.002
46
46.069
46.03
45.961
45.947
48.166
49.729
51.292
60.239
69.185
69.203
69.145
69.083
69.05
69.002
69.004
68.955
59.361
64.214
69.068
69.25
67.445
67.855
79.879
79.97
79.883
79.708
79.927
80.302
80.561
80.889
81.116
81.291
81.304
81.195
69.028
68.552
59.047
70
60.215
50.431
48.774
66.324
66.856
67.389
67.414
67.348
67.236
66.654
65.591
45.839
45.483
46.448
52.972
52.96
65.163
65.067
77.257
77.32
45.915
46.008
45.955
49.453
47.75
46.047
46.2
46.008
45.995
78.747
78.557
78.472
78.443
78.451
78.501
78.537
78.441
78.63
78.413
78.681
78.692
78.508
78.744
78.739
78.631
78.545
78.679
78.635
78.597
78.693
78.619
78.723
78.714
78.754
78.708
78.688
78.767
78.869
78.738
78.76
44.86
44.889
45.043
45.138
66.533
66.441
66.379
66.657
67.171
67.964
68.879
69.429
69.654
45.203
45.182
45.224
45.155
71.031
71.173
71.249
71.528
83.633
83.598
83.774
83.961
84.04
83.996
84.02
84.056
84.083
84.184
72.24
72.175
71.985
71.915
52.203
52.152
60.609
69.066
69.179
45.272
45.338
45.161
80.041
80.053
66.169
66.275
66.455
66.525
66.63
66.728
66.959
52.252
52.192
52.082
67.624
67.825
68.024
68.193
68.417
68.618
68.82
68.874
68.9
68.838
68.808
68.789
68.732
68.7
68.469
68.233
67.952
67.303
66.611
66.289
66.462
66.387
66.628
66.776
66.745
66.767
66.214
65.876
66.735
66.468
66.754
67.112
67.231
66.995
66.034
52.674
52.691
52.638
52.78
52.81
79.109
79.016
66.625
54.136
53.613
53.19
53.061
52.913
52.852
52.843
53.01
52.856
52.977
52.764
53.018
53.033
53.234
53.269
53.493
53.22
52.88
57.27
57.006
57.101
57.093
57.023
57.342
57.115
56.887
57.284
56.753
56.868
57.64
58.25
57.869
57.156
56.957
56.731
58.114
44.549
44.491
57.246
55.669
49.635
43.602
43.644
56.204
57.94
58.674
57.307
53.584
49.861
43.304
43.305
43.267
43.392
43.201
43.312
43.246
43.27
43.169
43.24
43.134
43.189
43.011
43.137
53.054
53.27
53.322
53.375
52.806
