61.199
61.01
60.943
77.816
77.368
77.497
77.71
77.811
77.775
77.825
65.803
65.466
74.188
76.108
78.029
60.908
61.141
69.959
81.383
81.652
81.804
81.78
81.598
81.339
81.123
80.709
80.514
45.464
44.663
44.898
45.099
44.67
44.457
68.503
68.519
80.85
80.99
81.078
81.177
81.342
81.478
81.64
82.003
82.367
82.7
83.007
83.211
83.277
71.329
71.267
71.316
71.087
70.95
70.916
82.918
82.832
82.662
82.492
79.208
75.924
75.799
76.053
76.197
76.154
76.042
79.276
82.51
82.487
82.409
82.509
82.607
82.586
82.783
67.742
67.735
79.504
77.816
76.129
79.273
82.418
82.445
82.48
82.58
82.673
70.621
71.324
64.865
58.406
57.111
66.609
76.107
76.172
71.76
67.348
66.263
66.168
66.425
66.735
66.883
67.271
67.429
67.28
67.548
67.201
66.914
66.899
66.423
66.222
66.234
66.13
65.936
65.973
65.577
65.382
64.947
64.345
64.106
63.36
63.638
63.612
63.433
63.453
63.497
63.711
63.955
64.219
64.653
64.661
64.608
64.449
64.565
64.395
64.379
64.383
64.227
64.146
64.136
64.284
64.23
64.307
64.268
64.179
64.335
64.232
64.128
64.468
64.808
65.301
59.68
58.297
62.495
63.197
63.899
65.446
66.993
66.696
67.243
67.207
66.954
67.32
66.564
63.99
63.88
64.335
64.159
63.983
48.589
48.938
49.078
48.961
48.844
49.039
48.993
49.161
48.801
63.632
64.286
63.937
58.76
53.583
49.732
49.49
49.76
49.935
50.23
49.937
50.123
49.933
49.896
50.003
50.061
50.034
49.86
50.128
49.647
50.294
49.835
50.142
49.711
50.081
50.063
50.045
49.878
50.027
49.994
49.89
49.787
50.073
66.422
66.972
67.74
68.38
69.02
69.142
68.928
68.809
70.918
73.027
72.849
60.39
60.69
60.693
61.85
63.007
65.505
65.797
66.404
66.87
67.143
67.302
67.423
67.46
67.451
67.508
67.602
67.628
67.717
67.843
67.948
68.038
68.16
68.085
68.058
67.951
67.866
67.831
67.777
67.739
67.754
67.904
68.116
68.283
68.429
68.419
68.289
68.046
67.727
67.581
67.43
67.319
67.264
67.17
67.066
68.149
68.812
81.219
81.421
81.574
81.552
81.392
81.167
68.812
58.502
58.216
56.412
56.085
57.217
57.096
57.33
56.614
57.488
56.798
57.188
66.506
66.937
67.229
67.519
67.671
67.893
68.054
68.297
68.428
68.567
68.673
68.613
68.682
68.762
68.861
68.976
68.982
68.997
68.97
68.838
68.706
68.593
68.529
68.573
68.563
68.577
68.553
68.568
68.614
68.671
68.634
68.653
68.616
68.537
68.53
68.494
68.483
68.547
68.605
68.641
68.666
68.715
68.815
68.821
68.881
68.813
68.809
68.707
68.689
68.631
68.614
68.714
68.518
68.66
68.682
68.644
68.656
68.693
68.656
68.656
68.638
68.638
60.941
61.03
61.088
68.596
68.405
68.471
68.545
68.662
68.721
68.82
68.903
68.918
68.884
68.804
68.743
68.758
68.738
68.785
68.747
68.745
68.91
68.898
69.431
69.078
64.433
59.789
59.928
72.58
72.716
72.957
72.924
72.823
59.226
58.022
58.67
59.318
71.132
71.475
59.064
58.941
58.887
59.259
59
58.558
58.98
58.71
57.745
56.543
55.777
55.488
55.159
58.01
57.377
56.819
56.714
53.39
55.165
56.836
53.583
54.703
53.737
54.172
53.998
54.15
54.265
53.977
60.045
59.57
59.842
59.135
59.244
56.9
54.557
54.766
54.889
55.013
54.821
54.629
60.99
60.802
60.776
60.873
60.831
51.767
52.025
52.029
52.032
52.037
52.041
53.216
52.187
52.64
51.557
51.964
52.191
51.709
63.422
63.017
52.478
51.657
51.515
52.281
52.239
61.946
60.476
51.657
52.044
52.093
52.143
