49.399
48.85
65.022
77.665
78.091
78.216
78.307
66.644
66.284
59.441
58.932
60.215
44.474
43.783
43.594
44.522
44.646
44.146
44.183
44.101
44.019
70.449
70.496
70.258
70.394
70.724
74.332
66.445
68.652
63.269
66.969
62.829
58.688
57.73
70.759
70.875
71.023
71.009
64.79
58.572
54.012
46.295
46.274
47.172
46.836
54.525
53.938
53.812
54.751
68.041
68.36
68.757
68.972
69.068
69.142
69.147
69.118
57.478
46.892
47.054
46.904
46.755
53.113
59.471
59.71
71.884
71.789
71.853
72.183
72.481
60.326
58.091
59.334
59.299
59.494
59.275
59.327
58.158
58.236
57.932
57.627
56.991
56.91
56.953
58.019
58.457
58.495
58.86
59.055
59.467
59.516
59.565
59
57.152
57.499
57.845
58.439
59.18
59.235
59.097
59.062
58.449
59.214
59.158
59.214
58.783
59.166
59.054
58.59
58.749
58.709
64.122
69.535
70.069
69.914
69.601
69.315
69.029
68.647
62.388
56.128
55.01
52.235
51.763
60.815
61.975
74.633
75.229
75.654
76.165
76.755
77.256
77.567
77.831
77.957
43.402
43.646
43.685
43.324
44.021
44.226
74.728
74.709
74.786
74.917
74.961
75.022
75.17
75.412
75.742
75.895
75.965
75.994
76.018
75.956
75.82
75.82
75.94
75.971
76.011
76.044
76.072
76.019
75.966
75.905
75.896
75.97
76.074
76.115
76.204
76.242
76.182
64.191
64.155
64.077
63.987
63.966
63.977
63.945
63.994
63.861
63.636
64.017
55.821
56.56
56.308
55.957
55.714
55.957
63.348
63.765
63.958
63.972
64.027
63.992
64.057
63.376
62.64
65.93
65.885
65.785
65.957
65.897
65.86
65.838
66.006
57.096
57.305
69.053
69.137
69.057
68.978
69.007
56.592
56.639
56.456
56.337
56.217
55.784
56.07
56.431
55.745
55.576
58.401
56.884
55.368
54.496
54.444
54.391
54.332
60.96
61.016
60.949
60.945
60.986
60.951
60.907
61.38
62.758
64.135
59.404
54.674
53.593
53.399
54.128
54.489
53.384
53.184
54.964
61.055
62.773
74.937
75.223
75.487
75.605
63.85
63.48
58.479
59.671
59.484
59.296
58.188
59.581
58.845
59.631
61.504
73.4
72.81
79.657
79.737
79.822
72.861
61.128
61.168
73.349
73.501
73.777
74.053
74.147
74.112
61.995
62.056
61.844
61.765
61.843
61.854
61.615
61.734
62.013
61.812
62.004
55.168
56.723
57.306
57.89
59.261
60.632
59.876
60.577
79.437
79.3
79.179
79.292
79.467
72.583
72.321
71.818
47.288
46.865
46.969
57.852
69.434
68.781
68.562
68.66
68.767
68.918
68.893
69.058
69.223
69.026
69.067
46.01
47.348
46.999
46.65
46.876
70.386
69.662
76.643
76.749
76.916
62.564
57.597
67.775
77.954
77.924
77.844
50.001
51.576
52.165
52.165
51.697
51.175
50.823
52.245
52.15
52.19
52.153
50.166
52.371
52.007
52.354
51.947
51.777
51.447
51.777
60.965
61.313
73.572
73.543
73.416
61.403
61.171
60.327
52.269
51.437
52.403
52.256
51.993
51.504
62.447
62.231
74.242
74.206
74.248
62.134
61.682
61.332
61.195
57.77
56.711
56.141
55.57
55.52
55.426
56.51
57.113
58.695
59.943
60.141
60.499
60.586
60.969
61.119
61.17
61.136
60.78
60.193
59.663
59.406
59.189
59.057
59.064
58.981
58.417
57.606
56.75
68.421
68.223
62.652
57.08
56.842
57.079
56.965
56.851
57.046
56.996
57.132
57.097
57.131
57.043
57.12
56.975
59.382
55.752
58.359
60.967
60.964
61.094
52.061
51.921
