56.925
57.071
56.794
58.126
56.553
57.284
56.36
48.106
47.363
46.584
45.314
50.218
50.455
50.692
49.946
50.972
49.264
48.787
47.163
48.48
48.718
50.585
58.825
57.082
57.125
50.273
50.204
48.224
46.244
45.185
44.125
44.768
45.103
48.669
49.602
59.075
51.822
61.482
56.51
51.538
55.006
58.474
57.791
56.993
57.393
56.581
56.93
56.683
52.992
61.242
69.493
69.479
69.342
60.465
51.588
44.962
46.131
63.576
65.293
66.411
66.894
67.378
67.552
67.712
67.782
67.491
67.408
48.828
52.815
52.358
51.902
44.689
46.436
51.29
66.324
66.691
66.95
67.077
67.083
66.999
67.01
66.769
66.4
69.697
59.409
49.121
48.994
63.134
77.273
77.077
77.034
77.058
77.151
77.212
77.228
77.319
77.328
77.36
77.393
77.381
77.356
77.301
77.329
77.316
77.369
77.374
77.432
77.451
77.483
77.458
77.499
77.402
77.314
77.225
45.763
47.584
47.067
47.505
46.819
46.785
47.387
46.649
47.181
47.491
47.591
58.543
56.695
57.048
46.111
44.121
47.238
50.355
56.681
56.873
51.365
54.288
49.823
45.358
44.831
45.406
45.415
45.725
46.036
57.024
58.33
57.739
57.147
57.007
66.215
78.485
78.811
78.984
79.276
79.621
79.854
80
79.963
79.895
73.696
67.497
67.182
66.937
66.746
66.612
66.481
66.41
66.33
66.288
66.587
66.889
52.32
65.744
79.169
79.222
79.145
79.098
79.097
79.1
79.121
79.018
63.964
48.911
48.857
48.803
56.995
65.187
65.057
66.481
77.992
77.88
77.936
77.992
78.036
78.032
78.002
77.98
77.964
77.979
77.951
77.968
78.033
78.073
77.973
77.974
77.934
77.937
77.941
77.955
77.916
77.768
77.324
48.278
48.157
47.987
48.043
48.729
50.215
51.7
51.019
50.337
52.327
51.106
49.254
74.424
75.043
75.425
75.603
75.71
75.728
75.662
75.621
75.458
75.291
75.307
75.399
75.479
75.246
74.274
51.797
50.485
52.165
47.63
43.096
42.998
43.029
43.105
43.037
42.97
43.02
43.072
58.672
74.273
74.8
74.793
74.785
74.802
74.89
75.048
75.42
75.664
75.739
75.532
75.242
74.827
74.458
74.115
47.999
47.057
61.934
61.957
74.065
74.106
74.072
74.037
74.047
74.071
74.023
74.087
62.395
68.225
74.055
74.316
74.25
74.491
74.26
74.224
74.163
74.063
74.013
74.011
73.96
73.891
74.118
74.241
74.267
74.293
74.2
74.088
73.977
73.936
73.907
49.815
49.344
49.677
50.01
49.837
49.664
50.187
62.059
62.067
62.014
61.961
61.952
61.993
61.756
50.128
49.829
48.338
48.7
49.062
49.292
48.825
56.439
