51.205
50.857
58.315
58.456
58.01
57.923
68.267
68.954
69.487
49.478
49.881
69.403
69.648
73.149
71.482
69.816
69.957
76.975
77.017
76.955
69.911
43.283
44.599
47.1
70.686
70.394
70.333
70.272
70.283
70.336
43.756
44.151
46.657
46.205
52.477
58.748
60.681
60.732
60.782
59.58
59.979
60.295
58.983
58.566
57.446
51.417
56.047
60.677
62.524
60.824
61.345
61.267
61.23
61.183
61.502
61.288
61.174
51.948
56.571
61.194
60.944
60.638
60.87
60.976
61.115
61.034
60.955
60.177
49.139
48.757
49.144
48.94
48.914
48.969
49.101
49.012
49.604
50.196
73.214
73.252
73.417
73.402
61.449
61.47
61.027
60.543
60.995
60.879
61.783
63.236
63.84
63.742
63.644
63.415
63.588
63.578
63.693
62.853
62.458
77.086
76.987
50.83
51.464
70.332
69.129
68.661
68.552
68.726
68.835
69.136
69.381
69.668
69.921
70.022
70.06
70.213
70.324
70.399
46.639
48.096
70.352
70.216
70.106
70.078
69.989
69.988
70.06
70.141
44.118
43.916
44.217
44.009
44.116
43.987
44.255
59.217
59.239
59.372
59.543
59.5
59.683
59.722
59.771
59.841
59.799
59.008
57.373
59.14
59.989
59.658
59.683
59.384
59.75
59.258
59.859
59.327
59.693
59.171
59.918
59.486
60.264
61.028
73.026
73.085
72.635
72.639
72.655
72.705
72.754
72.763
72.72
72.735
72.657
72.631
72.527
72.089
64.913
65.135
65.193
65.251
64.3
65.337
65.183
65.201
65.22
64.702
56.462
55.609
54.757
55.488
54.126
54.746
55.366
43.122
43.198
43.389
55.643
55.235
59.013
62.792
62.909
63.33
63.659
63.396
63.571
53.76
43.95
44.159
44.102
43.994
44.034
44.108
74.303
74.281
73.925
73.988
74.005
74.004
73.877
73.973
74.416
74.849
75.249
75.475
75.57
75.53
75.557
75.514
75.53
75.407
75.396
75.363
75.312
75.298
75.186
75.007
74.82
74.476
80.999
80.553
80.358
80.308
80.336
80.273
80.329
80.274
80.186
80.081
80.055
60.819
60.961
60.854
60.995
61.063
61.13
70.618
80.105
80.071
80.077
80.108
80.122
80.036
80.011
80.077
80.102
80.11
80.154
80.153
49.071
54.73
60.389
72.774
72.77
72.483
64.273
62.537
60.8
60.381
60.593
57.425
57.075
53.186
49.297
53.971
58.644
57.643
58.271
57.69
58.107
57.75
58.525
57.831
58.691
59.628
59.856
60.084
60.614
61.145
65.176
65.297
62.992
60.686
61.229
60.833
54.931
58.036
53.606
56.86
60.113
59.315
57.788
67.608
67.733
67.681
67.768
67.608
67.681
67.792
67.941
67.967
67.888
68.257
68.627
48.768
56.984
52.707
48.43
48.834
48.883
48.932
49.329
48.991
49.094
48.963
48.944
49.137
49.732
48.339
