67.034
48.248
48.096
47.903
48.256
48.133
47.937
68.734
67.428
67.181
67.004
66.933
66.862
66.973
67.085
71.114
75.144
75.271
75.089
75.101
76.136
77.171
77.143
76.985
76.918
77.126
75.478
76.614
76.827
76.92
77.195
77.405
65.054
69.995
56.603
60.046
63.488
63.476
63.392
63.465
63.529
63.373
62.017
61.866
62.506
61.289
61.725
73.465
72.913
79.977
80.07
80.28
73.452
73.451
73.449
73.669
73.869
74.178
74.483
74.548
74.582
74.437
74.398
74.688
74.305
74.218
73.689
60.583
60.118
60.148
60.175
60.17
60.105
72.087
72.18
72.332
72.367
72.402
72.274
60.297
60.326
60.17
66.914
63.439
59.963
59.86
60.48
72.069
71.922
59.171
52.987
52.836
52.935
52.845
53.092
53.131
53.168
53.209
53.23
52.8
52.37
53.001
53.176
52.83
52.547
52.966
53.088
53.123
53.126
53.135
53.12
53.451
60.629
59.13
65.799
72.469
79.926
80.034
80.218
80.25
80.314
80.302
80.278
80.398
80.516
80.914
74.267
74.6
74.482
74.583
74.348
74.315
74.445
74.352
74.286
74.465
74.347
74.251
74.15
73.993
73.901
74.296
62.413
61.795
53.962
46.128
45.746
68.045
69.997
70.051
70.024
70.126
70.153
70.224
70.294
70.216
70.132
70.181
70.251
70.436
70.716
70.452
70.699
70.71
70.479
70.345
70.429
70.63
70.792
66.458
62.125
67.787
73.448
73.88
73.769
73.783
73.976
74.067
73.944
74.675
74.991
48.708
49.331
49.556
49.78
54.937
60.093
60.49
60.87
60.771
60.671
60.189
60.471
60.709
61.496
61.749
62.42
62.319
62.124
62.34
62.388
61.995
62.247
62.464
62.287
62.312
62.566
62.647
62.57
62.191
73.997
73.954
61.235
61.413
61.592
61.564
64.596
67.628
67.18
67.101
72.578
71.461
70.716
70.471
70.382
70.439
70.365
70.196
70.267
70.116
70.067
69.854
70.06
69.912
70.023
70.045
70.081
69.677
69.225
68.957
68.353
67.548
67.312
67.037
67.07
67.075
74.34
74.338
70.765
67.192
67.156
67.202
61.864
56.526
55.677
55.436
55.194
67.496
67.316
67.13
67.187
65.105
70.041
74.977
75.461
72.465
69.468
69.736
52.027
50.756
69.998
70.123
52.419
52.473
55.051
57.63
57.9
58.408
58.535
71.973
71.93
71.928
72.181
72.25
72.054
71.858
71.943
72.029
78.95
78.903
71.724
71.684
71.741
71.805
71.843
71.804
71.948
72.028
71.98
72.003
71.957
71.991
71.988
71.987
72.001
72.038
71.996
56.229
56.503
57.482
58.461
51.169
50.959
50.736
51.124
51.388
51.643
51.161
71.912
71.887
51.648
51.038
51.327
72.083
73.616
73.724
72.615
72.206
71.797
71.793
71.788
72.243
72.546
73.032
73.662
73.832
73.86
73.887
73.856
73.7
73.59
73.461
73.505
73.579
73.604
73.617
73.622
73.827
73.912
74.005
74.119
73.928
73.617
73.466
60.836
60.537
60.116
59.974
60.344
72.148
72.159
72.036
72.05
72.14
72.077
72.04
72.001
71.932
71.958
71.931
71.879
71.815
71.906
72.042
72.135
72.118
72.12
72.069
71.973
71.837
71.681
71.829
60.317
60.324
59.609
52.384
44.15
44.669
44.394
44.12
44.338
42.962
46.656
45.988
45.59
58.206
57.672
57.843
58.013
57.705
58.045
58.385
58.127
57.868
58.189
59.209
60.229
57.118
46.201
46.033
58.465
58.272
59.283
60.294
59.613
58.933
60.069
59.464
58.013
59.348
46.255
45.998
59.82
57.84
58.632
58.587
58.541
58.778
59.015
57.736
58.136
76.974
77.144
77.078
70.152
69.91
69.958
69.845
70.028
69.973
58.847
58.894
58.522
57.993
57.463
57.454
57.289
57.282
57.274
58.33
58.323
58.317
46.185
45.966
46.034
46.183
46.068
45.953
46.097
46.421
46.745
48.222
49.698
58.018
58.962
59.906
60.38
59.564
60.063
59.867
60.252
60.183
60.032
60.219
59.692
60.194
60.076
60.289
60.019
60.089
59.918
59.928
60.224
60.182
77.144
77.26
77.21
77.161
77.104
77.096
77.115
77.115
57.493
57.185
63.089
68.994
68.053
69.473
70.894
63.995
64.146
63.987
64.113
63.995
64.122
64.053
64.071
64.067
64.088
64.097
64.1
64.053
64.04
49.21
49.041
48.951
49.158
48.885
49.423
47.8
63.387
63.112
63.186
63.17
70.076
70.003
