44.128
43.732
56.169
68.319
68.649
68.675
68.775
68.946
69.112
69.278
69.171
56.93
56.203
55.684
45.236
45.173
45.109
44.187
43.595
55.237
67.656
67.814
68.038
68.199
68.224
68.205
68.103
67.928
67.591
44.038
44.024
68.856
69.713
69.957
70.121
77.328
77.648
78.044
78.441
78.672
78.783
78.51
78.101
77.19
76.453
75.716
75.445
75.545
75.747
75.889
75.98
72.412
68.843
68.775
68.706
68.571
68.435
54.843
49.144
48.843
68.975
69.018
68.994
68.973
69.014
69.13
69.246
66.001
66.055
65.983
66.038
65.945
65.936
66.014
65.936
66.002
70.037
68.566
68.189
66.717
65.246
60.219
55.191
54.386
54.59
68.994
68.984
69.018
68.919
68.965
69.366
68.92
59.453
49.986
52.2
48.585
49.1
49.615
49.241
48.867
55.352
56.079
56.264
57.378
57.2
56.813
57.178
57.543
56.389
55.234
54.557
53.879
49.105
49.161
49.337
49.293
48.323
51.835
59.182
59.085
59.531
59.64
47.584
48.528
59.023
59.145
59.988
60.812
73.518
73.985
74.111
73.953
61.659
61.385
61.229
61.099
61.191
61.035
61.487
61.646
61.12
44.628
44.817
45.385
44.877
45.052
45.697
44.621
44.576
53.056
53.813
53.199
52.586
52.421
52.257
48.791
49.979
49.964
49.948
50.052
50.155
52.033
47.447
58.242
53.658
49.073
47.53
50.607
48.775
46.944
45.509
44.805
46.698
47.375
47.007
46.886
46.775
47.098
46.942
46.707
47.061
47.096
46.908
46.925
46.803
46.94
47.003
46.862
46.966
46.97
47.066
47.019
46.374
64.364
64.3
46.821
47.677
46.299
47.105
47.164
47.063
46.962
59.178
55.338
65.253
58.129
51.005
48.233
48.421
46.42
45.466
54.527
52.984
43.142
43.893
46.688
47.396
47.018
46.887
47.694
47.045
46.379
47.831
47.128
46.521
47.111
47.268
47.197
47.015
46.955
47.145
46.893
56.03
56.616
57.132
56.797
56.461
57.046
57.631
58.529
58.588
59.235
59.399
59.41
59.313
46.876
46.891
46.867
46.787
47.141
47.141
47.19
47.238
47.05
46.862
47.029
47.206
46.736
46.843
46.949
69.224
69.035
68.784
68.788
68.913
68.937
68.933
68.925
68.856
56.559
56.495
56.403
55.894
55.696
55.499
67.094
67.132
67.217
67.146
67.238
67.712
68.187
68.596
55.966
52.496
52.168
52.24
51.543
51.18
52.628
52.945
52.895
52.844
52.961
53.078
53.117
53.157
53.026
52.362
51.699
52.594
67.604
75.166
75.359
75.304
75.17
75.144
75.165
75.165
75.096
74.91
74.931
74.913
74.842
74.531
74.169
74.15
67.341
67.716
67.996
68.276
68.357
50.401
49.913
47.824
48.226
48.629
48.395
52.099
52.914
52.295
50.302
49.442
48.957
52.292
52.5
51.998
50.858
51.056
52.027
52.437
52.305
51.686
49.717
50.902
53.211
65.323
65.664
52.633
52.135
52.635
52.009
51.384
54.082
53.459
52.836
51.179
51.627
52.371
65.197
65.584
66.05
66.462
66.634
66.611
66.209
65.807
54.067
53.676
53.83
53.955
49.364
50.771
52.177
52.043
51.908
70.268
69.869
69.697
69.619
69.5
69.245
68.853
48.748
48.642
52.419
52.88
51.976
50.344
70.376
71.139
71.771
72.273
60.093
70.431
66.196
61.961
61.912
61.931
59.075
57.387
51.214
56.972
62.729
74.019
74.08
74.065
74.023
73.917
73.991
74.125
74.144
73.984
73.752
61.404
60.609
59.792
60.087
60.086
60.305
60.507
60.731
60.876
60.981
60.859
60.84
44.956
45.052
44.754
45.219
45.003
44.105
58.403
77.658
77.996
78.147
78.23
63.718
49.205
50.74
52.275
51.106
44.661
43.033
44.013
43.93
43.607
43.563
43.287
43.341
43.783
44.236
43.945
