62.46
62.645
48.924
49.139
48.829
48.01
48.273
65.72
65.553
55.789
46.026
47.404
45.941
46.066
45.699
46.024
68.042
68.137
67.78
47.849
47.717
49.424
51.131
59.655
61.199
62.743
75.322
75.754
75.857
76.142
76.095
76.067
76.499
57.819
61.505
65.191
64.708
65.834
77.618
77.745
77.795
77.785
77.775
77.767
65.464
60.735
59.783
58.831
57.538
57.126
56.713
67.32
67.589
67.672
67.588
67.504
67.639
67.766
67.687
67.353
48.365
44.191
43.694
46.584
44.995
43.406
44.38
67.621
67.751
67.963
68.238
68.326
68.379
68.603
50.64
48.779
68.8
68.973
69.176
69.468
69.661
69.682
69.604
69.624
69.566
66.041
65.752
65.781
65.745
65.866
65.848
65.677
65.834
65.748
65.583
65.794
65.832
65.638
65.527
65.306
63.821
58.883
58.127
58.719
67.824
63.982
64.923
65.865
66.558
66.822
66.721
66.859
66.829
66.653
67.385
48.82
56.979
51.047
57.625
64.203
65.776
66.161
65.756
65.647
65.559
65.394
65.734
65.846
49.596
56.294
50.812
56.823
62.835
63.09
65.602
76.619
76.324
76.122
76.189
76.373
76.547
76.625
76.664
76.703
76.658
76.426
76.57
76.407
76.389
76.536
76.254
73.146
73.01
72.875
73.045
60.458
58.629
58.098
56.102
54.107
61.156
61.101
80.822
80.512
80.579
80.895
81.115
81.364
81.55
81.762
81.833
56.851
58.309
66.611
74.914
81.87
81.792
81.723
78.055
74.388
74.025
76.496
62.902
49.307
49.319
49.331
48.873
49.009
62.01
75.012
74.803
74.594
74.506
74.646
61.974
49.302
49.292
72.179
72.212
72.128
72.044
66.928
67.69
80.207
80.272
80.058
80.346
80.68
81.073
81.318
81.373
81.428
76.298
76.27
76.624
76.978
68.14
69.315
68.403
68.125
68.034
68.034
68.107
68.032
48.645
58.033
67.42
67.04
66.661
66.042
66.357
65.82
66.218
65.945
65.938
66.098
65.857
48.093
49.256
66.132
65.466
65.327
77.591
77.905
78.016
78.091
78.121
78.168
78.184
78.094
77.954
77.831
82.134
82.031
81.982
81.804
81.717
77.219
77.223
77.189
77.127
77.128
77.128
77.106
77.028
59.21
57.285
65.153
65.239
77.764
78.038
77.96
77.802
77.801
77.788
77.777
77.802
77.823
77.622
56.253
69.195
62.929
56.664
61.666
66.668
78.146
78.065
77.95
77.876
77.902
78.007
78.356
78.704
73.239
67.773
68.087
68.281
68.357
68.103
67.923
67.886
67.842
67.749
67.576
67.664
64.719
64.316
48.142
47.697
46.673
55.817
64.961
64.13
62.323
60.517
60.478
59.996
60.476
60.348
60.212
66.105
71.997
72.109
72.125
72.142
75.262
76.333
76.621
76.702
77.253
77.711
78.202
78.367
48.6
45.677
47.58
50.083
47.635
56.316
64.997
64.599
64.709
64.874
64.965
64.99
64.788
48.683
49.168
48.325
47.481
60.788
60.743
75.434
74.947
74.69
74.664
74.742
74.676
74.611
74.635
75.795
76.955
72.312
72.768
50.888
50.992
50.997
51.108
51.218
51.059
50.9
50.956
51.012
57.965
