56.562
63.921
63.916
71.033
71.004
70.967
59.219
59.063
59.084
59.849
58.788
59.048
59.081
59.126
59.002
54.294
53.236
52.726
64.558
64.268
63.771
52.992
53.791
54.447
53.074
63.762
64.078
63.994
63.567
63.14
63.712
63.719
57.882
58.519
54.616
54.127
53.623
76.479
76.26
52.63
52.261
51.811
52.785
51.984
52.623
53.263
52.907
52.552
51.596
54.091
56.587
65.845
72.351
71.895
71.975
72.218
72.551
72.902
73.218
73.364
73.403
73.31
73.255
73.193
66.071
65.907
65.736
65.959
66.263
52.611
50.105
51.226
51.006
50.828
51.097
50.785
51.093
50.448
66.162
66.374
66.283
66.171
65.937
65.952
65.876
65.988
66.015
65.974
66.006
66.009
66.044
66.134
66.08
66.044
65.962
65.911
65.831
65.798
65.868
65.95
65.743
61.405
61.235
64.387
67.539
73.53
73.398
72.898
72.769
72.777
72.863
72.922
72.879
65.425
65.966
66.053
66.006
61.084
60.706
56.962
60.16
60.224
60.288
61.444
61.679
60.595
52.225
56.875
54.263
56.602
54.304
52.006
50.561
51.668
51.148
50.789
51.669
57.789
50.543
43.297
45.003
44.737
44.987
44.942
65.838
65.87
66.059
66.163
66.239
66.032
65.994
51.548
58.704
65.861
66.042
66.273
54.73
54.959
55.728
55.676
55.638
56.281
55.17
55.126
49.401
58.383
56.723
55.063
55.431
55.613
55.739
67.485
67.494
61.585
55.677
55.741
55.806
55.759
56.046
55.744
55.467
49.602
43.737
43.767
49.684
55.6
55.529
55.639
61.488
67.337
67.319
61.409
55.498
56.236
55.7
56.074
55.681
55.852
43.878
43.93
43.941
44.079
44.475
44.283
44.091
43.622
44.009
43.841
44.026
43.993
43.959
43.963
43.97
44.038
44.025
43.879
43.882
44.014
43.968
44.161
43.9
43.847
44.085
44.005
43.971
44.168
43.996
44.978
44.532
44.085
44.24
44.395
43.961
43.87
43.829
43.877
44.046
44.022
43.884
43.86
43.553
43.245
50.16
63.116
62.702
62.86
63.105
62.704
63.074
62.924
62.95
62.967
62.946
62.972
62.914
63.005
62.869
62.941
65.545
68.148
68.041
74.968
74.985
74.887
74.803
74.695
74.575
55.034
64.63
74.225
73.991
73.963
67.008
54.954
63.002
62.531
62.06
70.98
71.018
71.028
71.037
71.055
62.321
57.033
51.744
51.946
51.667
51.764
50.84
50.811
50.782
63.584
63.753
63.662
63.537
63.637
50.245
49.795
48.763
49.889
48.293
49.571
48.085
49.637
48.601
49.356
63.619
64.278
64.095
64.041
63.905
64.034
63.895
63.986
64.068
64.041
64.001
64.004
63.994
49.218
48.167
51.709
55.252
55.149
54.822
54.509
54.639
54.266
54.521
55.372
55.483
55.432
56.346
56.339
56.194
56.334
56.406
56.034
55.978
55.979
55.978
55.912
55.768
55.677
55.759
55.863
56.022
55.896
55.741
74.81
74.766
74.729
74.612
74.616
74.576
74.624
74.714
74.804
51.805
63.29
74.775
74.674
74.696
55.999
56.304
56.043
55.861
55.804
56.225
56.361
54.415
51.144
57.491
63.838
64.056
63.933
63.949
63.993
