53.948
53.895
53.977
54.041
54.05
53.889
54.067
54.03
54.012
53.989
54.006
54.01
53.946
53.991
54.002
54.02
53.932
54.008
53.999
54.005
54.02
53.993
53.947
53.989
53.994
53.981
53.941
52.559
46.074
46.384
46.934
46.901
47.176
47.033
47.057
47.691
47.365
46.889
48.867
60.065
61.305
60.95
60.075
60.056
60.037
59.783
59.693
59.603
59.616
59.63
59.477
59.41
59.343
55.539
55.507
59.309
57.334
59.314
59.576
59.123
58.669
57.27
48.343
46.76
49.908
52.771
55.634
51.67
47.707
49.704
48.204
46.704
50.062
56.328
57.34
55.851
55.231
56.327
57.555
55.848
55.583
55.848
56.114
56.956
45.861
44.45
45.026
45.601
45.116
44.631
54.431
54.183
54.224
53.512
54.061
54.338
54.615
54.623
54.631
54.408
54.186
54.154
53.977
54.165
53.829
54.19
53.673
53.805
53.344
53.506
53.312
53.658
53.823
54.784
54.374
54.448
54.558
54.271
54.539
54.237
54.022
53.781
53.207
53.219
53.14
53.097
53.457
53.817
53.927
54.037
53.984
53.931
53.722
43.9
43.632
43.594
43.789
46.767
49.745
48.959
55.026
55.09
54.647
54.204
54.588
54.405
54.09
54.063
53.743
66.638
67.386
67.468
67.475
67.824
68.043
68.025
68.21
56.762
56.998
56.771
69.337
69.482
69.275
69.179
69.082
69.113
69.154
69.436
69.38
57.112
57.915
58.066
58.398
58.903
58.884
45.941
52.468
47.822
53.577
59.331
59.155
44.174
44.034
58.768
58.87
64.914
70.957
71.261
71.468
70.883
78.006
78.008
77.952
77.95
77.946
77.905
78.026
78.271
58.394
57.456
58.79
59.248
60.858
61.087
61.106
61.115
61
61.007
59.659
58.312
46.103
46.122
45.94
46
46.574
45.634
60.651
60.991
61.313
61.409
61.419
61.389
61.309
61.057
59.879
64.943
70.008
70.01
70.018
69.989
70.015
69.957
60.545
61.29
61.202
60.618
72.891
72.419
72.452
60.389
60.956
61.109
61.189
61.073
58.714
58.14
57.983
57.905
57.799
57.898
58.087
57.763
58.074
58.001
58.064
57.953
57.9
58.08
58.078
58.106
57.974
57.774
57.778
58.011
57.014
67.005
66.741
66.876
67.051
66.958
66.573
66.221
66.072
65.923
66.474
45.708
44.16
46.904
46.609
46.314
45.96
45.831
46.029
45.896
45.902
45.727
46.079
46.058
45.183
75.683
75.409
75.393
75.188
75.156
75.172
75.398
75.834
76.28
76.627
76.813
76.895
76.901
76.845
76.774
76.804
76.884
76.942
77.007
77.088
63.433
64.343
64.007
64.536
65.629
65.982
77.852
77.8
77.773
77.697
77.615
77.585
77.586
77.535
77.627
77.738
77.775
77.755
65.682
65.355
64.706
64.263
63.18
61.979
61.583
61.046
61.296
61.635
62.215
62.339
62.406
62.58
62.74
62.728
62.626
62.568
62.444
62.36
62.398
62.356
62.323
62.736
63.066
63.277
63.167
62.993
62.766
62.467
62.459
62.406
62.35
62.412
62.864
63.094
62.857
62.896
62.654
62.326
62.139
61.872
61.957
61.96
62.351
62.696
62.924
62.951
46.188
53.998
61.808
61.998
62.382
62.611
62.608
62.686
62.593
62.635
43.449
42.982
44.285
45.587
62.849
62.968
62.738
47.13
47.151
47.062
46.972
46.992
46.924
46.921
46.893
47.582
47.008
46.775
46.773
47.085
47.034
46.935
46.808
47.043
47.101
46.977
46.844
46.978
