58.563
71.162
71.053
71.334
71.299
71.291
45.156
46.372
45.649
45.96
47.004
46.717
46.903
46.991
46.671
76.069
76.005
75.983
76.006
76.03
60.359
60.86
58.468
59.307
58.646
63.859
63.959
63.935
63.944
63.953
64.007
63.966
63.971
45.014
45.178
45.211
45.081
44.951
45.815
60.848
60.956
60.786
60.7
60.613
45.186
45.376
45.394
45.399
44.755
44.615
59.369
60.345
60.399
60.453
60.465
60.478
45.242
45.14
45.016
44.893
61.046
60.876
60.878
60.879
61.024
61.067
60.811
61.001
60.894
60.985
60.905
60.944
60.811
60.99
60.908
61.127
60.832
61.145
60.776
61.091
60.97
60.882
61.042
60.819
44.847
44.911
46.509
48.106
60.781
61.092
60.852
61.082
61.056
60.895
61.139
60.95
61.222
60.975
60.987
60.654
60.321
52.108
51.941
52.093
51.918
52.078
52.073
51.935
51.619
64.751
64.85
52.346
52.462
52.485
72.094
72.03
57.876
53.103
45.827
44.771
44.994
44.762
44.702
68.74
69.173
69.55
69.683
69.691
69.667
69.727
69.726
69.727
56.675
43.109
43.027
54.843
54.379
41.84
42.033
57.839
59.255
71.398
71.703
71.96
72.264
72.655
72.911
73.152
61.222
60.712
57.75
41.281
42.696
74.256
73.522
80.363
80.246
80.26
80.179
80.132
80.117
80.002
72.703
72.185
57.637
53.179
54.101
55.231
53.788
60.784
60.217
60.365
60.522
60.576
60.533
60.455
60.376
59.726
59.076
59.889
59.758
59.042
37.041
49.172
61.302
61.416
61.488
61.648
73.887
73.819
61.812
62.008
61.952
61.939
61.867
61.499
60.831
57.506
54.18
41.509
41.635
52.949
59.747
59.169
59.184
59.687
59.993
60.381
60.428
60.555
60.653
60.516
59.914
59.106
54.122
54.729
42.448
42.472
42.468
58.335
57.933
57.991
58.119
57.853
58.304
58.519
58.291
55.99
53.69
51.929
52.416
54.598
54.063
56.544
55.86
56.234
56.321
56.709
56.619
57.921
56.799
49.682
48.97
49
49.114
48.726
49.295
48.885
49.313
56.889
56.983
57.347
57.711
58.474
58.606
58.817
59.248
59.392
59.906
60.064
60.186
60.428
60.547
60.686
60.792
60.941
60.998
61.099
61.057
61.118
60.903
60.909
60.931
60.836
60.534
48.026
47.389
44.213
41.038
39.348
48.215
48.167
73.013
73.036
73.043
73.062
73.042
73.011
73.016
73.188
73.454
50.399
49.574
47.73
52.171
52.142
79.29
78.755
78.71
78.776
78.896
75.495
72.093
72.051
72.162
60.066
52.791
45.516
53.483
61.449
61.637
61.657
61.892
61.884
61.852
61.912
61.843
61.621
61.254
61.697
61.512
47.076
46.835
46.86
46.958
46.813
47.022
59.78
59.289
59.275
59.271
59.048
59.194
59.522
59.727
60.03
60.718
60.821
61.044
61.096
61.079
61.065
60.868
60.902
61.101
60.861
60.864
51.62
52.481
51.955
52.131
51.723
51.899
51.852
52.012
52.121
52.026
52.127
51.896
51.712
51.747
52.336
51.226
49.451
47.676
47.158
46.991
46.62
47.072
46.968
46.958
46.697
46.963
46.942
46.822
46.885
46.681
47.53
