52.749
48.058
45.301
46.707
56.486
57.601
57.212
46.752
48.001
47.8
45.667
45.03
47.263
76.888
76.811
69.821
69.734
57.935
57.954
57.996
70.145
70.398
70.278
70.101
70.164
70.008
70.224
70.373
49.925
50.165
49.507
56.771
57.469
58.167
58.839
83.441
84.042
79.451
79.817
79.989
80.044
80.119
73.16
61.787
62.745
56.791
50.837
51
51.836
58.321
58.401
58.896
58.713
58.531
58.206
58.009
59.224
68.662
68.8
60.389
56.785
56.177
56.101
56.025
55.984
56.212
56.383
56.692
56.495
57.531
58.567
58.566
68.761
66.897
66.228
66.064
66.093
65.925
63.897
63.101
51.815
51.745
56.365
56.664
56.971
56.738
56.296
56.679
56.597
56.673
56.822
56.872
56.976
56.881
56.946
57.077
57.161
57.014
56.711
56.813
45.786
47.078
48.37
46.932
46.491
45.382
44.273
46.635
48.997
66.167
65.175
53.082
52.923
53.147
53.842
49.374
50.472
49.311
50.003
49.824
48.429
48.382
44.096
42.301
38.769
45.498
52.226
53.107
53.291
53.476
53.816
52.629
56.894
61.158
62.3
50.143
50.072
64.365
63.744
50.012
50.124
49.661
49.199
50.689
52.18
47.698
48.844
49.991
55.248
51.895
56.353
60.811
60.558
51.263
50.325
50.314
50.964
50.067
48.183
46.3
51.368
64.059
70.62
70.579
70.65
66.653
66.768
66.756
53.987
54.136
65.71
55.74
64.385
73.029
72.921
66.476
66.55
66.53
58.134
48.829
56.976
65.124
65.836
65.872
65.39
65.652
61.091
62.91
51.174
51.987
52.114
51.389
53.209
64.235
64.263
72.934
74.751
76.568
67.135
57.701
50.273
49.22
49.336
49.452
48.729
48.006
49.397
50.789
50.719
50.88
50.461
48.111
55.977
63.844
63.532
65.406
67.279
63.02
66.057
69.093
69.592
69.079
68.997
69.145
69.254
69.434
69.599
53.988
41.393
41.796
41.501
41.654
56.266
57.447
69.666
69.675
69.584
69.583
69.504
64.127
61.074
56.423
57.681
56.839
56.556
60.537
72.789
73.085
73.288
73.753
74.32
74.741
74.85
74.576
62.934
62.557
62.592
62.598
72.524
71.864
77.721
77.223
77.057
70.228
70.235
70.355
62.88
67.62
72.361
72.6
70.624
68.648
69.479
68.19
74.929
79.569
79.466
79.533
79.573
79.682
74.791
74.774
67.824
67.201
67.281
67.023
66.433
66.192
66.253
66.314
66.116
67.301
64.659
66.914
69.169
69.187
69.029
68.775
68.671
68.636
68.794
68.931
69.235
69.294
69.134
69.087
56.877
56.642
56.758
56.884
56.988
57.2
57.335
46.734
44.861
45.722
54.939
55.06
50.552
49.823
49.093
50.848
51.313
51.778
52.316
52.854
52.173
51.002
50.939
47.89
44.841
44.498
61.873
61.773
60.678
65.515
65.632
65.656
54.795
54.437
54.392
51.54
51.746
52.493
51.428
56.145
60.863
62.625
64.585
64.449
64.313
63.803
63.167
62.532
51.717
49.376
50.362
49.423
47.374
49.255
51.135
49.504
55.047
60.591
60.617
60.71
55.056
51.521
50.579
50.543
49.863
49.434
46.943
48.794
64.281
70.589
70.574
70.648
68.739
66.83
58.639
53.904
52.904
53.684
53.865
50.98
52.341
63.899
63.591
51.888
52.145
51.897
52.391
52.813
63.412
64.164
67.607
67.924
65.896
63.607
61.848
51.406
