65.845
65.245
65.563
65.882
60.225
61.416
60.842
63.507
53.72
58.897
64.073
63.779
43.553
43.949
44.046
43.943
43.962
43.94
44.084
44.035
44.048
43.893
43.695
63.835
63.711
64.055
64.08
64.135
64.068
64.074
61.848
59.623
61.564
62.816
62.841
74.78
74.472
73.634
73.449
73.667
74.182
74.524
74.822
75.031
75.149
63.397
63.54
63.536
59.019
51.848
52.419
52.991
59.481
57.069
54.657
53.471
75.297
81.944
81.836
81.662
81.64
81.656
81.82
74.97
75.069
75.268
63.492
62.788
55.268
47.749
46.426
46.861
47.296
74.923
74.918
74.611
74.284
74.247
74.293
74.611
63.017
58.733
58.569
58.984
61.909
61.69
62.251
63.208
62.833
62.57
62.472
62.487
62.572
62.97
63.107
63.704
63.481
63.242
63.004
62.736
57.865
60.4
59.664
58.928
53.484
56.16
58.837
58.964
66.863
74.761
80.897
80.256
79.869
79.668
79.613
79.653
79.598
79.542
59.685
59.392
58.769
59.027
58.228
58.048
57.868
53.961
62.503
71.046
71.111
71.033
71.032
71.094
71.643
72.192
78.937
78.808
78.68
78.529
66.297
54.066
56.334
58.603
58.947
58.799
59.259
59.062
59.348
59.634
58.756
73.213
73.305
73.419
53.806
56.105
58.404
58.494
51.921
45.347
46.433
57.749
58.525
58.373
58.222
57.611
58.378
58.635
58.005
69.83
69.988
70.1
58.119
58.179
58.356
58.532
58.128
57.724
57.952
57.222
57.05
56.878
62.84
60.774
58.708
57.358
58.067
57.781
57.781
58.374
58.135
57.555
55.128
61.504
58.988
63.762
65.01
66.259
66.055
66.058
66.061
65.949
65.836
65.886
65.816
59.65
57.731
57.134
65.893
65.836
65.987
65.911
57.533
58.825
66.02
66.034
65.937
65.929
65.921
66.203
65.925
65.888
66.124
65.899
65.985
65.987
66.01
66.032
65.78
66.2
65.901
58.394
58.311
58.577
58.214
58.012
57.81
57.867
58.013
57.736
58.791
58.036
76.713
76.836
70.066
70.328
70.913
71.062
71.151
71.307
71.284
71.132
70.916
70.755
70.913
71.447
57.556
52.432
51.231
54.314
57.396
51.093
61.007
52.658
61.876
53.119
44.362
44.105
43.913
43.947
43.754
44.138
71.399
71.555
44.065
44.006
44.069
44.035
43.965
43.928
44.048
71.695
71.452
43.9
43.94
70.734
70.713
57.121
44.194
43.934
44.218
44.091
44.071
71.917
72.072
78.648
78.601
78.332
78.174
78.175
78.137
43.922
44.096
44.117
43.993
43.971
43.997
44.069
44.073
43.933
43.837
44.042
44.117
74.694
73.742
80.38
80.173
80.033
80.013
80.13
80.228
80.278
80.349
80.282
80.191
72.736
71.296
43.98
43.849
44.044
43.805
43.986
44.167
78.392
78.014
77.79
77.928
71.029
71.325
72.291
67.489
62.686
63.93
65.266
77.938
78.134
77.994
77.869
77.925
77.919
77.764
77.293
76.981
58.877
58.699
42.976
43.545
75.514
75.515
75.413
75.206
75.244
75.161
75.057
75.474
66.195
57.767
59.879
61.991
62.278
62.6
62.015
73.709
73.548
73.23
73.068
73.147
61.52
61.47
60.706
61.707
54.15
53.347
54.369
53.862
74.822
74.602
73.741
80.343
80.042
79.994
80.308
80.475
73.743
74.072
74.627
74.893
75.017
75.116
75.083
74.956
74.791
74.672
74.65
74.636
74.656
74.744
74.777
74.714
74.687
74.848
74.783
74.693
74.256
74.897
75.538
46.521
46.922
46.974
46.933
47.126
58.856
75.142
75.254
75.198
75.142
58.709
58.622
58.535
66.824
62.585
58.346
