62.718
63.269
62.548
62.745
47.166
46.677
50.425
54.172
61.69
62.234
62.134
62.035
53.98
53.976
53.993
53.953
53.885
53.898
54.131
48.997
43.863
44.215
43.933
44.197
43.977
44.03
43.988
43.995
43.994
43.998
43.574
59.394
57.844
58.249
46.456
47.147
46.69
46.895
46.927
46.95
46.973
48.359
48.219
48.078
48.001
47.923
46.067
47.709
47.538
46.332
47.938
47.204
46.196
47.738
47.667
46.285
47.402
46.886
47.488
48.091
46.517
47.651
47.786
47.022
47.198
47.575
47.702
47.828
47.893
47.959
53.954
54.12
54.134
43.838
43.126
43.401
43.813
44.191
44.13
44.107
43.955
44.101
44.051
43.852
44.163
44.052
44.099
44.08
43.999
44.171
67.201
74.325
74.315
74.262
74.379
74.445
74.555
74.625
74.771
74.886
75.002
67.992
68.009
68
67.855
67.611
67.497
67.437
67.475
67.216
63.893
60.569
54.365
53.527
54.53
54.376
53.516
53.883
51.875
51.789
51.032
51.458
51.652
51.536
50.986
51.67
50.559
51.005
61.354
60.68
60.916
61.59
60.828
60.541
60.556
61.433
69.136
69.104
68.987
69.001
69.018
69.011
68.785
60.468
60.617
60.766
51.801
51.043
51.744
68.788
69.427
69.285
51.798
51.306
51.534
50.936
61.342
60.559
60.866
60.707
56.133
51.559
50.827
61.328
60.856
61.174
60.695
60.967
61.194
61.421
61.442
61.463
61.378
61.205
61.031
61.085
60.955
60.822
56.724
58.829
60.933
61.094
61.349
49.735
50.37
49.154
52.145
52.254
50.886
49.518
60.476
61.024
61.078
49.189
49.28
48.963
49.009
49.796
50.034
52.702
51.685
51.068
50.451
58.976
58.859
49.237
46.534
46.634
48.842
48.615
48.388
51.379
49.95
48.52
48.222
47.924
46.815
46.955
47.095
46.817
46.849
46.959
47.05
46.984
46.965
47.038
46.963
46.962
46.928
46.879
46.838
46.798
46.79
47.016
46.963
46.91
46.904
46.898
47.171
47.512
46.915
46.849
47.172
60.538
60.308
60.609
58.312
59.448
72.134
61.874
51.614
51.226
50.991
58.381
54.421
50.461
49.869
49.7
49.531
50.725
51.918
57.538
63.158
63.016
51.593
50.388
64.203
64.668
64.981
65.081
72.054
72.087
72.071
71.916
71.851
71.677
71.674
71.403
52.636
53.012
52.361
51.245
50.952
50.904
51.979
53.053
53.25
53.446
53.986
53.489
53.604
53.316
53.696
53.243
53.486
51.842
58.762
58.772
62.825
66.878
67.2
66.727
73.67
73.44
73.352
73.215
73.111
73.142
73.114
73.051
73.113
73.275
73.393
66.329
66.685
67.043
67.137
67.368
67.541
67.366
67.409
67.477
67.544
67.673
67.967
68.126
68.229
68.204
68.05
67.815
67.699
67.612
67.568
67.703
67.726
67.505
67.134
54.756
53.935
53.202
64.825
64.518
58.392
59.05
58.978
59.047
70.913
70.948
71.024
64.418
67.898
59.813
51.729
51.657
51.579
57.458
63.338
63.487
57.326
51.165
51.15
51.159
63.423
63.319
66.988
70.657
71.036
70.987
70.967
70.994
70.941
70.928
70.915
66.561
66.738
66.609
66.504
66.636
66.541
66.542
73.617
73.622
73.846
74.381
74.307
74.198
74.255
55.785
56.166
56.17
75.473
75.743
75.879
56.246
50.842
53.381
55.921
55.785
55.864
55.954
55.741
55.625
55.792
55.843
74.539
74.44
74.41
52.314
53.91
55.506
55.567
55.936
56.063
55.349
64.27
63.973
63.675
63.542
41.015
40.467
59.086
59.136
59.036
64.322
64.183
58.938
58.985
58.964
59.179
70.978
70.962
71
63.904
63.984
58.997
59.048
58.897
58.978
59.117
59.083
59.357
59.044
40.576
40.63
40.225
