43.927
44.927
46.21
47.68
52.548
52.978
52.069
50.656
66.111
66.058
66.005
66.042
65.98
65.974
65.968
65.965
65.991
65.999
65.928
65.961
65.963
65.947
65.952
65.911
63.249
62.872
63.067
63.068
63.037
62.883
62.913
62.94
67.967
72.993
72.944
72.984
72.972
73.074
61.511
60.958
60.762
61.185
61.173
73.013
73.001
72.985
72.991
73
65.96
50.66
50.328
49.969
49.61
50.305
50.14
50.165
50.107
61.351
62.076
63.063
62.872
62.753
63.072
63.22
62.329
49.951
50.614
50.958
51.541
51.123
62.95
62.952
62.666
62.995
50.618
50.423
50.555
50.739
50.925
50.878
50.83
50.878
50.702
50.914
70.067
69.925
70.015
69.98
78.065
77.989
78.053
78.049
78.127
78.06
78.024
78.032
77.992
77.979
78.013
78.016
61.756
61.718
61.68
69.824
77.968
77.981
77.973
77.993
77.995
69.966
69.97
69.952
69.995
69.96
78.002
77.986
62.815
62.988
62.747
62.669
77.949
77.963
77.971
77.965
77.951
77.938
77.888
73.898
69.908
69.934
77.925
77.948
77.922
61.419
60.542
61.145
77.942
77.962
77.98
77.962
77.945
77.937
77.923
77.904
62.921
62.574
63.084
62.963
62.75
62.953
62.943
62.75
62.864
62.96
62.931
77.972
77.934
77.937
77.941
77.93
77.937
77.802
66.249
66.045
66.073
66.09
65.757
51.644
50.866
50.619
50.314
55.957
61.599
61.627
62.411
50.073
50.17
49.942
66.007
65.903
65.895
65.889
65.801
53.171
51.761
50.738
49.795
49.243
65.932
65.877
65.95
65.921
49.656
49.62
48.892
48.956
48.794
48.851
49.172
48.947
48.958
48.699
49.73
65.984
65.955
65.914
65.952
65.903
65.942
65.861
65.879
66.943
68.008
67.235
61.159
63.948
66.736
74.665
75.008
75.323
75.727
75.806
75.859
76.003
69.009
68.702
68.606
68.925
69.139
69.576
69.869
57.785
57.127
74.887
74.963
74.873
74.947
65.858
65.958
65.826
67.082
67.274
67.113
67.542
67.519
67.357
65.113
62.868
62.928
62.912
64.433
65.953
66.082
58.355
57.147
56.574
56.42
56.267
75.266
75.068
74.985
74.948
74.972
74.903
74.902
74.774
74.636
74.574
67.747
67.75
67.704
67.704
67.663
66.232
64.571
62.91
71.941
71.94
71.991
71.877
71.948
52.043
51.857
51.828
51.662
51.788
51.624
51.518
51.553
51.191
51.325
51.206
51.346
51.265
51.07
51.131
50.971
50.983
62.9
62.935
62.858
63.068
62.99
62.99
62.852
62.82
62.951
62.912
59.396
71.905
84.414
84.217
84.445
82.894
81.343
51.397
50.718
50.206
49.855
49.461
49.324
49.221
49.441
49.638
49.661
50.093
50.654
50.444
51.139
51.29
51.413
63.056
63.058
63.07
63.044
63.152
63.147
63.203
63.037
62.955
62.919
62.978
62.961
63.043
62.876
62.94
63.004
62.941
79.965
80
80.027
80.043
80.048
80.144
80.068
80
80.005
79.989
79.989
75.015
75.011
74.982
75.012
74.984
75.039
79.998
79.989
79.998
75.057
75.018
75.005
74.974
74.966
74.954
74.959
74.945
74.961
74.924
79.982
79.949
74.213
68.476
68.444
67.866
67.922
68.061
80.002
80.013
68.112
68.108
67.971
67.965
67.975
67.988
68.002
67.968
68.017
68.138
74.93
74.896
68.066
68.023
68.019
67.975
67.965
67.979
67.935
67.956
67.955
67.951
67.972
67.944
67.925
74.93
74.917
74.95
74.909
74.932
71.391
67.85
69.419
70.987
70.812
71.04
70.977
71.048
70.98
71.037
70.994
70.989
71.011
71.024
71
70.993
71.027
71.001
71.067
71.023
71.109
71.057
71.024
71.071
70.957
71.028
70.983
70.942
64.612
65.254
64.849
64.566
71.552
71.549
71.559
71.43
71.459
71.513
71.296
71.221
71.184
64.224
64.424
52.949
51.959
59.073
58.811
58.904
48.905
48.874
48.78
49.035
49.411
50.296
51.182
51.27
51.357
70.99
70.934
71.019
71.037
70.896
70.755
49.346
49.047
48.971
48.921
48.965
48.815
49.679
53.164
76.55
76.419
76.327
51.603
52.719
51.783
51.995
52.056
51.777
51.816
51.855
64.115
63.903
63.691
63.322
63.078
66.873
70.668
70.369
70.553
70.537
70.544
70.552
70.671
51.842
51.631
82.365
82.129
82.587
63.912
63.946
59.554
62.691
65.828
65.669
65.469
65.232
65.151
65.154
65.275
65.314
65.462
65.51
65.545
65.555
65.362
65.059
64.852
64.417
70.848
70.997
71.024
70.992
64.319
64.397
64.282
64.174
64.018
63.92
63.514
64.473
64.38
64.207
63.629
64.166
64.296
64.137
63.959
63.815
63.906
64.203
64.242
64.223
64.377
68.544
67.789
70.974
70.983
70.968
71.04
71.06
71.074
71.055
71.037
67.993
68.031
68.007
71
71.035
71.053
71.057
71.142
71.088
71.035
71.011
70.987
71.023
71
70.999
70.984
70.994
71.018
71.006
71.011
71.021
71.034
71.076
71.039
