54.675
56.115
54.437
54.5
55.637
54.786
54.393
54
80.724
80.77
80.913
80.965
80.942
80.946
72.208
72.177
72.233
72.189
72.154
72.158
64.619
64.102
64.207
64.304
64.401
70.07
70.099
70.045
65.309
65.323
65.475
65.571
65.238
55.6
54.685
55.348
56.01
64.684
65.469
65.329
65.279
50.381
50.864
51.059
51.143
51.135
50.962
50.854
51.006
51.309
51.031
50.831
50.912
51.275
51.103
51.006
50.874
51.01
51.264
51.005
50.813
50.936
78.45
78.631
51.167
50.834
50.918
50.968
51.018
50.826
51.115
51.117
51.02
50.812
50.683
66.801
78.712
78.704
78.762
78.744
78.773
78.806
78.889
78.847
78.773
78.618
78.179
65.358
64.751
64.323
76.37
83.448
83.396
83.539
83.65
83.688
83.654
83.629
83.644
83.779
83.901
76.928
77.093
57.946
57.886
58.048
58.117
57.924
62.711
67.499
66.97
67.135
67.247
67.279
67.257
67.164
67.103
66.836
66.519
57.646
57.864
57.995
58.127
79.034
79.095
69.983
69.935
69.941
69.956
69.958
70.056
75.033
75.032
74.983
75.032
75.045
74.992
74.994
75.03
74.983
74.935
72.397
69.859
74.268
78.677
78.848
78.969
78.988
78.975
78.898
78.844
78.803
52.75
46.276
47.113
46.151
46.213
46.274
46.733
64.679
64.72
64.923
65.125
64.884
64.846
64.979
64.985
64.809
50.89
50.997
51.248
51.467
57.925
57.788
58.1
58.128
66.575
66.438
66.486
66.478
66.47
66.477
66.484
66.611
48.01
47.94
48.033
48.149
47.941
48.127
48.313
48.027
47.859
79.14
78.73
78.562
78.53
78.54
78.443
78.599
72.573
66.548
66.698
57.188
61.939
54.639
47.34
48.682
54.327
54.941
67.806
79.126
79.083
78.923
78.87
78.735
78.64
78.561
78.625
78.631
78.56
78.599
78.582
78.64
78.815
79.185
68.881
70.141
71.006
71.197
71.388
71.349
71.951
72.317
72.627
73.104
73.723
74.231
74.46
74.344
74.228
73.858
73.066
69.136
68.985
68.939
68.876
53.173
53.257
83.825
83.546
83.342
83.331
83.322
83.33
83.437
83.58
83.453
83.434
83.507
83.54
83.657
83.709
83.87
52.458
52.605
52.643
69.069
69.097
69.088
69.115
69.117
69.082
69.067
69.101
69.08
69.084
69.053
53.332
53.094
52.014
47.555
47.96
47.78
47.139
47.623
48.242
48.4
48.558
48.596
48.376
48.155
47.898
47.641
47.997
54.469
67.963
80.747
81.36
81.655
81.736
81.861
82.003
70.042
70.042
69.465
68.54
64.302
60.063
59.929
59.87
59.963
65.444
70.925
70.594
70.397
82.498
82.482
82.572
52.723
52.987
53.076
53.24
53.08
53.246
52.987
53.199
53.13
53.114
53.214
71.215
71.012
71.483
71.651
71.715
71.785
71.875
71.812
71.687
71.604
71.369
71.041
53.269
52.973
53.167
52.957
53.021
71.443
71.438
71.458
71.525
71.504
71.534
71.59
71.546
71.461
71.459
71.513
71.396
71.121
