73.745
53.24
52.079
51.011
49.248
48.799
48.682
50.156
48.912
47.669
47.23
45.847
43.112
44.009
44.083
64.269
76.492
76.539
76.479
76.259
76.039
61.256
62.431
63.414
64.257
77.07
77.06
76.91
76.793
76.764
76.711
76.639
76.595
76.57
63.244
60.536
50.509
48.787
48.119
50.063
50.013
65.245
64.601
61.028
61.492
62.95
73.825
73.803
64.944
69.064
73.184
73.204
73.337
73.469
73.612
61.658
61.163
60.668
60.982
60.936
61.679
61.842
63.099
75.808
75.502
75.374
75.376
75.361
75.278
75.459
75.257
74.861
63.492
63.577
63.624
63.594
63.792
75.586
75.41
75.377
75.512
63.331
61.773
61.589
61.404
62.803
64.202
70.222
76.242
75.891
82.811
82.25
60.689
60.13
59.911
60.562
61.213
62.099
61.807
63.572
75.346
75.336
75.37
75.394
75.416
75.408
75.371
75.215
75.089
75.429
62.778
62.765
62.803
63.041
63.347
63.72
75.65
75.486
75.57
75.685
75.909
76.069
68.875
61.681
62.402
73.712
73.805
65.407
63.272
61.136
61.529
61.044
61.343
61.063
61.504
61.359
61.567
61.21
61.232
61.254
61.562
61.874
63.34
75.902
75.636
75.511
75.581
75.566
75.594
75.621
75.618
75.615
75.613
75.611
75.233
74.855
75.341
75.363
75.361
75.582
75.627
75.576
48.28
61.17
60.971
60.771
60.71
61.152
61.364
61.126
83.754
83.757
83.364
82.972
82.389
75.302
75.243
75.328
75.477
75.266
75.357
75.333
75.389
75.365
75.263
75.373
75.412
75.534
75.67
75.739
75.656
63.484
63.458
62.786
57.686
57.346
47.919
55.678
53.047
57.209
61.37
63.378
62.12
60.862
56.041
51.22
51.662
51.937
50.64
51.338
62.842
76.999
62.152
56.418
50.683
50.742
50.801
49.877
49.619
50.051
49.311
49.962
48.217
63.286
78.355
64.603
63.53
62.457
50.399
57.246
64.094
63.01
61.926
61.756
62.448
62.924
75.144
74.779
75.024
74.927
75.201
75.369
75.663
75.899
75.914
62.702
61.747
61.484
52.069
50.907
48.653
48.495
50.141
50.132
49.792
55.117
60.441
61.686
61.421
61.338
61.256
61.252
73.259
73.541
73.64
73.773
73.599
78.22
62.362
72.548
66.861
61.174
61.942
62.38
63.55
75.901
75.802
75.786
75.809
75.726
75.53
75.286
47.91
55.587
63.265
63.396
63.497
63.443
63.751
75.82
75.562
75.491
75.531
75.613
75.704
63.623
63.077
64.254
63.858
59.916
61.312
68.299
75.286
75.496
75.707
68.269
60.831
61.244
62.067
64.943
75.948
75.362
75.374
75.546
75.631
75.565
75.597
75.402
74.989
74.84
76.607
75.882
75.778
76.047
75.928
75.809
75.545
74.923
74.302
74.872
75.058
75.043
75.103
75.22
75.211
75.042
74.708
74.014
60.496
59.275
59.565
72.375
73.11
73.216
61.538
61.781
61.911
62.011
61.996
61.681
60.444
57.41
56.468
56.458
64.71
63.86
63.748
63.567
63.785
63.724
63.692
63.753
62.006
60.26
62.289
62.226
62.924
63.621
63.817
63.622
63.597
63.462
63.6
63.593
63.633
63.551
63.139
62.728
74.476
73.468
73.28
73.091
73.067
73.22
73.27
73.477
61.812
62.021
68.566
75.11
75.324
75.245
82.492
82.559
75.554
75.451
82.626
82.71
82.655
75.656
75.688
75.66
75.597
75.497
75.565
75.459
75.354
75.287
75.264
75.31
75.404
75.423
63.295
63.458
63.171
66.188
64.263
63.324
62.386
51.939
51.787
50.993
51.79
45.442
48.432
48.582
48.732
49.145
46.848
44.942
49.321
50.152
49.417
49.945
49.628
51.174
46.486
