52.861
53.244
53.372
53.451
53.529
53.461
53.394
43.284
42.96
53.599
52.674
53.383
63.467
63.415
63.325
63.235
63.301
63.367
63.255
63.801
63.795
64.011
64.076
64.312
64.505
64.536
64.554
64.475
64.589
64.357
55.03
65.748
60.107
68.144
76.181
75.988
75.931
64.723
64.883
64.909
64.863
64.882
64.893
64.93
64.872
64.858
64.818
64.778
64.712
64.637
64.529
63.669
43.703
43.479
43.619
44.442
44.469
44.422
64.387
75.841
75.571
75.063
74.989
76.038
43.76
44.757
44.713
44.978
45.055
45.399
45.094
45.088
45.578
45.688
45.059
45.059
45.092
45.107
45.048
44.978
44.919
70.651
70.857
70.829
71.155
71.49
72.01
72.016
72.126
72.029
72.077
72.126
72.022
44.725
44.781
44.826
44.902
45.014
45.1
75.446
75.796
76.05
76.071
76.089
83.272
83.401
83.429
83.39
83.433
76.237
76.726
76.777
44.836
44.877
44.857
44.891
45.019
45.135
45.134
66.574
77.577
77.389
77.295
77.308
77.307
77.162
77.069
77.038
76.948
77.028
65.764
65.132
44.964
44.876
44.883
45.056
44.996
45.054
45.224
45.05
45.096
66.626
66.893
67.023
67.171
67.264
67.298
67.302
67.274
67.188
67.133
66.99
66.731
66.177
64.866
63.85
63.708
64.17
64.248
67.329
67.075
66.246
65.416
66.342
66.89
67.454
67.554
67.575
79.452
79.372
79.274
79.162
79.219
79.2
79.252
79.337
79.494
79.671
79.899
80.151
80.315
80.502
80.528
80.559
80.471
80.54
80.521
80.456
80.617
80.517
80.724
80.736
80.758
80.79
80.859
80.941
80.781
80.621
80.697
80.606
68.897
68.565
80.6
80.663
80.672
80.67
80.805
80.859
80.841
80.702
80.712
80.722
80.721
80.618
80.781
80.832
80.862
80.873
68.821
68.783
80.765
80.786
80.599
80.779
68.795
68.834
80.663
80.775
80.655
80.768
80.88
80.878
80.876
80.884
80.917
80.898
68.75
68.783
68.797
68.811
80.861
80.85
80.819
80.787
80.781
80.749
80.717
80.765
80.796
80.928
68.913
68.884
68.825
68.793
80.736
80.586
80.814
80.826
80.851
80.876
80.805
80.83
79.079
79.027
80.92
81.039
80.988
80.938
76.049
68.793
68.793
68.838
68.883
68.674
81.042
81.242
80.975
81.029
68.907
74.964
81.022
81.172
81.084
81.283
80.992
81.037
69.059
69.079
81.015
81.072
55.987
54.602
55.912
54.947
80.992
80.891
81.069
75.01
68.951
71.568
58.458
54.589
50.72
50.048
49.767
50.426
50.67
50.708
50.746
50.952
50.942
50.932
51.24
51.218
51.195
50.916
50.746
50.576
50.663
49.638
50.516
49.99
80.911
80.915
80.992
81.013
81.054
81.009
68.418
55.826
55.789
55.752
72.584
81.03
81.032
80.987
81.129
75.092
69.055
69.119
73.752
62.036
65.5
68.964
68.93
49.755
50.158
69.12
69.027
69.023
68.987
68.881
69.13
69.057
68.983
69.085
69.239
69.153
69.124
81.059
81.179
81.02
68.859
68.957
68.975
