48.053
48.043
47.916
47.887
48.128
48.078
47.616
48.06
46.933
46.735
47.3
47.152
46.815
47.1
46.951
47.056
46.959
47.102
46.958
46.948
47.015
47.053
46.977
53.51
62.177
62.173
62.201
62.152
62.072
61.735
60.774
61.082
61.39
76.333
76.448
76.609
76.799
76.995
77.258
82.573
82.838
83.037
78.232
74.58
70.928
70.733
58.782
58.45
58.213
58.246
58.4
70.817
70.967
71.058
71.051
71.026
70.992
70.992
70.865
47.758
46.718
46.934
47.151
47.017
47.303
46.677
69.315
69.449
69.533
69.65
69.749
69.96
70.236
70.552
70.898
70.842
58.295
58.221
58.175
57.645
57.115
57.358
57.6
56.065
56.666
56.328
56.311
56.471
56.632
62.229
62.381
56.861
57.428
61.757
61.204
60.618
61.095
62.101
62.025
61.888
61.961
54.24
54.232
54.322
81.001
81.007
54.822
54.931
54.652
54.749
54.846
54.316
53.829
61.815
79.013
78.992
78.97
78.949
78.993
79.041
79
78.982
79.047
78.956
61.782
54.392
47.003
47.057
46.988
47.055
46.806
47.221
47
46.952
46.964
47.171
54.88
55.217
56.6
55.273
55.563
61.652
53.094
44.537
44.054
44.256
44.459
45.037
44.852
45.05
45.025
45.143
45.407
45.408
45.409
44.967
44.824
44.652
52.105
52.314
52.318
53.422
55.006
54.01
53.652
53.293
44.791
45
44.874
44.978
45.346
54.812
55.132
55.451
67.083
67.119
67.21
54.474
45.147
45.312
57.963
79.021
79.012
78.949
79.03
78.959
74.955
70.95
70.732
63.479
51.462
51.719
52.456
53.193
43.453
44.412
54.435
55.235
54.045
44.6
45.654
45.341
45.027
54.459
54.605
55.296
54.028
53.335
52.643
52.806
52.97
53.54
54.111
55.605
54.278
54.634
55.246
54.314
55.839
55.708
54.787
55.473
57.664
58.19
56.392
57.731
56.409
58.255
56.85
58.241
57.287
59.086
59.152
53.161
56.513
59.866
59.723
59.578
59.76
59.713
66.481
66.578
66.609
66.793
53.738
53.236
52.734
52.17
51.852
52.43
78.985
79.021
78.984
78.975
79.045
55.991
55.689
55.356
55.023
54.303
50.018
52.402
54.786
56.259
47.073
45.743
44.384
43.988
56.714
56.812
57.175
57.17
57.165
69.095
69.206
57.139
57.022
56.904
56.847
57.182
57.08
56.985
56.981
57.002
57.113
56.834
56.935
57.189
56.877
57.023
57.292
57.126
57.019
57.24
57.367
57.331
56.931
56.695
47.258
