54.639
54.396
47.879
48.937
49.995
48.63
48.471
48.312
60.38
57.009
53.638
55.628
57.18
56.805
54.224
47.319
49.93
48.238
46.547
44.829
45.764
46.698
56.933
58.984
59.249
50.12
49.461
48.405
49.282
49.371
49.309
48.71
49.31
49.298
48.367
49.144
49.236
48.999
49.021
49.282
48.979
48.98
49.16
49.087
48.96
48.73
47.733
46.736
46.761
46.787
45.64
44.493
43.375
44.314
46.774
44.937
43.1
43.078
43.056
44.098
44.618
45.49
46.361
45.177
43.992
46.539
45.508
44.477
43.833
43.189
43.826
44.462
44.379
43.368
43.526
47.081
48.525
49.97
50.651
51.332
65.892
60.871
72.142
83.412
83.577
83.594
83.776
84.19
84.216
84.2
80.304
80.165
80.026
79.711
79.436
67.507
60.606
53.704
52.977
48.711
52.321
47.881
43.441
43.301
56.428
56.387
56.346
68.468
68.45
68.217
67.987
67.961
68.194
68.091
68.039
67.864
67.7
67.516
67.392
67.447
67.769
55.133
55.975
43.253
43.82
56.138
55.912
56.319
55.855
56.288
48.628
49.114
56.569
56.128
55.76
49.655
66.53
72.984
79.438
79.273
67.151
67.327
67.248
61.405
55.563
55.3
55.568
55.757
54.567
54.908
55.249
49.012
47.749
47.579
54.644
53.488
63.295
70.626
70.581
69.993
69.882
69.975
70.209
70.556
70.662
70.929
58.676
57.989
57.932
58.276
58.957
59.288
59.441
59.499
59.446
59.577
59.708
57.493
55.278
47.657
47.978
47.507
47.035
61.141
61.218
61.29
61.265
61.122
61.131
60.172
59.175
57.864
57.788
58.143
57.934
57.859
60.968
73.245
73.178
72.731
72.676
72.615
72.565
72.667
60.764
60.655
60.806
60.937
73.323
73.705
73.817
73.955
74.426
74.221
62.394
62.153
62.297
62.155
61.557
57.998
67.333
76.668
76.146
82.661
82.474
82.353
82.247
82.183
82.161
82.187
82.035
81.727
81.058
80.603
80.184
80.084
80.246
80.408
80.512
80.555
80.64
80.613
80.508
61.458
61.351
61.252
61.232
61.289
61.636
54.898
51.506
50.585
49.664
56.236
56.177
55.795
56.307
55.903
56.013
56.122
56.137
43.391
44.144
45.515
46.887
58.45
57.394
57.398
50.233
52.46
54.688
56.138
66.653
65.547
65.578
52.97
53.61
45.203
51.274
52.793
54.312
54.293
54.274
54.435
54.597
73.492
78.152
77.812
81.624
81.545
81.536
81.527
53.39
53.73
53.709
53.686
53.659
65.684
65.428
65.386
65.602
65.693
65.73
65.653
65.431
64.983
60.504
56.025
55.398
56.979
55.507
55.412
55.523
55.647
55.861
67.872
67.788
67.887
67.986
67.999
67.851
67.764
67.677
67.625
67.574
67.485
67.642
67.837
68.958
70.079
53.931
53.945
53.958
58.165
