57.115
57.077
56.999
57.086
57.073
57.115
57.022
57.082
62.04
61.965
62.094
61.967
62.119
62.452
61.376
60.299
59.793
59.785
60.139
60.088
61.292
67.618
68.057
67.976
67.898
67.734
67.631
67.605
67.303
61.819
61.244
60.805
59.6
59.403
59.425
45.268
45.953
45.683
47.258
47.6
48.344
49.39
49.924
51.486
53.192
43.468
43.412
44.363
45.315
60.401
59.094
60.319
60.6
60.881
61.341
61.801
62.06
61.441
61.634
61.862
61.852
61.947
58.549
60.362
59.613
59.879
57.933
55.525
45.46
46.34
45.86
45.193
45.355
44.701
43.735
43.532
43.394
43.255
43.197
43.432
50.862
55.643
54.701
55.334
55.505
55.676
54.819
55.414
56.009
55.247
55.265
55.625
55.478
54.802
54.369
58.201
56.996
54.756
55.358
54.598
55.501
55.384
55.099
55.485
53.958
43.974
43.341
54.56
55.251
55.942
76.396
76.372
76.648
73.429
70.21
70.143
70.234
64.848
59.462
59.291
59.044
58.962
58.429
57.918
70.621
71.143
71.06
70.823
70.734
70.653
70.747
70.803
70.86
50.188
50.199
58.408
58.665
58.057
57.449
53.923
55.4
56.878
57.572
58.062
57.622
57.181
49.699
53.914
58.129
59.025
59.399
59.295
59.118
59.034
59.164
58.949
58.834
58.976
58.989
59.089
59.056
59.096
59.087
59.348
59.195
59.055
58.914
43.373
43.263
43.171
43.208
43.084
43.154
43.05
43.042
42.958
43.15
76.116
75.867
66.141
67.261
68.382
68.473
68.565
57.354
55.996
51.007
50.682
50.655
50.632
43.054
43.429
81.011
81.019
80.993
80.996
67.073
67.252
67.337
48.671
49.474
49.778
49.591
49.173
49.391
49.081
45.343
45.28
45.11
69.11
68.587
55.799
55.495
79.658
79.689
80.043
67.423
74.057
64.759
55.462
53.91
52.359
57.156
57.778
58.4
67.224
76.047
75.961
75.821
75.743
75.772
57.184
56.229
68.864
68.782
58.185
57.55
59.303
61.056
56.537
57.17
61.223
62.308
62.756
74.669
74.624
74.539
74.428
74.366
62.405
62.307
62.483
62.155
62.217
62.287
62.394
62.694
62.558
74.914
74.577
81.487
81.436
81.379
81.362
64.667
65.527
66.031
70.269
74.506
75.097
75.44
75.689
75.803
75.84
75.815
75.764
75.77
75.914
76.011
75.837
75.515
62.75
62.309
62.043
61.836
62.255
62.467
62.525
43.022
43.194
46.373
49.551
49.758
56.334
62.472
74.305
74.268
74.129
73.766
73.621
80.7
80.791
80.867
80.975
81.041
81.07
81.124
81.139
81.195
81.205
81.172
81.19
81.201
81.149
81.12
81.049
81.046
81.095
81.082
74.023
73.999
73.975
61.908
61.668
56.589
57.235
73.982
74.507
62.645
62.186
62.096
61.998
61.722
56.317
48.11
48.419
48.674
47.952
47.664
48.697
49.048
49.533
49.376
49.496
49.373
49.233
49.149
48.989
48.575
47.776
50.667
53.557
51.936
52.281
49.531
48.743
46.914
52.585
52.402
50.939
50.176
51.721
52.301
52.362
51.983
50.859
50.783
51.795
52.807
51.516
52.062
