45.148
43.754
57.202
56.876
56.949
57.165
56.958
57.222
49.589
50.123
49.909
50.017
56.925
57.157
57.178
57.066
56.987
57.045
57.01
56.991
57.032
57.175
57.013
61.605
63.165
58.237
56.204
57.393
56.833
56.478
59.285
59.806
56.988
58.9
60.812
51.491
50.676
50.912
51.149
51.502
54.205
50.792
50.532
50.272
46.714
43.157
44.336
45.334
46.331
47.271
48.212
56.806
65.401
77.772
77.67
77.654
77.637
77.12
75.69
74.322
76.467
78.611
79.644
77.572
75.499
75.805
75.893
75.766
63.433
57.775
52.118
49.201
48.886
50.123
65.245
65.432
58.036
56.866
56.971
65.19
65.172
65.357
65.329
64.732
50.001
49.941
50.283
63.761
75.791
75.324
75.127
48.889
48.988
48.766
48.725
51.264
65.279
77.468
77.639
77.682
77.625
77.55
65.476
65.269
65.037
57.424
49.811
49.983
50.123
50.045
49.91
78.708
78.68
78.911
65.318
72.564
61.025
49.485
50.211
49.927
50.4
49.411
49.542
50.505
50.059
79.951
80.159
80.243
80.308
80.438
68.483
68.377
67.702
49.913
50.035
49.921
49.941
49.85
50.174
49.943
50.001
50.302
50.427
50.553
64.183
63.051
61.919
71.469
81.02
80.926
80.833
80.88
80.832
48.671
46.892
49.834
50.443
50.005
49.994
50.065
81.03
80.896
80.779
80.64
80.547
50.085
48.598
46.735
49.694
50.506
49.876
49.852
51.6
49.457
49.308
50.375
49.836
49.193
50.641
50.305
49.968
49.903
50.048
50.079
49.971
50.073
50.041
49.925
49.876
49.606
49.95
50.193
49.314
49.873
50.31
49.278
49.274
51.434
50.478
49.521
50.186
49.716
66.363
78.841
79.312
79.698
79.962
80.134
80.279
80.325
80.292
80.233
80.152
80.035
79.844
79.533
79.135
72.806
66.476
66.325
66.302
66.307
66.352
66.565
66.701
78.665
78.541
78.505
78.452
78.455
78.463
78.422
78.379
78.348
78.383
50.178
49.615
50.286
49.847
49.232
77.191
76.976
77.066
77.184
77.325
77.453
77.592
77.661
63.425
49.189
53.078
56.967
57.515
47.985
48.602
78.675
78.771
78.672
78.693
78.634
78.623
78.516
78.465
78.31
78.287
78.134
78.011
49.511
48.371
49.146
49.921
49.742
50.327
49.915
50.242
49.072
65.746
77.971
77.825
77.759
77.666
77.579
77.404
57.229
57.219
56.403
58.097
57.678
57.259
77.559
77.79
77.542
77.568
77.6
77.592
77.523
77.469
77.414
77.406
77.42
77.464
77.468
77.534
77.563
77.624
77.671
77.59
77.551
77.547
77.543
77.616
77.57
77.516
77.48
77.423
77.513
77.468
77.471
77.392
77.407
77.42
77.432
77.475
77.54
77.534
77.565
77.643
77.636
77.599
77.606
77.633
77.629
77.668
77.666
77.677
77.755
77.773
77.736
77.521
77.282
51.314
54.273
57.231
56.818
53.742
50.666
51.099
51.061
51.022
74.06
74.169
66.255
58.341
60.069
61.797
61.98
61.873
61.766
49.204
49.507
49.81
49.923
50.346
50.191
49.756
49.362
63.654
56.14
68.573
81.006
80.977
80.967
80.956
80.906
80.854
73.981
73.954
73.953
74.038
73.96
60.285
46.61
48.559
48.909
58.473
56.744
57.021
65.386
57.906
50.427
49.036
48.683
50.627
50.255
48.395
46.244
45.74
45.888
46.3
46.712
46.817
46.923
46.032
47.497
48.962
49.619
50.268
50.258
49.39
49.769
57.365
