63.694
63.829
63.433
63.482
63.042
62.795
61.97
61.994
53.714
58.466
63.217
63.586
63.453
63.173
62.733
46.17
52.048
48.659
56.016
53.34
54.314
55.289
45.678
46.449
67.653
67.731
67.794
57.424
57.124
56.823
56.161
55.498
67.818
68.299
68.772
69.487
69.585
73.182
76.779
76.641
76.72
76.771
76.794
76.773
76.746
69.693
69.672
69.721
69.859
70.071
70.49
70.241
70.132
70.174
70.285
70.396
70.497
71.082
71.283
71.577
71.834
71.714
71.654
71.598
71.611
71.629
71.655
71.654
71.706
71.67
71.713
59.188
59.001
59.047
58.724
59.691
60.134
59.862
59.834
59.223
59.378
59.533
62.919
62.658
79.983
80.042
71.88
72.042
72.017
71.993
62.962
63.197
63.592
63.533
63.291
62.742
62.72
53.273
59.932
66.59
65.994
64.83
73.678
79.767
79.524
79.505
79.486
79.536
79.649
79.612
79.727
79.792
79.739
79.726
79.878
79.952
79.784
79.747
79.694
79.641
79.583
79.698
72.522
72.573
46.206
46.53
46.672
46.815
46.276
45.731
46.34
58.923
58.34
57.757
45.36
46.088
44.113
43.125
42.936
46.718
46.849
45.379
43.909
45.177
43.633
48.329
47.718
52.903
58.087
58.072
58.036
45.166
46.239
49.912
53.585
56.291
58.997
59.391
59.784
59.71
59.582
59.63
59.598
59.526
71.804
72.547
72.083
79.027
78.71
83.628
83.597
82.8
82.003
82.109
59.474
59.325
59.343
51.767
56.019
60.272
60.491
59.293
59.194
59.401
60.234
58.963
61.537
59.759
60.621
53.533
46.444
45.768
73.999
80.688
80.655
80.65
80.645
80.788
81.34
74.719
75
75.292
75.267
75.224
74.914
74.304
73.671
73.037
66.6
60.163
48.794
49.201
60.288
60.429
60.388
58.101
59.841
59.875
59.908
53.805
65.889
77.973
78.348
78.44
83.789
83.91
84.017
84.516
72.582
60.648
60.777
60.603
60.43
72.942
73.931
74.921
72.822
61.004
61.09
45.849
46.177
53.704
61.23
60.096
60.268
47.195
50.747
54.299
72.451
73.147
47.448
47.589
73.145
73.082
72.982
73.106
46.576
59.807
51.887
43.967
43.173
54.763
72.97
73.083
59.328
45.574
46.015
73.012
72.958
73.018
72.458
72.791
46.908
48.398
49.888
73.086
73.122
73.107
55.526
57.292
70.381
70.166
70.039
69.965
58.57
58.454
57.946
57.437
57.346
57.17
69.727
69.76
69.824
57.887
57.862
57.544
57.579
44.254
43.338
58.321
58.179
58.183
58.296
58.634
60.001
60.584
61.682
61.566
73.908
73.852
73.412
73.229
73.1
72.901
72.914
72.89
60.771
60.815
72.709
72.836
72.842
72.812
73.056
72.825
72.996
72.989
73.039
73.214
72.571
71.928
73.508
75.088
75.336
75.842
64.77
64.719
64.669
63.796
52.286
58.975
65.663
65.938
57.09
48.242
57.088
65.934
77.548
77.092
83.823
83.716
83.752
83.802
83.867
83.841
83.7
83.443
83.1
82.659
82.349
82.221
82.218
82.146
82.105
82.203
82.238
82.277
82.142
82.18
82.15
82.177
82.089
82.044
82.057
81.995
82.179
82.104
82.048
81.993
81.97
81.942
82.028
82.041
82.122
82.043
82.062
82.023
82.029
81.917
81.825
81.885
81.772
81.641
81.845
81.819
74.738
74.92
75.069
82.284
82.179
82.044
81.875
81.473
81.858
81.931
82.12
75.322
75.155
74.95
74.945
75.007
79.607
79.74
58.842
59.932
60.08
60.853
61.627
68.249
55.538
50.827
46.117
45.743
45.368
44.528
43.688
41.605
