53.391
81.272
80.931
80.966
81.002
68.977
68.734
74.901
81.068
81.029
81.071
81.112
81.048
80.88
80.908
81.049
81.068
81.086
80.939
80.977
67.472
74.295
81.117
81.096
80.84
80.846
53.532
67.341
81.15
81.129
81.056
53.474
52.426
53.611
53.671
53.73
72.03
72.028
72.022
72.036
53.881
53.874
53.867
52.493
53.792
53.678
52.87
53.851
53.757
53.664
52.223
53.681
68.87
79.377
79.542
79.659
79.751
79.808
79.947
80.054
45.54
45.728
45.982
46.11
45.983
45.903
45.935
45.885
45.97
46.038
45.962
45.941
45.821
45.924
67.524
67.808
68.054
68.019
68.098
45.854
45.948
46.122
45.951
45.986
45.783
45.921
45.964
46.06
45.977
45.946
45.893
45.91
45.961
46.001
46.004
45.956
80.446
80.491
80.469
80.562
80.542
80.602
80.51
80.623
80.586
80.594
80.734
80.683
45.933
45.912
45.916
45.972
46.006
45.991
45.869
45.873
80.949
80.904
80.833
80.685
80.726
45.949
45.908
46.026
69.686
69.973
69.879
69.863
69.581
69.341
69.167
68.868
68.582
68.388
68.282
68.463
68.553
74.554
80.555
80.689
80.802
80.837
80.837
80.82
80.796
80.713
80.752
80.581
80.699
80.83
45.996
45.939
45.978
45.979
45.996
45.978
45.974
45.905
45.977
46.045
45.984
45.974
45.768
46.141
45.914
46.009
45.973
46.029
45.826
45.964
45.998
45.964
45.937
45.922
46.109
45.951
45.849
46.046
66.468
66.937
67.124
67.15
67.215
67.483
67.891
68.07
68.415
68.567
68.704
68.681
68.508
68.221
67.802
65.224
45.862
45.899
46.047
46.001
65.236
67.134
78.986
78.546
78.16
78.363
78.504
78.738
66.133
45.188
45.901
46.081
45.946
45.811
45.936
64.739
64.922
64.994
65.047
65.064
65.067
45.952
46.059
46.06
46.095
45.911
67.035
66.679
78.713
78.809
78.848
78.781
78.818
78.815
78.815
78.815
78.868
78.822
45.27
45.092
78.855
78.857
78.926
78.891
44.917
45.015
45.227
45.201
45.205
45.081
44.994
44.874
44.727
44.916
45.036
45.058
45.01
45.171
45.182
45.151
44.928
44.826
44.748
44.815
44.922
45.078
45.113
45.162
45.105
44.974
44.911
44.764
44.724
44.732
44.741
79.493
79.241
79.101
79.271
79.47
79.587
79.795
79.982
80.145
80.323
80.508
80.615
80.744
80.723
80.857
80.995
81.054
69.115
44.771
44.818
44.922
45.027
45.166
45.024
45.041
44.939
44.793
78.525
78.798
78.825
78.792
78.641
78.712
45.076
45.093
44.994
78.925
78.91
78.802
78.799
44.892
45.08
45.002
45.131
45.086
45.028
44.923
44.831
44.772
44.77
44.873
45.076
45.103
45.211
45.056
44.966
44.955
44.741
44.804
44.826
44.879
