46.184
47.974
49.764
55.003
60.243
60.206
77.073
77.183
77.154
60.042
60.602
60.565
60.529
59.53
60.036
61.061
60.355
59.771
60.776
59.803
60.465
60.554
60.095
60.294
60.494
59.729
65.055
65.21
77.065
76.983
76.776
76.601
76.694
76.898
50.164
50.054
50.088
50.189
55.395
60.601
61.93
73.837
80.632
80.66
80.829
80.948
80.896
80.974
81.053
81.008
61.56
62.266
61.419
62.175
60.977
67.494
74.011
74.022
73.95
63.923
64.127
64.821
65.217
64.984
64.769
64.779
64.849
64.866
64.672
64.477
51.51
48.927
43.142
45.103
67.047
66.873
67.049
67.109
67.17
67.379
67.552
68.2
68.136
68.766
69.085
69.618
70.134
70.524
70.415
69.8
69.306
69.068
69.014
69.114
69.1
68.882
58.269
57.637
56.854
56.86
57.183
57.64
57.502
57.184
56.956
64.807
77.012
76.993
77.139
77.335
77.348
77.293
77.237
77.111
77.132
77.109
77.085
77.081
77.109
77.168
77.195
77.217
77.219
77.145
77.135
77.052
76.928
76.903
76.968
64.909
64.952
64.951
64.984
65.01
65.098
65.165
65.289
65.487
65.824
66.149
66.469
66.788
66.933
67.085
66.967
66.953
66.696
66.326
66.15
65.677
65.219
64.905
64.889
64.771
64.572
64.345
64.238
62.828
61.829
61.239
61.026
61.555
61.651
61.943
61.995
61.924
61.658
61.68
61.551
61.673
61.381
61.448
61.514
61.905
61.69
57.025
57.12
57.215
61.704
61.851
61.789
50.178
49.988
50.078
56.823
61.969
62.018
62.098
73.994
73.979
73.975
73.961
73.946
73.951
73.95
73.994
73.984
57.34
57.341
57.342
57.212
57.081
57.138
57.228
57.405
57.163
57.046
57.039
73.984
74.021
75.552
77.082
44.964
45.023
45.824
45.257
44.828
45.202
45.157
44.307
45.097
57.177
57.031
57.19
57.12
57.211
57.142
57.144
57.054
57.011
57.037
57.118
57.165
56.82
65.287
65.144
65.101
65.141
65.056
45.476
45.375
44.406
56.744
57.078
57.248
68.346
67.408
67.176
66.944
74.136
74.106
73.773
73.652
73.564
73.151
73.64
73.704
73.561
61.701
61.858
49.929
50.208
50.059
50.291
49.915
62.303
56.257
50.21
50.084
49.943
49.802
60.958
74.002
74.089
74
73.977
73.97
73.952
74.031
74.1
74.168
74.147
74.059
74.095
74.13
74.332
74.378
74.524
74.579
74.41
74.374
74.512
74.362
74.343
74.226
74.283
62.296
62.161
62.275
51.24
51.415
63.032
63.697
64.186
64.416
64.589
64.762
64.714
64.71
64.308
64.215
51.112
50.705
50.935
51.397
51.21
51.18
63.111
75.041
74.809
74.699
74.753
74.889
74.862
74.988
74.957
74.989
74.974
74.828
74.611
74.572
73.982
73.706
62.023
61.686
61.947
61.988
61.969
62.243
62.085
61.991
62.287
62.218
73.982
73.928
73.901
