42.915
42.273
41.631
43.04
70.693
71.448
51.906
47.404
42.902
40.938
41.137
42.737
40.312
41.264
42.293
41.001
40.889
40.776
41.322
43.13
62.261
81.393
82.105
81.339
80.573
67.992
68.416
67.339
66.833
66.326
66.147
71.052
70.943
71.112
71.024
71.02
71.075
71.023
70.97
70.997
51.077
50.653
50.498
50.187
50.252
50.099
49.437
49.625
49.156
49.315
73.022
73.005
73.004
49.62
49.593
59.023
58.995
58.872
58.958
58.825
59.028
59.049
53.076
52.098
51.432
50.97
50.621
50.906
50.49
50.656
50.021
50.075
50.628
50.068
50.74
72.96
72.922
72.924
73.052
52.9
50.9
50.501
50.062
49.935
50.194
49.988
49.932
50.299
50.045
50.373
50.422
50.492
51.173
51.18
51.487
51.572
51.641
51.704
51.422
51.192
51.158
51.077
51.034
50.936
51.17
50.902
51.006
50.879
51.177
50.884
51.14
50.946
51.24
50.973
51.03
51.022
51.233
51.11
51.014
51.097
51.12
51.242
51.009
51.265
50.916
51.227
51.048
51.231
51.042
51.202
51.195
51.338
51.324
51.117
51.442
51.176
51.213
50.838
51.21
50.918
51.106
50.937
51.321
51.81
52.004
66.491
66.356
66.129
66
66.057
66.034
66.048
66.031
65.994
66.008
66
65.967
65.969
65.944
71.166
71.065
71.053
71.026
71.053
71.048
71.088
71.034
71.013
71.002
71.003
70.999
71.145
70.902
72.993
72.977
72.945
78.005
78.021
78.053
70.976
71.009
71.007
77.997
77.981
77.976
77.967
72.998
72.905
72.899
72.9
77.957
77.982
77.97
77.952
77.981
72.926
72.921
72.934
72.928
72.935
77.989
77.961
77.95
71.033
70.923
70.962
70.95
77.936
77.948
77.948
77.937
77.937
72.911
72.907
72.951
72.99
72.899
72.875
72.95
72.828
53.124
51.339
50.679
49.769
49.561
49.153
48.733
48.633
48.348
59.651
70.954
70.98
72.998
72.845
73.087
54.474
61.387
68.3
67.922
70.884
70.739
51.552
51.529
51.27
51.047
49.682
50.484
50.669
50.448
50.227
71.017
71.032
71.02
70.995
71.06
71.065
71.059
71.036
71.073
71.008
71.013
71.087
53.469
51.431
50.971
50.805
50.369
49.933
50.699
56.807
53.965
51.122
51.037
70.981
71.032
71.013
70.994
49.288
50.762
49.814
49.795
50.592
49.38
49.88
50.3
50.265
50.23
50.139
50.048
50.046
49.895
49.744
49.043
49.612
48.474
49.885
49.407
49.859
50.109
49.904
49.978
63.995
63.976
63.947
63.97
63.958
64.002
64.068
52.079
50.896
50.819
50.609
50.547
50.804
51.022
50.66
50.735
50.675
50.786
50.83
50.734
50.697
50.656
50.955
50.921
50.975
50.926
50.99
50.857
51.028
50.922
50.925
50.657
50.744
50.649
50.868
50.552
50.506
50.57
50.863
50.807
50.481
51.26
51.692
51.532
51.825
51.84
51.95
52.092
51.994
51.592
51.541
51.02
51.08
50.971
50.862
72.946
72.945
72.92
72.939
72.934
72.923
72.894
69.876
69.924
69.991
69.792
77.932
77.95
77.952
77.954
77.929
58.911
58.884
58.927
58.921
58.856
72.903
72.93
72.957
72.921
72.97
72.95
72.944
72.909
75.423
77.937
77.94
77.942
77.918
77.902
77.908
77.903
77.899
77.934
77.914
77.941
72.886
72.921
72.927
72.952
72.896
72.927
72.958
72.959
72.917
77.909
77.897
77.911
77.93
77.895
77.921
77.933
58.959
58.879
58.853
58.978
58.9
58.924
63.858
63.848
63.838
72.927
72.921
72.926
72.911
77.921
77.933
77.943
77.915
77.916
51.872
52.148
51.651
51.775
