47.827
48.353
48.242
47.836
47.43
49.374
56.622
56.134
56.677
57.067
57.448
57.105
57.253
56.498
58.298
57.526
58.559
59.293
59.475
59.656
59.748
59.972
59.839
59.386
59.481
56.915
54.349
57.337
60.326
73.336
73.491
73.37
73.189
60.855
61.208
60.672
60.181
60.127
59.072
48.402
46.101
44.698
61.242
62.026
62.291
62.403
62.61
62.76
62.78
62.838
62.792
43.186
44.053
45.044
46.035
44.099
63.554
75.668
75.651
75.62
75.542
75.524
75.788
75.962
76.225
76.489
76.705
76.887
76.989
64.845
64.912
64.981
64.723
64.805
65.066
64.926
63.855
62.824
61.448
60.029
59.669
71.487
71.71
71.764
72.018
72.26
72.689
61.216
60.388
61.01
61.245
61.036
61.495
60.957
60.26
58.958
71.497
62.576
67.565
72.554
71.889
71.879
71.86
71.918
71.954
71.999
71.944
71.964
71.957
71.956
71.984
71.978
71.911
71.759
59.253
59.553
59.911
60.223
84.02
84.041
84.047
60.092
60.132
60.267
60.171
60.216
84.019
84.056
60.657
61.011
61.069
60.739
72.373
84.008
83.993
57.879
57.477
57.546
57.867
57.552
57.802
58.052
57.36
58.038
58.008
57.283
58.149
57.85
57.911
57.772
57.701
57.268
58.028
58.045
58.498
59.002
60.992
62.982
62.993
63.003
63.019
62.931
63.032
62.92
62.918
62.859
70.954
65.091
71.996
65.648
68.75
71.852
71.738
71.383
67.182
75.601
64.682
53.763
47.223
60.487
73.751
73.61
73.555
73.571
73.518
73.518
73.495
73.553
73.602
73.593
61.925
59.078
46.455
45.946
45.714
45.335
46.092
46.088
46.131
45.792
45.947
45.972
46.107
45.531
58.615
58.287
58.518
58.242
58.253
58.047
58.299
58.058
58.649
59.212
59.099
59.06
45.59
45.647
45.522
45.397
59.527
60.225
59.567
60.148
59.881
59.842
60.016
59.513
59.546
58.935
58.253
58.158
58.049
57.995
58.208
57.931
58.211
57.88
58.001
57.793
57.794
57.848
45.998
46.224
46.084
58.173
57.931
57.984
57.928
63.671
69.414
69.413
57.584
58.368
58.387
58.406
64.948
64.841
69.761
69.678
57.785
57.552
57.959
58.365
58.107
58.403
58.056
58.285
57.742
58.11
57.842
58.036
58.088
58.154
58.26
54.006
53.565
52.844
52.744
52.8
52.464
45.604
45.712
46.399
47.086
46.412
46.046
46.981
46.028
46.933
47.839
45.869
45.908
46.476
45.423
46.175
45.712
45.961
46.249
45.778
46.393
45.98
45.745
45.605
53.949
52.911
53.912
53.704
54.233
53.73
54.249
53.687
54.011
53.968
54.04
54.59
53.885
