47.429
47.386
48.923
50.46
48.695
83.013
83.015
82.997
82.988
67.935
62.042
56.15
44.282
45.8
43.603
43.708
46.026
45.55
44.25
42.951
43.039
43.127
50.903
50.043
49.855
50.059
43.095
43.584
42.297
47.411
45.893
44.376
42.72
46.97
45.002
43.033
42.497
46.544
45.306
43.883
42.46
46.413
45.092
51.884
58.676
60.083
60.718
61.42
61.779
62.062
62.018
62.045
62.065
62.179
62.287
62.107
62.066
61.87
61.954
62.083
62.427
63.291
63.979
64.461
64.413
64.239
64.177
64.199
64.264
64.309
64.444
64.352
64.193
64.057
63.895
63.846
63.96
64.388
65.143
66.02
66.464
66.267
68.945
69.082
57.658
57.67
69.43
69.707
70.017
70.144
70.415
70.744
71.009
71.071
71.121
70.664
66.1
66.28
66.312
80.957
80.893
80.952
81.011
68.862
68.519
68.222
68.547
68.644
68.637
68.848
68.971
69.09
69.051
68.981
47.719
47.947
47.858
48.082
47.888
48.003
47.962
48.004
47.973
47.911
48.077
48.015
47.932
47.581
48.024
48.112
47.619
47.876
48.165
48.018
48.065
48.087
47.869
47.958
48.063
47.873
47.904
48.189
47.974
47.898
47.985
48.073
48.072
48.062
48.052
52.006
55.959
60.223
60.212
60.238
60.091
59.805
59.439
59.766
60.225
60.306
60.011
59.51
59.009
59.207
59.404
59.422
59.439
68.787
64.235
71.29
78.346
78.375
78.343
78.426
78.52
78.631
78.692
78.703
78.669
78.658
78.605
78.584
59.806
59.794
59.789
47.773
47.874
48.278
47.912
47.89
48.298
47.988
47.786
48.289
55.035
54.171
55.434
75.659
75.571
75.315
75.255
75.179
75.376
75.375
75.46
75.452
75.513
75.56
75.486
75.525
75.693
63.849
63.986
64.056
63.832
63.183
55.023
55.039
55.015
55.041
55.032
54.997
55.114
54.996
55.141
55.029
54.978
65.597
65.467
77.416
77.178
77.048
77.062
77.078
77.191
77.166
77.132
77.139
77.03
76.86
76.709
76.487
76.219
76.008
75.828
75.95
76.368
76.975
77.621
78.267
78.695
78.994
79.157
47.996
47.898
48.009
48.125
47.892
47.946
48.083
47.967
47.879
47.951
48.022
47.68
48.175
48.037
47.754
48.112
48.11
47.804
47.913
48.249
47.766
47.965
48.126
47.944
47.828
48.153
48.332
48.512
48.28
48.066
47.847
47.905
47.831
61.642
62.021
61.599
48.035
47.79
61.703
61.94
62.075
61.67
61.892
54.53
47.167
47.484
47.97
48.165
