57.853
57.825
57.422
71.643
71.749
71.981
71.989
71.861
70.053
70.056
57.868
58.133
58.174
57.857
58.058
58.287
64.184
65.172
65.791
65.758
65.904
59.279
57.873
66.269
66.835
67.202
67.429
67.367
67.028
66.718
66.042
65.798
65.132
64.828
64.499
47.998
44.847
43.912
65.142
65.16
65.183
65.21
65.841
77.913
78.012
78.008
77.947
77.932
77.955
77.954
77.865
77.785
77.777
77.761
77.826
43.741
43.83
43.558
43.868
44.104
44.122
44.146
43.099
60.843
61.132
60.9
60.668
61.292
54.592
47.893
48.564
47.5
46.437
45.585
53.333
57.314
58.95
58.317
56.812
48.828
49.265
48.782
49.136
48.941
70.532
70.599
70.309
70.24
57.115
49.038
53.43
57.821
57.75
52.497
46.094
47.131
45.895
63.145
75.463
75.326
75.34
75.634
76.14
76.886
77.321
77.756
77.977
78.155
78.119
78.145
78.192
66.145
66.108
66.076
66.027
65.922
65.487
65.425
65.362
65.282
55.945
58.141
50.603
54.143
57.683
64.673
76.294
76.143
76.112
76.322
70.276
64.23
68.601
72.973
73.005
73.013
73.022
72.933
73.011
73.009
72.867
72.837
79.323
79.433
48.99
45.795
46.303
57.968
65.515
73.062
73.041
45.654
45.914
46.169
46.216
73.196
73.131
52.623
47.513
54.382
61.251
61.092
61.058
60.091
49.185
48.855
57.814
60.022
60.541
61.026
57.439
57.331
58.343
58.153
57.584
57.558
53.904
55.883
57.863
50.132
50.021
49.868
57.68
57.841
60.455
59.693
58.012
57.939
57.347
57.626
58.224
61.773
61.428
60.313
59.198
72.198
72.054
72.041
72.027
71.978
72.046
72.137
71.951
72.152
72.171
72.191
71.899
72.415
72.601
73.162
73.48
73.746
48.947
48.412
73.307
73.238
73.247
73.176
73.162
73.085
44.145
44.399
44.14
44.258
43.901
44.617
44.793
43.145
43.519
43.789
43.143
43.183
43.223
43.011
43.363
61.412
62.592
61.963
61.279
59.449
72.092
71.86
72.059
71.785
71.945
72.104
60.367
60.879
61.391
61.295
60.781
72.85
72.7
48.6
60.723
72.846
73.102
66.809
60.516
58.817
57.119
55.523
56.563
56.354
56.483
57.296
51.358
53.432
55.506
54.625
54.543
54.461
54.682
54.359
55.057
54.826
61.541
60.815
60.768
60.807
60.479
72.385
72.132
60.832
59.122
59.802
60.504
61.676
62.848
75.1
75.153
75.22
75.207
75.185
75.122
75.059
56.953
55.874
59.586
58.466
56.545
65.681
74.816
75.065
75.057
74.906
74.814
74.905
75.031
75.089
75.159
75.287
75.255
75.213
75.23
75.233
75.277
75.437
75.851
76.246
76.393
76.505
76.494
76.484
76.408
76.364
76.357
76.546
76.623
76.523
76.687
64.643
64.621
76.654
76.548
76.532
76.515
76.485
76.455
76.48
76.504
70.491
73.578
69.147
64.717
64.631
64.549
64.467
64.532
64.596
64.442
64.547
64.652
64.735
64.807
64.82
64.98
64.935
65.041
64.927
64.795
64.436
47.913
56.816
52.398
61.943
58.598
55.253
62.98
56.215
55.873
55.531
55.878
56.226
56.255
52.646
48.031
54.416
51.067
53.544
56.021
56.168
56.125
55.727
75.9
76.407
76.647
76.868
76.95
76.794
76.797
56.277
56.139
56.22
56.302
54.964
77.934
77.947
77.953
77.972
77.881
77.859
65.59
73.78
66.325
58.87
57.753
57.776
57.473
57.822
65.306
77.31
77.052
76.939
76.899
76.842
76.726
76.849
76.986
77.117
77.348
77.634
77.836
77.757
77.586
77.429
77.239
76.921
76.712
76.564
76.518
76.577
76.657
76.726
76.794
76.758
76.741
76.792
76.772
76.78
76.761
76.791
76.743
76.733
76.755
76.749
76.813
76.788
64.618
64.753
64.592
64.43
64.691
64.55
64.524
64.597
64.792
64.987
61.628
69.601
77.574
77.634
61.988
59.267
