47.025
46.827
61.274
62.466
62.885
62.822
62.766
62.58
61.85
47.133
46.891
46.709
47.286
46.846
61.24
73.838
73.365
72.82
72.704
72.65
72.447
72.027
71.579
71.004
70.696
70.336
70.288
70.504
47.056
46.557
48.743
47.14
45.538
59.101
59.234
59.366
55.858
59.514
63.171
71.151
70.908
70.596
70.432
70.493
70.744
71.097
71.455
59.29
59.674
63.789
64.335
64.176
61.693
59.21
59.511
71.708
71.366
71.072
70.828
58.826
58.878
70.439
70.294
70.497
70.644
70.619
70.631
70.688
70.687
70.89
70.777
70.664
70.733
70.899
70.975
70.95
70.999
70.945
71.001
70.939
70.97
70.956
64.551
61.883
59.214
59.05
61.338
63.626
64
64.06
64.112
59.181
59.267
70.953
71.001
53.764
53.59
52.998
53.094
53.19
59.005
59.317
64.148
63.942
63.926
70.936
74.275
77.615
77.467
77.761
70.723
70.772
71.289
71.529
71.557
60.175
60.336
72.91
73.313
73.076
72.679
72.478
72.694
72.911
73.324
73.604
73.93
74.349
74.658
74.813
62.774
63.193
63.105
58.906
54.708
52.83
50.952
62.231
61.065
62.733
63.127
74.765
74.531
74.474
74.497
74.447
74.51
62.844
62.85
62.92
62.467
62.976
62.918
62.936
62.952
59.159
59.616
73.056
72.784
72.368
72.226
72.257
79.361
79.408
72.495
72.571
72.551
72.563
72.54
72.525
72.536
72.569
72.611
72.711
72.751
72.88
51.055
50.935
51.03
50.89
51.106
58.758
70.64
70.676
70.473
70.253
70.746
70.781
70.802
70.835
74.298
72.475
70.651
70.7
66.971
63.243
63.183
63.07
59.326
53.427
54.318
53.59
54.152
70.817
70.983
70.953
59.334
59.015
58.989
59.149
59.103
58.923
59.058
59.156
59.046
70.966
70.962
70.945
70.929
59.82
61.789
73.509
73.288
72.987
72.743
73.104
62.001
62.088
74.41
81.684
81.777
81.744
81.72
81.793
81.954
62.93
62.708
50.324
51.829
50.755
49.68
50.221
54.657
59.092
80.175
80.833
80.349
79.812
79.775
79.8
79.775
79.79
79.832
79.85
79.865
72.914
72.906
79.975
79.971
72.941
72.896
72.85
72.842
72.833
72.807
60.045
59.598
59.151
59.169
61.576
73.39
73.106
72.901
72.877
72.938
73.031
72.967
63.769
63.93
63.96
64.041
63.939
63.993
49.125
48.859
49.053
78.305
77.94
77.718
77.758
82.834
82.962
82.958
82.968
78.024
78.027
77.952
77.861
77.813
77.847
77.829
70.8
70.805
70.78
49.103
48.572
49.411
48.822
49.119
49.067
49.096
49.126
48.837
71.676
71.988
71.767
71.607
71.422
71.236
71.221
78.376
78.539
78.707
78.875
79.183
79.492
79.916
80.079
53.796
66.943
80.09
79.976
79.965
72.942
72.909
72.857
79.852
79.837
79.804
72.801
72.826
53.277
66.588
69.733
72.878
79.818
79.808
72.767
72.769
72.763
60.961
60.984
60.767
72.831
72.866
72.893
72.811
72.728
72.78
72.763
72.762
72.78
72.788
60.935
60.896
72.944
72.974
72.877
72.827
72.79
72.658
72.669
72.547
72.643
72.575
54.041
54.005
54.111
53.981
53.951
53.868
53.873
53.943
54.199
54.38
61.084
59.696
59.992
60.288
