46.717
46.798
46.938
46.873
47.423
47.133
46.943
46.922
58.447
59.801
60.028
60.094
60.184
60.439
60.834
58.19
55.546
53.008
54.07
55.12
56.17
55.994
55.819
43.537
44.17
44.381
43.631
43.99
44.349
44.043
43.908
44.088
44.457
60.651
60.963
55.663
56.509
57.355
75.295
75.613
75.74
75.82
75.843
75.858
75.974
75.982
76.054
76.097
76.143
76.173
76.225
76.167
76.109
76.013
76.032
75.956
75.877
75.982
76.035
76.089
63.953
64.121
64.074
64.073
64.079
64.083
64.202
64.291
64.38
64.616
76.739
76.752
76.668
76.684
76.812
77.083
77.369
77.744
77.961
78.129
78.148
77.991
67.006
56.021
56.583
55.756
63.867
75.421
75.376
75.235
75.545
75.476
75.748
69.716
63.684
63.117
61.007
58.897
57.608
56.007
73.971
73.843
73.135
73.045
73.214
73.353
73.333
73.319
61.235
60.772
59.862
58.681
52.15
45.619
54.766
63.913
63.945
64.163
64.162
64.169
76.246
76.192
76.139
76.066
76.138
76.209
64.26
64.143
49.319
56.254
63.189
63.463
64.259
64.398
64.486
64.529
64.606
64.681
64.99
65.605
65.871
66.088
66.176
65.927
52.041
52.299
51.706
51.864
51.954
64.117
75.814
75.665
75.681
75.637
75.701
75.56
51.998
52.206
52.266
57.005
58.341
59.003
59.108
58.96
59.202
58.895
58.724
52.075
52.388
52.405
52.598
52.791
46.254
46.758
46.761
46.765
75.606
75.591
75.547
75.753
75.885
63.959
64.14
64.368
63.898
62.524
76.013
76.006
75.989
76.085
51.512
51.646
51.781
64.781
65.399
65.44
65.486
65.599
65.625
65.569
64.85
63.746
52.229
51.944
51.984
52.945
55.577
56.566
56.508
55.669
65.382
65.672
65.978
66.043
66.088
66.1
66.127
66.378
66.628
67.169
67.672
68.06
68.202
68.215
68.065
68.044
68.079
68.033
68.016
68
68.113
68.25
68.185
67.408
65.271
63.934
56.997
68.469
57.378
68.602
79.826
79.688
79.609
79.507
79.439
79.44
79.401
46.948
51.006
49.669
48.332
47.646
51.502
51.855
51.801
51.334
51.637
52.178
51.616
52.039
51.944
63.961
63.96
63.984
54.206
44.428
42.857
48.374
50.556
53.658
52.668
59.406
59.666
59.791
60.453
60.265
60.76
60.44
52.356
52.221
51.854
51.877
51.905
57.813
59.575
51.833
51.303
60.494
62.983
63.26
63.18
63.207
63.291
62.746
65.5
68.253
68.309
62.905
57.501
46.978
46.715
64.284
64.419
64.329
64.313
64.207
64.074
63.633
47
46.753
47.198
46.788
47.378
44.883
46.354
47.876
49.399
56.053
67.239
67.54
67.96
68.089
68.294
68.599
69.127
69.602
70.106
70.403
70.477
70.35
70.124
69.752
69.164
68.488
67.933
67.755
67.769
67.882
67.964
67.993
67.951
67.527
66.317
62.821
59.326
57.842
56.85
62.448
68.046
67.86
67.811
67.781
67.815
67.788
67.834
67.673
66.727
65.694
64.128
64.128
55.214
60.779
66.344
77.672
77.534
77.609
77.726
77.794
65.928
65.974
65.843
47.612
48.811
51.613
50.946
48.592
50.008
51.425
49.992
65.964
65.971
66.043
66.033
66.096
66.054
66.101
66.081
66.016
65.79
64.894
63.449
46.807
47.746
48.685
48.054
75.017
75.186
75.558
75.693
75.76
75.745
75.737
75.751
63.317
48.965
48.841
56.909
56.811
48.295
49.594
49.511
49.427
49.24
49.054
49.242
60.966
60.811
57.438
54.064
57.501
60.939
56.715
52.491
57.925
63.36
75.453
75.519
75.483
75.385
75.318
74.949
43.948
44.786
44.022
76.033
76.047
76.015
49.369
48.22
78.129
78.202
78.125
78.041
66.089
65.997
65.206
63.71
51.974
51.997
52.122
51.973
52.052
50.154
54.654
55.887
56.268
66.238
66.562
66.493
66.319
66.357
66.625
66.866
67.391
67.651
67.911
67.985
67.995
67.954
67.833
67.546
66.958
66
64.627
63.822
63.487
63.27
63.285
63.598
63.862
64.08
64.418
64.448
62.957
44.082
43.664
56.63
55.751
55.635
56.283
76.69
76.247
75.843
75.683
75.71
75.869
75.953
76.019
76.165
76.193
70.139
64.085
63.969
63.72
63.087
51.62
52.209
76.021
76.009
76.012
75.998
76.007
76.014
76.011
56.063
51.978
52.488
52.056
51.623
51.864
52.829
52.399
52.124
52.088
52.077
51.945
