53.348
54.136
53.807
55.972
58.136
77.954
78.475
78.731
75.225
71.719
71.208
62.108
53.007
46.576
46.237
50.59
47.072
50.491
53.911
53.954
57.301
60.649
60.743
60.929
60.908
61.208
61.311
61.405
59.95
54.256
53.784
50.588
52.152
53.716
53.211
53.534
60.404
60.531
60.363
60.146
60.137
60.655
60.649
60.642
46.651
46.795
47.765
48.735
47.408
46.081
60.434
73.346
73.386
80.315
80.16
80.092
80.058
80.116
80.095
80.116
80.177
79.873
50.532
52.119
53.707
54.025
75.223
75.824
75.959
76.086
76.2
76.218
76.27
76.266
76.222
76.147
76.102
76.195
76.197
76.212
76.305
76.371
76.326
76.402
76.505
76.425
76.361
76.39
76.524
76.503
64.473
63.651
61.232
43.671
44.885
55.879
55.939
45.456
44.652
60.93
73.046
73.209
73.289
73.256
73.05
44.004
44.029
44.666
45.055
45.443
53.269
51.346
48.63
45.914
44.903
45.099
45.169
44.728
44.717
45.841
45.566
45.153
45.241
44.782
44.796
44.874
44.87
45.203
72.182
72.206
72.185
72.031
72.052
72.127
72.111
72.066
72.022
71.969
71.928
71.848
71.958
72.296
71.967
78.937
78.838
78.778
78.709
78.679
78.74
78.888
45.025
45.077
45.062
45.072
44.907
46.5
46.226
45.953
71.787
71.794
71.764
71.735
71.633
71.64
71.792
71.892
71.814
71.736
71.69
71.383
59.759
59.944
60.129
60.334
60.418
60.502
60.466
60.318
60.117
60.033
60.131
60.296
59.684
59.011
60.052
43.238
43.775
43.352
57.336
63.865
64.531
64.935
65.046
76.704
76.615
76.54
76.452
76.372
76.303
64.246
64.439
64.278
64.416
64.407
64.574
64.69
64.842
64.933
64.818
64.547
64.553
64.043
63.669
63.295
46.801
47.152
43.849
45.075
45.854
46.633
78.348
78.255
78.141
78.139
78.237
78.23
78.283
78.353
78.324
78.272
78.201
77.985
46.282
45.728
78.352
78.815
78.899
78.868
78.792
78.77
78.783
78.896
79.12
79.409
79.792
80.156
80.477
80.659
80.682
80.63
80.612
80.453
80.32
80.209
80.196
80.192
80.168
80.147
80.164
80.169
80.092
79.906
67.582
66.609
65.896
65.665
65.691
65.884
65.973
66
65.77
65.415
64.702
46.872
47.169
47.046
47.039
46.991
47.498
46.7
64.289
64.925
65.116
65.175
77.19
77.217
77.229
77.151
76.992
76.869
76.832
76.802
76.774
77.07
77.388
77.675
77.962
78.233
78.26
78.155
78.121
78.112
78.068
77.995
78.009
78.087
78.098
78.096
78.105
78.118
78.06
78.003
77.976
78.008
78.074
78.098
78.025
78.024
78.017
77.942
77.978
78.017
77.97
77.974
78.086
78.245
78.291
78.266
78.242
78.188
78.042
77.96
78.045
78.083
78.176
78.207
78.21
78.214
78.226
78.257
78.26
78.169
78.078
78.089
78.025
78.026
78.081
78.091
78.058
78.106
78.146
78.146
78.248
78.36
78.325
78.239
72.234
66.228
66.101
66.069
66.073
66.06
66.099
66.107
66.067
66.068
66.143
66.166
66.091
65.873
47.53
47.102
47.221
46.782
46.555
47.07
47.328
47.376
46.97
46.782
46.663
47.229
51.239
51.966
52.01
51.907
49.206
46.505
46.864
46.984
47.509
47.229
46.709
46.727
46.929
47.534
47.362
46.965
46.653
46.784
47.121
46.732
46.987
57.268
57.093
57.358
47.294
47.433
46.984
46.94
46.516
