43.354
55.162
65.69
67.703
68.063
68.076
67.885
68.127
68.296
68.991
69.738
70.061
70.265
70.298
70.27
70.15
69.989
69.918
69.866
69.814
69.797
57.573
52.335
47.097
44.316
45.261
43.89
44.026
60.89
61.347
61.831
60.529
61.325
61.034
61.113
61.193
61.026
60.859
48.412
48.826
43.654
44.119
55.138
56.786
56.697
56.608
56.471
68.417
68.228
68.388
68.606
69.108
69.45
69.682
69.71
69.708
69.76
69.893
70.027
70.109
69.889
69.811
53.874
50.266
46.657
48.474
53.372
53.046
56.88
57.545
76.885
76.984
76.989
77.102
77.189
77.14
77.096
77.017
76.712
76.144
56.486
55.409
55.948
56.487
56.428
62.345
59.528
67.304
61.625
55.946
55.904
56.016
55.794
55.754
55.878
44.532
43.306
43.811
44.316
54.979
53.097
46.633
45.342
55.183
53.737
52.32
50.82
48.808
50.183
49.358
47.174
47.489
47.805
46.245
46.475
42.446
43.319
43.985
44.652
45.808
46.078
43.839
43.229
49.583
46.842
44.1
44.782
44.203
55.988
56.048
55.513
78.928
78.977
68.75
58.523
56.936
58.705
56.693
56.737
56.782
55.256
56.856
57.107
57.317
57.526
57.461
45.179
43.412
44.646
45.881
57.301
55.85
55.867
55.926
56.236
57.105
58.638
77.513
77.348
77.14
76.995
77.154
77.581
78.092
78.462
78.762
71.776
71.626
71.391
71.288
71.231
71.378
71.752
59.734
58.782
56.889
45.753
47.525
46.522
45.52
60.071
71.912
71.736
71.286
71.095
71.357
71.231
71.239
71.294
56.799
58.669
60.729
62.117
74.447
74.601
74.594
74.559
74.754
63.052
62.846
61.628
58.632
56.201
53.771
53.1
52.867
52.504
61.46
73.712
73.146
79.913
79.746
79.851
79.885
79.919
79.926
61.057
60.977
60.823
60.851
60.926
61.046
61.011
45.427
46.883
45.359
45.002
44.645
44.716
44.06
46.105
46.739
44.968
45.911
48.311
47.638
59.669
58.06
46.352
45.381
44.8
44.219
46.498
62.13
53.695
45.26
46.584
44.337
44.482
44.948
45.175
45.402
45.063
44.724
45.001
45.277
46.625
46.108
57.254
77.052
77.102
77.395
68.377
59.36
58.433
59.303
59.561
59.367
59.274
71.737
72.021
71.752
78.649
78.532
78.569
78.674
59.752
59.533
59.047
58.968
58.127
43.176
44.622
71.842
71.833
71.275
71.246
59.044
60.62
58.269
58.807
61.503
61.194
61.063
60.932
53.102
45.273
44.172
60.84
61.322
61.471
61.538
61.748
62.485
62.892
63.451
63.525
63.677
63.277
62.889
62.439
62.056
61.707
61.604
61.625
61.85
61.69
61.548
61.107
60.436
58.626
87.742
74.01
60.277
60.252
60.47
70.303
80.136
80.249
80.392
80.476
80.344
80.188
80.113
80.076
80.06
80.039
80.054
69.358
74.697
80.036
80.006
60.133
60.596
59.747
60.717
52.871
52.522
52.174
53.577
50.738
47.9
49.271
50.641
