68.958
61.719
60.063
58.407
57.619
56.831
46.595
45.612
58.865
58.46
54.973
57.733
52.371
47.008
46.453
61.82
62.055
61.879
62.019
62.158
61.976
46.33
45.617
48.684
47.208
45.732
47.425
49.425
51.424
45.622
53.859
62.096
61.907
62.008
50.253
49.597
50.28
50.141
49.803
49.906
50.064
50.15
51.107
52.064
48.213
43.75
44.204
49.467
50.269
49.543
62.004
61.973
61.739
61.726
63.679
65.631
56.69
57.809
56.015
44.124
43.942
45.487
43.451
44.898
45.808
46.718
44.368
43.41
45.086
45.009
45.5
45.991
45.03
58.602
57.413
55.777
57.799
56.528
57.254
49.238
46.401
44.513
76.995
77.768
77.782
77.938
78.074
66.089
65.569
65.759
65.004
58.169
51.335
46.074
55.123
64.171
64.375
76.089
75.756
75.39
62.799
44.694
43.018
44.252
44.561
65.742
65.357
77.164
77.317
77.4
77.365
77.203
77.033
76.928
76.541
64.131
63.883
63.692
75.666
75.376
75.42
75.566
63.534
63.46
63.953
76.899
77.298
77.376
77.374
77.528
77.619
77.661
77.533
77.431
77.41
65.275
65.102
64.943
64.979
65.703
66.656
79.071
79.31
79.408
79.704
80.224
80.518
80.692
49.623
50.116
49.761
49.821
49.856
49.824
49.779
67.957
68.217
68.477
80.256
80.104
67.206
49.903
49.866
49.902
50.045
49.793
49.959
50.029
50.008
74.151
81.251
81.221
74.277
74.306
74.429
74.537
74.339
74.297
68.239
62.181
61.993
61.996
50.061
56.074
52.675
63.453
74.23
74.34
74.328
74.391
74.229
74.137
74.049
73.939
60.781
47.622
45.806
62.025
69.047
69.009
69.009
69.009
68.987
69.009
68.999
69.008
68.997
68.408
58.672
56.646
56.995
57.331
58.158
58.986
68.758
69.132
68.993
69.01
50.038
49.988
50.023
49.922
49.898
50.037
50.055
49.936
50.092
49.75
50.051
49.845
50.096
58.464
71.338
71.586
71.1
71.056
74.441
66.711
68.807
70.903
70.978
71.073
71.168
71.185
70.983
70.772
49.699
60.037
70.374
70.182
56.905
49.562
49.634
50.071
49.727
49.998
54.255
58.512
59.023
57.897
57.984
58.07
57.941
57.811
57.683
59.216
50.147
49.653
50.199
49.917
50.028
49.881
56.671
56.841
56.957
56.913
69.165
69.257
47.28
45.892
50.315
50.303
50.291
50.068
48.56
47.051
75.404
75.172
75.202
75.217
75.26
75.533
75.669
75.76
75.73
75.715
75.64
75.436
75.393
75.35
75.391
75.389
61.844
61.93
61.822
61.866
61.903
50.747
60.375
70.002
71.517
72.068
72.829
73.578
61.79
61.477
59.556
58.195
50.826
48.754
48.25
50.334
75.412
75.216
81.983
81.658
81.454
74.228
74.308
74.263
74.218
74.175
81.264
81.211
74.12
74.135
74.089
62.205
62.036
61.979
61.997
62.029
62.066
62.063
81.032
80.992
80.967
80.983
80.934
46.424
46.883
81.03
81.031
81.083
81.12
81.168
81.089
80.972
80.993
80.942
80.926
73.919
77.492
81.066
81.128
81.131
81.134
49.475
49.309
61.439
56.285
51.132
46.297
45.057
45.132
45.208
45.656
44.182
45.521
44.745
50.333
58.344
56.769
56.96
51.615
51.269
50.923
47.659
46.467
49.198
50.288
51.378
60.183
68.988
69.006
68.99
48.698
48.921
49.594
50.266
49.774
59.455
54.646
49.837
48.474
49.866
50.297
50.071
48.605
50.041
50.083
48.876
48.441
58.677
57.885
57.093
57.333
57.875
58.416
59.933
58.645
58.739
58.833
68.975
68.86
69.046
69.089
68.963
68.934
68.998
68.997
69.006
