69.183
69.039
69.129
69.031
69.02
69.039
68.982
69.084
68.96
69.112
68.941
69.164
68.878
69.048
68.966
68.992
69.033
69.005
69.027
65.069
65.056
65.998
66.94
67.068
67.182
67.011
67.086
67.136
67.093
67.071
67.076
67.092
67.176
67.396
67.403
67.24
67.107
66.98
66.981
67.01
67.06
67.124
67.051
66.925
66.819
66.829
66.984
67.174
67.233
67.257
67.183
67.119
66.777
66.109
55.602
45.2
46.031
45.875
45.719
46.483
45.831
46.382
46.087
45.721
46.369
45.935
46.217
45.968
46.238
72.849
73.726
74.18
74.259
74.534
74.828
75.193
75.637
76.056
76.41
76.335
76.542
64.847
64.844
64.812
64.594
64.31
64.694
64.935
65.045
65.178
65.235
65.209
65.252
65.26
65.4
65.526
65.407
65.25
65.088
64.948
64.977
65.211
77.289
77.263
77.175
77.046
76.939
76.979
77.152
65.322
65.22
64.793
63.231
70.01
70.021
58.179
57.847
58.06
58.096
57.961
64.546
75.921
75.735
75.829
76.042
76.413
76.621
76.74
77.048
77.331
77.352
65.413
65.402
65.473
65.632
65.255
64.272
46.382
45.81
46.223
52.206
52.815
52.691
45.484
46.286
45.684
53.171
64.255
63.043
62.875
63.404
63.334
62.742
63.299
63.422
63.254
62.834
64.676
65.058
64.987
65.017
65.014
64.941
64.95
64.959
64.969
64.979
65.052
64.965
64.949
64.979
64.992
64.958
64.925
74.005
74.184
74.269
74.376
74.367
74.273
74.19
74.117
74.051
73.927
73.906
73.831
73.707
61.639
60.841
60.014
59.343
59.117
58.349
58.305
58.448
58.59
58.632
58.686
58.74
58.679
58.619
58.429
58.239
57.991
58.092
58.075
57.966
58.072
58.077
58.078
57.724
58.594
57.655
58.636
58.406
57.609
58.432
58.481
57.556
58.453
57.836
57.869
58.022
58.073
58.05
57.893
57.774
62.491
62.397
51.521
50.428
50.588
50.747
51.496
51.101
50.644
50.965
51.06
51.421
50.93
50.807
50.988
50.955
51.311
51.055
51.313
51.069
51.407
51.121
51.201
51.092
51.302
51.513
51.088
50.795
50.344
50.841
51.577
51.79
50.946
50.698
50.99
51.415
51.165
50.706
50.201
51.587
58.714
56.81
56.559
56.892
57.028
57.306
57.585
49.842
58.402
66.962
67.083
67.121
67.066
67.101
67.081
67.125
66.972
66.973
67.021
67.068
67.106
67.089
67.009
66.968
67.046
67.059
67.05
66.945
66.915
66.984
67.052
67.042
67.046
66.961
66.95
67.006
67.04
67.089
63.056
63.009
60.295
57.581
58.221
79.105
79.049
76.634
74.219
74.221
79.012
79.03
78.955
79.035
78.935
78.978
79.017
79.081
79.022
78.998
62.934
62.971
45.154
45.742
45.884
46.071
46.353
45.822
46.072
46.185
46.095
46.158
45.91
46.131
46.171
52.722
53.424
53.087
53.072
52.866
73.701
74.569
75.034
75.35
75.638
76.006
76.333
76.601
76.713
65.123
65.153
65.139
65.144
65.273
65.391
65.559
65.754
65.733
65.499
65.521
65.567
65.61
65.556
65.472
65.323
65.191
65.121
65.257
65.577
65.854
77.962
77.899
77.794
77.696
77.729
77.755
77.583
77.669
77.497
77.471
77.444
65.45
65.081
64.547
63.943
63.864
63.855
63.756
75.706
75.711
75.745
75.941
76.218
76.532
76.599
76.798
76.993
77.109
77.297
77.286
77.276
77.25
77.297
77.359
65.102
63.592
63.366
63.273
62.57
61.868
74.009
74.081
63.187
63.397
63.217
63.036
62.943
62.849
62.553
62.345
74.106
74.053
53.075
52.654
53.991
52.44
53.015
52.022
53.426
63.711
73.995
74.015
73.996
73.977
73.988
74
74.026
74.023
73.966
62.288
62.615
74.851
75.032
75.097
74.972
74.88
74.739
74.654
74.514
74.533
74.341
74.085
47.603
45.473
46.435
45.584
44.732
72.595
72.389
72.084
72.056
72.027
72.071
72.127
72.285
59.562
51.086
51.005
50.96
50.961
51.14
51.172
50.804
50.955
50.984
58.951
59.261
59.571
72.23
72.247
59.345
59.081
58.818
58.834
58.849
58.883
58.916
51.12
51.609
51.048
50.243
58.17
57.993
57.908
57.912
58.133
58.008
58.088
58.165
51.075
50.704
58.228
58.162
58.014
57.961
58.041
58.143
57.979
57.977
58.065
69.995
70.027
69.998
69.969
69.98
70.008
69.981
70.039
69.979
69.961
69.981
70.002
68.533
67.064
50.926
51.398
67.016
70.019
70.069
69.991
70.147
72.134
72.125
72.133
72.104
72.079
72.046
69.855
50.826
50.888
51.518
51.363
50.273
50.764
51.002
51.378
50.008
51.315
67.04
66.983
66.945
66.98
51.121
51.369
51.156
49.874
49.574
51.512
52.173
48.2
47.987
69.568
69.958
70.095
70.103
70.109
70.086
70.084
70.122
70.077
70.096
70.125
67.065
