45.913
45.744
46.117
45.973
45.996
45.975
46.112
45.686
48.361
48.316
56.971
57.575
57.768
57.96
50.848
51.102
56.399
57.568
64.861
65.152
65.09
65.027
51.812
52.378
52.943
53.972
52.832
52.959
53.809
52.494
53.054
53.679
52.566
53.23
53.34
52.484
53.288
54.604
55.919
62.731
69.542
69.576
76.776
76.938
77.542
71.473
65.404
61.737
59.397
59.623
59.849
78.619
79.185
79.408
72.425
72.273
72.38
72.422
72.5
72.287
72.015
71.934
72.021
72.77
73.355
73.79
74.081
74.037
73.923
73.954
73.962
73.892
73.828
73.617
73.522
73.452
73.358
48.216
47.921
60.945
60.537
73.115
73.039
72.895
50.339
50.156
51.165
51.282
50.644
49.257
47.871
51.388
50.56
49.733
49.758
74.178
74.486
74.722
74.741
74.387
62.249
62.143
61.352
73.101
72.777
72.393
72.598
72.803
72.961
73.114
73.22
73.143
72.809
59.279
60.879
61.533
56.865
52.197
48.164
54.821
61.478
61.126
70.759
66.159
61.559
61.455
61.546
67.83
74.115
74.606
75.02
50.043
48.14
82.133
82.048
81.974
74.867
74.859
74.801
74.768
74.705
74.654
74.569
74.619
74.662
74.918
74.965
74.987
62.36
58.296
57.673
49.863
50.148
49.932
49.907
49.893
50.177
49.715
57.036
58.973
57.943
57.998
50.584
50.953
50.879
50.954
51.032
50.983
50.935
51.127
50.883
51.013
60.518
55.719
50.921
50.305
50.558
50.371
50.33
50.008
49.9
49.506
49.463
49.324
48.58
49.666
50.752
62.24
73.727
74.191
74.672
74.924
75.087
63.192
63.08
63.044
63.18
63.167
63.1
75.258
75.123
74.929
74.89
74.88
74.895
74.827
74.76
74.716
74.525
74.085
61.728
61.555
60.937
60.28
60.952
60.435
60.855
60.861
60.836
61.131
60.685
53.608
46.531
45.012
45.914
46.816
47.146
47.475
46.25
63.707
63.128
63.782
63.605
63.309
63.314
63.099
62.998
63.191
62.997
62.776
62.716
62.669
62.486
62.618
62.479
62.452
60.878
58.949
60.086
59.821
59.991
60.161
66.029
71.897
72.248
72.125
71.978
72.205
72.326
72.209
63.418
54.628
43.006
42.954
75.156
74.844
74.809
74.924
74.96
74.996
75.064
75.053
74.789
74.51
43.68
44.263
43.924
44.073
43.843
44.159
43.928
63.764
76.064
76.099
75.936
75.697
75.523
75.513
75.619
75.689
75.976
76.492
76.701
76.863
76.92
76.785
76.652
76.629
76.563
76.515
76.461
76.421
60.257
60.039
59.82
60.147
48.825
48.972
79.773
79.58
79.937
80.22
80.378
80.39
80.472
80.484
80.451
80.323
80.235
80.247
80.215
80.176
80.213
80.249
80.24
80.277
80.25
80.213
80.182
80.088
79.985
67.863
67.66
60.038
59.761
59.485
49.238
50.01
50.782
46.048
46.969
45.8
46.606
46.329
45.697
45.86
45.847
46.177
45.868
47.789
48.59
49.324
50.058
49.314
51.313
50.687
50.908
51.162
50.957
50.906
50.962
50.985
51.058
70.977
72.677
72.877
72.635
72.393
49.114
48.889
49.127
48.876
49.007
48.97
48.82
49.274
56.769
59.147
57.301
43.743
44.042
44.161
44.327
44.096
44.136
44.252
44.554
44.318
44.205
44.328
43.001
43.956
44.912
44.661
44.41
