51.461
49.869
50.817
43.421
44.532
58.526
59.348
59.75
59.742
60.176
60.257
60.711
60.493
60.276
72.348
72.719
71.918
78.707
78.466
78.431
78.521
78.664
71.876
71.969
71.745
55.906
49.05
46.377
45.187
46.82
48.453
44.824
44.583
56.322
56.653
57.039
57.425
57.613
57.8
57.978
57.671
46.053
44.948
45.904
45.199
46.575
45.233
45.791
46.206
45.426
45.924
45.518
58.013
58.105
45.966
45.613
45.498
45.248
45.607
45.578
70.207
69.678
69.439
69.557
69.339
69.253
69.355
69.436
45.79
45.881
45.857
69.605
70.026
69.614
69.36
69.489
69.531
69.597
69.593
69.028
68.606
46.108
45.827
45.386
46.219
46.159
45.725
45.517
50.116
48.15
46.183
45.986
58.012
58.097
58.057
58.071
58.017
57.963
46.22
45.935
70.438
70.5
70.372
70.494
70.362
58.121
57.929
57.916
57.95
57.956
46.251
45.962
45.875
58.782
58.092
57.959
58.108
58.077
58.046
46.351
46.331
46.233
46.176
46.079
45.896
45.977
46.046
45.935
46.011
46.232
46.202
46.282
45.987
46.111
46.102
46.089
46.261
45.781
73.597
73.934
73.983
74.033
67.18
66.956
53.187
52.412
52.667
68.1
67.532
67.502
67.517
67.543
67.562
67.584
67.675
54.995
53.185
53.183
53.046
53.46
52.951
68.81
68.558
68.271
67.985
54.413
52.792
54.085
55.378
67.922
68.036
68.061
68.148
68.606
69.733
70.368
70.014
56.925
57.534
58.142
57.687
57.756
76.702
76.767
76.825
76.828
76.86
76.935
45.675
46.089
45.548
46.111
45.525
46.251
45.996
45.881
45.87
45.761
45.687
45.867
45.872
45.921
46.015
46.298
47.403
48.507
47.969
47.219
46.468
58.024
57.604
57.578
57.553
57.641
57.729
58.126
58.523
69.597
69.437
69.387
60.001
57.731
53.015
48.298
59.856
71.414
70.811
77.685
77.469
77.541
77.636
70.581
58.194
45.504
46.042
45.541
45.461
45.38
45.604
45.828
60.805
60.902
61.1
61.298
61.434
61.197
61.151
55.679
50.207
51.173
51.531
73.306
72.845
72.557
72.666
72.778
72.841
72.505
50.737
51.949
51.178
49.885
49.744
55.373
61.003
60.952
60.71
60.569
60.677
60.929
60.495
66.12
66.029
66.11
66.065
66.005
62.05
58.096
58.225
70.285
70.321
70.355
70.39
64.464
58.538
58.492
58.395
58.181
58.831
59.368
71.893
72.176
71.721
78.802
78.738
78.746
78.694
78.696
78.636
78.614
78.614
78.648
71.584
71.588
71.626
71.584
71.5
71.58
71.686
44.054
44.016
44.199
44.008
44.048
43.965
44.112
73.799
73.968
73.98
73.686
74.079
74.45
74.754
74.902
74.877
74.54
73.862
73.259
72.657
72.57
72.842
73.06
73.431
61.051
59.249
55.403
42.986
43.106
55.078
56.959
61.867
72.683
72.406
78.621
78.33
77.986
78.145
78.247
78.569
78.953
79.191
79.703
79.867
79.903
79.847
79.822
79.827
79.849
79.87
79.92
79.886
79.89
79.901
79.866
79.886
79.897
79.951
79.94
79.989
79.978
79.962
79.937
79.843
79.851
79.841
79.941
79.985
79.972
80.039
80.048
80.023
80.081
80.009
80.002
80.031
79.996
79.99
80.17
80.152
80.106
49.04
49.633
49.184
48.806
49.286
49.333
48.478
49.319
49.36
49.115
49.195
49.025
49.005
49.022
48.978
49.079
49.107
49.086
47.637
45.572
49.952
49.969
49.985
49.976
49.967
46.994
47.616
48.238
50.371
53.437
56.675
55.869
55.064
55.299
56.26
57.221
60.635
