55.497
56.996
56.812
53.887
53.127
53.69
45.951
44.425
46.395
46.448
46.502
53.066
53.654
52.867
45.868
46.328
50.998
55.668
55.684
56.118
55.604
62.453
69.303
68.864
56.156
56.334
54.646
68.499
68.211
55.842
55.802
56.481
56.201
55.931
57.189
54.055
54.441
53.243
53.784
53.961
53.938
53.823
53.892
54.233
53.265
54.875
53.318
54.508
54.696
54.884
54.381
65.934
65.975
58.018
57.58
57.62
57.857
58.12
57.846
58.123
57.629
60.448
60.674
60.902
61.111
61.221
61.331
60.951
60.571
59.978
60.405
54.688
53.341
53.999
54.864
55.034
54.63
54.227
63.637
73.048
73.104
55.802
57.076
57.493
57.339
57.489
57.892
57.863
57.811
69.848
70.023
70.119
70.191
70.041
69.91
69.83
70.101
70.571
70.925
70.868
70.968
70.987
70.856
70.725
71.044
71.355
72.066
72.86
73.324
73.446
73.368
73.161
60.93
61.142
54.668
48.195
43.828
45.335
44.018
71.799
71.893
71.399
71.242
71.396
71.534
71.583
71.536
71.683
71.715
71.634
71.49
71.379
71.356
71.359
71.532
72.026
60.191
60.024
59.898
59.778
59.63
59.392
58.968
58.996
59.144
59.415
59.512
59.703
59.748
59.34
61.225
63.111
62.956
62.945
63.046
63.06
61.725
60.389
60.784
60.973
60.92
60.917
60.948
61.04
60.893
60.928
60.959
60.806
60.64
55.823
51.007
51.241
51.172
51.074
51.062
59.856
60.975
61.737
61.591
61.788
61.685
61.978
62.271
62.559
62.979
63.054
63.049
63.008
62.691
61.744
53.295
53.21
53.277
52.918
53.579
52.836
52.093
52.772
53.586
53.21
52.798
52.672
52.953
53.664
53.661
53.1
52.984
52.763
52.673
53.805
54.714
53.041
53.007
52.746
52.942
51.965
53.05
52.141
53.434
55.153
53.749
53.031
53.812
52.973
52.605
52.634
52.1
53.255
53.072
52.888
53.39
53.892
53.949
54.006
70.744
71.17
70.066
76.935
76.537
76.6
81.679
81.744
81.885
81.928
81.947
81.926
81.847
81.797
81.747
76.783
76.908
77.081
77.384
78.064
59.252
59.974
59.986
67.06
67.04
67.079
67.04
67.034
66.991
66.992
67.06
59.339
57.771
45.62
46.58
45.506
45.805
58.785
58.873
58.92
58.967
58.971
60.071
58.874
59.029
59.183
59.716
59.568
59.883
60.198
60.723
61.247
61.291
46.418
45.964
45.76
45.915
46.303
46.064
46.036
45.683
46.19
45.982
46.013
46.309
45.605
46.544
45.464
46.269
45.574
