49.648
50.894
50.102
50.902
57.593
64.283
64.432
64.586
64.728
64.74
64.725
64.748
64.732
64.643
64.615
64.74
64.8
65.082
51.361
51.254
51.148
67.058
66.257
66.383
66.324
66.109
66.107
66.281
66.114
79.02
78.98
52.34
60.002
67.664
67.572
67.667
68.019
68.395
68.598
67.857
56.399
50.66
50.567
52.579
51.85
51.122
53.736
52.065
65.797
65.894
66.153
66.25
66.435
66.631
66.749
66.934
67.096
67.758
42.945
43.003
43.013
42.982
42.993
43.018
43.044
43.033
43.054
43.061
43.001
43.039
43.101
43.132
66.098
66.392
66.547
66.884
67.001
67.061
67.038
67.081
67.135
67.236
67.447
67.513
67.471
67.391
42.968
43.001
43.034
42.97
42.997
43.02
43.013
43.015
43.016
43.011
43.005
43.011
43.017
43.027
43.006
42.988
42.999
42.99
43.076
43.02
43.012
43.003
43.023
43.024
43.024
42.958
43.037
43.052
73.972
74.467
43.088
43.113
43.027
43.069
42.962
43.092
43.09
43.127
43.129
43.156
43.17
42.973
64.472
63.692
58.858
62.012
57.999
53.986
55.6
54.398
63.717
63.935
64.253
76.348
76.385
76.579
64.621
64.567
64.608
64.739
64.864
64.808
64.819
64.985
65.007
64.936
64.863
64.886
64.902
64.826
64.941
65.047
65.008
65.116
65.151
65.127
65.003
64.872
64.168
47.998
47.958
48.012
48.059
47.79
47.936
48.207
47.768
47.99
48.181
47.805
47.949
63.785
63.639
63.38
63.498
63.745
63.609
75.711
75.744
75.971
76.071
76.156
76.16
76.189
76.255
76.191
76.127
76.017
75.986
76.019
76.02
76.065
76.137
64.182
64.033
64.132
63.95
63.802
64.051
63.849
64.037
64.135
64.262
64.378
64.277
64.104
63.581
62.252
63.823
64.019
64.215
60.375
62.366
64.357
56.76
57.061
57.514
63.182
63.285
63.355
63.419
63.539
63.586
63.592
63.939
63.908
64.196
64.228
64.089
64.385
64.407
64.235
64.601
64.706
64.773
64.682
64.612
64.637
64.717
64.774
64.727
64.661
64.627
64.597
64.58
64.572
64.604
64.689
64.721
64.761
64.768
64.735
64.701
64.622
64.705
64.726
64.689
76.674
76.838
76.975
76.974
76.991
77
76.867
76.762
76.707
76.653
76.663
64.723
64.804
64.828
64.782
64.809
64.784
76.679
76.583
76.594
76.606
70.688
64.77
64.971
65.15
77.069
76.714
53.011
53.16
52.718
53.359
52.657
53.497
65.194
65.267
65.109
64.806
53.132
52.467
53.17
52.73
53.188
53.485
53.622
53.758
52.362
53.76
52.473
53.249
53.004
52.738
53.537
53.648
53.759
53.868
53.977
53.507
53.519
53.554
52.405
53.363
52.594
53.144
53.929
52.605
53.974
52.598
53.862
52.825
53.153
53.227
52.236
53.338
52.646
53.529
53.737
53.25
53.639
52.31
53.534
52.553
53.187
53.035
52.849
53.636
52.5
54.118
54.253
54.388
53.189
53.315
53.441
53.425
53.409
53.492
53.575
