45.059
50.179
50.448
50.718
49.878
54.078
58.278
57.716
57.154
57.766
56.981
58.496
48.931
61.455
54.779
64.323
73.867
73.923
62.03
50.382
50.359
50.411
50.464
50.365
49.62
53.053
56.485
56.996
57.54
50.111
49.794
50.49
50.403
49.013
49.57
49.989
50.39
49.889
50.108
50.327
50.815
48.864
49.608
50.467
50.113
49.76
49.323
50.051
51.121
51.901
52.681
66.035
79.39
79.381
79.439
79.537
79.63
79.768
79.883
79.911
79.882
79.682
79.384
78.89
78.416
65.819
65.684
65.65
65.85
66.202
72.451
78.701
78.683
78.649
78.617
78.557
78.558
78.587
78.607
78.512
45.775
44.381
45.156
45.931
44.082
45.811
65.586
77.556
77.497
77.565
77.67
77.698
77.662
77.606
77.623
77.571
77.503
77.475
77.429
77.43
77.402
77.493
77.475
77.506
77.495
77.528
77.576
77.566
77.556
77.545
77.461
77.351
65.246
58.499
51.751
46.901
48.406
47.026
45.647
44.611
45.345
45.658
45.951
46.244
46.112
45.979
53.159
55.599
58.038
56.705
57.15
57.224
57.298
50.748
47.392
44.948
44.387
45.363
43.82
46.736
52.444
58.152
77.508
77.666
77.835
58.651
57.516
58.213
57.633
57.053
51.247
51.669
52.092
78.457
79.09
79.432
79.637
79.787
79.966
80.042
79.88
79.926
79.983
79.908
79.766
79.584
79.388
67.075
66.636
66.398
66.161
66.018
66.203
50.117
58.351
66.586
66.624
66.718
66.869
66.506
66.626
56.5
45.683
43.918
43.179
65.083
64.976
65.658
66.339
77.751
77.696
77.786
48.375
46.922
62.329
77.736
77.724
77.67
77.698
77.752
77.803
77.818
77.765
77.734
77.696
57.498
57.377
77.622
77.63
77.607
77.607
77.611
77.711
77.792
77.865
77.841
77.864
77.833
77.628
76.575
76.794
59.031
45.716
44.775
45.736
46.697
44.94
44.973
50.012
62.132
74.251
74.8
75.012
75.045
75.113
75.179
75.026
75.08
75.116
75.122
75.36
75.237
74.88
74.188
61.368
48.547
47.868
48.022
48.177
46.918
47.624
47.935
46.975
47.161
49.375
48.477
47.579
60.759
73.94
74.019
74.155
74.402
74.703
75.224
75.642
75.758
75.557
75.23
49.739
46.302
46.487
61.981
62.05
61.836
62.001
73.885
73.799
73.839
73.879
73.827
73.846
60.622
67.437
74.252
74.042
74.132
74.223
74.278
74.109
74.079
74.035
73.971
73.918
73.898
74.002
74.106
74.019
74.032
74.007
73.984
73.964
73.94
73.897
73.894
49.912
49.858
74.033
74.13
62.173
61.893
61.982
61.911
61.866
61.912
61.922
61.881
61.84
61.666
61.87
49.654
47.068
46.257
48.888
50.963
49.863
49.863
