53.749
54.022
53.413
54.541
54.826
55.112
55.186
55.26
57.477
56.139
56.318
56.497
56.16
55.823
55.808
55.793
56.17
56.546
56.475
56.403
56.272
56.141
55.108
56.417
55.324
56.748
55.253
56.731
55.359
56.3
55.367
55.729
54.916
53.005
50.872
48.74
46.306
44.974
44.219
43.463
43.695
43.048
57.869
57.604
57.584
56.044
54.503
54.589
51.264
53.222
53.351
43.236
43.376
43.448
43.148
54.265
54.303
54.104
54.019
49.916
51.61
52.942
58.342
58.281
43.159
43.074
43.659
43.24
57.563
57.762
57.543
57.719
57.862
57.439
58.398
58.17
58.409
58.144
58.115
43.507
43.288
57.746
57.891
57.941
58.399
63.965
69.531
68.473
67.667
74.558
74.257
66.902
54.198
54.682
55.115
54.855
55.241
56.382
68.519
68.665
57.039
57.132
69.043
68.989
56.162
56.901
57.64
57.465
70.68
70.306
69.873
69.815
69.9
70.028
58.112
57.765
56.788
61.391
65.994
65.953
65.983
66.063
45.387
44.256
71.727
71.735
71.554
71.263
71.271
71.266
71.226
70.9
70.498
69.827
69.465
69.137
68.533
68.471
68.528
68.716
68.873
69.136
57.577
57.729
57.969
58.117
58.232
58.288
58.502
58.774
58.488
58.247
58.303
58.387
58.286
57.536
57.424
57.948
57.96
58.024
58.105
58.039
56.994
55.949
61.719
67.49
67.693
67.863
68.034
68.066
68.046
67.991
68.007
68.17
55.189
53.421
52.61
45.7
46.275
45.907
46.095
45.468
68.381
68.122
67.786
67.599
67.394
55.369
54.88
54.913
56.096
55.285
56.531
56.766
57.001
46.005
45.896
45.447
46.981
46.317
45.654
45.79
45.926
45.995
46.105
45.936
46.074
46.121
46.167
52.597
52.886
65.349
65.311
65.236
65.311
65.478
65.732
65.774
65.636
65.544
65.547
65.498
65.419
65.423
65.428
65.419
65.454
65.458
65.524
65.663
65.815
53.445
53.164
52.962
52.868
53.365
54.069
54.774
53.89
54.39
66.01
65.834
66.201
66.656
55.103
55.762
55.596
55.927
56.045
56.061
55.785
55.89
55.831
56.193
55.987
55.98
55.26
62.922
62.968
63.046
63.038
62.964
62.933
62.738
66.039
65.923
65.454
65.186
65.244
65.223
65.003
65.291
65.346
52.547
53.587
53.186
53.314
53.228
53.005
53.183
53.181
53.407
53.072
53.216
53.359
53.545
53.726
53.977
53.656
53.811
53.564
53.525
53.491
53.515
53.759
53.777
53.93
53.389
59.522
58.508
57.493
57.705
57.938
58.003
57.917
53.692
53.764
53.724
53.63
65.351
64.725
57.825
52.567
52.944
53.293
54.056
56.577
57.555
53.851
53.424
65.267
64.988
47.644
43.906
45.279
57.654
57.038
57.77
58.501
58.329
57.612
57.505
57.804
58.001
57.848
43.813
44.223
44.914
53.745
53.855
53.966
53.794
53.835
53.875
53.899
53.926
