56.057
55.885
56.401
68.504
68.616
68.752
68.774
68.841
69.129
69.099
69.252
69.14
69.028
68.833
68.784
68.231
68.066
67.9
67.7
55.74
55.82
55.646
55.689
55.805
55.981
56.566
58.663
58.515
58.368
51.696
52.121
51.808
70.005
69.473
76.312
76.044
76.131
76.426
77.018
77.539
77.758
77.832
77.853
77.666
77.074
76.481
66.551
56.621
56.567
49.188
49.361
56.438
68.876
68.778
61.404
54.03
51.422
48.815
49.569
54.092
54.039
54.331
54.103
54.386
54.239
43.018
42.971
46.964
50.958
50.979
51.151
50.431
49.823
49.215
48.937
54.217
54.543
60.456
51.799
58.951
66.104
66.005
65.939
64.562
61.429
62.555
52.406
52.59
60.791
68.993
68.833
61.38
64.891
60.67
56.448
56.657
68.655
68.986
68.565
68.27
68.054
68.102
68.192
68.989
70.162
70.606
70.908
71.181
71.514
71.921
72.64
73.071
73.503
73.485
73.483
73.244
72.847
72.336
71.927
71.801
71.682
71.257
71.246
78.405
78.491
78.523
78.339
77.544
54.236
54.215
54.223
53.559
54.28
74.435
75.367
75.727
68.81
68.962
69.351
69.364
69.39
68.778
69.253
69.225
69.165
69.1
69.25
69.394
69.677
76.452
76.229
81.104
81.007
80.908
43.663
45.346
44.995
44.917
44.92
44.874
45.149
77.576
77.595
77.799
77.951
71.068
58.724
59.03
45.309
46.954
46.988
47.023
54.006
54.417
46.905
47.58
47.154
46.983
46.913
47.029
46.992
47.089
46.705
47.281
47.198
47.101
47.26
46.673
47.443
46.896
47.515
70.588
70.905
70.937
70.975
71.036
71.143
71.223
71.091
70.852
69.795
69.253
69.338
69.735
70.072
69.66
69.518
69.478
69.32
69.19
69.198
47.767
45.984
45.613
48.295
47.713
47.132
50.837
54.542
59.479
59.509
59.799
60.139
60.976
61.344
61.708
61.784
61.013
60.25
59.744
59.238
59.142
59.215
58.879
70.903
77.754
77.721
77.666
82.631
82.766
70.186
57.606
52.526
54.526
47.936
47.323
47.639
46.855
80.625
80.302
80.204
47.342
46.398
47.607
65.991
65.338
62.096
57.499
66.567
54.281
51.965
65.17
78.374
78.037
82.808
82.859
83.271
79.072
79.76
80.364
80.371
80.063
79.622
79.171
78.649
78.503
78.54
71.522
71.454
71.308
71.168
70.919
48.705
48.203
48.341
46.341
70.881
70.9
64.018
64.013
63.896
63.943
64.048
64.012
63.975
63.968
63.904
48.36
48.608
64.109
63.929
