54.123
54.13
54.012
54.124
54.014
54.072
54.126
60.075
66.024
66.036
66.025
66.002
66.026
66.034
65.902
52.671
54.182
53.939
54.1
54.049
54.026
54.097
54.078
54.142
54.022
54.015
54.055
54.079
54.136
54.132
53.94
54.062
54.065
53.388
54.943
53.936
53.937
54.107
54.066
54.026
83.024
83.074
83.086
83.085
83.057
83.011
82.965
54.165
53.984
82.903
82.943
54.291
50.197
48.143
47.122
47.261
46.133
46.572
45.499
54.033
62.568
63.056
63.904
64.784
65.204
65.247
65.282
65.48
65.699
65.788
65.847
66.156
66.219
66.176
66.136
66.149
66.025
65.798
65.216
64.274
63.405
63.179
63.397
63.343
75.317
75.283
75.268
75.387
75.597
75.83
75.781
75.804
75.894
76.006
76.105
76.192
64.414
64.275
64.705
64.363
65.109
65.757
66.956
68.058
68.797
69.212
69.414
69.52
69.671
69.823
70.02
70.309
70.659
70.948
71.143
71.139
71.062
70.876
70.812
70.841
70.982
71.036
70.922
70.28
69.247
51.854
51.72
52.07
52.151
52.239
52.047
68.304
67.886
68.028
68.099
68.108
68.026
67.965
67.977
68.17
80.034
80.003
79.987
80.025
79.956
58.928
63.544
68.161
68.073
68.056
68.031
68.047
68.048
68.028
67.99
67.971
67.989
67.894
65.774
66.876
79.093
79.128
79.282
79.416
79.379
79.456
79.451
79.411
58.915
58.936
59.105
59.149
59.024
58.964
62.279
65.594
65.445
65.535
65.49
65.675
77.872
78.074
78.094
78.106
78.003
77.941
77.79
77.767
65.46
62.052
58.644
50.022
50.872
51.665
76.582
76.458
76.458
76.52
76.542
76.55
76.499
76.453
76.467
76.491
76.492
76.528
76.281
63.821
54.195
53.538
62.418
62.68
74.997
75.406
75.231
82.308
82.326
75.352
75.287
63.255
63.391
63.53
63.503
63.555
64.782
66.008
66.033
65.916
66.004
66.003
66.057
66.217
64.38
64.478
64.091
63.56
62.927
62.389
61.818
61.982
62.026
62.071
62.395
62.52
54.537
53.481
54.56
53.802
53.375
54.426
53.218
60.662
60.718
60.779
60.908
60.95
61.148
61.007
60.964
55.122
49.279
48.838
49.085
48.826
49.065
49.1
48.769
49.101
49.061
48.822
49.06
49.058
48.749
49.174
48.812
49.304
48.803
49.681
56.138
55.895
55.946
49.262
48.916
55.966
56.001
56.081
56.165
56.32
56.505
68.557
68.299
68.168
68.09
68.041
67.937
67.883
67.952
55.683
55.479
76.008
76.051
76.026
76.004
76.061
75.981
76.037
66.056
56.075
55.966
58.44
58.737
59.133
59.489
59.478
59.516
59.566
59.55
59.757
59.593
60.004
60.436
60.867
61.439
61.766
61.574
61.302
61.138
60.895
60.98
60.961
60.879
60.939
61
60.063
58.71
60.029
59.632
59.234
49.508
