61.104
61.055
61.007
60.988
61.077
61.024
61.038
61.06
61.03
61.029
61.005
61.047
57.717
54.386
52.652
50.917
53.648
52.303
50.958
51.422
58.153
54.58
59.803
65.026
64.908
50.757
51.135
50.189
49.243
51.114
48.95
48.001
50.835
50.819
50.189
49.559
51.207
49.297
50.084
50.871
54.496
51.928
53.39
54.852
56.374
56.139
55.031
55.731
56.431
55.365
55.926
56.487
55.468
50.349
49.41
49.589
49.768
49.713
48.248
48.86
50.175
49.281
49.027
49.859
50.206
48.705
49.328
50.654
49.81
48.965
51.138
49.431
49.213
51.775
50.615
50.939
51.264
50.903
48.923
53.119
51.405
51.615
50.33
50.424
51.605
50.954
50.304
51.315
51.794
54.755
56.043
68.004
68.034
68.091
68.067
68.22
68.19
68.294
68.391
68.4
55.657
51.545
49.836
49.361
48.885
49.068
61.498
56.805
52.111
56.444
60.776
60.697
60.716
60.708
60.746
60.806
60.894
60.886
60.736
60.321
58.595
61.383
61.082
61.129
61.079
61.021
61.099
53.94
54.027
54.524
53.849
53.76
54.038
54.464
54.39
53.999
53.881
61.133
61.108
61.099
61.043
61.053
61.083
61.096
61.121
61.1
61.086
61.012
53.713
53.338
53.494
53.525
53.91
54.07
53.768
53.366
48.902
49.948
49.443
61.059
61.01
61.014
61.031
61.06
61.003
60.987
61.026
61.021
60.985
61.046
60.998
61.021
58.717
63.373
68.029
62.085
66.115
70.145
70.125
56.129
55.807
55.829
55.852
56.355
55.804
55.724
55.643
56.305
55.821
56.09
55.88
55.634
56.346
55.435
55.371
55.307
55.352
55.396
55.409
55.422
55.556
55.69
67.975
68.038
67.861
67.685
81.896
81.956
81.974
73.028
73.016
73.039
73.053
73.029
73.062
81.976
81.975
81.963
81.961
61.635
62.298
63.07
63.711
64.52
64.519
65.428
65.446
65.465
65.478
65.491
65.434
65.477
65.521
66.146
66.057
66.048
66.094
66.127
66.059
66.039
66.012
66.053
66.021
65.373
77.759
77.967
78.003
77.875
77.866
77.898
77.986
78.112
78.283
78.404
78.669
78.982
79.295
57.675
57.856
57.923
58.166
67.961
67.794
67.861
67.976
68.09
68.145
68.009
67.721
66.923
58.108
57.935
58.244
58.095
57.963
58.244
58.116
58.054
58.194
58.044
57.859
57.968
61.669
61.883
62.006
61.859
61.578
61.204
60.797
46.172
46.15
46.187
45.879
56.355
56.627
56.9
54.846
56.155
46.04
45.944
45.97
45.996
46.226
46.201
46.175
45.942
45.956
46.043
46.13
61.15
60.94
60.881
60.816
60.968
61.039
61.237
61.214
61.12
61.196
60.92
60.732
46.143
46.038
46.119
45.973
46.09
45.968
45.929
45.998
45.947
46.029
46.074
46.152
46.027
45.919
46.02
46.087
46.011
46.016
46.025
46.021
45.969
46.044
55.699
65.353
64.862
65.055
64.948
65.107
65.009
64.894
65.196
45.886
45.954
77.008
77.036
77.053
77.069
76.994
65.138
64.692
65.466
63.648
64.651
76.904
76.976
77.201
77.406
77.662
77.835
78.041
78.154
65.975
64.882
65.35
66.06
65.837
65.96
66.056
65.995
66.019
65.41
64.839
65.165
65.17
65.176
65.226
65.275
65.205
65.136
65.225
65.179
65.134
65.316
65.268
64.626
65.225
65.383
64.828
65.125
64.978
51.148
50.938
51.154
51.018
51.12
51.082
51.066
51.081
50.667
57.711
58.047
64.801
65.333
65.549
65.586
65.573
65.558
65.505
65.433
65.336
65.127
64.937
64.996
65.24
65.317
65.652
65.988
66.498
66.39
66.514
65.978
65.926
65.575
65.43
65.548
66.042
65.82
65.859
66
65.622
65.549
62.831
63.141
65.821
65.892
65.852
65.58
65.051
65.462
65.872
65.937
66.062
66.083
66
66.024
65.982
66.155
65.984
65.961
65.943
65.883
65.855
65.826
65.848
65.87
65.97
66.072
65.954
51.124
50.998
51.03
50.962
50.979
50.995
51.042
50.979
51.031
76.65
76.727
76.749
76.723
76.749
77.103
65.586
66.051
66.234
66.346
66.292
66.206
66.12
66.062
65.973
65.795
65.437
65.179
64.491
64.517
64.673
64.915
64.974
65.257
65.294
65.28
65.36
65.374
65.27
65.087
65.071
64.63
62.991
62.976
69.963
70.014
69.989
70.021
70.193
65.084
65.01
77.186
77.332
77.316
77.315
77.28
77.221
77.164
77.051
76.835
76.627
76.537
76.433
76.821
77.209
77.632
78.046
78.263
78.234
78.135
78.044
77.984
77.985
65.944
65.935
65.779
65.168
60.912
57.391
57.736
57.885
58.105
58.368
58.535
58.213
57.965
57.89
57.91
57.998
58.064
58.265
58.237
58.222
57.957
48.584
48.774
48.838
48.471
48.681
48.856
61.066
60.909
48.904
49.058
48.966
48.737
61.152
60.845
60.845
60.883
60.949
61.071
61.137
60.813
66.03
65.99
60.827
60.832
61.051
61.068
60.992
60.848
60.704
49.032
49.198
49.241
