47.134
47.075
47.015
69.027
67.076
67.024
67.096
67.144
67.375
67.623
67.765
67.808
67.838
67.762
67.729
67.855
67.763
67.728
67.594
67.61
68.02
56.897
57.474
58.322
58.645
59.226
59.346
59.339
59.345
59.327
59.287
59.208
59.14
59.268
59.417
59.475
59.413
58.41
54.393
53.641
53.343
53.939
52.376
54.401
56.425
56.246
55.558
55.829
56.383
67.918
67.142
74.049
74.155
74.414
56.204
55.527
56.801
58.076
59.379
72.027
71.796
71.582
71.23
71.175
71.658
72.141
72.7
72.863
72.938
73.121
73.227
73.238
73.289
73.389
73.344
73.349
61.165
61.54
59.614
60.671
60.817
60.964
62.44
68.436
67.506
67.107
67.031
67.253
67.71
68.396
69.011
69.705
70.434
70.824
70.799
70.493
70.111
69.865
69.654
69.583
69.595
69.841
69.926
69.977
57.836
57.423
56.595
56.407
67.831
67.749
67.252
67.001
67.077
74.262
74.291
74.326
74.295
74.263
74.234
74.21
74.299
74.353
74.41
74.37
74.363
74.414
67.261
67.086
66.743
54.153
53.711
53.777
53.655
53.444
53.611
53.448
60.845
61.236
60.924
61.19
61.177
60.642
60.478
61.067
57.799
58.242
62.146
66.473
66.686
73.529
73.311
73.018
72.897
72.883
54.07
48.246
57.913
67.579
68.005
68.151
68.16
67.971
67.944
67.916
67.979
68.001
67.947
53.673
63.626
73.579
72.934
72.499
72.464
72.671
72.777
72.842
72.885
72.889
72.823
72.765
69.31
65.855
65.962
65.739
72.683
72.596
72.407
72.503
72.73
65.873
66.116
66.159
66.189
65.434
65.909
65.924
65.528
65.62
65.642
60.355
53.471
53.871
53.448
50.277
47.106
47.802
46.87
45.937
46.249
46.011
46.005
45.801
46.08
45.988
45.683
46.077
46.108
45.817
46.477
49.618
48.975
48.927
49.271
48.64
49.084
49.154
48.712
49.156
49.343
48.907
49.132
48.744
48.651
49.325
48.543
49.161
49.054
48.828
49.29
48.721
49.095
49.068
48.467
49.678
49.002
49.04
50.853
51.127
50.983
51.093
51.067
50.566
51.085
51.096
51.106
50.852
51.213
51.007
50.839
51.186
50.81
50.434
51.491
51.051
67.769
67.398
67.028
82.917
82.986
83.068
56.072
52.495
50.986
51.943
51.935
51.664
51.565
51.941
52.906
52.284
51.662
52.393
51.85
52.188
51.93
51.842
51.984
52.017
52.118
52.183
51.804
51.702
63.89
64.051
63.837
63.812
64
63.862
63.966
63.908
63.941
63.93
58.591
59.02
51.686
51.757
51.665
51.572
51.579
53.054
58.819
59.131
59.108
59.056
58.983
58.909
59.016
71.148
70.984
70.973
70.973
70.988
58.984
58.893
70.756
70.918
70.97
70.947
70.957
70.958
66.661
66.976
66.751
66.31
66.053
73.229
73.483
74.031
74.492
74.955
75.19
75.209
75.135
74.966
74.801
74.816
74.832
74.953
75.024
75.052
74.972
72.961
70.95
70.975
70.959
71.004
70.994
70.957
70.981
70.984
70.989
54.206
47.934
59.453
70.972
70.975
70.97
70.997
70.945
54.355
53.83
54.144
54.007
53.896
54.528
52.888
51.247
51.551
50.873
51.027
51.19
50.869
50.746
51.036
51.242
50.893
51.13
50.784
51.243
50.588
51.294
50.911
51.133
50.687
51.326
51.434
50.717
50.729
50.187
50.494
50.802
50.525
50.503
50.482
61.128
62.194
50.882
49.964
49.944
49.924
50.277
50.505
54.644
58.782
57.843
57.797
57.926
62.006
56.718
51.429
51.366
51.461
51.556
51.459
51.361
54.69
58.018
56.844
61.164
61.102
61.041
61.062
72.894
73.296
72.983
72.905
72.967
72.943
72.923
53.632
53.794
57.932
62.069
65.714
72.655
72.583
65.544
65.357
65.274
65.678
60.846
61.064
53.862
54.547
53.91
45.237
45.76
45.933
45.822
46.26
45.832
45.837
46.486
45.495
46.667
46.611
46.554
46.479
46.404
45.406
45.243
45.08
46.816
45.3
46.844
46.223
55.838
57.28
52.864
54.619
56.375
50.471
44.567
44.637
44.326
44.237
44.216
43.983
43.785
43.717
43.781
43.846
43.747
43.828
43.866
43.896
43.861
43.927
43.943
43.839
44.038
44.052
43.874
44.174
44.168
44.264
44.088
44.218
44.176
44.073
43.991
43.965
44.033
43.996
43.84
43.857
43.812
44.086
43.397
43.49
43.884
43.935
44.179
44.03
44.062
62.883
62.909
62.818
62.971
62.954
62.937
62.872
62.9
43.988
43.788
43.858
43.938
43.945
44.128
62.949
62.927
62.99
63.012
63.034
63.024
44.031
43.982
44.245
43.837
43.856
43.954
43.843
44.018
44.193
44.009
43.856
44.258
43.764
44.141
43.952
44.115
44
43.841
43.933
62.916
