61.077
61.501
48.608
49.323
49.034
48.744
48.956
54.992
61.028
55.323
60.903
66.483
65.932
67.269
65.82
65.82
65.82
50.121
48.751
48.689
49.846
49.314
48.249
49.413
50.577
60.644
61.709
61.636
60.555
54.481
53.787
64.883
65.528
77.69
77.731
77.687
77.82
77.91
77.92
77.896
77.918
77.907
77.715
77.518
65.589
61.147
50.916
49.801
47.987
50.348
73.265
73.235
73.328
73.392
73.46
73.314
73.39
73.352
73.382
61.576
61.665
60.857
61.388
49.718
48.656
48.985
67.181
67.01
67.25
67.469
79.696
79.99
80.3
80.514
80.773
81.032
69.066
69.529
69.915
69.902
70.119
70.205
70.23
82.36
82.599
82.778
70.854
70.815
70.379
69.507
68.122
47.139
47.811
51.058
51.444
48.219
48.566
51.889
69.539
68.833
68.802
80.816
80.84
80.977
81.211
81.388
81.432
81.533
81.473
69.07
49.626
48.725
67.602
67.253
66.694
67.087
79.342
79.748
79.873
79.967
80.034
79.873
79.799
67.818
67.842
67.747
67.066
67.509
67.458
67.616
67.775
67.834
67.77
67.815
67.891
67.855
67.82
67.853
67.928
67.923
67.932
67.928
67.797
67.508
67.574
67.842
68.141
68.579
69.173
69.731
70.256
70.224
70.193
70.163
70.171
70.012
69.928
69.923
69.934
69.907
69.891
69.942
70.034
70.135
48.93
49.266
49.436
54.023
54.04
68.108
68.063
67.997
67.993
67.87
53.238
53.609
53.981
53.499
48.834
49.055
49.241
49.195
49.445
57.961
57.858
57.983
58.14
58.194
58.14
58.201
58.193
58.098
58.178
58.116
58.195
58.147
63.451
64.443
76.493
76.571
76.648
76.677
76.741
76.911
77.044
77.053
77.018
77.032
77.045
77.024
77.015
77.048
77.014
77.009
76.984
65.017
64.902
57.957
59.405
60.74
61.203
61.381
61.355
61.082
61.164
73.046
72.971
73.041
73.021
72.96
64.461
65.088
77.284
77.36
77.386
77.413
77.502
65.874
65.881
77.615
77.533
77.528
65.866
65.854
65.902
66.762
65.774
65.935
66.192
66.627
67.312
68.068
68.251
68.287
68.266
68.294
68.502
68.71
68.286
68.282
60.947
61.015
68.381
68.681
69.049
69.417
69.754
69.842
69.624
57.7
57.836
57.908
58.024
58.11
58.342
58.165
58.123
45.996
45.776
45.842
46.039
45.999
46.16
45.98
45.867
46.007
45.727
45.985
45.841
46.061
46.196
46.051
45.988
45.725
46.151
46.072
45.93
45.984
45.882
46.074
46.032
46.022
