50.703
60.282
76.096
75.59
82.605
82.918
83.021
83.124
83.105
83.086
82.925
82.867
82.763
82.825
75.879
75.897
76.036
75.996
48.034
48.039
46.668
45.297
45.716
46.136
47.846
48.189
47.835
47.968
64.753
65.288
65.485
65.451
62.354
69.986
77.618
77.611
77.55
77.475
65.422
48.009
47.751
48.198
47.988
47.705
47.935
48.059
66.183
65.824
77.775
77.639
77.472
77.477
77.635
77.885
78.178
78.55
78.72
78.879
78.99
78.961
78.894
78.837
78.813
78.774
78.744
78.688
78.597
78.483
66.318
57.06
47.801
49.592
48.028
64.73
70.826
76.921
76.738
76.613
76.75
76.769
76.988
77.135
77.303
77.442
77.549
77.539
77.46
77.384
77.278
77.257
77.301
48.094
48.335
46.678
48.326
48.036
59.776
65.56
75.88
75.629
75.491
82.833
82.85
76.05
46.806
45.697
47.108
46.858
48.688
46.711
46.545
76.663
76.354
76.207
76.256
76.489
76.794
77.083
77.344
77.624
77.72
77.617
77.446
77.174
76.909
76.482
76.013
75.624
75.481
75.478
75.612
75.779
75.857
75.809
75.713
75.664
75.672
75.675
75.703
75.74
75.749
75.825
75.785
75.722
75.794
75.806
75.773
75.738
60.154
70.412
80.671
80.642
76.011
75.938
75.884
75.858
75.759
75.698
80.854
80.664
80.474
76.186
76.211
76.149
76.144
76.043
75.923
75.852
75.801
75.741
75.741
75.896
76.016
76.126
76.31
76.361
76.385
76.447
76.284
76.08
76.03
75.61
63.57
51.53
45.399
44.557
43.466
58.741
57.18
57.018
57.173
57.321
57.468
44.201
44.23
45.939
44.683
45.573
45.742
78.8
79.526
80.548
81.799
82.355
83.039
71.583
71.529
71.17
82.941
82.552
82.668
82.164
81.845
81.687
81.53
81.374
81.405
81.264
81.085
81.113
81.107
81.014
81.107
80.978
80.896
80.897
80.924
80.946
80.982
80.975
80.946
80.977
50.837
65.893
80.949
80.956
80.974
80.955
80.929
80.914
80.936
80.977
80.936
80.915
68.884
68.882
68.922
68.962
69.02
45.957
45.1
45.471
45.842
45.191
44.54
80.907
80.915
80.912
80.919
80.927
80.945
80.905
80.856
80.831
80.806
80.938
75.189
69.44
69.705
69.909
69.683
69.488
68.731
68.461
62.764
57.067
57.177
57.287
46.682
44.628
46.256
56.941
57.484
56.932
57.155
57.052
57.09
62.09
61.749
55.636
49.523
51
50.826
49.903
49.202
49.279
47.414
47.397
46.544
47.082
46.877
46.23
44.644
45.007
45.148
51.43
52.221
52.422
43.356
43.547
52.262
52.061
51.911
