72.993
73.026
72.974
60.83
61.011
61.445
60.882
60.849
61.745
61.418
57.609
53.801
54.298
49.552
49.626
49.181
49.036
48.892
48.848
48.804
48.756
48.707
50.117
51.527
61.318
71.109
70.978
71.032
71.009
71.055
71.11
65.948
67.041
68.135
68.211
54.812
62.928
71.043
71.093
71.06
71.032
71.009
71.09
71.03
71.025
71.039
71.024
41.044
41.255
43.123
42.259
42.29
42.86
42.862
43.164
45.247
44.282
43.317
46
45.699
45.398
46.211
45.271
46.486
47.487
45.77
44.054
45.545
45.58
45.615
44.003
43.783
42.509
47.096
46.483
44.976
44.433
44.112
43.792
44.939
46.086
47.313
47.068
46.823
44.773
44.92
45.101
57.099
51.138
45.178
45.809
45.647
45.485
46.917
43.475
43.606
63.948
63.733
54.058
59.008
63.959
63.96
64.215
66.466
55.146
43.827
42.864
45.218
43.861
59.006
59.792
60.179
60.479
61.022
73.856
74.115
74.134
74.065
74.13
74.257
74.344
74.561
74.91
75.169
75.326
75.235
75.202
75.17
75.214
63.536
62.92
58.385
55.73
63.354
60.626
62.662
64.698
63.32
74.911
74.822
74.82
74.788
74.874
74.964
75.084
63.084
62.331
61.407
71.086
71.047
70.905
70.764
75.039
74.917
74.419
74.299
74.427
74.444
74.512
74.569
74.614
74.694
62.829
62.727
62.413
62.198
62.931
74.549
73.882
73.461
73.454
73.447
74.073
74.546
74.968
75.235
75.298
75.185
58.913
66.855
74.797
74.789
74.759
74.893
62.917
48.45
46.865
46.954
47.043
51.138
73.509
73.109
73.003
73.065
73.138
73.169
73.048
72.855
72.583
71.435
70.999
70.922
70.845
70.806
71.116
71.508
71.84
71.473
71.222
70.971
70.982
70.993
71.043
74.606
74.59
74.847
73.625
72.957
72.17
71.899
71.628
71.603
72.076
72.433
72.748
72.823
72.9
72.919
72.828
72.762
72.873
72.986
73.256
73.402
46.133
45.857
46.337
75.118
74.993
74.766
59.386
64.912
70.438
75.413
75.247
75.256
75.325
68.68
69.066
69.437
69.693
69.661
69.571
69.221
69.089
68.486
67.913
67.769
67.672
67.569
67.524
74.678
74.808
74.917
74.957
74.922
74.872
74.821
74.689
74.742
55.046
56.937
56.483
56.03
56.255
56.397
56.396
54.814
58.164
57.755
58.257
58.759
57.707
56.006
56.9
57.794
66.248
73.387
73.348
65.988
66.077
72.538
72.576
72.684
65.898
65.865
65.953
66.05
65.934
65.968
65.899
58.367
58.998
59.012
59.027
58.681
58.532
58.708
58.884
58.608
58.649
66.025
65.948
66.009
66.07
