43.03
43.921
44.026
43.66
43.979
43.95
43.954
44.244
44.292
51.569
58.847
57.721
51.233
48.702
48.696
49.01
49.153
48.951
49.019
48.912
48.849
48.786
57.332
58.35
58.213
58.493
47.137
47.995
48.35
47.835
55.841
55.627
55.573
55.519
68.341
67.923
67.99
68.106
68.225
68.407
62.526
56.644
55.669
46.907
47.348
46.684
46.726
46.89
47.264
46.968
46.944
47.058
46.823
47.142
47.058
46.845
47.507
46.697
46.97
47.042
47.113
46.974
47.143
46.878
47.105
46.77
47.147
47.001
46.978
47.078
55.836
56.218
56.599
57.481
52.34
48.273
47.508
46.907
46.865
47.146
54.185
54.04
53.746
62.242
62.771
62.698
62.178
61.735
48.536
48.178
46.922
64.573
64.909
65.208
65.273
65.272
65.259
65.203
65.367
65.514
65.48
65.274
69.357
62.677
55.998
53.899
49.079
47.926
47.561
46.873
61.758
61.969
62.466
75.918
74.809
75.235
75.101
74.953
74.899
62.828
56.858
56.047
55.541
54.639
55.569
56.11
56.321
63.77
63.695
75.644
75.567
75.562
75.525
75.638
56.878
57.626
58.374
52.383
51.867
52.154
51.795
51.717
51.95
61.705
62.765
63.247
63.636
63.609
63.653
63.329
63.445
63.252
63.42
63.363
63.494
63.353
63.57
63.669
63.833
63.775
63.721
63.658
63.398
63.214
63.266
63.306
63.386
63.467
63.641
63.716
63.894
64.084
64.121
64.426
64.966
65.567
65.841
65.814
65.676
65.525
51.785
52.128
52.162
51.942
52.052
51.867
51.913
51.914
51.915
52.096
51.962
51.942
51.972
51.889
52.019
52.15
58.723
57.62
59.323
61.027
45.373
44.925
44.982
44.712
45.095
44.949
44.831
44.985
44.922
45.204
46.208
47.213
47.085
56.108
57.334
52.282
47.23
47.764
46.891
53.116
69.346
70.472
71.589
72.111
71.877
71.671
71.53
71.493
71.902
72.312
72.613
72.757
72.9
72.933
72.79
72.801
72.925
72.923
72.942
72.96
72.88
72.834
72.844
72.803
72.663
61.045
45.28
45.274
45.021
62.884
64.655
65.495
77.996
78.131
78.052
78.11
78.255
78.497
78.689
78.791
78.902
78.987
79.012
79.014
79.079
79.116
79.054
78.975
78.825
78.803
78.829
43.96
43.835
44.816
43.899
44.249
44.235
44.499
44.681
45.485
66.043
66.927
67.138
67.165
79.154
79.182
79.251
79.444
79.662
67.798
68.01
68.204
68.541
68.567
68.438
68.509
68.466
68.401
68.285
68.296
68.151
68.178
68.255
68.059
68.168
67.984
67.974
67.234
67.092
66.262
65.744
64.854
64.138
64.156
63.6
64.076
64.048
64.458
64.381
64.787
64.404
61.263
64.781
68.299
68.586
68.772
68.958
68.707
68.532
59.452
60.419
60.518
60.766
60.965
61.06
61.155
61.334
61.257
61.256
61.016
60.958
60.901
61.331
65.621
66.25
65.743
65.948
66.152
66.06
65.968
53.057
53.708
53.719
54.003
53.867
