58.953
59.183
59.412
59.626
53.205
53.18
60.572
60.802
61.112
61.551
61.107
61.793
60.448
59.664
58.879
59.75
49.142
53.425
50.246
47.066
47.082
45.141
48.693
46.707
47.434
46.747
46.06
47.279
48.498
48.154
59.178
61.131
61.511
61.527
61.686
47.579
47.345
46.766
51.5
49.606
47.713
47.508
47.338
46.462
66.481
66.622
78.642
78.742
78.909
79.13
79.324
79.395
79.47
79.427
79.593
67.767
68.018
68.069
67.807
66.971
66.987
71.077
75.166
74.951
64.183
63.878
49.318
54.492
54.202
53.912
53.82
65.657
65.968
77.539
77.531
77.69
77.823
77.677
77.655
77.64
77.666
77.666
77.641
77.71
66.971
56.233
56
43.948
44.126
44.003
43.816
44.174
44.072
45.268
48.011
50.753
51.572
51.064
50.833
50.831
50.619
49.898
50.457
51.016
50.542
50.068
51.249
59.315
57.455
57.464
57.773
59.686
64.316
68.945
69.705
69.98
69.675
69.37
68.938
58.93
51.474
47.084
48.192
48.79
47.933
49.356
75.425
75.578
75.774
75.903
76.151
76.661
77.022
77.303
77.439
77.589
77.52
77.443
77.366
77.421
77.574
77.514
77.559
77.578
65.552
65.242
64.671
61.025
60.867
61.186
60.933
61.03
60.64
64.348
64.149
76.232
76.214
76.101
76.074
76.103
76.096
60.039
58.234
59.892
61.551
61.22
60.374
61.383
61.188
70.038
69.917
61.353
62.12
61.786
61.451
50.006
55.924
61.843
61.78
61.48
61.601
61.582
61.564
61.371
61.151
60.989
60.907
61.316
60.629
48.553
47.264
52.031
56.798
74.232
73.388
80.501
80.364
80.288
80.273
73.18
73.262
61.182
60.806
60.995
60.651
59.07
57.489
61.092
61.057
61.103
61.261
60.111
61.138
61.19
60.228
58.073
59.131
58.738
58.344
59.65
60.955
58.722
58.342
57.778
77.096
77.052
77.024
77.04
58.145
58.403
58.175
64.757
61.483
67.093
72.703
73.061
73.108
73.087
73.006
73.054
72.999
72.919
72.832
72.838
72.819
72.801
72.927
72.877
72.984
72.915
72.843
72.822
72.832
72.714
72.65
72.67
72.631
72.907
72.698
72.707
72.666
72.64
72.727
72.68
72.469
72.556
72.784
60.806
60.774
59.986
59.198
60.879
57.977
56.963
56.5
61.468
61.678
61.277
61.065
60.854
60.768
60.752
61.446
61.816
48.692
47.691
49.602
51.514
56.071
50
55.532
50.295
55.855
61.414
61.278
61.008
60.738
61.019
49.268
52.92
56.571
52.565
61.809
61.168
60.527
60.706
61.143
60.735
60.818
60.901
61.074
61.534
56.341
57.238
56.81
62.786
75.136
75.09
75.072
75.179
75.125
75.015
74.877
62.741
62.686
59.456
57.987
58.609
50.069
50.126
60.475
61.659
73.876
73.967
73.833
73.395
73.467
73.554
73.851
74.191
74.432
74.622
74.683
74.731
74.708
74.66
74.535
74.415
74.363
74.377
74.365
74.408
74.369
74.327
74.285
74.04
73.697
73.155
72.475
72.278
72.346
72.368
72.546
72.806
72.629
72.76
72.663
72.593
72.601
72.746
72.699
72.594
72.708
72.675
72.731
72.738
72.727
72.66
72.667
72.644
72.617
72.59
72.835
72.541
72.777
72.596
72.764
72.72
72.806
72.605
72.433
72.566
72.57
49.281
61.046
72.811
72.802
73.046
72.775
72.689
72.413
72.723
72.303
72.355
72.472
72.589
66.449
60.309
60.557
60.405
60.254
60.022
60.228
55.742
57.946
60.15
59.557
50.335
49.396
49.205
47.797
48.719
49.96
51.201
51.366
51.532
46.555
45.802
45.999
46.052
45.868
45.712
44.652
44.009
59.309
58.077
58.434
48.931
47.755
46.58
45.202
45.447
45.692
46.974
46.131
56.386
51.542
50.175
48.809
47.843
45.558
53.15
60.741
60.737
44.816
