48.928
48.994
48.974
49.094
60.407
62.099
62.346
62.594
62.552
62.83
63.109
62.522
70.049
70.062
62.337
62.435
63.397
63.017
62.062
60.67
60.825
61.942
67.514
66.759
66.003
66.001
65.968
65.982
65.997
73.039
73.063
73.06
73.049
73
72.887
72.953
69.784
66.616
66.947
67.295
79.686
79.886
79.996
80.088
80.042
79.854
79.771
79.791
79.885
68.063
48.963
48.904
48.985
49.081
68.784
80.777
80.887
80.994
81.1
81.253
81.454
81.543
81.375
80.847
49.054
48.982
49.17
49.026
49.005
48.982
49.114
79.638
80.073
80.477
81.131
81.548
81.832
82.029
82.111
82.152
82.283
82.48
82.601
82.893
83.133
83.531
71.957
72.083
72.42
72.339
72.3
72.521
72.681
72.84
72.908
73.016
72.982
72.627
72.485
65.902
65.963
66.053
66.064
60.962
61.072
61.098
61.021
70.238
68.994
69.306
69.685
69.781
69.669
69.54
69.24
68.697
68.032
67.402
67.181
67.081
67.298
67.362
67.442
67.625
67.661
67.422
66.858
66.294
65.864
65.566
65.243
64.966
65.257
65.666
65.807
65.868
65.811
65.596
65.674
65.744
65.714
65.636
65.662
65.689
65.72
65.689
65.654
65.631
65.614
65.753
65.89
65.779
65.553
46.936
46.849
59.248
58.942
59.252
59.039
58.711
60.017
58.524
59.267
62.986
62.995
63.168
63.116
62.994
63.046
63.269
63.023
62.956
63.189
63.167
62.993
63.409
73.219
73.512
73.112
72.864
70.947
70.925
70.946
72.789
72.846
72.928
73.054
73.043
72.968
72.94
73.014
73.153
61.201
61.458
60.758
58.715
60.16
59.105
59.865
58.795
58.965
59.605
59.009
66.118
66.054
66.05
66.079
66.41
66.814
78.931
78.962
78.826
78.725
78.845
78.966
79.305
79.714
80.101
80.419
80.541
80.638
80.714
80.895
81.128
81.312
81.474
81.516
69.338
60.945
61.179
60.884
60.914
61.235
60.434
61.421
60.311
59.994
66.081
66.077
66.042
66.032
66.017
69.149
69.121
69.251
69.248
69.245
69.262
69.269
68.796
46.056
45.926
45.696
66.867
67.042
67.024
67.4
67.26
67.245
67.026
66.354
65.69
65.157
65.17
65.679
65.609
65.451
65.372
65.541
65.566
65.549
65.461
65.445
65.504
65.596
65.666
65.529
65.318
65.45
58.377
58.073
58.165
46.315
46.099
58.25
58.442
58.079
46.013
45.888
45.865
46.049
46.083
45.909
68.11
68.012
67.901
60.982
61.033
61.15
61.117
60.982
60.994
61.061
60.983
61.07
61.154
61.273
61.209
61.245
58.083
58.367
58.414
58.291
58.315
61.555
61.709
62.174
61.896
61.618
74.175
74.009
73.775
73.846
73.429
73.366
61.497
61.593
61.518
46.044
45.958
46.192
57.92
57.921
58.272
58.555
58.201
58.379
57.63
58.367
57.758
58.163
46.012
45.492
45.872
45.738
45.604
45.397
51.18
48.493
45.807
45.723
68.032
68.053
68.027
67.916
67.862
67.787
67.964
68.057
68.102
68.11
68.058
57.979
58.055
58.228
53.807
54.027
53.781
54.089
53.88
54.215
54.222
78.043
78.021
78.012
78.026
78.029
78.017
77.964
67.85
57.737
55.656
44.107
44.297
44.089
44.298
43.789
43.591
43.827
44.089
44.002
43.954
44.095
44.101
44.02
43.926
43.83
43.911
43.443
44.134
44.014
44.019
44.099
43.911
43.722
43.999
44.275
43.93
44.07
44.084
43.802
43.912
44.063
43.858
55.228
57.982
59.196
59.576
59.05
59.072
65.064
59.985
63.994
68.004
67.84
67.838
67.926
67.946
67.96
68.051
68.093
65.342
62.591
63.187
63.223
63.095
63.12
63.155
63.13
63.166
60.292
57.418
55.671
55.501
55.332
56.432
56.413
55.769
55.557
55.346
63.246
68.02
68.012
67.973
68.049
68.128
68.059
68.019
67.994
68.016
68.072
