49.531
53.122
56.713
58.065
58.23
57.669
58.554
59.018
59.423
59.267
65.167
71.068
71.149
64.052
63.994
59.762
65.467
71.173
72.27
72.102
71.411
70.866
70.621
70.413
70.406
70.183
70.297
70.848
70.982
64.78
58.577
58.896
59.081
58.686
58.86
58.303
64.137
63.903
63.996
64.019
59.244
54.469
53.938
54.451
48.921
43.391
43.744
43.954
44.043
44.132
43.926
43.959
44.067
44.168
44.048
44.122
44.08
75.021
75.007
74.345
73.769
73.401
73.534
73.93
74.333
74.628
74.761
74.888
75.015
75.124
75.141
75.134
75.106
75.181
63.501
54.004
54.032
53.941
53.92
54.101
53.893
54.075
61.292
73.647
73.54
72.752
72.803
72.813
72.882
72.992
73.174
73.482
73.587
67.254
70.196
73.137
73.283
73.332
73.426
73.318
72.761
72.75
72.795
72.84
72.869
80.017
80.171
73.09
72.928
79.899
79.811
72.77
72.68
72.803
73.022
62.86
61.54
64.151
64.076
63.956
63.936
63.927
63.897
72.437
71.666
71.357
78.106
78.141
78.055
78.034
77.979
70.843
70.887
70.934
71.048
71.074
71.288
67.656
64.023
64.061
63.955
63.867
63.875
63.883
58.796
58.836
59.627
60.419
59.981
72.152
72.129
72.487
72.418
72.28
72.267
72.143
72.16
72.329
52.427
62.695
72.963
73.366
73.575
73.663
73.556
73.493
73.456
73.345
73.327
73.021
63.212
53.403
66.753
80.103
80.121
73.063
73.1
73.164
67.059
60.955
61.078
61.023
60.911
60.803
60.694
72.882
72.915
72.998
73.081
73.027
73.014
73.001
72.956
72.893
72.843
72.91
73.051
72.871
72.903
72.967
72.974
72.944
72.917
72.907
72.848
72.789
72.799
72.898
72.938
72.982
72.98
72.858
72.875
72.892
72.774
72.807
72.929
73.051
73.102
73.249
73.256
73.144
73.045
72.947
72.881
72.809
72.893
60.859
61.039
60.99
60.969
60.948
60.825
60.863
60.844
61.061
72.983
73.052
61.148
61.051
72.938
72.793
73.061
72.896
60.918
60.931
72.974
73.047
73.065
61.03
60.807
72.781
72.678
72.463
66.291
66.19
72.859
73.022
73.109
73.001
72.9
60.781
48.662
49.142
49.005
49.153
48.944
48.805
49.165
48.738
49.133
48.947
49.101
49.255
48.802
66.535
68.022
61.096
54.17
53.996
54.044
53.891
54.01
53.87
53.891
53.924
54.114
54.035
53.955
53.855
53.976
53.992
53.972
54.156
53.937
53.958
53.895
53.839
54
53.991
53.932
54.123
53.93
53.875
71.026
70.955
70.912
71.027
70.943
71.025
70.984
70.954
71.06
70.953
70.904
71.048
70.941
70.953
60.916
61.042
60.895
61.104
60.935
61.115
60.881
71.45
70.814
70.179
75.036
74.993
75.011
75.023
75.023
75.013
75.041
82.014
82
82.012
66.06
66.083
66
65.918
62.581
62.769
63.275
62.534
62.751
63.223
62.747
81.939
81.938
81.961
77.441
72.921
