45.858
44.164
46.601
45.572
44.542
44.317
47.597
45.647
43.696
44.245
56.654
56.412
55.73
55.774
56.442
56.524
56.111
44.618
44.678
56.313
56.496
55.329
55.363
55.741
59.395
63.048
62.983
63.008
62.995
62.973
62.989
43.16
43.461
43.745
43.614
43.434
44.155
43.955
44.162
44.257
44.349
44.431
44.553
44.334
44.356
44.854
44.596
44.454
44.217
44.494
43.497
43.554
44.345
45.136
41.681
43.595
53.997
65.868
65.603
65.315
53.011
53.243
43.604
44.447
44.119
44.013
43.907
55.119
57.194
56.934
55.147
56.773
55.384
53.995
45.073
45.959
46.162
58.178
57.735
69.783
70.073
69.407
69.208
69.11
56.671
56.593
55.959
45.911
46.089
46.132
46.9
53.112
59.324
59.03
71.021
70.99
70.949
71.023
71.201
71.01
46.01
46.081
45.903
45.239
44.575
72.511
72.422
71.772
71.601
71.417
71.233
71.252
71.48
71.997
72.312
72.617
72.746
72.791
72.79
72.81
72.87
72.943
73.016
72.814
72.612
59.049
58.952
58.413
58.106
57.8
68.141
68.043
68.139
68.235
68.429
68.717
68.964
69.211
57.688
57.493
57.402
57.655
57.908
58.132
58.594
58.235
58.093
57.104
56.591
54.822
55.675
56.391
54.677
68.979
68.297
55.797
56.135
55.991
55.923
56.245
56.177
55.722
80.107
80.025
67.942
68.026
68.04
68.079
68.142
68.16
56.023
55.389
56.099
56.649
53.74
50.832
49.374
49.353
49.332
65.68
65.333
65.277
65.268
65.07
65.063
65.173
65.248
65.28
65.326
65.526
65.579
65.612
65.646
65.672
65.619
65.582
65.588
65.559
59.361
53.162
49.928
48.658
48.732
50.64
58.599
66.559
62.927
59.294
58.968
58.554
59.055
59.378
59.287
74.067
74.357
74.5
74.49
74.42
74.299
74.278
74.234
74.452
67.616
67.688
67.492
67.578
67.888
67.934
68.174
68.064
75.293
75.012
79.803
79.779
79.754
79.629
79.537
79.515
79.551
79.66
79.766
79.858
74.964
74.852
74.817
74.758
74.589
74.358
67.368
59.008
58.688
58.368
46.805
47.191
46.943
52.781
67.755
68.126
67.846
67.595
67.481
67.566
67.623
67.739
67.881
67.973
67.868
67.801
67.777
67.637
67.552
67.518
67.674
70.852
70.959
71.025
71.172
47.524
47.043
52.573
58.104
58.376
58.048
69.884
69.882
69.655
69.536
69.575
69.682
70.027
64.338
58.649
58.163
58.185
58.207
58.367
57.765
70.062
69.9
69.962
60.578
60.484
54.805
54.291
54.147
54.102
66.11
66.123
66.277
57.615
58.186
56.605
55.024
56.16
56.049
55.938
55.676
55.91
55.544
55.666
55.788
55.07
55.976
55.782
55.497
56.318
55.757
55.893
55.677
55.461
66.216
65.472
65.339
65.595
65.823
53.671
54.186
66.194
66.109
65.66
65.166
64.672
64.892
65.112
53.957
54.206
48.754
43.302
43.897
43.481
43.122
46.314
49.507
65.469
66.005
66.36
66.68
53.968
53.39
48.408
43.425
43.519
43.474
43.169
54.455
54.809
54.787
56.358
57.929
57.762
57.652
53.252
53.354
43.719
43.997
43.686
43.54
58.049
57.982
57.918
57.99
58.062
58.104
58.269
58.021
57.753
45.05
44.987
44.222
43.784
43.635
49.04
49.006
49.32
49.634
49.968
49.615
49.347
49.254
43.963
45.495
45.014
45.549
46.117
57.591
