46.352
46.422
46.586
46.749
45.731
45.871
45.919
46.421
45.849
45.815
46.212
45.876
46.075
45.917
46.004
45.941
46.139
45.81
45.892
46.371
46.194
45.83
45.687
46.49
67.887
74.91
74.758
74.752
74.634
74.517
67.513
70.967
69.225
67.483
67.52
67.433
67.404
67.655
67.907
67.713
67.675
67.685
67.981
67.99
67.581
67.713
74.812
74.904
74.695
74.64
79.696
79.522
79.48
79.442
79.453
49.846
51.156
51.164
51.172
51.338
51.503
51.24
50.902
50.784
50.308
51.37
51.485
49.841
51.976
50.824
50.912
51.453
50.227
51.004
51.575
50.142
51.459
45.863
44.86
51.594
50.819
49.82
50.988
57.388
70.049
77.017
76.838
76.76
76.964
77.047
70.175
70.136
70.091
70.173
49.289
51.215
51.693
54.743
53.433
52.122
58.983
71.93
72.184
78.587
78.437
78.226
78.084
78.072
78.087
71.117
71.307
71.369
71.851
59.964
57.139
54.314
53.876
54.064
53.71
53.896
53.738
54.062
56.885
59.707
59.23
59.716
59.019
59.802
59.351
59.904
59.033
59.843
59.31
60.045
59.381
59.656
59.843
60.103
60.363
60.925
61.494
61.37
60.817
59.36
65.919
66.015
66.012
57.334
58.52
60.764
63.007
62.681
62.243
61.804
62.01
62.215
73.051
73.051
71.642
70.234
70.093
77.037
76.882
76.884
76.987
77.063
70.141
70.173
70.269
65.456
66.107
57.361
58.288
58.113
58.615
65.579
65.619
63.715
76.162
76.102
75.631
75.589
75.547
75.554
75.852
76.186
76.553
76.74
76.844
76.929
76.946
77.013
84.083
84.085
83.978
76.76
76.406
75.687
74.977
74.71
74.756
74.844
62.898
63.042
63.304
63.493
63.579
63.177
61.026
43.788
43.626
45.27
55.707
55.757
55.861
55.972
56.006
60.339
61.042
61.18
60.864
61.251
61.276
61.398
61.473
61.399
61.525
61.472
61.969
61.924
62.745
63.088
63.379
63.408
63.189
63.056
62.789
62.519
62.398
62.445
62.705
63.101
63.242
63.26
63.171
63.057
62.842
62.745
62.72
62.658
63.014
63.277
63.516
63.428
63.118
62.84
62.547
61.989
62.116
62.243
62.575
63.361
63.34
62.94
63.18
62.81
62.645
62.554
55.091
56.134
56.04
55.986
56.308
56.278
56.155
56.032
44.396
43.322
44.42
44.007
43.977
43.947
43.951
43.954
50.82
51.449
50.739
52.738
54.737
55.213
55.689
55.867
56.045
56.057
56.07
55.809
55.761
55.631
55.994
56.356
55.533
55.654
55.87
55.937
55.98
56.024
55.744
56.17
52.155
50.739
68.089
67.901
55.044
55.703
53.031
54.119
55.208
61.471
67.735
67.842
61.726
55.61
55.998
56.197
56.395
55.61
55.547
55.971
54.9
63.931
72.962
72.792
72.391
73.635
74.88
74.958
55.189
56.076
63.229
63.255
63.115
63.179
62.919
54.836
53.987
55.729
55.804
55.768
43.109
45.105
73.261
72.627
72.338
72.375
72.54
72.568
72.818
72.904
72.975
73.083
73.138
73.222
73.311
73.219
61.181
55.525
55.787
72.772
72.975
55.249
56.221
55.578
55.143
50.575
52.839
55.103
56.291
55.584
55.126
64.062
59.213
54.363
