59.092
60.744
58.85
58.938
59.026
65.486
62.218
58.95
59.126
59.302
59.31
59.319
59.265
59.287
59.308
59.231
59.153
59.127
59.101
59.692
59.437
59.181
60.886
58.939
60.572
60.115
58.649
57.182
58.134
69.903
70.369
70.451
70.417
70.404
70.496
70.559
70.557
70.544
70.662
71.064
71.465
71.87
72.102
72.179
72.071
71.965
71.728
60.611
60
59.39
60.924
59.059
74.119
73.693
80.522
80.474
80.402
80.39
73.307
73.229
73.417
73.794
74.133
74.493
74.703
74.494
74.606
74.55
74.589
74.573
74.656
62.571
60.083
59.933
59.784
60.001
60.218
60.729
61.24
64.446
75.503
75.473
75.195
75.044
75.044
75.35
75.976
76.37
76.802
76.99
77.01
77.014
77.048
76.999
77.034
77.067
77.107
77.189
77.171
65.181
65.202
65.083
64.998
64.964
65.032
65.068
65.105
65.08
65.025
64.92
64.298
61.922
57.138
56.952
56.24
71.905
72.045
72.001
64.265
64.274
64.288
64.212
64.211
64.434
64.597
64.662
64.563
64.551
64.654
64.548
64.305
60.55
56.796
56.764
56.351
56.704
56.736
57.058
57.15
57.202
57.015
56.827
56.917
56.416
56.452
56.616
57.054
57.034
57.214
56.974
56.734
68.588
69.35
69.438
69.42
69.402
69.206
60.742
59.6
59.907
60.215
59.174
59.31
59.446
60.096
60.472
59.151
60.541
59.184
57.648
59.797
60.776
59.192
60.889
61.779
62.669
64.232
65.381
78.104
78.6
78.777
78.912
79.067
79.382
79.865
80.306
80.711
81.03
81.225
81.237
81.138
81.086
81.1
69.036
69.146
68.455
68.152
54.913
54.725
55.601
55.411
54.544
54.985
69.967
69.984
82.025
82.1
82.109
82.13
82.13
82.036
81.995
82.015
81.982
69.501
68.613
69.975
70.007
70.047
69.983
70.044
69.985
69.979
70.037
70.042
66.671
66.706
66.635
66.448
66.412
66.555
66.722
66.827
66.857
66.901
66.851
66.886
66.857
66.877
66.919
66.929
66.957
67.033
67.006
67.051
67.029
66.971
66.911
66.892
66.885
66.865
66.873
66.936
66.85
66.844
66.893
66.947
66.93
66.87
66.803
66.783
66.67
66.626
66.664
66.73
66.7
66.661
66.678
66.682
66.657
66.668
66.689
66.698
66.879
66.934
53.996
55.835
56.125
54.664
53.866
55.824
55.806
54.837
54.651
55.815
55.071
54.582
55.397
55.972
54.408
54.048
55.248
56.158
55.008
53.89
54.833
56.154
55.28
54.407
54.986
55.856
54.89
58.189
57.702
57.762
58.109
57.987
57.79
57.945
58.097
58.029
57.633
57.954
58.16
57.846
57.629
58.041
58.133
57.888
57.663
57.971
58.227
57.784
57.663
58.023
58.219
57.654
57.434
76.966
76.989
77.057
77.034
77.011
77.023
57.461
57.728
57.857
57.986
57.386
57.905
58.275
57.951
57.317
57.93
58.32
57.832
57.206
58.027
58.302
57.674
57.331
58.169
65.164
79.005
78.968
79
78.999
66.95
66.96
66.965
67.011
78.999
79.062
78.975
70.383
61.79
62.631
62.972
63.09
62.995
62.865
62.426
62.372
57.987
58.105
58.187
57.481
44.608
45.196
73.205
73.186
73.101
73.087
72.951
72.815
73.469
61.791
62.035
62.075
74.253
74.342
74.424
74.453
74.355
74.256
74.109
61.868
54.586
54.545
51.943
51.659
54.874
54.519
53.081
53.086
73.986
74.072
74.101
73.968
73.958
73.94
73.846
73.882
73.834
73.893
73.833
73.833
73.904
73.893
56.54
57.042
57.384
56.701
56.838
57.164
56.928
56.597
57.165
74.064
74.045
73.787
80.855
80.859
80.899
80.932
80.916
80.933
73.849
73.822
73.99
73.993
73.996
74.059
73.981
74.032
64.744
65.787
66.829
67.006
67.002
66.776
66.7
66.624
64.571
62.518
62.975
63.026
62.813
63.432
62.919
63.121
63.203
62.561
61.523
46.201
44.992
44.91
61.087
60.92
50.737
51.092
49.828
62.052
62.087
62.423
62.394
62.584
46.647
43.769
45.013
50.686
56.36
56.871
57.382
56.716
62.476
62.38
62.318
61.966
61.828
61.733
61.723
56.48
57.342
56.978
56.466
57.186
57.345
56.734
56.509
57.262
57.31
55.998
56.988
57.407
56.471
56.483
57.29
56.804
56.369
57.204
57.352
56.061
56.471
