48.676
49.077
48.939
49.427
48.591
49.448
48.507
49.777
48.577
49.202
49.16
49.152
49.145
49.043
49.277
49.256
49.053
48.899
49.862
48.111
49.945
61.273
62.182
63.722
64.598
64.956
77.021
76.918
76.951
76.942
76.845
76.592
76.532
76.183
47.189
46.432
47.306
47.293
78.266
78.382
78.415
78.442
78.534
78.517
78.479
78.467
78.353
78.167
65.731
65.257
64.716
64.524
64.29
64.288
64.558
64.728
65.035
65.73
66.426
67.575
68.653
69.243
81.492
81.732
82.027
82.352
82.804
83.295
83.835
84.21
84.416
84.367
78.289
72.211
71.663
71.049
70.296
69.182
68.275
67.858
67.908
67.713
67.616
79.757
79.972
80.263
68.561
68.941
69.169
44.739
44.908
45.134
45.303
45.268
45.219
68.607
79.894
79.804
79.776
79.788
79.908
80.051
80.086
80.104
80.13
80.152
80.128
79.978
79.647
56.908
57.171
57.06
57.23
67.017
66.709
66.863
66.981
67.064
67.111
67.135
67.138
67.162
67.179
67.182
67.246
67.228
67.188
67.191
67.138
67.137
67.109
67.189
67.245
79.439
79.326
79.35
79.396
79.68
80.009
80.288
68.578
68.629
68.566
68.418
68.281
49.598
49.066
57.039
56.596
56.622
56.649
61.046
72.48
72.393
72.481
72.577
72.849
73.088
73.23
61.223
61.053
61.163
61.008
60.838
59.109
49.011
49.267
49.581
49.816
49.986
74.63
74.424
74.347
81.458
81.43
74.369
74.552
74.612
74.647
62.606
62.683
62.791
62.204
62.175
62.145
49.667
48.828
54.99
59.433
76.513
76.094
75.832
75.695
75.559
75.466
75.34
75.433
75.465
69.666
63.867
63.592
63.295
53.948
54.061
53.921
53.613
53.926
54.107
54.055
54.17
54.114
63.764
64.121
64.284
64.371
64.406
64.404
64.318
64.55
64.576
64.522
64.761
64.914
65.136
65.28
65.578
65.994
66.264
66.286
66.194
66.103
66.069
66.07
66.097
66.112
66.134
66.116
66.006
65.947
65.857
65.785
65.778
65.834
65.909
66.081
66.164
66.191
65.983
65.796
65.776
65.757
65.707
65.724
65.839
65.855
65.877
65.919
65.94
65.916
65.694
65.698
65.801
65.821
65.778
65.844
65.977
65.897
65.89
66.023
66.091
65.978
65.589
65.43
59.676
53.922
49.396
48.911
49.295
49.68
61.458
61.046
60.715
60.499
60.283
50.696
49.292
49.249
50.366
49.292
49.162
49.012
48.862
57.59
58.859
59.333
47.012
47.397
47.019
46.883
46.878
47.077
47.054
47.03
47.021
47.11
47.015
46.957
46.888
46.865
54.067
54.06
54.122
54.184
53.991
54.011
54.033
54.111
54.162
82.975
83.011
83.027
82.993
58.937
70.985
83.034
82.994
83.004
59.027
46.718
46.759
48.565
46.754
83.065
83.005
82.991
82.977
82.916
82.893
82.979
83.04
83.088
83.063
83
82.936
82.897
82.971
54.152
54.075
82.866
83.116
45.113
44.765
45.346
44.914
45.101
45.318
45.316
44.752
45.175
45.339
52.463
52.071
44.996
45.321
44.932
45.25
45.515
47.299
51.813
47.677
51.854
56.031
56.107
43.246
43.057
43.585
43.686
43.793
43.784
44.086
44.216
44.189
44.454
44.452
44.481
44.537
44.096
44.162
