53.211
48.935
49.964
49.951
59.977
55.723
51.47
50.955
50.536
62.795
56.892
50.989
50.969
51.055
50.817
50.559
51.036
50.951
51.012
50.964
50.907
50.851
51.091
51.077
50.883
51.158
50.989
50.681
58.022
58.916
59.04
59.164
59.154
59.313
59.472
60.585
60.603
60.62
60.651
60.737
60.608
72.48
72.677
72.598
72.333
72.448
59.263
59.066
70.106
69.783
69.607
69.686
69.766
69.826
69.834
69.837
69.828
69.905
69.97
70.016
69.923
56.576
55.881
56.267
54.412
57.377
57.401
57.424
55.723
55.819
55.535
67.072
61.295
55.518
55.704
55.425
55.781
80.006
79.967
56.222
56.028
55.856
55.917
55.932
55.955
55.638
70.105
69.617
69.253
69.237
69.22
69.25
56.578
56.388
56.599
56.81
56.661
57.333
56.904
56.651
56.436
55.861
55.97
56.051
44.053
44.295
43.902
44.118
44.335
56.815
57.756
57.416
56.863
58.824
57.048
57.398
58.142
57.531
58.018
58.597
59.176
59.357
60.093
60.669
61.136
61.071
60.501
60.25
59.999
59.944
60.137
60.473
60.693
61.129
61.236
60.907
61.127
60.646
60.214
60.179
60.384
60.885
61.214
61.411
61.224
60.926
60.658
60.27
60.097
60.354
60.612
61.039
61.423
61.147
61.321
60.662
60.117
59.835
59.979
50.905
50.868
50.977
50.956
50.936
55.969
55.993
55.985
55.82
55.865
55.819
55.875
55.899
55.957
55.987
55.992
56.054
56.021
56.06
56.074
56.074
56.057
56.095
56.039
56.056
56.03
55.964
55.953
55.913
55.959
55.932
56.001
56.213
61.505
62.218
62.438
62.206
59.648
56.281
55.987
44.746
44.52
62.538
63.747
63.751
75.848
75.823
75.722
75.601
75.347
75.221
75.221
75.231
75.404
75.393
75.356
75.363
63.384
63.226
62.858
62.827
63.083
63.467
75.53
75.318
75.069
74.947
75.031
75.398
76.004
76.408
76.681
76.827
76.836
76.859
64.747
63.516
67.99
67.989
62.096
56.204
55.483
56.169
56.325
55.782
61.588
73.773
73.12
61.09
61.114
73.421
73.733
74.145
74.332
74.425
74.675
74.832
74.887
74.864
74.804
74.803
74.744
74.684
74.617
74.473
74.25
73.817
73.458
73.126
72.871
72.761
72.86
73.052
73.049
73.155
73.08
73.019
72.801
72.848
73.021
73.173
73.329
73.345
73.171
73
72.733
72.611
72.495
72.494
72.621
73.034
73.572
73.667
73.559
73.204
72.731
72.515
72.373
72.277
72.651
72.893
73.117
73.363
73.458
73.365
73.041
72.709
72.446
72.497
72.547
72.801
72.903
72.941
72.925
72.771
72.857
72.943
55.87
55.015
55.205
55.396
54.986
75.091
74.999
75.034
74.947
54.7
54.728
54.949
55.171
64.878
60.318
55.757
55.746
59.17
57.401
55.633
56.234
56.012
55.503
56.229
56.123
55.578
56.204
56.136
55.633
55.988
56.218
55.756
55.991
56.174
55.861
55.883
56.279
55.874
55.806
56.233
56.107
55.211
62.174
62.639
63.404
62.583
62.48
63.393
62.912
62.033
60.587
53.734
46.881
48.811
49.088
49.05
48.864
49.3
48.903
48.834
49.654
50.159
50.42
51.055
51.228
50.567
50.987
50.992
50.935
50.362
49.827
49.978
72.99
73.006
73.004
73.041
