47.255
48.516
49.305
61.76
62.452
58.009
56.854
57.062
56.909
57.036
57.163
57.166
46.734
45.356
45.344
57.442
51.264
51.404
51.544
51.967
52.31
51.781
52.209
51.547
51.305
51.859
52.41
51.872
52.049
51.865
48.864
45.862
47.806
49.062
50.318
50.346
49.819
49.521
50.111
50.525
49.333
49.034
49.58
47.818
46.057
56.565
56.51
57.072
56.965
57.242
56.702
56.162
48.785
48.806
49.25
49.695
53.826
51.78
54.655
51.962
49.269
49.743
50.412
49.997
49.027
50.047
50.521
46.778
48.321
45.129
43.807
45.035
46.263
57.489
56.93
57.433
57.935
56.86
56.952
50.611
49.274
50.318
48.591
49.292
49.994
49.884
56.977
57.043
57.09
57.038
57.092
56.873
56.639
56.646
49.199
47.163
45.136
43.256
49.36
48.13
47.154
48.325
48.606
81.057
81.014
80.996
61.646
63.11
58.241
56.671
57.105
57.034
56.992
49.342
47.753
46.164
48.79
46.596
44.403
44.687
44.938
46.157
47.22
48.284
49.429
49.355
49.281
50.521
51.76
69.761
71.237
72.465
73.606
73.704
80.749
80.711
80.644
80.528
80.364
80.271
80.241
80.472
73.579
73.608
73.763
62.089
62.676
63.263
63.128
63.634
63.846
63.804
63.93
61.41
62.411
73.766
73.917
74.048
73.869
73.865
73.715
73.637
73.604
62.294
61.342
61.024
60.706
64.181
64.144
64.126
64.087
63.906
63.909
63.967
64.911
76.703
76.53
76.337
76.181
76.149
76.067
75.983
75.957
75.889
75.81
75.767
75.73
75.824
75.802
75.696
75.723
75.746
75.809
75.852
63.966
64.068
64.006
44.534
45.47
44.079
45.772
44.58
63.681
63.86
63.886
63.891
63.895
64.34
64.113
63.782
57.851
57.183
56.796
64.069
64.15
64.324
64.354
58.611
59.33
60.05
63.893
63.928
64.067
64.224
64.161
64.109
64.01
64.043
63.985
64.71
63.766
62.823
58.812
63.734
68.656
68.877
69.155
69.664
70.231
70.631
71.053
71.298
71.379
71.332
71.122
71.17
71.261
71.716
71.93
68.687
65.444
66.15
66.476
66.672
70.854
70.977
70.688
76.983
76.492
76.428
76.628
77.021
77.321
77.622
70.94
71.028
70.929
70.998
71.006
71.008
70.988
70.63
70.791
67.229
67.206
66.861
66.171
65.941
57.665
57.144
69.475
69.474
68.949
68.678
68.781
69.273
68.846
68.95
69.035
68.952
68.938
68.916
68.949
69.129
69.184
68.905
69.185
69.281
69.256
69.278
69.246
69.213
68.955
68.865
69.06
69.21
69.183
69.355
69.408
46.473
47.503
66.739
65.428
65.573
65.719
57.001
57.099
43.169
43.885
44.327
43.731
46.398
44.798
43.198
44.587
42.979
43.932
43.041
43.937
43.033
