60.923
60.956
61.024
60.992
60.994
60.911
44.505
44.652
59.239
57.248
57.422
57.596
45.378
44.705
57.107
56.777
56.974
56.99
57.005
44.834
45.163
44.933
44.704
46.354
47.826
47.078
51.735
50.403
49.072
47.718
47.376
52.273
51.589
64.571
77.552
78.093
78.357
78.576
79.183
79.342
72.308
72.522
72.871
73.116
73.183
73.219
73.216
73.048
73.019
72.937
72.889
72.967
72.894
72.868
72.707
72.771
72.669
72.519
62.254
51.988
52.009
51.879
51.852
52.208
65.965
66.416
66.731
66.957
67.193
67.348
67.775
68.202
67.871
68.053
68.191
67.842
67.919
67.827
67.779
67.561
67.904
67.661
67.713
67.622
67.614
67.596
67.482
67.403
67.449
66.998
66.78
66.889
66.853
67.023
67.548
67.25
67.213
67.222
67.211
67.312
67.661
67.954
68.427
68.548
68.577
68.74
68.575
68.701
68.462
68.402
68.227
68.182
68.213
68.326
68.233
68.289
68.14
67.936
67.862
67.722
66.663
65.777
65.86
65.642
65.424
64.318
64.683
64.522
64.903
64.998
65.218
64.938
64.689
64.441
63.142
61.904
60.796
59.624
59.42
59.919
59.729
59.537
71.859
72.031
60.372
60.554
60.948
61.343
61.619
61.511
61.558
61.158
60.759
57.683
61.57
58.827
58.525
58.223
59.803
53.02
53.806
54.612
54.159
54.291
54.423
54.556
61.159
60.972
60.975
61.122
62.701
64.281
64.984
77.458
77.758
77.938
65.975
65.811
65.648
65.473
65.305
65.331
65.029
65.543
66.514
67.576
68.212
80.467
80.647
81.024
81.168
81.238
69.329
68.722
66.715
44.669
44.794
45.067
44.901
45
44.839
45.203
65.669
77.616
77.719
77.848
77.943
77.992
78.295
78.576
78.828
78.881
79.063
79.191
79.148
79.243
79.494
79.63
79.539
79.396
66.257
65.379
63.255
61.907
60.558
60.053
59.992
59.931
59.665
59.695
59.725
59.466
60.457
72.904
72.81
72.933
72.999
73.038
73.064
72.986
72.921
72.722
72.753
61.006
60.708
60.273
60.424
60.458
60.722
72.688
72.868
72.969
72.962
73.031
73.005
61.04
57.768
58.563
59.359
59.62
59.093
59.197
59.178
59.633
59.626
59.443
58.935
59.557
59.309
59.497
60.113
60.813
63.626
62.369
61.113
61.043
60.778
61.027
60.041
60.134
49.015
48.834
48.939
49.416
48.476
47.536
48.96
50.384
49.924
49.463
56.009
55.398
55.426
56.597
56.265
55.934
55.634
55.725
56.4
56.301
55.689
49.864
44.289
44.145
43.868
43.022
