49.374
49.137
49.064
66.104
65.941
66.02
65.969
65.985
66.014
66.08
66.009
65.938
48.648
49.022
49.247
61.217
61.175
49.132
49.353
49.175
49.01
49.022
48.971
48.939
49.076
49.017
49.042
49.004
48.969
49.112
48.964
48.9
49.002
48.919
48.941
49.018
49.402
55
55.118
55.442
55.597
55.715
55.826
55.88
56.076
55.954
56.149
55.699
51.16
48.99
48.901
49.104
49.129
49.065
48.809
70.015
70.05
69.981
58.597
58.592
58.491
70.392
70.291
70.194
70.242
70.224
70.166
70.107
57.476
56.668
56.499
55.949
57.314
58.68
59.207
58.96
58.92
59.034
58.997
59.091
58.79
59.101
52.78
52.664
52.824
52.59
52.225
52.095
51.965
53.263
53.202
65.662
65.618
65.031
65.376
65.185
63.852
64.87
65.888
66.144
66.209
66.256
66.284
66.316
66.496
66.677
56.238
58.184
54.894
54.456
54.406
55.321
66.084
66.003
66.036
58.094
58.205
58.916
59.14
58.753
58.676
58.688
63.059
63.005
63.118
63.135
62.989
63.055
63.148
58.783
58.977
59.252
59.527
71.013
70.995
73.059
73.001
47.077
47.212
46.882
47.079
46.927
46.986
46.96
47.083
47.024
47.087
47.138
46.917
47.037
47.063
47
47.207
46.726
46.907
46.858
46.826
66.275
81.982
82.005
81.997
82.016
66.073
66.072
65.937
57.896
58.155
58.75
59.888
60.044
60.686
60.458
61.103
60.611
61.264
60.905
61.124
61.394
61.319
61.182
61.137
66.064
66.076
66.085
66.11
66.148
66.138
68.149
70.161
70.525
70.517
70.51
70.474
70.432
70.461
70.397
70.145
70.121
70.07
70.032
70.048
58.074
57.984
57.953
58.273
58.24
70.339
70.567
70.559
70.111
69.792
69.353
68.902
68.392
67.975
67.889
68.189
68.399
68.601
68.594
68.346
68.052
67.764
67.297
45.979
45.881
45.987
46.092
45.929
52.909
64.87
64.795
64.817
65.331
65.437
64.674
65.472
65.452
65.432
65.684
65.877
65.661
55.114
53.474
55.145
65.745
65.859
65.916
65.836
65.839
65.762
65.521
65.633
65.754
65.875
67.742
67.377
60.701
61.12
61.205
61.192
60.951
60.835
60.799
60.875
60.968
61.158
61.298
61.238
61.143
60.955
60.766
60.688
61.074
61.116
61.157
61.065
60.974
59.281
57.588
54.504
54.4
54.295
54.805
61.185
60.952
60.069
58.387
58.828
57.903
59.416
60.928
60.984
61.029
61.144
67.603
67.803
68.148
68.55
68.833
68.583
68.163
64.626
61.088
45.885
46.06
45.796
66.724
65.952
65.929
66.025
65.97
75.952
75.644
66.274
66.014
66.241
66.129
66.017
73.131
64.902
56.674
55.904
55.993
56.083
56.566
57.049
57.372
57.932
58.452
58.242
57.947
57.784
57.672
57.596
57.558
57.156
56.563
61.13
60.858
60.803
60.705
60.608
64.338
54.29
44.242
44.318
44.157
44.107
44.118
43.994
43.944
43.854
43.948
67.919
67.986
68.057
68.127
68.053
56.079
55.889
55.866
68.039
67.931
67.978
68.024
67.927
55.876
56.084
55.962
55.886
55.778
55.897
55.905
56.047
55.727
56.963
58.199
59.451
56.122
56.199
56.089
55.766
55.793
55.797
55.978
65.903
66.054
66.01
55.875
55.933
55.922
56.446
55.949
56.029
56.11
56.074
56.039
56.131
56.089
56.013
56.016
55.974
56.035
56.091
56.155
56.013
55.986
56.014
56.02
56.035
55.87
55.961
55.743
55.892
56.064
43.961
43.955
43.93
44.026
44.041
56.181
56.092
55.883
56.141
56.229
55.995
59.079
57.797
58.904
59.298
59.48
58.946
57.796
58.536
