50.444
47.547
44.372
43.469
78.753
79.44
80.086
49.795
65.191
80.586
80.774
73.973
73.995
73.923
74.04
74.53
62.794
62.285
49.018
50.144
50.345
61.86
62.004
62.009
61.817
60.457
49.744
61.765
73.787
73.879
73.922
73.8
73.722
73.787
74.039
74.421
60.237
61.638
62.032
51.204
50.121
57.009
61.947
62.157
68.073
73.99
73.506
73.232
73.398
73.473
73.547
73.608
73.476
73.609
73.717
73.676
73.546
73.307
73.676
67.226
60.775
43.985
43.906
44.299
43.59
43.656
43.622
44.053
61.766
61.829
61.977
73.892
73.779
73.65
73.538
73.28
72.952
72.513
71.65
70.501
69.048
44.679
46.146
45.341
57.994
57.322
56.551
65.067
54.311
52.601
50.892
43.967
43.169
43.807
43.661
43.515
49.998
47.592
45.186
43.66
44.604
45.549
45.678
45.465
45.251
45.725
44.481
44.301
44.991
46.951
51.202
61.372
61.879
62.204
62.41
62.608
62.715
62.574
62.736
62.561
48.92
48.542
53.367
58.193
52.863
57.292
61.722
73.496
73.776
77.122
80.467
80.518
80.521
80.529
80.6
80.67
80.656
80.783
80.999
80.807
49.718
50.476
49.197
49.562
50.108
50.392
62.222
74.052
80.621
80.377
80.175
80.135
80.197
80.374
80.626
73.647
73.87
74.076
62.188
50.202
50.148
54.518
54.372
60.984
52.081
43.178
42.959
55.204
49.224
62.503
75.782
75.544
75.476
75.41
75.342
75.273
75.48
75.884
76.286
76.82
77.463
77.825
77.961
77.909
77.877
77.788
68.054
72.856
69.159
65.461
65.433
55.572
54.886
55.791
43.086
43.312
50.455
48.116
45.776
44.016
50.689
48.746
49.115
50.565
49.987
50.118
48.769
50.133
50.896
60.783
70.67
71.822
72.049
72.06
72.071
72.09
72.021
72.018
71.926
72.004
71.98
72.001
72.188
72.399
72.471
72.324
72.177
60.023
60.503
60.794
60.942
61.335
61.849
73.937
73.68
73.698
73.865
73.776
73.925
74.073
73.975
73.396
56.976
56.763
57.501
56.881
56.824
56.665
57.115
57.147
53.696
64.339
74.983
75.87
76.164
75.942
75.8
75.836
75.738
75.819
75.862
75.735
75.612
75.713
75.732
75.704
75.743
75.61
75.821
75.909
75.84
75.755
75.625
75.691
75.734
75.704
75.688
75.683
75.754
75.51
75.608
75.552
75.402
75.48
45.589
44.454
45.561
45.004
44.886
57.993
57.482
56.939
57.432
56.725
51.481
52.389
51.161
76.043
75.879
51.702
51.541
75.884
75.944
76.139
64.298
64.226
