46.709
47.305
46.87
46.87
46.972
46.93
47.09
46.92
46.89
47.093
46.688
46.785
46.881
77.995
78.035
46.721
46.739
46.894
47.045
46.97
47.147
46.896
47.019
47.858
47.736
47.615
74.987
75.022
58.888
59.094
63.026
62.973
62.99
63.017
62.981
63.136
63.041
62.945
63.042
48.1
47.075
47.06
46.828
46.98
46.806
47.055
47.024
46.792
46.286
45.118
44.458
43.798
49.704
49.275
47.838
45.687
43.536
43.806
43.227
42.986
48.609
49.244
77.327
77.534
58.924
58.738
58.908
58.983
43.341
43.082
43.471
43.214
45.715
48.216
47.393
62.735
69.562
68.425
69.729
69.911
56.778
56.956
69.982
70.103
57.912
58.266
57.93
58.411
57.53
58.232
57.759
58.157
57.95
58.059
57.632
70.004
69.998
69.958
69.966
70.189
70.412
70.228
76.792
76.334
76.334
76.333
72.978
69.622
73.11
76.598
76.365
76.49
76.614
69.956
63.298
63.233
69.61
69.411
69.224
63.355
62.718
62.796
64.009
56.196
48.383
58.985
69.588
69.756
69.879
69.977
57.803
57.757
57.783
69.854
69.948
58.037
57.886
58.058
58.132
58.062
58.123
58.001
57.984
57.917
57.77
46.006
45.775
46.186
46.048
70.643
71.08
70.989
71.093
70.968
70.919
70.71
70.692
70.651
70.869
70.72
70.63
45.489
44.899
46.232
44.887
46.079
46.261
45.561
45.966
45.645
46.671
45.947
45.222
45.114
45.005
57.932
57.854
58.211
58.113
57.913
57.96
58.014
58.099
57.946
57.93
57.995
57.919
57.914
57.888
57.906
57.968
58.039
58.048
57.97
57.896
57.831
57.914
57.872
46.478
45.482
46.108
45.54
57.988
57.839
57.961
57.828
57.868
57.969
57.927
57.927
57.996
52.2
55.194
51.391
47.588
46.533
46.851
46.693
46.799
47.113
47.665
48.217
48.497
48.844
48.89
49.726
48.023
49.814
48.647
48.648
48.477
47.98
47.468
47.33
47.193
46.861
45.983
46.339
70.054
69.998
46.195
46.226
46.445
46.038
46.051
45.831
46.027
45.883
48.687
46.88
45.074
44.8
44.527
44.182
43.823
43.673
44.191
44.295
43.83
43.692
44.613
51.941
53.087
76.642
76.814
76.678
67.356
68.569
69.782
70.061
70.228
70.174
71.188
72.203
73.491
73.437
80.779
80.995
81.145
74.538
74.91
75.987
77.016
77.648
77.982
77.912
77.783
77.728
77.665
65.69
65.698
65.752
65.642
65.171
63.288
62.947
62.958
62.969
63.011
62.891
62.77
62.494
62.218
62.713
62.803
62.809
62.707
62.711
62.782
62.879
62.845
62.891
62.873
62.797
62.007
59.879
57.751
57.858
57.951
58.044
58.018
58.014
63.353
64.739
76.802
76.685
76.624
76.616
76.66
76.797
76.835
76.81
76.82
76.767
76.759
76.781
76.826
76.881
76.973
76.985
64.642
55.673
56.379
55.867
55.567
56.36
77.621
77.626
77.487
77.326
77.186
77.24
77.356
77.476
77.579
77.664
77.733
77.702
77.602
77.567
77.566
71.527
65.488
65.101
64.339
63.709
63.457
63.585
63.499
63.137
62.995
63.121
63.111
63.086
63.319
63.552
64.559
64.591
65.053
64.861
64.916
64.816
65.144
64.983
64.779
65.156
64.907
65.042
64.882
64.931
65.028
64.491
64.111
63.568
63.104
62.921
62.987
63.19
63.34
63.457
63.266
63.073
62.759
62.57
62.608
62.465
62.418
62.733
63.174
63.333
63.159
62.878
62.761
62.305
62.337
62.317
62.617
62.996
63.276
63.301
63.184
62.817
62.286
61.771
62.194
62.617
62.833
63.183
63.326
63.135
62.915
62.654
53.826
54.05
53.88
62.939
62.973
62.955
53.917
53.974
53.969
54.05
53.993
54.202
53.984
53.946
53.941
53.862
54.397
53.52
49.13
51.503
53.876
62.992
62.945
62.908
62.985
63.034
62.955
62.963
53.026
45.639
45.89
47.424
44.817
46.416
46.702
44.853
45.767
