75.095
75.016
74.937
57.711
57.744
51.684
45.624
45.456
45.66
45.869
56.497
64.471
76.675
76.722
76.561
76.468
76.322
76.362
76.455
76.541
76.523
76.544
76.701
76.781
76.804
76.777
76.832
76.877
76.965
77.053
65.064
65.028
64.985
65.003
64.933
64.838
64.349
62.423
62.101
55.05
55.752
56.454
46.851
46.341
66.154
65.708
77.657
77.485
77.371
77.329
65.399
65.354
65.04
46.052
46.027
45.62
46.939
46.996
47.054
45.355
46.407
46.077
45.754
46.183
68.543
80.006
79.885
79.859
79.985
80.146
80.192
80.155
80.127
80.115
80.059
80.078
68.188
62.7
63.104
62.915
62.937
63.031
62.933
62.834
56.781
50.729
50.761
51.126
51.379
50.898
50.795
50.889
51.184
51.206
57.896
57.835
58.159
58.339
58.274
58.209
58.164
58.16
58.148
58.126
58.143
69.819
69.789
69.784
58.087
58.121
69.819
69.687
69.297
69.59
69.779
69.905
70.031
70.192
70.272
63.075
63
63.142
63.03
62.885
63.09
62.953
63.01
62.937
62.944
63.044
63.02
62.946
62.951
63.041
63.013
62.919
62.981
62.96
62.985
63.063
63.017
62.975
63.058
63.016
63.037
63.043
78.076
77.99
78.019
78.026
63.077
50.996
50.484
50.839
51.176
51.077
50.758
50.71
51.12
51.131
51.034
65.869
66.332
66.798
67.249
67.45
67.604
67.705
67.718
67.83
67.942
67.892
67.624
67.619
67.816
67.543
67.303
67.592
67.294
67.645
67.955
68.175
68.269
80.323
80.222
80.036
79.87
79.816
79.888
80.129
68.43
69.026
68.964
69.488
69.141
69.821
69.897
70.014
70.068
58.061
58.027
58.093
58.07
58.116
58.089
57.999
58.518
58.81
59.405
65.55
65.426
65.562
65.678
65.741
65.639
65.56
65.471
65.295
65.338
65.381
65.354
60.894
61.043
48.875
49.043
49.05
49.053
48.96
48.995
49.22
49.031
58.095
58.029
58.04
48.973
49.094
48.928
49.137
49.034
48.904
49.114
