52.185
52.16
46.078
47.427
46.81
74.152
74.291
74.439
74.678
74.829
75.231
75.634
63.718
63.801
63.884
63.863
63.052
62.727
51.402
57.287
63.172
62.795
62.806
62.972
62.895
62.97
63.089
62.95
63.109
62.971
62.625
62.244
61.579
45.03
45.615
60.867
60.971
61.183
61.299
61.453
61.359
61.23
61.072
60.765
45.098
45.18
44.987
44.994
45.239
45.13
66.556
78.889
79.172
79.364
67.528
67.801
68.04
68.261
68.451
44.525
43.754
56.882
56.957
45.835
44.761
44.597
68.095
68.247
68.468
68.587
68.655
68.699
68.702
68.565
68.218
45.129
44.797
56.989
56.798
56.954
56.992
57.03
80.92
80.826
80.887
80.886
80.836
80.823
80.771
80.674
80.594
80.653
80.565
80.553
80.49
80.562
80.59
80.619
80.689
80.672
80.685
80.639
80.567
80.571
80.463
80.53
80.531
80.531
68.517
68.579
68.668
68.626
68.584
68.632
68.598
68.588
68.571
68.53
68.434
45.031
45.569
45.106
45.224
44.646
44.734
44.087
57.606
57.321
45.183
45.131
45.12
44.88
44.992
44.953
44.769
45.109
44.1
44.669
56.948
56.95
57.296
57.295
57.148
57.002
46.292
46.413
67.007
79.467
80.182
80.677
81.035
81.256
81.44
81.469
81.461
81.551
81.735
45.149
44.071
82.283
82.334
82.348
82.268
82.346
82.375
82.291
82.196
82.254
82.33
82.231
70.183
69.967
69.341
68.834
68.49
68.347
68.374
68.431
68.524
68.536
68.55
68.567
68.546
68.54
68.353
67.504
66.132
57.593
57.326
46.012
45.476
67.345
67.184
67.428
67.452
67.466
67.421
67.465
67.475
67.475
67.421
67.291
67.141
67.007
66.913
66.819
67.137
67.615
67.844
67.739
67.731
67.711
67.654
67.777
67.982
68.173
68.419
68.605
68.703
68.716
68.692
68.707
68.725
68.715
68.658
68.614
68.59
68.496
68.367
68.168
67.756
66.44
65.523
64.628
44.785
44.984
75.499
75.408
75.238
75.4
75.596
75.839
64.207
64.473
64.254
44.786
44.987
45.178
45.213
45.367
44.767
67.058
67.388
67.922
67.902
67.963
67.907
68.07
68.027
67.905
62.468
57.032
57.433
57.353
53.327
54.905
56.484
78.272
78.202
78.178
78.192
78.208
78.331
78.487
78.693
78.832
78.916
79.029
79.124
79.238
79.408
79.511
79.614
79.615
79.566
79.567
79.572
79.602
79.657
79.698
79.775
79.865
79.831
79.783
79.595
79.279
78.806
78.062
77.283
77.08
77.119
77.336
77.672
77.91
78.031
77.974
77.81
77.686
77.562
77.374
77.458
77.536
77.726
77.881
77.921
77.825
77.695
77.522
77.435
77.339
77.554
77.633
77.858
77.936
77.941
77.851
77.624
47.157
62.329
77.502
77.669
77.793
77.855
77.794
77.691
77.639
77.374
77.586
77.627
77.668
77.86
77.876
77.83
46.75
47.582
47.059
47.099
65.85
65.925
66.001
65.988
65.943
65.852
46.709
47.18
47.141
47.014
46.4
47.955
50.757
53.558
50.07
46.581
47.232
47.467
46.928
46.942
47.262
47.582
46.776
47.139
47.322
46.115
46.132
46.149
58.811
65.995
65.964
65.933
65.887
66.027
65.984
65.971
65.892
65.939
65.986
46.912
46.916
45.418
48.933
53.681
54.288
53.932
54.154
54.089
53.839
54.215
54.07
53.996
54.007
54.017
53.851
54.105
53.736
55.445
60.689
65.932
66.121
56.537
56.532
56.527
56.32
57.458
