63.027
63.055
63.056
63.009
63.072
63.031
63.02
63.094
63.052
63.047
63.104
63.064
63.047
63.089
63.04
63.03
63.084
63.029
63.031
63.063
63.024
63.055
63.068
63.045
63.092
63.082
63.025
63.09
63.058
63.041
63.077
63.03
63.044
63.067
63.009
63.028
63.071
63.113
63.054
63.04
63.197
59.114
59.847
72.606
72.338
71.669
71.513
71.356
83.019
83.006
82.993
83.007
82.989
82.996
83.008
82.996
63.345
63.271
63.61
52.038
52.05
63.642
63.69
52.122
52.027
52.166
52.112
52.022
52.033
52.038
77.825
77.918
78.026
78.054
78.073
78.045
77.988
77.876
77.774
77.864
77.92
77.907
77.967
77.98
77.991
77.985
78.006
78.015
78.063
78.059
78.054
78.165
66.221
66.173
66.435
66.696
67.033
67.314
67.581
67.896
68.1
79.926
79.998
80.009
79.998
80.022
80.008
65.093
65.264
65.556
65.665
65.762
65.731
65.654
65.654
65.629
65.629
65.694
65.607
78.051
77.985
77.983
78.001
77.988
78
78.023
76.712
75.401
75.267
75.217
75.168
75.497
75.675
75.798
63.996
64.046
64.082
64.047
63.998
63.981
63.904
63.918
63.88
63.867
63.895
52.053
51.997
52.123
52.047
63.847
63.821
63.841
63.853
63.833
52.033
52.095
52.02
52.069
52.037
52.029
52.107
52.076
51.988
52.008
77.779
77.496
77.479
77.404
77.266
65.014
65.059
65.104
66.759
67.425
67.656
67.887
68.083
68.131
80.128
80.068
80.073
80.067
80.094
80.134
74.152
68.17
68.12
68.12
68.127
68.143
68.18
68.043
68.212
68.031
67.694
80.011
80.013
80.004
79.978
79.998
79.974
80.013
78.971
77.929
77.795
77.965
66.208
66.261
66.326
66.28
66.235
66.115
66.062
66.06
78.061
78.049
78.051
78.035
78
77.967
77.949
77.885
77.854
65.478
65.841
77.868
77.897
77.92
66
66.086
66.067
66.055
65.966
65.906
65.796
63.002
63.14
63.013
63.043
63.019
63.036
63.053
62.988
63.13
63.031
63.028
63.058
63.02
63.122
63.022
63.045
63.048
63.012
63.081
63.072
63.053
63.022
63.041
63.056
63.035
63.052
62.897
62.924
62.951
63.018
62.995
63.128
63.075
63.038
63.033
63.033
63.033
63.096
63.07
63.081
63.057
63.001
63.114
63.028
62.945
61.412
59.88
59.849
59.792
59.64
59.533
59.518
59.542
59.514
59.451
59.52
59.546
59.49
59.42
59.451
59.347
59.164
59.151
58.974
58.896
58.995
58.976
59.051
59.197
59.288
59.235
59.212
59.304
82.999
83.003
83.001
82.998
82.986
82.986
