44.879
44.725
69.022
69.046
69.027
45.02
44.683
45.016
44.798
44.853
44.835
44.919
44.857
44.916
44.882
44.906
44.841
44.827
44.717
69.016
69.033
69.227
46.623
46.448
47.117
49.701
48.253
49.425
48.308
49.592
48.329
49.493
48.35
50.739
79.828
79.51
79.185
78.861
82.46
82.328
82.209
82.197
82.338
82.541
82.889
83.226
79.733
80.053
56.136
56.307
80.365
80.324
80.314
80.317
79.964
75.887
58.122
56.087
56.052
43.886
44.085
81.496
81.302
81.123
66.984
68.154
69.323
69.545
69.588
69.335
69.13
53.966
45.908
57.536
69.164
68.307
67.932
67.649
67.965
67.857
68.045
67.768
53.903
43.435
43.113
43.837
53.425
52.479
53.785
51.248
49.538
55.859
55.618
55.378
68.688
68.705
68.795
67.437
66.08
66.051
66.047
67.481
68.914
80.53
80.348
80.261
80.143
67.671
55.199
55.453
55.707
55.434
55.161
49.157
49.496
49.231
49.276
70.157
69.285
69.089
68.959
68.861
68.577
66.394
66.188
65.983
66.037
65.947
66.079
66.032
65.986
69.33
72.673
79.319
79.153
79.163
79.202
79.241
79.363
79.62
79.991
80.364
80.597
80.756
80.736
80.598
80.443
80.265
80.11
80.098
60.904
61.426
61.612
60.272
61.118
63.508
65.898
65.879
65.965
66.107
66.022
53.618
52.883
51.663
50.293
49.795
49.298
53.68
54.497
53.655
53.733
53.417
53.101
54.736
52.386
53.569
53.42
51.458
49.945
54.348
53.885
53.421
54.091
54.225
54.12
47.563
47.267
47.113
46.908
46.832
47.141
46.688
47.342
46.717
46.306
47.434
46.688
47.554
46.472
47.348
46.701
47.395
46.574
47.472
46.788
47.131
46.373
46.433
61.638
61.761
47.869
47.529
47.116
48.472
49.828
49.818
49.809
51.369
56.721
52.931
49.141
49.288
47.347
45.503
53.722
53.444
53.662
50.08
46.499
47.153
47.333
46.33
47.959
46.856
46.586
47.553
46.633
46.853
46.85
47.127
47.049
47.202
47.25
47.298
46.762
47.007
47.088
57.501
56.73
57.831
63.786
69.741
56.988
67.346
69.155
70.964
71.212
71.267
71.334
71.459
71.515
71.449
71.304
71.176
71.099
59.575
58.056
47.25
46.78
58.345
58.294
57.838
57.89
58.344
76.949
76.726
76.577
76.532
76.429
69.212
57.205
57.002
56.987
57.125
56.548
68.187
67.565
67.437
67.468
67.511
55.888
55.561
54.571
48.601
50.583
53.088
52.37
51.651
52.03
51.485
51.643
52.283
51.994
66.69
66.083
73.064
72.835
72.73
52.567
52.46
52.589
52.717
51.19
52.669
53.235
52.127
68.558
68.464
68.327
68.191
67.824
68.191
65.339
66.739
68.14
68.03
68.143
67.88
68.077
67.993
68.103
68.129
68.154
56.248
51.696
50.239
49.188
47.534
45.881
53.216
52.384
52.076
68.042
67.994
52.341
52.326
52.31
64.054
63.989
64.053
63.911
64.033
64.041
63.983
63.994
55.447
53.255
51.063
51.976
52.02
52.044
52.25
53.356
52.274
51.551
50.829
46.479
55.199
63.92
64.057
64.064
64.068
63.966
64.019
64.028
63.835
59.16
62.897
66.634
65.997
66.104
65.975
65.635
65.627
66.056
42.981
43.028
54.856
57.269
55.885
57.264
57.013
57.085
56.896
56.567
56.928
54.322
47.496
47.551
63.98
63.887
64.03
67.966
71.902
71.638
71.667
59.732
56.09
52.448
57.002
61.557
60.922
60.67
59.959
66.282
72.604
72.336
71.542
71.065
70.987
70.92
70.945
71.038
71.145
71.114
45.021
44.984
45.169
45.131
45.07
44.894
44.829
57.324
69.434
69.743
69.642
57.359
57.294
45.78
44.838
45.193
44.946
44.977
70.543
77.083
76.831
76.662
76.889
77.123
77.398
77.65
77.902
78.246
78.564
78.758
78.92
78.943
71.707
59.348
57.011
43.57
43.685
43.425
43.588
43.753
44.25
43.857
43.912
43.703
