56.767
56.801
57.147
56.945
56.39
47.938
50.933
53.927
54.066
53.759
54.248
54.663
54.188
53.543
54.502
53.356
53.662
53.969
55.034
53.424
49.113
51.141
53.169
56.997
56.645
56.748
56.088
55.429
55.137
55.252
55.366
56.23
57.279
56.632
56.402
57.743
50.477
53.868
57.258
57.175
56.909
56.89
56.904
56.923
56.942
57.239
55.107
52.434
54.449
50.243
46.036
46.939
46.652
46.46
46.268
47.382
59.332
59.493
59.758
60.135
60.513
60.557
60.764
60.773
60.763
60.683
60.597
55.372
55.512
55.652
50.532
45.412
45.009
43.919
43.383
43.885
60.807
65.979
65.964
66.014
65.972
65.497
56.837
44.652
45.287
44.797
45.345
44.817
60.41
61.027
61.21
61.399
61.414
61.406
61.398
61.237
61.204
61.292
61.542
61.793
63.279
75.671
75.973
76.174
76.296
76.36
76.437
76.425
76.441
76.499
76.447
76.317
76.23
64.176
64.038
63.899
64.057
64.252
76.136
76.221
76.169
76.362
76.66
77.036
77.397
77.602
77.774
77.752
77.506
64.168
63.404
63.099
62.795
63.537
75.39
75.124
74.977
75.136
75.095
75.357
69.384
63.412
63.03
62.416
58.467
57.157
71.856
74.335
73.759
72.837
72.677
72.516
72.45
72.578
72.653
72.661
60.468
60.645
60.068
56.559
56.293
56.027
59.879
63.732
63.896
63.729
75.71
75.605
75.545
75.618
75.758
69.846
63.933
64.038
64.104
51.425
51.577
63.268
63.516
64.24
64.229
64.264
64.429
64.88
65.23
65.781
66.2
66.342
66.348
66.318
66.017
51.495
53.251
52.655
52.204
51.753
75.956
75.678
75.528
75.561
75.706
75.801
75.873
75.877
52.057
52.52
58.018
58.59
59.098
58.995
58.931
59.299
58.769
51.873
52.121
52.036
53.314
51.831
50.348
50.997
51.645
48.39
61.892
75.394
75.631
75.676
75.655
75.531
63.634
63.936
63.816
62.299
75.932
76.064
75.994
76.045
63.242
50.438
58.141
65.843
65.974
66.038
66.006
66.055
65.962
65.613
64.697
63.588
51.974
51.903
52.126
51.903
51.151
54.875
56.357
65.682
66.161
66.398
66.451
66.377
66.205
66.117
66.305
66.705
67.104
67.532
67.858
68.01
68.117
68.032
68.013
67.98
67.966
67.928
67.772
67.724
67.782
67.863
67.824
67.097
67.607
68.117
63.06
58.003
53.679
49.354
58.589
67.825
79.658
79.587
79.604
79.612
79.595
79.542
79.467
48.754
46.969
45.668
44.367
51.121
52.924
52.459
52.099
51.987
52.033
52.025
52.121
51.807
48.075
48.567
48.546
52.546
