70.977
70.991
70.955
70.993
71
70.969
70.989
70.994
70.997
70.997
70.965
70.979
70.969
62.062
62.057
62.034
62.011
62.041
62.071
61.956
62.003
61.999
61.932
61.953
61.765
66.092
65.968
65.945
65.949
65.983
65.975
65.986
65.971
65.952
65.977
65.934
47.526
46.497
47.638
46.427
48.107
48.013
47.919
48.106
48.293
48.284
48.274
48.381
48.488
65.901
65.882
66.062
66.027
65.991
65.929
66
48.754
49.158
49.113
61.769
61.947
61.973
62.031
61.974
62.026
62.018
61.975
61.998
61.992
62.02
61.963
61.975
61.946
61.944
61.896
61.917
61.928
61.975
61.972
61.978
61.968
61.813
62.03
62.354
61.853
61.683
61.733
61.792
61.792
61.822
61.986
62.088
61.747
61.406
61.258
61.276
61.295
61.178
53.953
53.856
53.985
54.114
54.144
53.979
53.923
53.94
53.844
61.036
60.335
61.254
61.165
60.837
60.876
61.016
61.039
61.071
60.873
60.81
61.055
61.056
61.038
60.976
60.957
60.924
60.89
60.906
60.856
61.011
60.983
67.952
68.051
68.121
68.103
68.136
68.141
66.073
66.196
54.032
54.28
54.135
54.252
55.402
56.551
55.735
55.653
55.571
56.494
55.512
56.38
55.654
55.701
55.748
55.759
55.771
56.244
55.833
56.058
56.011
55.936
56.059
55.985
55.914
56.022
55.957
55.935
56.249
55.679
68.071
68.039
68.014
67.987
67.989
67.941
67.912
68.972
70.031
60.217
60.993
61.11
61.114
61.008
61.027
61.036
61.097
60.95
55.668
55.672
55.676
61.27
61.314
64.347
76.419
76.66
76.687
76.789
65.016
64.903
65.081
64.888
65.161
65.506
65.425
64.806
68.924
73.042
73.015
61.001
60.774
60.948
61.115
61.126
63.505
65.884
77.703
77.766
77.781
77.84
77.834
77.824
77.872
77.925
77.972
78.061
78.21
78.466
78.77
79.154
79.419
57.768
57.985
67.777
67.8
67.765
67.719
67.753
67.718
45.9
45.906
45.982
46.058
46.115
46.213
46.075
46.148
45.908
46.142
46.11
46.012
45.978
45.811
45.974
45.949
45.903
46.01
45.903
45.953
45.944
45.976
45.966
46.025
45.773
45.893
46.001
46.109
56.571
55.164
45.988
45.944
45.98
46.015
46.166
46.209
46.253
45.91
45.961
45.991
45.991
54.144
60.929
60.97
61.108
61.101
61.163
61.224
53.5
46.138
46.035
46.119
45.923
46.008
46.059
46.11
46.113
46.139
46.017
45.894
45.911
45.913
46.079
46.027
46.011
46.093
45.858
45.958
45.955
45.923
46.134
45.971
45.97
45.96
46.005
46.06
67.501
67.949
67.946
67.906
67.949
67.939
67.948
67.979
68.01
46.003
45.997
46.018
46.034
45.977
46.017
63.505
64.407
64.892
65.053
65.32
65.451
65.694
65.64
65.697
65.755
65.748
65.74
65.163
60.903
60.935
61.03
46.01
45.159
65.113
64.976
65.014
65.072
65.13
65.145
65.134
65.099
65.114
65.105
65.1
65.031
65.057
65.06
65.098
65.112
65.071
65.217
58.922
58.735
59.108
58.929
58.909
59.083
59.004
58.866
58.85
59.155
59.049
58.942
59.046
59.259
63.827
64.689
65.069
65.214
65.022
65.324
65.298
64.981
65.341
65.326
64.955
65.309
65.261
64.919
65.282
65.136
65.22
65.788
66.125
66.342
66.431
66.499
66.187
65.693
65.405
65.36
65.066
65.705
66.048
66.229
66.258
66.147
65.858
65.72
65.724
65.714
65.704
65.796
65.901
65.844
65.761
65.628
65.031
64.791
65.71
65.799
65.997
66.108
47.015
47.096
47.021
47.127
47.067
47.041
46.935
47.135
47.128
47.084
46.85
47.103
46.945
46.933
46.654
46.876
46.901
46.864
46.85
46.85
46.93
46.843
46.808
63.749
76.15
76.411
76.567
76.444
76.447
76.56
76.78
76.988
77.285
77.65
65.792
65.68
64.68
64.396
64.036
63.745
63.299
64.434
63.842
64.772
64.531
64.997
65.258
65.286
64.961
64.375
64.622
63.9
63.315
62.536
62.993
62.99
63.007
66.069
65.974
65.965
65.929
65.888
66.162
64.866
64.19
64.003
64.536
64.626
64.213
64.914
64.361
64.613
64.897
64.67
65.285
65.333
58.433
58.79
65.481
65.574
65.611
47.019
47.369
46.929
46.916
47.154
47.145
46.95
47.036
47.081
46.942
50.606
54.27
59.189
61.745
66.064
65.957
66.088
66.095
66.075
54.03
53.803
53.856
47.037
46.922
46.914
46.922
47.011
47.07
59.378
58.932
59.412
58.924
59.343
59.102
59.181
59.391
59.084
68.072
68.018
67.896
67.798
67.682
67.786
66.096
66.38
68.056
61.994
62.124
62.117
62.144
62.072
62.12
62.022
62.03
61.959
62.06
61.913
62.214
62.118
62.1
