45.166
43.5
70.959
70.903
71.048
71.046
62.129
53.212
45.251
43.9
57.05
57.089
57.079
51.227
45.374
45.041
72.98
72.947
73.05
60.817
63.167
62.643
62.12
46.361
47.148
59.769
79.807
79.958
79.916
79.94
80.183
80.255
80.032
80.09
80.298
73.474
73.996
74.131
74.466
74.506
74.27
74.187
74.198
74.084
74.121
62.165
62.242
48.513
49.562
49.2
47.096
44.991
44.611
64.243
76.479
76.585
76.541
76.33
76.176
76.101
76.202
76.165
75.652
74.912
74.171
61.87
61.995
73.839
73.511
73.219
73.156
72.913
72.82
72.801
72.868
72.769
72.239
71.022
64.864
67.973
71.083
71.444
77.958
77.872
77.754
77.839
77.939
78.203
78.437
71.383
72.693
72.885
72.893
72.902
66.527
67.673
68.819
69.129
68.793
47.541
56.321
65.101
64.685
66.794
68.903
69.122
68.693
69.208
68.804
72.324
75.844
76.007
76.037
76.044
76.219
76.416
76.4
76.397
47.098
48.254
49.898
49.172
56.575
73.184
72.731
72.5
72.755
73.018
73.122
73.359
61.667
66.365
57.23
64.246
64.77
65.294
65.16
65.223
65.285
65.188
65.091
77.081
77.018
76.587
76.483
76.494
76.637
76.908
77.342
77.585
77.741
77.745
77.756
77.844
77.929
78.016
78.109
65.971
66.085
65.835
65.668
65.046
57.377
49.707
48.316
46.437
44.558
59.256
72.378
72.438
78.884
78.984
78.997
79.057
79.153
79.415
79.668
79.882
80.126
80.241
80.179
79.661
72.872
66.083
66.034
66.017
66.033
66.034
65.951
66.017
66.085
65.922
60.09
61.483
60.938
59.306
59.221
58.951
59.88
59.299
59.362
59.485
59.023
58.935
57.943
57.455
56.1
54.744
55.025
55.306
68.847
68.956
45.307
46.406
45.453
46.809
71.051
71.047
70.95
70.987
47.565
46.512
71.056
71.105
71.433
71.761
72.178
72.338
71.84
72.158
71.599
78.289
78.28
78.094
70.893
70.967
71.041
71.278
72.049
76.117
80.186
80.597
73.687
73.373
72.954
72.84
72.625
72.802
68.399
63.996
65.204
65.684
66.164
66.118
70.094
74.069
74.26
73.389
72.966
79.887
79.847
80.04
80.174
80.551
74.001
74.096
74.333
74.305
74.332
74.101
73.972
73.869
73.901
73.933
62.304
62.289
61.928
49.91
48.278
48.404
46.455
59.916
69.082
68.991
71.9
72.106
71.29
78.367
78.632
78.859
79.063
79.23
79.369
75.938
72.508
78.406
71.082
63.758
63.924
64.091
63.856
63.925
63.993
69.097
69.071
68.988
64.51
65.508
64.657
63.806
57.28
57.096
57.115
68.889
69.176
69.153
69.191
69.116
68.97
68.968
48.369
50.215
47.836
49.207
50.577
52.46
70.898
70.876
70.959
71.008
70.959
71.003
71.034
70.994
51.096
50.517
47.919
47.105
45.935
58.429
54.014
49.599
51.136
52.673
52.064
50.39
48.717
49.255
48.558
47.86
46.234
44.607
44.871
52.31
52.376
51.44
52.04
52.169
52.034
51.819
51.932
51.862
51.737
50.697
50.597
50.498
50.664
50.778
50.892
57.606
57.502
67.291
58.379
68.088
77.797
77.994
78.196
78.159
77.956
77.487
76.936
76.292
75.93
75.842
75.892
75.928
75.944
75.953
75.96
76.012
75.963
75.899
64.523
53.147
50.329
47.511
49.474
48.176
52.734
48.146
58.543
68.94
69.058
69.159
69.164
69.016
68.664
68.63
68.596
68.889
56.056
62.502
56.159
49.817
49.886
49.956
50.192
50.427
49.308
50.136
49.915
55.671
61.427
62.794
52.118
52.24
52.568
52.551
52.534
51.819
51.817
52.848
52.818
52.789
51.188
51.494
47.753
47.703
48.483
46.709
42.136
48.522
49.022
49.521
47.737
52.708
52.195
51.681
51.006
47.185
47.585
43.933
