61.582
57.573
56.298
44.559
43.513
53.492
63.47
75.259
75.26
75.103
75.181
75.252
75.554
75.522
75.802
64.131
64.422
65.06
77.288
77.507
77.678
77.645
77.544
77.65
77.803
77.915
77.944
65.66
63.432
59.986
56.541
60.438
64.334
77.093
77.589
77.512
77.772
78.076
78.425
66.831
66.537
65.044
59.388
53.731
48.976
50.097
64.108
64.519
64.736
64.848
64.999
65.241
65.231
63.819
63.429
63.556
63.973
64.39
63.094
76.049
82.187
82.018
81.833
81.905
74.953
74.964
74.975
74.671
62.754
62.333
62.322
61.936
62.149
61.962
61.997
58.978
47.827
48.695
47.04
45.385
74.238
81.097
81.104
74.044
74.118
74.192
74.161
74.131
73.922
73.96
74.555
75.151
75.745
75.903
75.79
75.661
49.776
49.635
49.885
63.847
63.562
62.736
68.389
80.621
80.569
72.186
64.064
63.176
81.863
82.399
82.127
51.559
65.84
57.793
66.474
75.155
75.227
74.94
75.126
79.736
84.346
84.525
83.897
74.409
74.007
80.676
80.497
80.494
80.592
80.83
73.763
73.539
61.828
50.118
49.678
49.689
82.841
82.421
82.713
83.004
82.981
82.967
82.959
83.006
83.027
82.838
82.774
82.709
83.027
75.543
75.592
75.321
75.608
75.895
83.087
83.087
83.168
83.163
83.081
83.083
76.044
76.084
76.004
75.965
64.001
63.857
63.755
63.653
63.122
48.887
47.729
46.851
47.403
59.011
70.619
82.78
84.457
70.743
70.681
75.779
75.79
50.277
49.392
50.231
49.341
48.452
58.578
68.705
68.095
68.776
68.627
68.038
67.64
68.073
68.5
69.491
69.113
68.979
68.846
67.186
67.491
68.352
68.559
68.683
68.894
68.837
68.279
68.517
68.756
68.329
68.91
69.489
60.842
60.84
58.724
56.608
56.668
63.267
62.307
62.961
63.064
63.179
63.319
63.121
62.674
62.214
74.928
74.889
74.798
64.769
65.216
65.618
65.942
65.967
65.866
65.494
65.181
64.992
51.235
51.49
51.746
58.965
66.184
65.52
77.467
77.299
77.113
77.434
77.756
78.064
78.206
78.233
78.186
78.211
62.726
56.027
55.578
55.129
65.037
64.885
65.162
65.185
65.199
65.236
65.242
65.213
65.183
63.525
63.51
62.687
63.847
63.676
63.235
63.43
63.526
63.534
63.649
63.604
63.404
56.297
58.35
52.676
52.159
51.643
52.373
61.051
61.692
52.068
50.145
48.223
47.457
47.394
47.331
77.758
77.374
76.962
76.598
76.488
76.458
76.628
76.343
76.759
77.022
52.197
52.151
51.863
54.882
50.534
46.186
46.111
47.577
49.043
47.217
45.39
51.273
51.158
52.266
50.499
49.452
48.406
49.823
49.755
49.744
49.732
49.695
62.876
76.056
76.014
76.265
76.145
76.05
75.906
64.079
44.598
44.72
44.749
44.731
73.493
80.038
80.133
80.323
80.487
80.797
81.002
46.772
45.68
75.696
75.801
75.755
75.572
75.739
75.907
82.848
82.73
82.814
82.824
82.67
75.689
75.7
79.189
77.382
75.575
75.563
75.644
75.543
75.441
75.436
75.531
75.625
82.721
82.749
82.831
75.845
75.666
75.729
63.888
63.864
63.832
63.677
75.852
75.672
75.727
75.635
68.729
61.822
50.096
62.956
75.815
75.816
75.817
75.717
75.752
75.773
50.839
48.2
50.032
50.508
50.985
50.201
59.591
68.98
68.916
68.879
69.211
67.694
68.31
69.12
68.81
68.408
68.823
68.863
68.902
68.803
69.064
68.326
68.817
68.075
69.277
68.685
68.187
67.984
67.781
