46.248
45.841
45.788
46.988
45.715
45.861
46.21
45.975
46.019
46.063
45.829
46.282
46.106
45.931
45.742
46.073
45.987
45.902
46.211
45.877
46.327
45.459
44.8
46.585
45.166
45.623
46.187
46.508
45.299
46.078
46.132
46.185
45.928
46.187
46.031
46.233
45.827
45.894
45.966
45.9
45.833
57.373
58.313
65.78
66.221
66.332
66.93
67.312
74.643
74.59
74.761
74.834
74.789
74.744
74.64
67.83
67.845
67.812
55.158
52.979
51.654
53.75
54.175
54.021
54.214
53.992
53.798
53.649
54.005
66.012
66.077
65.945
65.997
66.133
66.008
65.998
65.964
65.995
65.983
66.075
56.088
57.578
57.22
56.718
52.745
54.367
54.469
53.144
54.626
54.57
54.514
54.399
54.284
54.144
54.004
53.917
53.83
57.335
59.223
61.111
60.579
60.886
61.05
61.214
65.336
69.457
69.536
69.126
69.212
69.3
69.385
69.449
69.491
69.671
69.538
56.408
54.727
56.852
56.515
73.063
73.061
73.015
73.043
61.182
61.303
61.436
61.599
73.496
73.499
73.534
73.366
73.356
73.373
61.422
60.321
55.018
52.704
52.015
51.325
43.714
43.648
47.348
51.049
51.175
51.575
51.975
56.797
59.235
57.414
58.434
59.262
59.511
59.717
59.819
59.969
60.013
59.912
55.605
55.934
56.206
58.71
59.587
71.748
71.802
71.896
71.843
71.64
71.516
71.517
71.47
71.524
71.586
71.63
71.673
71.714
71.797
71.948
72.019
60.095
60.255
72.302
72.704
72.994
72.635
79.7
79.665
79.579
79.601
79.551
79.633
72.628
72.491
72.464
56.246
56.205
56.319
55.672
44.073
45.159
44.708
62.384
61.025
73.308
73.333
73.403
73.393
73.166
73.151
73.223
73.303
73.544
80.816
81.011
74.181
74.434
74.547
74.682
74.828
74.863
74.864
74.848
74.876
74.783
74.722
74.685
74.56
74.55
74.468
74.426
74.579
63.202
48.808
49.011
49.996
50.981
52.538
54.096
50.97
52.531
54.091
51.883
52.051
53.792
53.935
54.886
55.836
55.458
56.292
56.597
55.344
55.479
56.45
55.407
55.141
56.174
55.533
55.332
56.397
54.304
53.708
51.608
52.476
54.354
51.694
51.259
51.909
52.559
51.331
52.584
53.837
51.402
53.243
55.084
56.114
56.236
55.113
49.041
50.439
55.875
55.437
56.286
55.762
55.642
56.343
55.911
55.471
56.451
55.933
55.416
48.711
50.217
47.563
48.887
56.578
56.05
56.1
56.093
56.086
56.132
56.17
56.05
