56.773
56.594
56.416
57.433
56.527
57.251
56.891
56.942
57.338
56.634
57.517
56.533
57.363
56.487
57.475
56.364
56.347
56.329
68.937
69.002
69.029
69.035
69.07
68.919
68.963
69.007
69.01
69.012
56.684
57.255
56.813
57.072
57.08
56.891
57.377
56.786
57.021
57.025
56.916
57.126
56.946
57.107
57.079
57.037
57.114
56.843
57.132
56.797
57.116
56.94
57.088
56.984
56.979
56.995
56.973
57.086
56.957
57.083
57.01
57.052
56.98
57.09
56.943
57.183
56.846
57.312
56.722
57.061
60.578
60.689
61.08
61.214
61.572
61.931
62.379
62.349
62.605
62.651
62.755
62.32
61.62
65.075
68.979
68.929
68.967
69.005
65.944
70.556
75.167
74.751
74.451
74.356
74.619
74.576
74.484
74.39
74.337
74.284
74.238
74.298
74.397
74.45
63.034
62.791
62.705
62.777
63.513
64.406
64.404
64.054
64.287
64.413
64.306
64.237
64.386
64.401
64.199
64.377
64.555
64.325
63.906
63.427
63.669
63.437
63.89
63.286
64.48
64.255
64.185
64.137
64.085
64.274
64.319
64.58
64.95
65.109
65.189
65.176
65.058
64.943
65.035
64.894
64.7
65.258
65.004
65.083
64.966
64.836
64.994
76.183
76.12
76.089
76.18
76.085
76.094
75.998
76.162
76.09
75.948
76.035
76.194
76.164
76.12
64.673
62.883
64.257
63.249
50.086
49.821
50.127
50.091
50.077
50.062
64.574
74.385
74.601
74.588
74.301
74.074
74.02
77.441
80.862
80.928
80.982
81.048
71.695
72.893
74.09
74.071
73.971
57.055
57.096
74.117
74.103
62.668
50.145
49.953
50.169
49.91
50.836
64.102
64.108
63.843
64.353
63.498
76.009
76.124
76.017
75.963
76.05
76.087
74.035
69.382
64.728
64.506
64.513
64.519
48.724
47.823
54.751
61.679
62.293
62.359
61.816
62.146
62.475
59.706
61.768
63.829
64.018
75.952
76.042
75.99
64.075
63.705
64.418
65.419
66.147
66.948
67.252
67.451
67.515
67.557
67.481
79.457
79.237
79.178
67.23
67.328
67.217
66.242
72.615
78.988
78.992
79.007
71.57
64.134
66.924
69.715
81.851
82.001
82.107
82.242
82.294
82.365
82.537
82.674
83.02
83.322
83.626
83.757
71.913
71.932
71.96
71.987
72.005
72.003
71.94
71.975
72.045
72.09
72.24
72.254
72.17
72.057
71.685
70.812
63.48
66.344
69.208
69.162
69.194
69.251
69.209
69.122
68.47
67.819
68.274
68.542
68.426
68.521
68.687
68.712
68.731
68.878
80.988
80.949
68.873
68.802
68.694
68.584
68.762
69.06
69.071
68.824
68.914
68.936
68.759
68.658
68.594
68.744
68.86
68.92
69.006
68.977
68.906
68.851
68.795
81.06
80.998
68.951
68.874
44.97
44.789
44.89
81.217
81.076
80.999
81.04
81.016
76.512
72.008
72.08
72.152
55.908
55.926
55.945
68.47
80.996
81.024
81.08
81.169
81.258
81.145
72.031
72.056
71.984
72.026
72.066
72.053
58.485
44.917
44.779
44.76
44.826
44.941
45.057
44.854
45.385
45.169
45.15
44.798
44.963
44.739
44.291
44.098
42.762
43.636
