66.187
58.598
57.756
58.057
58.358
59.864
58.958
59.473
59.514
59.822
60.582
61.083
61.548
61.469
61.534
61.368
61.154
60.999
61.405
61.137
58
57.926
57.487
58.084
58.012
58.176
66.055
65.937
66.06
65.915
65.945
65.975
50.876
50.917
51.172
51.155
51.007
50.859
48.919
50.003
51.086
51.387
51.329
51.195
51.193
75.146
62.932
50.718
50.542
50.924
51.166
76.061
76.296
76.686
65.097
64.814
64.786
64.933
60.387
55.841
55.77
55.891
63.104
62.863
74.667
74.558
74.522
74.714
74.802
74.816
75.017
75.165
63.487
63.338
62.969
62.864
62.95
68.926
57.136
59.968
62.799
63.048
63.287
63.231
75.095
74.979
74.805
74.678
74.608
74.505
74.502
74.628
74.718
74.756
74.728
74.618
74.295
65.016
55.736
55.979
56.019
80.039
79.97
55.919
55.641
55.756
67.773
67.747
49.602
58.675
67.748
67.619
67.511
67.278
48.824
47.415
55.815
56.355
55.382
56.719
56.633
56.548
55.289
55.142
56.108
55.649
55.42
56.21
56.129
56.159
55.775
62.737
62.841
62.854
55.968
55.632
55.77
56.184
55.88
55.918
56.164
56.196
55.729
56.043
56.182
55.821
55.917
56.177
55.831
55.917
56.339
55.813
55.641
56.24
55.975
55.6
56.075
56.248
55.42
56.019
56.255
55.388
55.943
56.357
55.898
55.462
56.307
56.245
55.213
61.076
61.003
73.044
72.985
61.053
55.606
55.89
55.839
56.025
56.149
56.13
55.886
55.871
55.765
56.026
55.99
56.188
56.014
56.105
56.047
55.984
56.11
55.828
55.233
55.412
55.561
56.301
52.293
53.862
55.431
55.529
55.627
55.844
52.542
54.224
55.905
55.727
55.784
63.741
63.547
63.585
63.316
62.828
57.015
51.817
46.619
46.285
45.417
45.872
73.185
72.856
79.788
79.819
79.735
72.64
72.546
72.448
72.879
73.226
73.312
73.399
73.269
44.923
46.375
45.842
45.636
44.509
47.161
45.506
45.985
45.751
54.086
52.573
57.4
58.061
57.982
57.834
58.14
58.192
57.682
53.563
54.655
55.747
54.113
57.883
64.974
64.967
70.438
70.267
63.746
57.226
55.232
53.757
54.237
81.919
81.933
81.932
72.941
72.993
69.887
53.649
52.71
51.822
54.419
60.512
60.844
52.672
52.764
53
53.191
52.378
51.564
63.658
64.317
64.596
64.865
64.849
64.886
64.917
64.877
64.701
64.848
64.896
64.24
64.369
64.499
76.852
76.88
76.842
76.493
76.594
76.693
76.569
76.605
76.739
76.657
76.321
76.548
76.33
76.47
76.843
77.842
77.945
78.026
78.07
78.085
77.294
77.287
76.988
76.87
76.737
76.668
76.841
77.298
77.829
78.16
78.373
78.227
78.115
78.023
77.826
76.401
74.975
74.981
74.987
78.133
81.278
81.66
81.603
81.582
81.515
62.599
62.583
62.518
74.748
74.772
62.796
62.784
55.221
51.076
50.925
50.807
50.631
50.536
79.373
79.28
79.184
79.162
79.229
79.341
79.481
76.126
72.772
72.878
72.993
73.071
64.381
55.69
55.697
55.839
55.823
68.032
73.203
73.356
72.713
72.681
73.05
73.417
73.908
74.511
62.811
63.048
63.294
63.297
63.372
63.367
63.318
63.033
62.818
62.751
62.683
81.942
81.951
74.898
74.672
74.451
74.338
74.41
74.2
74.264
74.239
74.414
74.555
74.689
74.502
73.921
55.584
55.597
55.61
58.9
59.347
64.579
69.81
69.081
69.716
69.925
70.241
70.523
70.542
70.89
71.161
71.023
71.241
56.022
55.366
56.17
55.325
56.157
56.4
55.66
70.952
70.258
69.931
76.871
76.846
76.746
76.542
81.903
81.942
81.957
81.972
55.889
55.494
57.354
55.079
55.956
55.78
55.399
56.448
56.132
55.437
56.121
56.356
55.357
56.36
56.416
55.67
55.549
56.426
55.899
55.053
79.995
79.991
79.945
79.965
79.982
80.003
80.024
79.992
79.989
79.942
79.961
80.003
67.051
73.521
79.99
79.961
70.296
70.729
69.779
69.247
69.187
62.585
55.984
55.172
62.846
63.979
66.086
67.192
79.728
80.058
80.16
80.092
79.946
79.725
79.536
79.406
67.15
66.796
52.537
53.465
54.171
55.989
55.026
54.9
58.311
61.723
74.433
74.924
75.167
74.893
74.815
75.341
76.076
76.658
77.141
77.351
77.084
76.797
76.561
64.965
46.437
45.743
44.916
46.248
60.812
73.573
74.437
74.653
74.642
74.729
74.805
74.815
74.719
74.74
74.77
74.852
74.887
74.957
74.962
74.7
74.123
73.257
72.124
71.834
72.023
72.492
72.71
72.858
72.782
72.608
72.484
72.094
72.396
72.548
73.055
73.445
73.496
73.175
72.835
53.989
53.454
60.684
72.872
73.051
73.119
73.085
60.709
54.65
55.699
53.638
54.195
72.899
73.104
67.148
61.191
61.239
53.986
51.176
51.692
56.371
55.238
55.587
56.328
55.908
55.488
54.729
55.951
54.995
53.402
51.808
49.727
47.682
