47.776
50.054
52.333
51.427
54.735
54.26
52.963
53.384
54.287
54.291
53.717
53.135
53.668
54.34
54.237
52.894
52.873
57.233
61.592
62.475
53.376
54.478
54.049
53.465
53.701
53.779
53.743
53.706
53.085
50.195
51.678
52.905
54.132
53.962
53.791
54.16
56.728
70.648
70.232
77.534
77.768
78.002
78.565
72.254
72.693
73.125
61.974
52.059
52.373
51.918
72.02
71.829
70.924
70.687
70.487
70.535
70.628
70.776
70.82
61.15
51.48
45.758
48.862
51.965
57.026
68.931
68.931
68.988
56.98
51.716
51.402
56.983
57.147
60.989
56.138
51.288
51.95
52.18
69.988
76.663
76.091
80.92
80.75
80.691
80.732
80.736
75.958
76.261
76.448
76.661
76.612
76.391
69.143
69.005
68.866
68.872
69.017
51.471
52.24
52.115
51.894
52.581
52.52
52.459
44.692
44.276
48.07
47.822
47.574
56.939
56.988
45.162
44.978
45.039
57.03
57.032
48.299
43.501
45.098
44.395
45.57
46.745
44.359
43.783
45.475
44.729
44.872
44.797
43.957
56.673
56.948
59.306
61.663
62.198
57.079
45.121
44.4
45.501
53.284
52.904
52.979
53.047
52.993
44.95
44.247
47.162
46.21
45.257
44.312
50.715
51.65
52.393
53.135
66.326
66.327
66.303
66.238
53.525
53.738
53.951
54.714
53.552
45.338
45.061
45.525
55.885
57.013
76.455
76.508
76.422
76.205
69.187
69.272
69.321
69.296
56.796
56.551
46.519
48.042
45.363
44.11
46.305
45.115
43.886
45.452
47.017
45.781
45.867
64.953
65.079
62.121
50.53
52.714
54.898
58.966
59.625
79.142
79.226
78.957
78.763
78.464
78.552
79.068
79.806
80.443
80.785
73.968
73.951
73.938
73.925
74.119
74.237
74.327
62.364
61.652
61.135
50.208
50.239
53.355
48.376
60.816
73.255
73.119
72.676
72.78
72.772
72.868
72.99
73.072
73.065
72.975
72.91
72.807
60.372
59.513
58.653
59.549
58.755
59.23
58.616
58.74
58.865
58.887
58.909
59.137
62.156
53.398
44.64
45.336
46.277
56.052
57.534
70.414
83.295
83.855
83.633
83.339
78.28
78.335
65.037
51.739
65.772
79.805
80.255
80.361
80.364
80.204
80.228
80.23
80.29
80.272
80.216
80.229
80.207
80.121
80.083
80.081
72.981
72.932
72.894
60.736
44.717
45.392
45.027
70.987
70.962
70.976
70.951
62.145
53.34
45.271
44.075
45.889
46.051
46.212
43.73
45.487
45.021
45.181
45.101
44.828
