72.847
61.083
60.436
60.98
60.431
60.903
61.167
49.405
50.391
51.378
45.059
46.764
46.166
46.297
46.428
45.98
45.783
45.803
46.174
45.866
46.05
45.411
44.773
51.017
51.043
50.898
50.648
50.996
51.065
50.915
51.051
50.686
51.216
50.852
53.246
55.64
56.748
55.358
57.244
58.326
57.703
57.462
57.22
57.224
57.227
48.721
49.471
56.206
59.175
57.443
45.8
46.117
45.912
46.045
45.811
46.154
45.953
45.962
45.959
46.039
45.985
45.547
44.346
43.145
45.098
56.672
57.632
51.215
44.798
44.406
44.105
43.775
43.697
43.416
43.232
46.888
48.555
49.551
50.547
59.889
60.135
59.611
57.969
56.327
55.973
56.102
55.946
56.095
55.991
56.113
56.053
56.173
56.146
56.107
56.021
55.938
55.856
56.064
56.064
56.02
55.947
56.109
59.725
58.941
57.734
44.175
45.245
60.275
58.93
58.008
57.086
41.998
42.244
42.878
43.512
46.333
46.021
45.71
46.59
47.471
48.457
52.334
56.21
67.125
67.492
59.345
56.504
40.692
39.076
44.185
44.436
44.686
45.699
46.712
48.318
47.346
46.374
47.055
47.736
59.818
59.935
59.821
59.832
50.429
50.134
49.839
69.96
69.253
69.207
69.151
69.089
68.739
56.841
56.719
56.752
58.337
59.009
59.349
71.803
71.339
71.374
71.397
71.231
59.66
59.505
59.524
59.396
59.196
58.822
58.887
59.466
58.508
60.125
60.694
61.423
61.37
73.692
73.611
73.385
73.347
73.247
73.167
73.085
73.02
72.854
66.653
69.728
72.803
72.758
72.719
50.755
61.761
54.184
57.177
60.17
60.598
60.912
60.735
60.558
61.034
60.586
60.972
61.486
73.784
73.866
74.233
74.501
74.71
62.409
47.001
46.364
59.813
58.711
60.666
60.403
60.304
66.49
72.675
72.798
72.795
72.745
60.462
58.359
57.488
58.916
49.545
46.212
48.179
73.548
73.194
79.972
79.924
80.156
73.249
73.16
61.235
61.3
61.477
54.857
64.577
74.296
74.276
74.301
74.335
74.492
74.663
74.772
74.837
74.791
74.636
74.489
74.433
74.506
74.44
74.604
74.715
74.834
62.769
62.69
56.432
50.174
49.893
49.959
49.942
49.938
49.112
58.259
57.926
58.554
57.686
51.053
50.7
51.068
50.894
50.835
51.243
50.669
51.087
50.842
48.79
50.265
56.549
53.646
55.345
57.044
56.759
56.474
56.133
49.839
49.667
49.209
49.161
49.091
49.342
48.815
60.783
72.751
73.689
74.037
74.229
74.316
74.35
74.469
61.833
44.097
44.095
44.211
74.802
74.73
74.591
74.474
74.423
74.428
74.401
74.376
74.239
73.934
43.183
43.46
43.246
59.232
58.364
60.461
60.711
60.717
72.869
72.958
72.92
72.875
72.971
60.745
60.245
59.927
58.74
49.087
49.778
50.47
74.172
73.93
73.943
74.127
74.23
74.369
74.577
74.694
74.645
74.534
74.431
74.3
74.103
74.06
74.19
74.286
74.273
73.964
72.755
54.093
53.877
54.017
53.84
53.215
54.236
57.101
59.966
72.102
66.29
69.325
64.728
60.132
59.275
59.117
58.528
58.696
57.544
58.39
58.193
57.997
58.242
76.734
76.712
76.82
57.462
44.102
44.081
44.097
44.095
43.901
44.049
43.836
57.804
58.245
58.104
58.371
58.631
58.247
58.119
58.786
59.293
59.831
60.572
61.097
61.217
61.192
61.117
61.042
61.176
61.258
61.253
61.353
61.146
61.301
60.766
59.677
59.67
59.019
58.568
57.968
70.454
69.688
76.704
76.771
81.681
81.748
81.774
81.734
81.686
81.645
81.473
81.212
80.825
59.605
57.078
56.591
79.897
79.918
79.779
79.641
79.61
79.475
67.372
67.51
67.621
67.675
50.095
47.412
46.61
74.866
74.83
64.449
54.069
60.856
58.083
55.309
55.151
54.993
45.634
46.061
46.543
47.024
50.664
50.472
50.28
50.56
51.247
51.163
51.275
50.937
51.174
51.106
51.2
51.091
59.523
54.332
49.14
49.164
48.95
49.013
48.957
48.916
49.046
48.882
49.133
48.668
48.952
59.341
58.399
58.566
44.531
43.059
43.829
43.152
43.609
43.233
43.547
43.766
43.662
43.604
43.903
45.219
46.536
48.674
47.901
47.127
45.964
46.744
45.916
46.064
46.205
45.787
45.993
45.844
46.42
48.316
44.121
44.748
46.054
46.832
45.739
46.599
45.531
45.802
45.995
45.818
45.933
45.945
46.332
50.826
47.568
44.31
44.056
44.084
43.891
44.332
44.772
44.74
44.837
45.014
44.952
45.038
59.599
57.724
58.326
