55.825
53.781
55.549
55.21
55.102
54.993
54.809
75.802
75.853
54.749
54.841
54.752
54.662
54.835
54.733
54.791
54.833
54.784
54.695
54.886
54.807
54.803
54.799
54.853
54.8
54.746
54.811
51.276
59.007
56.472
53.937
53.887
53.673
53.802
54.146
54.245
54.252
62.588
62.779
63.189
75.474
75.805
75.913
75.369
64.647
53.925
54.183
54.383
48.134
48.074
73.499
80.17
80.152
80.286
80.464
80.546
73.606
54.641
60.673
54.528
48.382
47.498
48.324
47.871
47.535
63.422
63.647
63.524
63.272
63.208
63.15
63.091
63.152
63.166
63.321
63.375
63.406
63.428
63.385
63.271
63.204
63.241
63.268
62.767
63.74
61.767
59.794
53.942
54.398
63.16
63.245
63.538
63.711
63.791
75.605
75.329
75.205
75.205
64.687
54.17
54.404
47.158
48.327
78.028
77.957
78.104
78.137
78.196
78.241
78.286
78.286
78.248
78.077
77.802
71.641
74.473
77.305
77.195
77.03
77.063
77.11
77.158
77.261
77.372
77.347
46.811
46.74
46.763
46.722
46.743
75.182
75.069
75.046
74.928
74.882
75.069
75.254
73.006
70.758
46.768
46.761
46.665
46.784
60.732
61.382
61.457
61.685
61.676
61.703
61.73
51.039
56.358
50.885
45.412
45.715
62.124
62.701
63.232
63.397
75.364
75.294
75.206
75.059
74.935
69.079
63.224
52.853
51.668
52.575
61.361
61.221
62.247
61.889
61.959
62.087
61.921
61.748
62.059
61.77
60.642
60.107
56.412
57.181
57.95
57.995
58.259
58.288
58.283
58.278
58.367
58.457
59.586
58.983
58.379
58.546
58.069
58.045
58.273
57.756
58.296
58.13
57.937
58.152
58.435
58.276
58.831
70.686
70.823
58.857
58.788
58.702
58.222
58.085
57.977
73.793
73.764
58.704
54.834
65.348
56.701
48.054
47.34
48.029
47.971
47.786
47.691
47.728
47.774
47.896
47.707
47.657
47.67
59.128
73.752
73.753
75.715
75.764
75.783
54.619
54.722
54.719
54.639
54.754
54.436
54.118
53.703
63.18
58.618
54.057
54.089
62.364
62.734
62.89
63.009
63.141
63.564
63.794
53.694
58.017
62.339
61.986
61.625
61.182
72.85
72.728
72.455
72.792
73.021
73.363
73.532
54.425
51.015
47.605
48.288
47.961
61.361
61.431
61.752
61.995
61.944
61.898
61.852
55.8
54.266
52.732
62.024
62.788
63.458
63.88
64.023
64.034
64.027
64.035
64.001
63.93
63.855
63.915
63.95
63.986
62.57
62.001
61.933
62.651
63.37
63.797
63.761
63.678
63.742
63.748
63.69
50.555
52.367
54.179
54.376
54.153
75.791
77.804
77.512
77.499
77.577
77.744
78.02
78.289
78.598
78.801
78.839
78.592
78.054
77.501
77.109
76.827
76.358
75.9
75.798
75.801
76.024
76.352
76.771
77.226
77.48
77.757
77.776
77.744
77.724
77.677
77.685
77.733
77.765
77.767
77.818
77.97
66.167
64.972
67.031
69.09
68.931
68.734
68.677
61.772
62.335
62.835
62.749
62.925
62.72
47.301
47.891
63.825
63.79
63.735
63.964
64.368
64.258
64.468
64.424
64.33
64.314
64.086
63.722
62.8
61.878
61.362
61.111
61.271
61.527
61.726
61.746
61.587
61.156
60.789
61.578
53.856
51.608
49.36
50.152
49.607
49.956
49.558
48.506
47.095
52.167
51.832
51.634
51.981
51.515
64.76
64.021
66.755
58.647
61.367
56.655
51.944
50.499
49.055
49.983
49.551
49.617
49.772
48.479
59.098
