55.748
56.365
56.035
55.705
56.381
50.265
50.25
50.189
50.128
51.98
51.267
50.554
52.341
49.488
50.997
53.513
53.58
54.082
54.585
52.922
51.259
51.512
51.765
50.733
51.229
51.724
50.431
51.545
52.659
48.637
48.993
50.332
48.679
48.8
50.551
57.652
54.581
57.703
60.825
60.933
60.872
60.812
61.063
60.975
61.141
61.091
60.475
60.797
61.12
60.684
58.458
56.232
55.774
55.748
55.556
55.968
55.799
55.781
56.098
55.929
56.032
55.934
56.084
56.105
56.236
55.595
52.859
54.105
66.004
65.978
66.051
54.939
56.696
55.082
55.058
55.035
74.751
74.781
74.85
67.697
55.169
55.427
53.242
53.799
53.686
56.361
58.119
57.777
57.872
58.019
57.376
53.959
53.387
54.048
53.838
53.978
53.457
54.071
53.59
53.896
53.779
53.963
54.516
54.434
54.636
54.839
73.027
73.061
73.041
73.019
54.433
54.698
55.828
67.531
68.057
68.324
68.543
68.869
69.059
69.395
69.422
57.348
56.104
54.972
56.833
57.212
57.592
57.051
61.6
73.404
73.413
73.63
73.94
73.72
73.839
73.545
73.422
73.347
73.24
72.9
57.202
57.822
54.794
57.496
50.833
55.392
59.951
70.815
70.877
70.673
70.543
57.737
58.332
58.977
59.621
59.97
60.348
60.373
59.74
58.415
54.485
55.07
55.654
55.845
55.773
61.352
72.447
71.903
71.783
78.896
78.911
78.925
78.924
60.185
60.224
60.261
59.71
59.479
59.249
57.151
44.169
43.627
43.387
44.188
56.038
62.431
73.41
79.887
79.736
79.763
79.857
76.381
72.906
72.886
72.881
61.164
60.82
43.978
44.028
44.293
43.56
51.139
50.971
51.137
51.303
61.973
62.367
74.26
74.203
74.153
74.184
74.455
74.805
75.069
75.251
75.262
75.129
74.727
62.148
53.785
52.889
57.108
55.162
53.515
68.61
68.514
68.351
68.556
55.039
55.449
68.668
68.601
68.653
56.603
55.513
55.49
52.402
52.783
52.873
52.961
56.585
55.463
55.665
56.514
55.446
54.933
56.14
56.21
55.001
55.766
55.527
55.288
55.118
56.852
53.698
54.155
52.385
53.199
52.737
52.85
52.583
53.718
53.013
52.773
52.998
53.41
64.989
64.883
64.758
64.794
64.543
52.965
52.668
52.874
52.855
52.951
53.118
52.735
53.099
52.668
52.558
52.463
52.367
52.419
53.483
53.009
52.314
52.047
51.78
52.04
52.301
62.677
62.447
62.668
63.046
43.099
44.881
45.346
46.117
46.155
45.718
45.574
46.9
45.534
45.668
45.863
46.031
46.2
45.406
46.397
46.107
45.817
45.943
45.965
45.986
46.2
45.814
64.989
65.053
45.648
46.025
45.868
45.71
45.586
46.363
46.393
45.833
45.722
45.976
46.313
45.884
