52.821
70.994
69.722
81.703
81.626
81.702
81.695
81.818
81.851
81.897
81.893
81.831
69.816
69.767
81.704
81.551
69.581
69.386
69.703
70.017
70.128
82.072
82.045
82.034
81.996
81.987
82.055
82.115
82.175
82.183
82.191
82.155
82.02
81.885
81.923
81.957
81.991
58.663
57.403
57.646
57.747
57.258
57.373
57.716
57.531
57.318
58.317
57.912
58.36
58.018
58.051
58.153
58.108
58.213
58.152
58.564
58.209
58.17
58.028
58.369
58.031
58.492
58.591
58.691
81.988
81.969
81.909
57.952
58.178
81.143
81.637
81.956
82.174
82.051
82.059
82.053
70.077
70.285
70.319
69.943
53.093
53.368
53.046
53.197
53.058
53.081
53.19
68.656
80.73
80.968
81.114
81.187
81.223
81.299
81.247
81.095
57.232
57.309
57.18
56.713
57.29
56.852
57.542
56.656
67.784
68.349
68.626
68.906
68.968
69.109
68.947
68.966
68.817
68.783
74.876
63.601
52.327
51.316
68.921
81.035
80.901
80.781
80.702
74.727
77.695
80.662
80.682
68.633
68.94
57.163
53.814
50.466
53.343
48.751
44.159
43.987
43.559
81.157
80.704
80.394
80.265
80.281
53.103
52.63
53.469
53.403
53.336
68.709
68.742
68.735
68.341
68.489
68.307
60.949
64.931
68.913
69.335
69.812
70.123
55.348
55.073
55.047
70.195
70.265
55.003
55.916
81.957
81.753
75.547
69.342
55.291
55.481
54.696
55.258
55.927
53.841
54.161
54.482
56.299
54.588
54.856
56.373
54.622
80.916
80.726
80.545
80.682
80.564
80.63
80.526
80.759
80.738
80.626
80.815
80.831
80.845
80.855
80.913
75.049
69.185
68.178
67.171
66.217
65.577
65.758
77.696
77.551
77.587
54.905
55.123
55.06
55.036
54.886
55.223
54.747
55.431
55.024
54.821
55.222
55.05
55.281
54.898
55.373
55.157
79.058
78.549
72.45
66.352
66.306
66.261
57.943
58.027
57.997
57.967
58.002
57.844
58.224
58.306
57.975
57.87
58.176
58.617
58.127
57.784
58.033
63.309
63.276
57.843
58.004
62.963
62.906
62.759
58.149
58.018
57.937
57.821
58.341
58.254
57.414
57.844
58.274
58.384
57.756
57.885
58.238
57.981
58.183
58.023
57.864
58.169
58.262
63.061
63.102
63.046
51.161
50.967
51.003
51.04
51.538
50.876
50.702
50.967
51.206
51.271
50.93
50.894
51.075
51.052
51.084
50.98
51.127
51.274
51.237
51.201
50.801
50.999
67.037
69.999
70.032
66.936
66.98
67.02
67.025
69.884
69.957
69.975
70.001
69.988
69.963
69.924
69.887
69.866
58.201
58.076
57.704
57.931
58.301
58.069
57.746
57.949
