51.891
51.836
52.022
52.032
60.061
78.853
78.491
78.518
78.796
78.895
78.829
78.797
59.773
60.091
59.852
59.686
59.873
60.718
60.694
61.417
61.712
61.696
61.629
61.619
61.755
61.86
61.685
61.83
61.974
61.552
46.873
46.999
47.162
46.949
46.873
47.016
62.549
62.571
62.464
74.366
74.252
74.314
74.431
74.484
74.541
74.748
75.024
75.301
75.634
76.074
76.456
76.607
76.571
76.507
76.392
76.293
76.213
76.151
76.211
76.257
76.297
76.294
76.349
64.331
64.308
64.278
64.268
64.283
64.257
64.166
64.092
64.128
64.144
59.961
55.778
56.332
56.031
55.731
56.018
56.357
56.241
64.393
75.872
75.89
75.895
75.952
75.92
63.959
64.175
64.088
64.001
65.205
64.684
65.761
65.907
65.958
65.846
65.937
65.954
65.914
58.259
58.098
57.988
57.916
57.711
57.286
57.173
57.06
49.199
48.893
49.093
49.078
48.844
49.216
48.996
48.867
49.023
48.726
50.718
50.019
49.321
49.246
49.233
49.308
49.461
49.373
49.478
49.674
53.949
52.728
53.108
54.139
53.826
53.874
54.623
54.534
54.445
53.996
53.921
53.748
53.918
53.951
53.83
53.929
53.717
53.957
54.049
62.423
62.71
63.393
63.727
64.369
64.136
64.232
64.007
59.178
59.3
58.862
58.352
59.256
59.148
59.45
59.137
73.392
72.994
73.055
73.125
73.322
73.582
73.869
74.072
74.27
74.266
74.266
74.15
74.002
73.961
73.978
73.964
73.982
73.958
74.174
74.386
74.358
61.518
45.879
47.142
46.638
47.357
72.992
72.525
72.022
72.088
72.204
72.28
72.367
72.734
60.98
60.732
47.054
46.841
46.953
47.248
47.046
47.1
46.649
46.856
47.102
55.903
56.738
56.915
56.683
57.034
57.981
55.79
53.6
49.359
49.062
49.318
53.509
53.19
70.721
70.488
70.511
70.599
70.686
70.7
58.983
58.729
59.232
46.243
43.896
45.632
47.797
47.334
44.482
51.131
49.645
48.16
47.872
46.996
35.846
43.179
50.512
50.469
51.384
52.299
52.044
51.893
55.641
59.389
60.149
72.69
73.077
73.129
73.048
73.092
61.189
46.852
45.924
60.115
60.136
47.774
47.259
43.927
52.305
60.684
61.115
61.549
61.635
61.62
61.618
61.598
61.139
59.643
58.147
46.486
46.855
47.116
46.889
46.915
47.095
46.794
47.055
46.795
59.008
59.116
59.254
59.53
59.549
60.042
60.544
60.691
61.002
60.893
60.869
60.617
60.546
60.322
60.032
59.483
59.198
59.016
58.749
58.471
58.194
58.329
57.942
57.637
57.406
44.859
44.968
44.981
44.542
44.945
44.409
43.873
44.673
45.08
45.391
46.469
47.547
45.344
48.512
51.679
52.099
51.931
51.984
52.039
52.024
51.897
51.865
51.879
51.925
