46.149
46.576
46.227
53.045
52.945
53.1
53.05
53.198
52.958
53.054
53.102
58.034
58.409
58.972
60.979
61.056
80.209
80.223
80.082
54.883
54.861
54.838
43.203
43.072
74.754
75.152
75.247
62.856
62.019
47.077
48.026
60.216
59.979
67.004
74.03
73.958
74.011
73.367
72.911
72.638
72.452
72.266
72.296
72.541
73.026
73.252
73.708
74.001
74.03
74.03
73.997
74.03
61.565
60.974
60.383
73.919
73.961
73.97
68.114
62.258
62.222
62.189
62.431
62.323
61.957
62.179
62.295
61.769
61.979
61.142
73.581
72.436
79.531
79.264
79.231
84.277
84.248
84.197
84.104
79.137
79.168
79.224
79.267
79.202
72.117
71.947
71.638
59.032
57.999
57.942
57.886
58.92
58.933
58.946
58.538
58.13
58.074
57.578
58.425
58.701
58.976
60.65
62.324
63.9
65.476
66.458
66.896
67.042
67.31
67.395
67.466
67.713
67.702
67.478
67.468
67.529
67.45
67.329
67.259
67.217
67.176
67.185
67.358
67.712
68.111
68.693
69.07
69.344
69.464
69.432
69.296
69.02
68.35
57.246
57.431
57.086
56.958
56.941
56.998
57.081
65.658
65.756
66.073
66.451
66.568
66.611
66.589
66.648
66.821
66.99
67.152
67.299
67.384
67.441
67.352
67.16
66.803
66.319
66.073
65.58
65.48
65.262
65.229
65.133
65.158
65.286
65.297
65.261
65.241
65.526
65.589
65.586
69.097
69.068
60.184
60.238
60.134
59.91
59.819
59.962
60.234
60.308
60.111
59.995
59.635
59.754
60.25
60.347
60.127
59.7
59.432
59.679
60.22
60.253
60.355
60.231
58.149
58.453
57.194
56.667
56.778
57.129
57.384
57.616
57.521
56.73
56.713
56.695
68.642
68.832
68.991
69.239
69.589
73.157
76.724
76.774
76.933
77.047
77.091
77.136
50.334
49.982
50.146
57.798
57.68
59.279
58.218
71.613
71.741
59.295
60.161
59.167
58.173
56.822
57.689
58.022
56.889
57.018
56.87
56.649
56.429
72.561
71.922
78.938
78.927
78.898
79.11
79.285
79.524
79.64
79.778
79.819
79.774
79.77
79.704
79.726
79.76
79.704
51.934
51.673
51.085
50.513
50.967
51.468
79.59
79.163
78.976
78.9
75.36
71.82
71.854
71.889
72.027
71.969
57.86
58.195
58.402
70.317
70.554
70.057
69.825
69.743
69.699
69.807
58.113
58.18
57.845
58.192
57.231
56.269
55.105
54.156
54.576
55.782
55.562
54.792
53.693
57.725
58.345
58.917
59.16
59.402
59.493
59.584
59.819
60.456
59.443
60.725
53.505
49.201
54.179
59.158
58.689
58.117
46.329
45.532
45.782
46.403
46.537
46.116
45.678
49.765
53.852
71.984
71.975
71.975
71.954
71.965
71.935
53.579
45.968
46.103
46.263
46.134
46.098
70.004
70.025
69.968
69.903
69.95
69.968
69.992
69.893
69.944
49.328
50.741
51.214
51.688
57.83
58.134
58.311
57.86
57.946
58.141
58.277
58.227
57.733
57.921
58.321
58.232
57.792
58.028
58.321
58.017
58.041
70.171
71.018
71.204
71.39
71.309
71.418
71.528
59.503
59.557
72.007
72.082
72.073
72.043
71.808
59.934
60.279
72.631
72.345
78.978
78.855
78.796
78.668
78.602
78.47
78.4
78.362
78.507
78.819
79.187
72.448
60.654
60.395
72.375
72.419
60.272
51.451
50.763
51.262
50.998
51.061
72.239
71.854
71.787
71.776
65.938
60.101
60.243
51.191
50.896
58.535
58.397
57.94
58.233
58.128
58.079
58.109
57.993
70.243
70.228
70.178
70.195
70.234
58.283
57.731
57.928
70.058
70.023
70.043
53.929
54.081
53.083
46.688
48.417
51.581
51.005
51.029
59.253
59.831
60.044
60.187
59.958
60.459
59.484
59.814
60.144
59.655
60.182
59.75
59.986
60.495
59.788
60.171
60.254
60.123
60.007
60.183
60.149
59.953
60.196
60.126
60.076
60.045
60.101
60.309
59.841
60.274
51.718
48.935
46.151
46.122
46.204
46.287
45.899
45.815
46.114
46.117
46.12
60.384
68.27
67.347
67.086
68.519
69.951
66.806
67.193
66.958
57.231
58.782
64.281
65.961
67.64
67.117
66.715
66.714
66.713
66.822
66.931
48.579
47.706
54.491
53.677
48.426
44.289
46.144
53.992
53.597
46.432
45.892
53.534
54.057
