64.704
64.762
64.815
64.699
72.186
79.672
79.985
80.298
80.406
80.425
80.423
80.426
80.292
79.959
79.885
79.687
79.433
79.232
79.077
62.097
62.57
62.366
60.644
61.176
61.219
61.255
61.882
65.105
65.039
65.226
47.401
47.587
53.059
58.531
57.792
58.092
57.818
57.544
57.695
60.665
60.111
59.557
72.978
72.759
58.732
56.467
64.632
72.797
72.864
72.475
72.334
60.686
60.294
59.705
59.98
59.475
59.365
59.105
59.733
59.676
71.444
71.678
58.547
56.438
56.165
56.286
76.869
76.527
81.012
80.633
80.587
62.586
62.667
54.263
57.944
61.625
72.893
72.998
72.719
67.672
68.15
68.627
69.935
71.243
58.851
57.563
58.045
57.074
56.103
59.512
60.073
46.065
61.006
75.947
82.623
82.514
82.477
82.47
82.463
82.924
83.386
84.01
84.325
84.576
84.522
84.469
84.26
77.131
77.132
77.008
76.953
77.022
83.966
84.119
84.188
84.257
84.104
76.975
77.187
77.023
77.112
65.371
62.44
62.419
64.544
63.195
61.846
53.21
60.434
62.639
64.844
64.205
63.901
63.898
63.667
59.18
57.715
63.982
64.71
65.656
65.553
65.887
65.683
65.637
65.556
65.257
65.131
65.151
64.915
64.997
64.794
64.548
64.083
62.555
61.21
60.996
73.142
79.497
79.452
79.491
79.722
80.002
80.044
80.169
80.366
80.215
80.149
80.025
79.973
79.858
79.953
79.952
79.776
79.899
79.977
80.054
80.025
79.932
79.876
79.739
72.939
70.018
69.689
70.049
69.944
45.378
43.494
58.03
58.138
57.744
53.484
55.047
56.611
49.303
49.475
48.721
48.946
49.148
48.975
49.857
49.08
48.302
49.482
49.017
49.015
49.081
64.761
64.852
64.64
64.274
47.084
46.454
46.374
50.803
55.232
54.949
54.833
47.889
46.782
54.754
56.434
58.114
57.939
57.952
58.291
62.487
62.638
57.406
56.494
57.063
58.971
60.878
60.808
60.737
62.068
61.832
61.87
62.464
62.258
62.052
63.078
64.104
64.8
64.819
64.837
70.71
76.654
76.412
76.033
76.104
76.243
76.309
76.61
76.773
69.742
69.666
69.682
69.662
69.892
70.313
70.365
77.045
76.97
76.771
77.013
77.248
77.519
77.99
78.329
78.413
78.227
78.201
78.292
78.311
78.402
78.401
78.388
78.42
78.452
78.352
71.27
71.574
64.048
56.523
47.422
60.688
73.954
73.919
80.616
80.405
80.539
80.979
81.429
81.786
81.931
74.908
74.963
74.692
74.181
73.369
72.558
79.348
79.562
80.043
80.529
81.45
81.913
76.878
76.979
79.839
81.232
81.294
80.525
79.67
79.042
78.804
78.681
78.864
79.018
78.975
79.168
79.438
79.728
80.058
80.19
80.195
80.252
80.16
80.028
80.111
79.981
80.216
80.038
80.042
80.131
80.042
80.076
80.084
80.046
80.02
80.004
80.081
80.044
80.008
80.035
80.123
80.118
80.1
80.047
79.995
79.978
80.079
80.092
79.926
79.937
80.079
80.185
80.05
79.993
79.996
79.943
79.915
79.892
79.87
79.985
79.94
79.917
79.965
79.882
79.989
79.961
79.933
79.903
79.908
79.898
79.937
80.011
72.887
73.049
80.204
80.245
61.726
61.441
45.925
46.56
79.899
79.993
77.509
75.025
75.072
75.014
60.925
55.774
50.623
46.893
46.726
46.359
46.056
45.753
44.563
44.479
44.315
44.493
44.671
43.571
44.28
44.989
44.982
44.691
44.4
46.395
55.816
47.729
50.328
52.927
50.076
61.675
58.195
54.715
53.682
52.768
49.095
52.41
52.329
52.247
44.825
44.549
45.485
46.421
45.612
45.93
46.247
48.499
46.618
