60.485
60.912
59.054
60.223
61.392
61.188
61.487
61.785
58.09
56.055
57.274
57.643
57.961
58.586
63.349
68.113
68.035
68.107
54.101
53.996
53.813
54.022
53.928
53.833
54.1
54.052
54.035
54.095
54.236
52.883
55.726
72.908
72.942
68.065
53.969
54.055
53.921
60.109
62.254
63.001
62.85
62.873
62.796
62.848
63.054
62.957
63.026
63.179
63.153
63.174
63.219
63.264
63.255
63.061
54.344
47.695
54.871
62.046
60.654
61.13
59.606
59.472
60.844
58.874
60.347
60.844
61.163
61.199
61.395
61.384
61.269
60.162
60.396
61.235
60.941
61.271
61.13
60.681
61.583
61.34
60.789
61.03
49.464
48.492
60.286
60.399
60.495
60.732
61.138
61.117
60.908
61.183
60.885
63.893
64.007
63.964
64.04
64.166
48.902
49.108
48.963
49.021
49.229
63.962
63.862
63.897
63.931
63.876
63.861
69.013
74.165
74.141
80.967
81.105
81.178
81.288
81.376
81.587
81.783
81.806
81.73
81.704
81.739
81.699
81.63
74.37
74.187
73.893
73.443
73.088
72.882
68.282
63.682
62.922
56.444
58.489
60.535
60.509
60.483
66.671
72.859
72.89
72.628
72.714
79.834
79.789
79.833
79.878
79.99
79.956
79.966
79.962
80.037
80.035
80.009
79.984
79.947
80.022
79.978
79.857
79.93
79.897
79.858
79.679
71.941
64.203
63.997
63.823
63.996
64.071
64.108
63.924
63.768
63.908
64.101
64.333
63.959
63.829
63.88
64.049
63.995
64.087
64.125
67.601
65.892
64.183
54.617
54.558
54.902
68.663
79.918
80.606
61.912
61.919
62.321
62.307
62.581
62.612
62.71
62.62
62.851
62.392
62.699
58.459
61.239
64.019
64.006
64.132
63.955
68.315
72.675
79.798
79.895
79.833
79.794
79.852
79.861
79.941
80.001
80.021
80.045
79.993
79.856
49.88
49.199
47.998
46.797
47.919
49.041
49.455
49.87
49.133
48.397
72.837
74.727
77.598
80.47
80.2
80.302
80.438
80.727
80.91
81.248
81.541
81.852
82.091
82.177
82.078
81.97
81.806
81.589
81.152
80.318
79.209
77.977
77.051
77.183
77.619
74.346
71.073
71.022
70.856
76.605
82.354
81.923
78.076
74.823
74.94
82.002
81.744
83.129
83.552
83.644
83.473
83.367
83.184
83.088
82.949
82.925
82.961
82.912
83.108
78.215
78.355
78.544
78.655
78.586
78.546
78.329
78.05
77.815
77.724
77.859
77.854
78.074
78.243
78.244
78.269
78.246
78.115
78.04
78.111
78.118
78.07
78.099
78.115
78.075
77.985
77.936
78.01
78.048
78.004
78.213
78.174
78.215
78.27
78.339
78.409
78.4
78.296
78.193
78.065
78.085
78.072
78.18
78.241
78.267
78.236
78.327
78.293
78.138
78.147
78.055
77.967
78.012
77.99
77.928
77.968
77.995
43.322
43.081
78.091
78.046
78.046
78.061
77.87
77.934
77.977
78.187
78.284
78.227
78.153
78.139
78.003
77.908
77.952
78.141
78.295
78.457
78.596
78.643
78.515
78.363
78.295
78.132
77.96
78.097
78.209
78.321
78.41
78.5
78.409
78.317
78.138
77.959
77.816
77.673
43.048
43.118
43.072
43.026
42.965
42.972
43.581
43.218
55.207
54.437
54.782
55.117
55.266
55.416
54.985
54.672
62.902
71.132
83.034
83.216
42.953
43.566
43.274
42.983
43.215
43.448
43.674
43.899
53.105
62.311
83.144
83.225
83.193
83.161
82.838
82.903
76.971
79.803
67.135
54.466
54.58
48.854
51.968
55.082
55.592
49.461
43.329
43.017
43.169
53.603
48.356
43.108
43.222
42.955
42.966
43.091
43.175
50.626
49.416
45.241
45.677
46.097
46.266
45.645
45.024
55.339
54.609
54.348
54.519
54.69
55.857
54.92
42.972
43.917
44.866
45.815
45.393
45.382
45.372
44.759
44.673
49.58
49.815
49.372
48.93
46.017
54.011
51.973
54.982
52.941
58.056
54.922
61.806
68.69
