58.116
56.866
55.617
56.601
69.444
69.496
69.31
69.392
69.998
70.377
60.067
49.757
48.343
47.199
48.079
47.985
47.892
46.846
48.104
47.845
67.734
67.988
68.406
68.607
56.036
55.018
63.607
63.508
55.741
55.957
75.499
75.152
69.485
68.619
67.754
67.939
68.328
65.569
62.811
53.532
54.232
63.448
63.922
63.807
69.027
68.625
67.97
67.782
67.739
52.976
52.793
53.741
54.689
54.184
54.421
54.604
54.771
54.939
54.096
54.52
53.934
66.507
66.621
54.218
54.647
55.076
48.329
47.917
47.989
46.552
47.195
69.06
69.448
69.377
68.79
68.585
68.468
68.475
68.471
68.467
68.439
68.412
68.318
68.457
68.526
68.548
68.508
68.465
55.747
57.251
54.354
54.027
54.076
53.918
54.107
53.772
53.906
53.977
54.192
53.664
63.659
63.852
60.055
43.16
44.66
47.379
47.654
47.929
48.005
58.688
58.976
59.166
59.735
60.058
60.62
61.147
61.39
61.3
61.211
60.75
60.145
59.54
58.09
69.46
70.165
69.413
69.841
69.548
69.955
70.21
69.972
70.272
70.506
46.816
46.718
46.705
46.744
46.711
46.725
46.7
46.736
56.74
65.681
65.518
55.547
57.077
55.149
54.787
54.426
54.305
66.799
66.001
73.683
73.332
73.119
72.905
54.331
60.156
65.981
65.906
65.988
65.915
65.841
66.852
67.61
68.284
68.238
68.036
68.193
75.176
75.242
75.158
75.146
75.334
75.381
75.332
75.325
75.328
75.428
75.239
75.299
75.334
75.115
75.033
74.835
67.963
67.723
67.806
67.939
68.12
68.211
68.301
67.853
67.732
67.874
68.104
68.316
68.139
68.452
68.545
68.637
68.417
68.424
56.408
56.156
56.126
57.178
57.815
58.453
58.616
57.584
58.136
58.688
43.513
43.982
44.447
44.911
44.445
43.979
43.363
44.163
43.656
43.72
49.551
47.979
46.812
45.646
45.202
44.06
44.704
44.711
44.41
44.598
45.133
44.44
44.653
44.759
44.6
44.72
44.717
44.792
44.702
44.736
44.699
44.722
44.696
44.728
44.898
44.517
46.83
50.404
53.978
54.252
54.526
54.105
53.683
54.458
71.703
71.422
78.306
77.956
77.976
78.126
78.041
74.521
71
70.846
70.898
71.064
71.182
71.242
71.172
70.996
70.923
70.906
71.022
71.085
44.122
44.8
45.198
45.595
44.964
44.167
45.393
44.516
44.399
44.868
44.838
44.669
44.742
44.634
44.715
44.814
44.809
44.729
44.784
44.775
44.776
44.791
44.752
44.846
44.862
44.643
44.97
44.757
44.545
44.738
44.619
44.615
66.583
66.053
65.744
66.022
66.052
66.366
66.493
53.792
43.1
43.396
45.681
44.35
43.465
44.792
44.6
73.652
73.221
80.072
79.933
79.955
80.134
80.244
80.382
80.492
80.752
80.81
80.766
80.7
80.664
73.553
73.194
72.966
61.608
61.691
43.121
44.773
73.922
73.811
61.638
61.654
61.427
73.662
73.874
60.47
61.185
61.544
61.54
61.528
61.257
61.427
61.68
61.427
61.425
61.498
61.471
61.477
61.622
61.624
61.564
61.491
61.286
61.238
61.191
61.337
61.483
61.531
61.691
61.784
61.763
61.749
61.707
73.592
73.685
73.832
65.338
61.31
62.162
59.523
66.72
73.916
73.706
56.803
58.478
58.782
58.279
45.414
43.862
45.319
45.34
50.473
56.09
61.707
61.597
61.742
50.249
62.01
56.241
64.909
73.576
73.724
73.923
67.241
60.559
58.78
58.762
57.871
65.784
65.154
64.524
75.588
75.814
75.881
75.565
75.275
75.505
63.286
61.56
61.656
61.612
61.438
74.249
80.782
80.671
80.64
80.672
80.702
80.789
80.829
80.42
75.884
63.873
63.65
63.786
63.984
76.701
83.466
83.358
83.272
83.238
83.131
75.966
75.762
47.062
45.757
60.732
75.707
75.748
75.789
76.07
83.297
83.317
83.314
83.298
76.239
76.123
76.134
76.168
76.131
76.228
76.022
75.883
75.676
75.567
70.512
63.217
53.283
57.411
52.061
60.619
69.177
70.794
71.177
71.605
71.456
71.306
75.75
75.774
54.786
54.064
52.221
51.429
50.637
59.877
69.118
69.397
69.103
68.54
68.432
68.066
67.912
67.767
68.549
69.331
63.194
65.342
67.49
74.98
74.733
67.999
68.697
68.763
68.828
68.713
69.032
68.386
68.261
68.791
69.099
