50.649
50.585
51.793
53.001
64.078
75.155
74.64
74.37
46.284
45.63
45.882
46.133
74.599
74.364
68.61
62.856
63.033
63.137
63.207
63.026
62.819
62.656
62.443
62.23
72.453
78.838
78.625
71.495
71.774
72.054
72.176
72.183
72.126
72.063
59.773
59.846
59.348
68.525
67.475
67.076
59.478
59.785
60.036
60.187
60.32
60.239
71.984
71.945
71.926
71.926
71.962
72.018
72.05
60.14
60.421
60.303
60.212
60.193
60.103
59.887
59.943
59.855
60.036
59.924
60.264
60.022
60.077
60.132
60.03
60.03
59.692
59.619
59.508
59.396
68.264
77.132
77.048
56.696
57.364
57.062
56.663
56.814
58.228
59.641
58.669
59.12
63.408
63.81
63.544
59.723
58.948
59.23
64.186
64.671
65.052
65.273
65.26
65.132
64.893
64.737
64.702
64.694
64.8
65.013
65.217
65.444
65.464
65.364
76.952
76.859
76.795
64.886
65.092
65.233
65.339
65.322
65.311
52.839
52.704
52.699
52.829
53.066
53.303
53.578
76.979
77
53.49
53.404
52.967
52.891
65.024
61.12
57.217
58.076
56.118
56.245
56.372
59.274
58.171
59.915
60.312
60.234
60.252
53.721
65.411
55.985
54.994
54.003
77.068
77.202
65.14
65.094
77.286
77.236
66.608
65.828
65.048
64.853
64.691
65.251
64.883
65.044
64.999
57.048
57.223
56.19
55.873
55.557
72.111
72.096
72.083
72.115
67.297
67.105
66.913
60.069
59.872
54.175
53.693
53.21
68.581
58.938
68.155
77.372
64.218
71.004
77.79
77.858
77.754
77.682
74.058
70.434
70.182
70.289
77.124
77.079
64.358
70.77
58.062
61.529
64.996
74.293
73.922
73.798
46.492
45.416
46.739
53.957
52.538
51.12
64.186
63.329
62.472
63.412
64.352
64.37
64.389
64.404
64.031
64.293
64.105
63.916
64.189
64.462
65.105
65.696
66.133
65.995
66.368
65.881
65.844
65.7
65.402
65.28
65.259
65.243
65.272
65.373
65.479
65.45
65.441
65.411
65.453
65.488
65.421
65.363
65.332
65.199
65.26
65.383
65.197
65.142
65.414
65.448
65.21
65.248
65.567
65.412
65.242
65.271
65.093
65.192
65.097
65.046
65.018
77.053
76.942
76.95
76.958
77.118
77.152
77.16
77.1
77.039
77.06
77.126
77.065
77.004
77.104
77.145
77.102
50.012
50.04
50.603
69.245
69.068
68.89
68.994
69.238
69.189
68.971
69.388
69.302
69.071
69.194
69.112
68.976
68.845
69.054
68.974
69.135
69.244
69.311
69.327
69.381
69.441
69.415
69.421
69.491
69.571
69.664
69.782
69.888
69.862
69.76
69.878
69.356
69.1
68.663
68.862
68.787
68.747
68.806
68.873
68.855
68.86
68.629
68.616
68.671
68.608
68.574
68.61
68.674
68.856
68.891
69.06
69.015
68.747
68.519
68.263
67.961
67.508
67.375
67.455
67.373
67.47
67.593
67.594
67.703
67.695
67.591
67.326
67.214
67.32
67.585
67.803
68.07
68.122
67.942
67.752
67.405
66.698
67.051
67.387
67.455
67.568
67.78
67.843
67.782
67.553
67.299
67.442
67.366
67.271
67.428
67.649
67.431
67.406
67.666
68.003
67.982
67.908
47.981
47.875
48.363
48.045
69.283
67.302
67.074
66.928
66.968
67.039
66.915
67.045
67.048
58.412
58.2
58.297
57.209
76.961
