51.251
52.142
51.338
52.151
52.342
58.967
59.262
59.374
59.403
59.511
59.728
60.13
60.12
59.823
60.08
60.211
59.958
60
59.973
60.457
60.875
61.104
61.443
61.789
62.12
62.276
62.16
61.928
61.694
61.582
61.304
61.409
61.525
61.452
61.249
60.95
60.311
59.251
59.314
60.086
60.453
72.631
72.74
72.713
72.678
72.611
72.188
71.764
72.31
71.32
43.243
42.994
42.745
64.687
62.725
61.102
61.367
61.946
61.943
61.919
61.734
61.687
61.356
60.85
50.215
50.111
49.862
50.009
49.891
50.018
50.086
50.039
62.605
62.638
62.937
62.972
62.993
75.062
75.02
74.95
74.964
75.183
75.534
75.894
76.079
76.139
76.126
76.028
75.89
75.832
75.89
76.214
76.521
76.634
64.225
49.846
50.132
49.831
50.097
49.83
50.31
61.594
60.929
72.847
72.971
73.078
73.157
73.272
73.387
61.586
61.689
61.648
61.401
60.857
60.549
72.438
72.323
71.661
78.854
79.077
79.211
60.212
60.429
60.196
60.52
60.057
59.94
59.593
58.455
58.573
58.411
70.442
70.394
70.221
70.105
70.084
70.096
70.194
70.365
59.024
58.834
48.428
48.822
48.989
49.162
49.001
48.772
68.643
68.354
68.065
68.231
56.516
56.466
56.645
56.565
56.403
56.585
56.768
56.709
56.09
49.018
48.831
73.321
79.042
79.175
79.212
79.315
79.304
79.265
69.892
60.52
60.146
60.083
59.095
58.977
58.252
57.84
57.971
57.657
57.535
57.415
57.41
57.452
57.544
57.69
58.185
57.846
59.252
59.269
59.572
59.354
59.109
58.779
58.969
58.848
58.314
58.588
58.912
57.664
57.084
62.731
62.925
62.955
63.667
64.191
63.832
64.048
63.936
64.035
63.896
64.008
63.988
64.044
63.997
63.956
43.471
43.783
43.958
44.155
44.306
44.396
44.474
44.424
44.132
44.297
44.554
43.778
44.08
43.757
43.435
51.01
58.585
57.313
55.504
53.695
47.16
47.268
46.942
46.922
46.853
47.191
51.399
55.606
55.66
55.713
57.534
55.722
58.079
58.335
58.102
57.965
57.996
58.148
58.497
59.24
58.23
58.288
58.601
58.728
58.658
58.079
58.261
57.745
59.343
57.712
58.067
54.864
46.759
47.214
55.991
57.085
56.582
56.079
62.218
68.356
68.289
56.022
56.95
56.788
56.693
57.107
57.004
56.457
57.485
57.5
56.827
55.416
53.822
53.951
54.424
53.709
53.386
54.711
58.609
58.056
56.955
53.694
54.977
53.597
53.695
54.996
54.093
54.33
70.396
70.384
70.495
77.582
77.65
77.674
77.825
77.958
77.933
77.851
58.56
52.083
51.973
51.862
52.177
52.082
52.064
52.082
51.87
51.925
52.092
52.122
52.166
