70.1
61.937
61.964
61.922
61.936
61.931
61.927
82.027
81.987
62.041
61.825
61.954
61.939
61.979
61.979
62.22
62.461
60.311
68.662
77.013
77.044
57.976
57.969
57.948
57.965
57.976
57.94
57.893
57.922
57.954
58.004
57.952
57.972
57.954
57.915
57.931
57.947
57.952
57.897
57.95
57.984
58.017
57.971
57.925
58.054
58.046
58.038
46.026
46.867
47.003
47.14
45.63
46.084
46.538
46.783
47.027
45.814
46.276
46.739
46.748
46.758
46.273
46.585
46.897
46.773
46.649
58.298
69.947
69.214
69.228
69.541
58.393
58.495
58.556
57.959
58.206
58.346
58.539
59.719
59.624
60.014
60.235
60.445
60.655
60.332
60.625
59.316
58.006
45.861
46.892
44.968
61.997
61.8
61.603
61.565
61.617
61.731
61.7
61.164
60.502
58.774
46.36
47.219
60.613
60.798
62.074
63.094
62.393
74.546
74.462
74.381
74.414
74.427
74.47
62.411
61.904
61.701
61.592
73.186
72.544
72.486
72.549
72.688
72.827
61.345
60.354
61.739
61.932
62.04
61.954
61.973
61.933
61.91
61.913
61.877
61.561
60.52
64.733
60.728
56.722
57.182
58.395
58.47
82.975
83.258
78.475
78.452
71.748
71.689
60.062
59.436
57.595
58.69
59.785
61.122
61.135
61.405
61.676
72.916
72.896
72.396
72.131
71.807
71.763
59.47
60.145
60.176
60.358
60.231
59.401
59.934
60.257
84.027
84.007
84.056
84.096
84.088
68.961
68.881
84.02
84.035
84.039
84.062
84.085
68.948
68.98
84.022
83.995
84.02
84.039
84.076
74.004
71.943
69.883
70.138
70.33
70.28
70.335
70.493
70.444
70.327
70.21
70.299
70.202
70.12
70.251
70.2
70.148
58.373
58.294
58.524
58.167
57.858
57.726
57.834
58.129
58.408
58.807
58.775
58.744
58.543
58.835
59.476
59.432
60.428
60.127
60.112
60.302
59.904
60.056
60.324
59.952
60.397
60.679
60.327
60.202
59.6
61.248
62.896
63.017
56.106
55.075
62.929
62.804
66.063
69.322
69.24
68.949
68.914
68.88
69.363
69.483
56.788
57.619
56.792
56.828
56.864
57.359
57.603
56.981
58.161
58.244
57.851
57.777
58.217
58.331
58.129
57.76
57.946
58.242
58.056
57.781
57.954
58.252
58.189
57.852
57.874
58.242
58.439
58.422
58.276
57.804
58.064
58.307
58.327
58.071
57.821
58.012
58.169
57.762
57.541
58.055
58.286
57.842
57.554
58.015
57.988
57.011
57.689
55.422
54.847
54.278
54.459
58.689
58.475
58.187
58.026
58.104
58.337
57.073
56.379
81.995
81.959
81.992
55.44
54.879
54.651
42.188
62.071
81.954
81.975
82.03
82.052
41.401
43.288
46.318
49.347
55.314
56.215
57.116
58.233
57.901
57.264
57.838
58.54
57.918
56.98
57.946
58.431
57.453
56.646
58.112
58.397
56.688
56.524
54.776
58.388
56.63
56.491
54.476
54.822
56.43
56.149
59.033
61.173
61.231
61.026
61.32
55.198
56.31
55.03
58.758
57.354
56.714
57.987
61.532
65.078
65.102
65.098
64.877
64.861
65.161
65.23
65.038
64.875
64.874
65.046
65.218
65.043
64.868
54.459
55.671
54.823
54.389
55.534
55.219
55.008
54.741
55.417
55.083
54.86
58.333
57.285
56.937
58.341
58.253
57.028
56.975
58.323
58.198
56.955
57.416
58.454
57.674
56.893
60.635
59.307
58.141
56.795
57.686
58.178
57.56
57.115
58.155
58.487
57.453
59.752
60.567
61.383
62.135
62.12
60.897
61.37
61.843
61.444
62.317
60.006
61.305
61.292
61.279
60.074
59.104
60.922
59.197
59.267
59.337
69.903
