60.02
72.042
71.969
72.002
59.091
59.781
60.254
60.248
59.998
59.558
59.475
59.794
60.289
60.301
59.983
59.187
52.439
52.492
53.098
58.651
69.103
69.108
69.029
69.124
69.064
69.115
69.092
69.118
69.105
69.105
69.108
69.154
69.101
69.108
69.123
69.049
69.137
69.065
69.139
69.085
69.125
69.086
69.08
69.066
69.089
69.072
69.111
69.063
69.143
69.101
69.092
69.073
71.979
71.993
52.568
52.912
52.908
52.902
52.94
52.711
52.765
53.049
53.333
53.646
53.768
53.508
52.889
52.353
52.439
52.57
57.152
56.828
53.733
53.857
53.681
53.862
53.513
71.95
71.987
72.065
72.077
52.672
53.033
52.988
66.943
67.076
55.632
53.503
53.306
53.108
52.996
52.884
56.407
50.885
45.364
46.625
45.935
46.485
45.588
46.169
45.984
45.945
46.525
47.188
47.852
45.889
61.55
61.407
62.264
62.345
62.436
63.312
63.567
63.823
62.646
61.653
62.283
61.378
62.385
64.087
63.2
64.152
64.181
64.506
64.632
64.712
64.881
65.049
65.113
65.134
65.072
64.944
76.851
76.798
76.81
76.847
76.88
76.918
76.987
77.014
77.103
77.163
77.189
65.264
65.269
64.831
64.294
62.477
62.032
61.586
58.352
57.589
57.966
69.939
70.011
76.617
76.365
76.555
76.77
76.996
77.081
77.093
77.101
77.038
76.928
76.824
76.805
64.84
65.017
65.146
65.227
64.674
64.789
64.582
52.857
52.798
58.332
57.818
58.526
75.203
75.172
75.305
75.484
75.577
75.486
75.33
75.204
75.116
74.946
74.801
63.71
63.223
62.911
65.184
64.956
65.012
65.038
64.975
65.039
65.035
64.996
64.982
65.033
64.828
61.331
61.675
61.62
61.715
61.785
61.875
61.872
62.085
61.993
61.872
61.472
58.54
57.889
58.176
57.942
58.005
57.951
57.765
61.48
62.053
62.582
59.221
59.315
60.389
59.277
60.712
60.728
59.313
62.458
62.996
63.015
62.957
63.117
62.924
62.994
70.776
78.557
78.826
78.978
79.044
79.107
72.15
72.136
71.983
72.012
72.146
72.433
72.878
73.306
73.668
62.356
62.329
62.147
61.97
62.163
62.463
62.198
61.798
56.564
57.567
58.569
57.481
57.291
58.214
58.005
57.796
63.034
63.065
62.948
62.863
55.966
54.743
57.494
56.602
54.607
53.635
58.121
57.301
66.909
66.862
66.934
54.24
55.091
55.089
54.752
54.262
54.82
55.143
55.317
54.837
53.45
53.832
55.669
55.64
54.9
54.989
55.185
54.175
55.788
57.401
57.367
58.314
57.394
56.474
56.917
54.898
55.697
56.496
54.407
54.517
55.861
55.145
61.067
66.989
66.975
66.975
49.486
50.672
51.189
51.706
51.435
