80.002
79.98
80.025
71.341
71.792
71.886
71.969
79.34
79.19
79.771
60.467
60.7
73.147
73.087
73.051
72.841
72.967
72.997
72.987
72.988
72.976
72.89
73.019
75.598
75.55
75.268
75.212
75.221
75.229
75.117
74.996
74.941
75.039
75.227
56.044
56.174
56.02
56.08
56.073
55.987
56.263
63.637
63.393
63.667
63.831
63.914
63.938
64.015
64.058
64.161
63.914
64.182
63.99
63.126
56.113
56.047
56.082
56.087
55.998
56.061
56.008
56.016
55.98
56.077
56.174
62.162
62.835
62.564
63.243
63.511
63.248
62.932
63.348
63.209
62.018
61.389
60.557
59.865
58.73
59.742
59.322
60.13
72.315
72.359
72.223
72.195
72.294
72.366
72.427
72.487
72.466
72.069
72.534
60.623
60.556
72.623
72.058
72.58
60.664
60.611
60.641
60.543
60.636
60.652
60.504
60.721
55.345
56.402
55.903
56.145
56.018
56.115
55.964
56.044
56.094
56.138
56.126
56.028
56.012
63.844
75.73
75.716
75.629
75.538
75.586
75.501
75.573
75.54
75.648
75.668
75.7
75.849
75.965
75.945
75.94
75.905
75.845
75.84
75.867
63.733
63.669
63.651
75.87
75.98
63.385
61.94
76.055
75.92
76.007
61.043
61.005
61.02
60.94
64.45
62.785
61.119
72.793
72.456
79.632
79.791
79.894
79.999
80.012
55.964
56.058
80.007
80.001
80.069
80.069
79.913
79.934
80.146
80.42
81.02
81.779
82.23
82.437
75.103
74.878
74.822
74.767
51.686
63.279
74.871
74.969
75.044
75.034
74.928
74.906
62.793
62.783
63.023
43.8
44.539
44.646
43.929
44.42
44.102
44.281
46.865
45.377
43.888
43.859
43.83
44.022
44.358
44.061
44.028
44.132
44.109
43.707
54.935
67.888
67.777
67.655
67.552
55.8
56.042
67.877
68.131
68.182
68.052
68.018
68.041
68.022
68.012
68.076
67.971
68.049
68.036
68.031
68.006
68.012
68.043
67.999
58.711
58.335
58.661
58.724
58.723
58.842
70.918
70.97
70.939
58.774
58.942
58.902
58.946
58.99
59.01
59.045
58.982
59.015
59.013
58.904
82.995
82.987
82.993
82.994
82.984
83.004
82.987
83.008
83.006
83.012
82.997
83
82.988
82.983
82.991
82.991
83.011
83.018
83.022
83.031
83.04
83.011
82.981
82.988
82.986
82.978
82.99
82.994
83.024
83.041
83.043
83.045
83.023
82.985
82.941
82.909
82.918
82.936
82.994
83.067
68.09
68.106
68.023
68.047
68.059
68.033
67.969
68.439
69.934
70.592
71.25
70.724
70.586
70.495
70.403
70.414
70.613
71.2
71.876
72.44
60.882
60.922
60.844
60.851
61.139
61.106
44.847
44.796
45.302
71.327
77.888
77.65
77.594
77.701
77.876
78.041
76.058
75.97
75.978
75.974
75.956
75.955
75.974
70.534
70.404
70.667
70.763
70.913
71.067
71.182
71.151
71.128
71.077
70.939
70.834
82.947
83.024
83.03
71.098
71.265
83.023
83.015
83.002
82.988
83.014
83.001
82.994
83.006
82.966
83.001
83.018
83.035
79.561
76.086
76.035
51.873
51.947
51.816
51.93
51.914
51.86
51.827
51.659
60.964
70.269
70.186
69.98
70.34
70.638
70.906
71.28
71.751
71.863
72.015
71.66
71.407
71.154
71.023
70.942
70.935
71.055
83.018
83.009
83.026
82.999
83.006
82.967
78.932
74.897
74.767
74.483
74.31
52.012
52.072
51.932
58.097
64.261
64.286
76.09
76.034
76.019
76.009
75.974
76.019
76.04
76.013
76.036
76.033
76.058
63.999
64.037
63.955
63.83
44.925
45.325
76.039
76.039
75.984
75.966
75.994
44.992
44.81
45.144
44.924
45.041
76.047
76.086
63.53
50.974
52.084
52.074
76.037
76.028
75.974
75.967
75.99
76.03
55.928
52.694
51.373
65.215
77.38
77.189
77.05
77.112
77.235
77.425
77.502
77.556
77.462
77.664
77.56
77.63
77.771
77.753
77.68
77.687
77.829
77.798
77.778
77.764
77.749
77.789
77.749
77.608
77.646
77.706
77.614
77.558
77.702
77.714
77.606
77.699
77.758
77.727
77.592
77.696
77.721
77.559
77.603
77.688
77.574
77.599
77.733
81.15
84.568
84.542
65.616
65.664
77.775
77.841
66.011
66.162
78.277
78.423
78.321
78.188
78.04
77.953
77.975
78.075
78.434
66.801
67.322
67.567
67.478
67.568
67.624
66.895
80.004
80.045
79.948
49.459
49.066
48.759
49.587
63.213
63.016
63.237
63.458
63.772
63.677
63.835
63.909
63.845
63.98
63.991
63.832
63.624
63.18
69.593
59.299
49.005
48.956
49.234
75.992
75.991
75.996
76.006
75.999
76.001
77.936
79.87
80.021
80.056
80.085
80.023
