57.946
57.937
58.314
57.755
57.882
58.008
58.078
57.922
58.011
58.099
56.036
56.273
56
55.809
56.089
55.619
55.408
55.864
55.514
56.038
56.07
56.4
56.639
57.121
57.394
57.441
57.425
61.234
60.987
54.444
52.181
49.919
49.126
53.505
57.884
56.675
56.358
56.51
56.584
56.692
56.844
57.293
57.721
58.015
58.294
58.485
58.285
57.864
57.51
56.656
65.125
64.9
65.338
65.206
65.075
65.234
64.877
54.042
52.08
51.802
50.656
49.51
51.9
51.965
52.03
51.325
50.235
51.959
51.061
51.882
52.703
52.19
50.239
53.089
54.437
53.903
53.934
54.165
54.051
54.152
53.764
53.974
54.065
66.096
66.164
66.066
66.094
65.982
65.991
66.036
66.076
66.136
66.063
66.063
66.067
66.101
66.063
66.024
66.066
54.399
52.623
51.197
50.038
49.76
49.481
50.41
49.517
51.348
49.344
48.916
49.208
48.684
51.094
51.267
50.794
52.704
52.763
52.822
53.052
53.283
53.3
53.478
53.512
53.676
53.56
53.705
53.931
54.022
53.812
54.082
53.964
54.206
54.385
54.483
56.58
55.143
53.706
54.176
54.245
53.761
53.874
59.042
59.048
59.426
54.111
53.867
53.897
53.639
53.709
65.757
65.934
65.878
53.792
53.887
53.867
53.902
53.455
53.475
53.586
53.698
53.847
53.917
53.769
53.558
53.732
53.861
53.467
53.956
53.799
53.985
53.35
53.682
53.194
53.606
53.879
54.286
54.145
54.401
54.182
54.052
53.151
59.713
59.772
59.831
59.619
59.407
59.625
59.751
59.877
55.754
52.528
53.265
53.263
52.852
52.522
53.138
53.315
52.491
52.793
53.458
52.771
52.369
53.124
52.977
52.146
53.034
52.964
52.376
53.003
53.266
52.41
52.844
52.355
51.722
52.831
53.083
52.565
52.983
53.223
52.992
53.022
53.493
53.947
54.067
53.775
59.111
59.295
59.479
58.933
59.475
59.229
57.368
54.202
53.633
53.594
53.362
65.96
65.92
53.52
53.796
53.891
53.853
53.814
54.004
53.993
54.002
53.905
54.012
53.997
54.123
54.265
54.258
54.338
54.519
54.39
54.393
54.476
54.095
54.175
54.281
54.145
66.067
66.102
66.116
66.13
66.079
66.028
66.018
53.997
54.117
54.023
54.021
54.019
54.02
54.015
54.009
66.089
66.023
65.912
54.35
54.014
54.024
53.944
53.93
53.914
53.895
53.923
53.959
53.931
54.002
54.071
54.129
54.093
54.178
54.143
54.175
54.186
54.142
54.126
54.084
54.392
60.262
66.132
65.881
65.968
66.055
65.961
66.183
65.941
66.1
66.104
65.951
66.157
66.016
66.1
66.097
66.017
65.994
65.971
65.997
66.126
65.908
65.969
66.03
60.89
61.029
61.045
61.061
61.402
61.203
61.062
60.808
60.936
60.63
60.311
61.104
61.296
61.193
61.091
61.173
61.175
60.768
60.692
61.101
61.114
58.078
57.812
57.922
58.033
58.198
58.027
58.061
57.838
57.937
57.853
57.721
57.867
57.933
58.013
57.881
57.939
57.88
57.922
57.964
58.065
58.416
58.767
46.464
52.819
59.175
58.916
58.731
59.147
59.353
