45.062
44.068
43.073
44.626
43.505
44.183
44.201
43.82
44.033
44.142
43.824
43.887
44.188
43.623
46.503
49.384
48.967
48.545
55.635
55.314
55.419
55.229
55.604
55.831
55.974
56.21
56.45
56.472
56.474
56.248
56.287
56.299
56.075
55.798
55.697
55.636
55.787
56.05
55.692
68.01
67.953
55.67
56.271
56.264
56.258
55.991
56.309
55.993
55.834
55.731
55.549
55.618
55.494
55.417
55.711
55.538
55.583
55.61
55.615
55.673
55.476
55.627
67.867
67.942
67.959
67.989
56.014
56.281
56.141
48.884
49.166
55.951
56.255
55.787
65.368
62.092
58.816
58.362
58.91
59.197
58.76
58.745
58.832
58.656
58.525
58.776
58.335
49.31
48.474
49.337
49.1
48.51
49.438
49.034
62.952
63.534
64.117
63.748
63.984
64.282
64.126
64.383
64.275
64.526
64.451
64.727
64.846
64.835
64.996
65.029
65.037
64.934
64.683
64.606
63.992
63.494
62.55
62.166
62.07
62.08
62.307
62.701
62.816
62.984
62.52
68.006
68.002
62.228
62.554
63.069
62.994
62.912
62.722
62.756
62.738
62.775
62.774
62.783
62.569
62.646
62.802
62.738
62.929
62.85
62.915
63.006
62.904
62.909
62.952
62.85
62.97
62.861
62.808
62.83
62.821
62.925
62.841
62.872
62.824
62.777
62.965
62.749
62.877
62.898
62.674
63.092
62.943
62.913
63.05
63.071
63.023
63.013
63.076
63.058
63.036
63.106
63.023
62.977
62.908
62.908
62.849
62.735
62.818
70.027
69.984
62.975
62.876
62.881
63.044
62.843
62.823
62.911
62.814
62.875
62.854
62.77
63.042
62.859
62.762
62.987
62.729
62.898
63.014
62.771
62.927
62.97
62.843
62.898
62.85
62.748
63.017
62.656
64.431
65.242
65.279
65.316
64.759
64.14
65.293
65.008
64.752
64.742
65.092
64.866
64.767
65.025
65.052
64.787
65.123
65.005
65.026
65.269
65.056
64.842
64.974
65.221
65.468
64.155
64.543
65.043
69.897
70.02
69.995
69.941
70.038
69.969
69.948
70.013
69.947
70.066
71.979
72.03
71.956
72.026
62.762
63.199
62.966
73.016
73.176
72.935
73.021
73.049
72.961
73.061
72.995
73.001
72.993
73.046
63.018
63.155
62.849
73.033
72.906
63.137
62.764
62.905
62.795
63.121
70.111
69.989
69.931
70.009
69.942
69.96
58.119
58.065
58.001
58.435
57.903
57.603
69.998
70.022
69.894
70.035
70.028
70.002
69.976
69.97
69.916
66.594
63.272
58.04
57.838
58.023
69.9
69.954
69.967
69.97
