62.749
66.22
66.044
65.696
66.274
66.021
66.046
58.573
58.812
58.714
58.928
58.893
59.141
59.331
59.685
59.65
59.663
59.377
59.019
59.188
59.435
59.165
58.632
46.823
46.568
47.515
46.581
59.193
58.915
58.96
46.915
47.656
71.074
71.029
64.879
58.729
58.902
58.776
58.79
58.691
58.678
58.655
58.734
58.882
59.027
58.88
70.981
71.023
71.144
71.03
59.131
59.179
59.157
59.198
58.922
58.465
44.411
46.934
45.302
43.67
44.995
46.32
47.469
47.038
45.801
59.823
59.377
59.136
59.045
59.25
58.668
58.314
58.707
59.006
59.142
59.249
58.984
59.9
66.011
66.18
61.61
61.391
61.394
61.456
61.205
61.158
61.276
61.493
61.263
65.674
66.06
66.015
66.026
66.025
66.01
66.014
66.005
66.021
66.026
66.056
66.035
66.014
66.044
66.111
65.906
75.026
75.095
65.766
65.227
63.941
64.082
64.774
64.324
64.208
65.301
64.429
65.808
65.823
66.041
66.254
72.986
73.021
66.153
66.05
65.966
66.057
66.201
66.077
65.977
66.1
66.136
66.143
66.261
66.176
66.137
66.165
66.201
66.307
66.2
66.117
66.097
65.957
65.977
54.145
53.743
54.178
44.215
51.05
57.885
62.995
62.338
62.247
62.246
61.724
61.968
62.028
62.035
62.284
62.469
62.678
62.959
63.121
62.936
70.472
78.009
78.074
78.018
78.004
78.013
78.007
78.055
77.966
78.008
77.993
77.984
78.015
77.976
77.98
61.649
61.407
61.245
61.189
61.202
61.173
61.166
61.151
61.132
61.149
61.104
61.083
61.059
61.127
61.2
61.19
60.973
61.029
61.049
61.107
61.112
61.18
61.149
60.887
53.983
54.026
54.039
54.345
54.043
60.558
61.656
61.402
61.302
61.198
61.262
61.312
61.396
61.611
61.825
62.674
63.159
63.072
63.239
62.854
62.277
61.394
60.671
59.475
59.419
58.716
58.404
58.333
58.344
58.313
58.388
58.57
58.646
58.5
58.541
58.677
58.706
58.712
58.886
70.894
71.049
70.983
70.971
70.997
58.938
58.687
58.906
59.154
59.212
59.084
58.58
59.129
59.147
59.332
59.373
59.13
58.847
58.762
59.072
59.222
59.139
59.046
59.013
59.039
59.12
59.179
59.165
58.962
58.81
59.034
59.197
59.258
58.99
58.771
58.875
58.991
59.115
58.835
58.75
58.99
59.109
58.986
59.176
59.139
59.171
59.156
59.158
59.164
59.038
58.787
58.698
58.892
58.79
52.102
52.023
51.83
52.523
52.633
51.586
51.718
56.522
56.498
54.629
54.617
55.81
57.003
51.383
51.958
52.395
52.581
51.878
51.175
59.015
59.055
59.335
58.992
58.648
59.754
60.258
60.447
60.393
60.614
60.409
60.527
60.769
61.175
61.655
62.083
62.437
62.556
62.967
62.587
62.93
62.907
62.731
63.1
62.898
62.898
62.931
62.912
62.963
62.873
62.556
62.07
61.556
61.198
60.302
60.327
59.971
60.072
60.407
60.472
60.645
60.654
60.875
60.724
61.038
60.802
60.945
60.952
60.956
61.087
61.165
61.164
61.259
61.128
61.17
61.106
60.963
60.935
60.742
60.829
60.77
60.857
60.861
60.885
60.943
60.898
60.933
60.984
60.886
60.855
60.824
60.87
60.731
60.824
60.742
60.818
60.72
60.956
60.977
60.926
61.019
65.887
65.97
65.968
66.052
66.044
66.021
65.974
65.998
54.117
54.103
54.179
53.772
66.204
66.369
77.977
78.009
78.009
78.017
77.988
78.009
78.021
78.029
78.015
66.012
66.039
66.023
65.968
65.957
65.988
65.925
65.887
