47.841
47.505
47.405
47.758
47.714
47.671
47.848
48.025
48.63
48.422
48.602
52.489
55.486
75.986
75.928
57.302
56.909
57.328
57.026
56.724
76.082
76.089
76.086
53.993
55.372
56.752
57.237
57.302
54.904
55.796
56.687
49.426
49.344
49.261
47.38
61.859
62.701
62.287
61.874
61.81
62.119
62.398
62.919
63.44
63.13
74.253
74.287
63.706
63.486
56.917
65.875
64.679
63.483
63.752
62.963
63.09
63.217
63.571
63.716
63.903
63.802
63.685
63.712
63.664
63.854
63.881
63.838
63.708
63.66
63.624
63.772
63.998
64.142
64.205
64.22
64.086
63.923
63.875
63.813
63.595
63.634
63.554
63.655
63.77
63.733
63.897
64.027
63.808
63.85
63.158
63.255
63.352
66.142
57.964
60.832
63.701
64.003
64.415
64.856
64.781
64.458
64.83
64.4
64.923
64.694
65.174
65.329
65.68
66.191
66.349
66.054
65.71
65.628
65.672
65.834
65.66
65.782
65.772
65.77
65.754
65.938
66.001
65.811
65.72
65.832
65.598
65.364
65.408
64.889
63.386
61.883
62.205
48.596
49.867
62.372
63.989
64.278
64.193
64.209
64.09
64.051
63.987
63.963
63.879
63.685
63.476
62.938
48.933
49.042
48.623
49.147
48.827
48.919
49.255
48.745
48.982
49.132
61.736
61.716
61.635
61.511
61.49
61.386
61.264
61.639
61.651
61.605
61.7
61.788
61.459
61.025
49.35
48.687
49.305
48.962
48.55
49.446
52.318
55.191
55.662
55.975
56.231
56.583
56.789
56.985
57.105
57.322
57.291
56.623
57.246
57.057
56.822
56.768
56.952
56.668
57.078
56.74
56.783
57.47
57.926
58.711
58.606
58.892
58.556
58.444
58.895
58.248
58.8
58.418
58.887
58.219
58.5
59.044
56.208
55.776
57.109
58.443
58.806
57.744
53.662
63.873
74.083
73.961
74.064
74.082
73.756
64.343
52.239
45.308
44.622
45.02
45.059
45.249
45.098
45.257
45.163
44.422
60.552
60.718
60.376
60.899
61.422
61.72
62.098
62.252
62.202
62.404
62.241
62.158
62.211
61.983
61.973
62.084
61.669
61.188
46.895
47.34
46.951
47.102
46.533
46.909
63.437
62.326
62.31
62.086
62.011
62.175
62.02
61.022
47.214
46.692
47.71
45.937
47.932
47.053
47.505
62.34
62.069
61.963
61.718
61.842
61.872
61.887
61.795
61.702
61.871
62.044
61.804
61.702
61.719
61.839
61.836
61.829
61.715
61.067
64.039
64.172
63.805
63.994
64.014
63.816
63.568
64.088
63.955
63.623
63.73
63.283
63.423
63.563
63.768
64.206
64.147
63.777
63.86
63.813
63.603
63.538
63.473
46.999
46.96
