46.97
47.413
45.207
46.154
55.729
54.985
54.546
54.106
54.333
54.123
53.986
53.972
54.318
54.494
54.795
54.922
55.228
54.44
56.099
54.921
54.961
54.935
54.986
54.769
54.995
54.904
55.058
55.006
55.097
55.098
55.025
55.006
54.949
55.103
54.924
55.179
54.885
55.055
54.807
54.939
54.874
55.085
54.867
54.906
54.884
55.137
55.088
55.117
55.009
55.292
55.271
55.095
55.496
55.199
55.266
55.61
54.575
54.868
55.161
73.869
74.004
66.969
66.944
74.005
74.024
74.061
73.99
74.065
73.901
73.95
73.999
74.018
73.996
74.033
74.083
73.904
66.818
67.063
66.881
66.977
68.22
69.463
69.069
69.017
69.037
69.031
68.995
68.978
68.826
68.832
68.82
68.858
68.872
68.965
71.362
70.887
70.972
70.911
70.809
70.881
70.946
70.033
69.121
68.981
70.977
55.135
54.979
74.25
73.941
73.958
73.942
55.66
55.049
54.071
53.093
52.805
53.195
52.966
52.533
53.79
53.768
53.745
53.75
54.015
54.378
54.594
54.557
54.851
54.69
54.612
54.769
54.692
55.051
55.165
55.214
55.26
53.722
45.991
45.921
45.876
45.597
55.281
55.023
54.792
54.504
54.927
54.748
54.937
55.254
55.057
55.419
54.974
55.417
55.131
55.255
54.915
55.074
54.964
55.104
55.245
55.24
55.288
55.176
55.399
55.251
55.397
55.363
55.551
55.394
55.52
55.801
55.249
55.439
55.267
45.988
46.164
46.03
45.737
47.165
53.509
59.853
61.072
61.107
60.671
60.626
60.292
60.77
60.858
61.173
61.619
61.885
62.119
62.294
62.244
61.841
61.75
61.951
62.054
62.174
62.214
62.151
61.901
61.699
61.894
61.736
61.876
61.986
62.045
62.031
62.073
62.04
62.043
62.023
61.982
62.026
62.008
62.023
62.014
62.011
61.969
61.89
61.797
61.844
61.891
61.918
61.825
45.546
45.68
45.582
47.297
63.25
62.975
62.681
62.56
62.731
62.892
63.092
63.389
63.465
63.705
63.73
63.776
63.796
63.833
63.956
63.952
63.942
63.915
63.935
63.837
63.721
63.512
63.258
63.514
63.441
63.698
63.654
63.765
63.747
63.924
63.948
63.991
63.994
63.894
63.844
63.396
63.033
62.378
61.878
61.603
61.44
61.333
61.569
61.387
61.501
61.336
61.05
61.439
61.552
61.55
61.466
61.407
61.544
61.648
61.679
61.689
61.697
61.777
61.862
61.964
62.04
61.978
62.032
61.99
62.044
61.961
61.908
56.24
46.382
47.893
58.082
57.982
45.841
46.041
45.728
45.396
45.35
46.231
46.18
46.027
46.181
45.561
46.105
45.981
45.964
46.022
45.54
46.335
44.919
44.827
62.436
62.747
62.576
62.901
63.225
63.388
63.129
63.501
63.874
63.873
44.414
45.03
45.079
45.273
44.907
45.293
44.725
44.821
44.916
44.925
44.934
44.898
45.225
45.289
45.191
44.143
64.312
64.154
64.187
64.162
64.034
63.758
63.669
63.461
63.338
45.063
44.098
45.365
44.989
44.613
45.474
64.668
64.198
64.108
64.004
63.797
63.806
63.815
63.695
63.861
63.899
63.868
63.961
64.07
64.131
63.932
64.177
64.357
63.661
62.966
44.935
44.541
45.74
45.105
64.889
65.043
64.392
64.216
64.393
64.675
64.978
65.054
65.658
65.765
65.978
66.188
66.296
66.249
66.177
66.164
66.14
66.03
65.921
65.835
65.925
65.753
65.88
66.007
65.769
65.384
65.373
65.76
55.893
60.905
65.917
66.018
65.882
65.755
65.67
65.086
64.649
64.248
64.11
63.793
63.518
63.493
63.308
63.022
46.031
45.28
44.755
44.796
46.238
44.946
44.4
63.803
64.284
64.116
63.829
63.702
63.697
63.688
63.751
54.262
59.03
63.797
63.797
63.754
63.784
63.776
63.824
63.799
63.77
63.791
63.75
63.685
63.772
63.787
63.762
63.769
63.677
63.856
64.036
63.717
63.94
63.874
63.953
63.756
64.045
63.806
63.778
63.876
64.076
64.053
64.005
64.05
63.947
63.953
63.855
63.942
64.047
64.095
63.852
63.895
63.937
46.33
46.805
46.646
