47.021
46.981
46.757
49.318
64.957
64.746
55.184
59.837
64.49
64.776
64.812
64.909
65.085
65.484
65.708
65.797
66.005
66.208
66.232
66.147
66.063
65.948
65.493
65.598
65.546
65.515
65.627
65.432
65.596
65.55
65.373
65.597
65.439
65.562
65.679
65.584
65.873
65.889
65.997
65.797
65.847
65.754
65.963
65.862
65.851
65.841
65.803
65.758
65.982
66.007
66.014
66.032
65.884
66.004
65.814
65.847
65.782
65.955
65.996
66.068
65.939
65.963
65.826
65.725
65.431
65.165
69.005
69.051
68.873
68.695
68.787
68.879
68.962
69.161
63.242
63.723
69.557
69.422
69.259
69.095
69.337
69.06
55.458
53.204
59.568
65.932
65.992
65.879
66.006
66.015
66.104
42.941
43.256
65.989
66.071
66.003
65.871
74.075
74.11
74.086
74
74.031
74.031
74.078
43.283
43.047
42.983
65.527
74.011
73.693
73.969
74.028
74.017
74.005
74.196
74.168
68.077
61.987
63.088
62.787
62.747
62.456
62.667
62.735
62.829
63.193
63.154
63.319
63.484
64.33
64.507
64.588
64.771
64.331
64.063
63.156
62.554
61.953
58.503
58.429
58.355
63.003
64.066
63.667
63.551
63.685
63.554
63.577
43.003
43.04
63.965
63.644
63.503
63.386
63.967
64.373
64.64
64.445
64.328
64.214
64.072
63.927
63.686
63.443
63.07
63.299
63.12
62.771
62.931
62.292
62.263
61.561
61.309
61.057
60.798
60.924
61.163
61.307
61.547
61.691
61.983
62.003
61.864
61.621
61.436
61.513
61.632
61.479
61.324
61.304
61.483
61.629
61.614
61.642
61.652
61.712
61.499
61.569
61.278
61.433
61.678
61.821
61.759
61.63
61.47
78.095
78.137
43.385
43.551
48.672
46.627
47.776
48.926
43.971
43.489
43.225
43.032
78.125
78.047
77.86
77.798
63.607
63.036
62.595
62.483
62.395
62.655
62.638
62.313
62.972
63.801
63.895
64.01
64.146
64.126
63.95
63.802
63.886
43.401
43.439
49.674
55.688
61.702
76.051
76.029
63.299
64.457
64.464
64.521
64.403
64.336
64.212
63.981
63.702
62.68
63.522
63.318
63.624
63.985
64.044
63.972
63.833
63.801
63.873
63.559
63.597
63.437
63.23
62.75
62.657
61.677
61.029
60.326
59.021
58.69
61.101
61.714
62.037
56.549
57.621
56.649
56.858
56.184
59.14
62.096
61.78
61.551
61.489
61.449
61.461
61.535
61.582
61.65
61.653
61.637
61.604
61.648
61.658
61.791
61.438
61.508
61.579
61.542
61.396
61.216
60.909
75.822
75.883
75.983
76.006
76.111
61.55
63.528
45.597
45.1
