43.711
66.831
66.853
66.848
66.883
48.493
52.605
56.716
57.138
56.817
56.867
56.848
57.037
56.775
56.958
56.922
56.89
56.983
56.843
56.879
56.304
54.075
54.825
55.141
55.194
55.415
63.976
64.132
60.554
56.977
56.429
56.928
57.224
59.372
61.519
61.477
61.397
61.359
61.313
61.241
61.354
61.489
61.771
61.85
61.684
61.578
61.566
61.517
61.564
61.553
61.439
61.37
61.377
61.461
61.478
61.538
61.638
61.843
61.595
57.565
56.787
57.138
56.661
50.747
56.292
61.836
61.74
61.953
61.935
62.137
61.933
61.52
61.533
61.668
61.772
61.875
62.037
62.119
62.243
62.121
61.964
61.94
61.901
61.766
61.605
61.608
61.594
61.62
61.744
61.79
61.921
62.051
62.06
62.207
62.247
43.382
43.465
43.985
44.069
44.792
45.994
45.709
44.643
43.578
48.634
49.907
50.215
61.635
62.925
64.839
62.847
60.791
44.115
43.731
44.365
43.987
43.426
50.068
50.943
50.327
49.712
50.789
51.866
52.538
52.118
51.698
51.373
56.749
61.973
61.991
62.003
61.457
62.029
61.092
61.227
62.094
62.475
62.29
62.23
62.092
62.361
61.439
57.665
58.024
58.382
52.248
56.604
56.22
55.836
50.193
56.042
61.89
61.847
61.849
61.772
61.846
61.902
61.907
61.974
58.361
58.144
46.757
46.218
46.512
45.89
45.999
45.823
45.648
45.127
52.878
53.002
53.127
49.594
46.062
45.947
67.534
67.07
67.091
67.731
67.553
67.817
67.911
68.152
68.479
68.677
68.725
68.803
68.882
68.858
68.989
68.873
69.026
68.622
68.578
62.986
57.393
55.051
60.133
65.214
66.94
66.717
66.32
66.587
66.585
66.748
66.696
66.736
66.712
66.748
67.17
67.73
67.625
67.99
60.489
52.988
52.863
53.151
46.573
46.106
69.334
69.895
70.482
70.64
70.755
70.837
71.057
71.281
71.57
71.941
72.241
72.495
72.471
56.209
55.447
72.077
71.985
71.957
71.911
71.79
63.967
56.177
54.56
54.674
54.789
50.766
46.744
46.34
45.321
46.199
45.91
68.958
69.343
69.318
69.197
69.092
68.87
68.683
68.41
68.199
55.886
56.235
55.894
68.321
68.493
68.682
68.873
68.882
68.633
62.216
55.798
54.926
54.75
54.574
55.333
54.742
67.134
66.298
66.036
66.032
66.126
66.405
66.541
66.403
66.272
66.251
66.241
62.661
59.082
59.355
59.149
58.943
45.592
46.43
48.445
50.461
64.599
65.046
53.324
68.447
83.571
83.562
64.824
64.913
64.997
64.922
64.902
65.272
64.765
64.448
44.888
44.961
45.138
45.008
45.036
44.789
45.372
44.617
44.237
44.083
59.675
59.774
60.079
60.08
67.089
66.469
66.618
66.703
66.712
66.846
66.83
66.803
66.497
66.362
66.36
56.622
55.495
52.705
52.133
51.805
52.294
52.106
52.125
51.534
51.494
51.96
52.74
50.765
65.535
66.303
66.689
66.733
66.633
66.922
67.11
67.154
67.361
68.606
69.026
68.958
69.021
69.094
68.556
68.616
68.114
67.238
66.428
65.295
65.062
64.132
64.268
64.178
64.333
64.62
64.319
64.47
64.435
64.673
64.487
64.79
64.703
64.869
65.035
64.951
65.039
59.548
60.035
64.757
64.78
64.834
64.972
64.924
64.611
64.95
65.476
66.003
65.585
65.167
60.778
61.107
61.436
61.366
56.981
