59.017
62.167
62.043
62.016
62.235
61.882
61.896
60.3
60.072
62.667
61.762
61.736
61.834
61.775
61.927
62.078
62.386
62.956
63.015
63.519
63.78
64.058
64.012
63.786
63.765
62.725
62.773
62.166
61.94
61.568
61.463
61.551
61.714
61.814
61.538
61.252
62.665
64.078
64.043
57.085
56.878
56.818
57.629
58.44
57.627
57.002
56.761
56.495
56.355
56.63
56.571
56.254
57.2
56.609
63.582
63.931
63.96
63.989
64.132
63.982
64.786
65.589
65.804
66.342
66.736
67.158
67.692
68.267
68.641
69.095
69.296
69.258
69.387
69.353
69.28
69.232
68.987
68.848
68.64
68.136
68.009
65.97
63.932
64.068
63.722
64.573
65.424
65.956
65.877
65.797
66.025
65.616
66.489
66.728
66.676
66.759
67.123
67.332
67.683
67.109
67.217
67.257
67.229
67.285
67.402
67.099
67.406
67.056
66.838
67.023
67.057
67.025
67.13
66.962
66.995
66.846
66.89
66.933
66.979
67.026
67.02
66.958
66.496
64.758
64.602
64.628
64.655
64.47
64.308
64.282
64.274
64.653
64.95
65.786
65.974
66.582
66.491
66.242
66.051
66.052
65.88
65.838
65.889
66.008
66.065
66.137
66.092
66.014
66.049
66.043
66.062
66.109
66.044
66.16
65.992
66.268
66.151
63.756
61.36
61.247
61.17
45.839
44.209
49.782
47.254
47.942
48.63
45.119
43.169
51.752
49.724
47.695
43.117
44.275
44.733
45.191
59.31
59.456
59.203
58.949
59.039
64.928
70.817
70.772
70.853
70.819
58.931
58.983
58.981
58.978
59.055
59.131
59.061
58.992
59.069
70.992
71.023
64.874
64.463
64.852
65.126
65.487
65.367
65.48
58.522
59.269
58.845
58.745
59.703
58.547
61.626
59.84
58.328
59.845
61.262
61.487
61.818
61.728
61.753
61.772
61.371
60.395
60.536
60.677
59.169
58.911
58.507
58.572
58.284
58.023
58.065
58.127
58.049
58.078
57.964
58.187
58.165
58.479
58.644
58.723
58.661
59.076
59.555
59.994
60.671
60.92
61.223
61.253
61.165
61.356
61.479
66.865
66.786
62.965
63.113
63.616
63.921
64.147
64.129
63.946
63.763
63.754
63.85
63.781
63.785
63.783
63.76
63.739
63.626
65.337
67.048
66.993
66.939
66.745
66.558
66.462
66.471
66.601
66.801
67.108
66.9
66.854
66.698
66.616
66.517
66.6
66.799
66.875
67.2
66.816
66.788
66.903
66.634
66.733
66.67
66.604
67.131
66.782
67.04
66.826
66.796
66.916
66.718
66.909
66.875
66.924
66.964
66.971
66.96
