47.825
46.895
45.608
66.42
66.594
63.74
63.476
65.866
65.354
65.813
66.161
66.165
66.086
65.979
48.809
46.227
47.233
48.065
45.805
47.458
47.03
46.638
47.904
46.21
47.105
48.001
65.551
65.689
63.423
63.627
65.372
63.964
66.061
66.131
66.035
65.919
65.895
62.943
62.874
63.115
63.129
63.143
62.95
62.707
63.251
62.903
63.093
63.282
59.042
59.037
59.095
59.153
63.064
66.124
66.07
65.923
65.954
65.862
66.153
65.967
65.939
65.929
66.008
66.082
66.091
66.074
65.875
66.099
66.333
66.035
66.202
66.133
66.302
66.019
66.079
66.083
65.947
66.144
66.267
66.095
65.923
46.689
47.044
66.106
65.995
66.118
66.12
65.994
65.614
65.234
62.952
62.943
57.603
52.264
46.88
47.161
46.758
45.554
63.472
63.805
63.613
63.421
57.323
49.577
49.087
49.423
47.645
52.295
51.503
58.927
58.735
59.134
58.901
57.538
57.044
56.573
56.93
56.598
57.975
58.451
58.827
62.861
62.92
62.999
62.959
62.781
63.138
62.891
62.98
63.068
63.117
59.091
59.034
59.092
63.049
62.883
62.994
63.008
62.87
58.665
58.789
58.828
58.891
58.996
59.027
58.959
58.953
59.054
59.028
58.942
58.942
58.924
58.994
59.08
59.21
59.201
59.141
59.105
59.089
59.037
59.027
59.032
58.999
59.032
59.235
59.227
59.055
58.988
58.965
58.807
58.216
58.978
58.519
58.176
58.67
58.553
58.752
59.002
59.178
59.361
59.434
59.31
58.906
59.898
60.89
60.777
60.664
60.852
60.757
60.985
61.027
60.706
60.702
60.802
61.24
61.145
61.16
49.908
57.715
65.521
66.09
65.981
66.093
66.007
65.85
65.967
66.007
62.859
62.751
62.897
62.823
62.886
62.844
60.906
58.968
74.966
75.166
63.947
64.232
64.215
64.693
64.065
64.965
64.645
65.37
65.572
65.806
66.139
66.382
66.558
66.441
66.405
66.369
66.252
66.22
66.191
66.104
66.159
66.426
66.345
66.494
66.386
66.328
66.398
66.471
66.491
66.254
66.395
66.195
66.176
66.292
66.257
66.215
66.162
66.203
66.327
66.382
66.439
66.337
66.319
66.294
66.714
66.556
66.343
66.21
65.993
65.912
66.109
65.94
66.031
65.961
65.962
66.014
66.026
65.992
65.977
66.049
66.088
66.041
65.994
48.52
49.663
50.127
49.179
50.064
50.949
51.439
49.2
52.976
51.372
49.767
60.648
60.087
60.209
60.561
60.955
61.01
61.033
60.938
60.742
60.832
60.953
60.683
59.805
56.854
59.645
62.435
63.195
63.163
63.589
63.459
63.314
63.201
63.102
63.21
63.227
63.22
63.01
62.42
61.834
60.673
60.675
60.633
60.872
61.118
61.132
61.145
66.002
66.064
61.159
61.139
60.811
65.994
66.038
66.061
65.951
66.08
62.798
59.515
59.529
59.676
59.391
59.249
59.407
59.522
59.497
59.537
59.759
59.413
59.749
58.902
70.979
70.975
71.094
71.018
58.835
58.345
58.402
58.012
58.374
58.699
58.495
58.781
58.999
58.716
58.552
59.037
58.887
58.745
59.024
59.057
59.093
59.337
59.254
59.301
59.189
59.238
59.382
59.197
58.591
64.538
65.336
66.134
65.97
59.184
59.352
59.52
59.273
58.954
58.738
58.615
58.652
58.751
58.671
58.718
58.802
58.79
58.727
58.868
59.005
59.125
59.056
59
59.009
59.03
58.878
58.882
58.811
44.348
43.569
43.641
43.713
43.61
44.52
44.128
45.179
58.645
59.255
59.278
59.331
59.459
59.217
58.975
44.835
44.262
44.767
49.771
50.27
55.503
60.736
60.5
60.99
61.127
61.166
61.312
60.896
60.629
60.291
60.576
61.306
49.632
49.644
70.254
70.091
66.529
62.968
63.039
63.021
63.055
62.796
62.993
62.976
62.751
62.662
62.83
63.003
63.176
60.995
58.814
51.835
50.702
58.729
58.546
65.297
64.982
65.131
65.229
65.397
65.632
65.697
66.086
66.437
67.004
67.399
79.802
80.045
67.945
67.888
67.874
67.863
67.91
67.988
68.095
68.08
68.018
68.043
68.027
67.942
67.947
67.987
67.949
67.903
67.913
67.884
67.834
67.848
67.97
67.959
67.903
67.766
67.911
67.884
67.69
67.963
67.9
67.895
67.974
67.928
67.853
67.941
67.946
67.853
67.939
68
67.99
68.022
68.043
67.995
67.94
68.046
68.021
68.019
67.972
67.961
68.006
67.992
68.004
68.003
67.977
67.951
67.966
67.913
67.851
67.818
67.851
67.905
67.93
67.97
67.964
67.972
67.991
68.067
68.058
68.009
68.04
68.006
68.008
67.964
67.873
67.807
67.755
67.82
67.768
46.856
47.689
47.979
44.862
45.974
46.319
48.06
48.242
47.567
47.717
47.867
47.581
47.295
47.52
45.939
46.307
46.652
47.346
47.247
47.17
45.719
46.204
47.006
46.987
46.464
45.057
43.65
52.397
61.144
60.891
61.089
61.048
60.822
52.877
43.044
47.014
47.531
48.048
47.528
47.008
48.147
