70.994
70.989
70.932
70.964
70.938
71.013
71.088
71.124
71.005
70.904
70.829
70.749
58.827
58.91
58.918
58.83
58.953
70.951
70.806
59.123
58.973
58.824
58.86
58.826
58.839
58.928
64.685
64.52
64.56
64.519
64.581
64.712
65.164
65.6
66.067
66.258
66.169
66.072
65.957
65.841
65.602
64.777
63.429
58.976
58.699
58.789
58.981
59.793
60.606
61.163
61.097
61.569
61.865
61.734
61.631
60.707
60.395
59.837
59.196
58.614
58.535
58.693
58.78
58.729
58.733
58.876
58.967
59.058
59.044
58.962
58.936
58.967
58.926
58.979
59.13
59.228
59.592
66.896
66.916
66.901
66.951
66.892
66.973
66.912
63.11
63.225
63.09
63.227
63.573
63.922
64.161
64.335
64.395
64.297
64.179
64.061
64.016
64.021
63.988
64.065
64.135
64.113
64.119
64.153
64.326
64.177
64.061
63.957
64.017
64.054
64.064
64.114
64.073
61.46
58.846
58.914
58.85
58.731
58.613
51.634
51.741
52.325
51.511
52.189
51.624
52.74
67.03
67.044
67.116
66.972
67.086
67.052
67.059
67.124
67.054
67.051
67.013
66.794
54.399
54.428
59.21
63.993
63.999
63.885
63.771
63.733
63.852
63.912
63.9
63.924
63.782
63.804
63.862
63.916
64.134
64.121
63.986
63.948
63.896
63.845
58.616
58.152
57.626
57.32
57.215
57.111
56.799
57.112
60.623
64.134
64.106
64.007
64.083
66.753
66.858
66.931
67.152
67.511
67.838
68.259
68.351
68.59
68.84
68.838
68.685
68.601
68.46
68.324
68.258
68.118
67.937
67.107
56.945
56.487
67.379
66.681
66.323
66.267
66.06
65.643
64.507
56.856
56.922
64.576
65.893
66.619
66.759
66.601
66.691
66.708
66.639
66.712
66.849
66.92
66.843
66.767
66.881
66.989
67.047
67.063
67.181
67.116
66.958
66.774
66.69
66.291
65.582
64.822
64.228
63.808
63.979
64.433
64.814
64.637
64.158
64.17
64.332
64.295
64.218
64.602
65.236
65.413
65.601
65.789
66.1
65.852
66.274
65.73
66.158
65.692
66.134
66.025
66.174
66.146
65.967
65.811
65.754
65.7
65.744
65.601
65.394
65.357
65.147
64.718
64.69
64.369
63.865
63.381
63.549
63.201
80.335
78.613
63.221
63.103
62.762
62.364
64.271
64.063
62.121
62.201
61.881
64.346
63.424
62.386
61.54
61.272
64.029
64.129
62.706
61.284
61.628
54.505
47.382
45.556
61.147
61.508
61.809
61.543
61.277
61.61
61.966
62.323
61.64
61.888
62.234
62.051
61.868
61.826
62.132
62.115
61.85
61.882
62.273
61.921
61.682
61.081
61.342
61.603
62.006
62.319
70.905
70.865
70.893
63.833
64.153
64.504
64.469
64.501
65.138
65.488
65.714
65.655
65.725
65.825
65.922
65.997
65.962
65.725
65.688
65.781
66.088
66.177
66.077
66.076
66.075
65.839
65.04
58.831
52.622
49.273
45.321
47.24
46.592
67.934
67.345
67.163
66.912
67.049
67.388
67.441
67.276
67.263
66.949
66.635
66.6
66.542
66.489
66.587
67.066
66.892
66.907
66.819
66.632
66.745
66.646
66.503
66.504
62.186
51.618
51.941
51.932
52.59
51.333
52.884
52.098
51.311
52.066
52.054
51.52
50.744
49.969
52.048
52.126
51.811
59.33
58.845
58.687
55.238
51.789
50.949
57.653
58.495
59.079
60.078
61.243
61.388
60.704
61.183
61.231
60.96
61.344
61.065
61.085
61.369
61.303
61.054
60.857
60.076
59.294
60.539
61.783
