61.104
77.998
78.005
78.015
78.037
78.051
77.955
77.965
61.03
60.942
60.889
60.696
60.644
60.957
61.15
61.197
61.208
65.621
59.744
60.362
60.979
60.473
60.622
60.771
60.89
61.113
61.003
60.892
69.973
69.933
65.994
66.055
61.137
61.205
61.124
61.13
61.058
60.944
60.918
60.833
60.788
61.114
59.898
58.682
58.408
58.744
59.146
59.495
59.592
59.868
59.988
60.208
60.483
60.689
60.806
60.881
60.971
61.053
61.041
61.063
61.077
61.028
61.056
61.122
61.224
61.278
61.321
61
60.613
60.918
61.067
62.052
63.036
63.092
63.222
63.015
62.998
63.122
62.867
62.832
62.671
62.167
61.655
60.939
60.393
60.351
60.265
60.36
60.391
60.405
60.694
60.746
60.317
60.019
59.781
59.543
60.192
58.758
58.515
58.473
58.431
58.01
57.989
58.309
58.615
58.714
58.876
59.032
58.966
59.059
59.042
58.92
58.987
59.048
58.917
59.107
59.122
58.976
59.124
59.084
59.103
59.067
59.062
59.134
59
58.952
58.987
58.914
58.919
58.911
58.911
58.942
58.999
59.05
59.107
59.1
59.021
58.981
59.023
58.986
58.989
58.947
58.829
58.855
58.846
58.885
58.913
58.974
59.024
59.023
59.001
58.997
59.016
59.095
58.96
59.048
59.01
59.047
58.948
58.839
78.012
77.987
58.671
58.831
58.911
58.938
59.014
59.038
59.062
59.23
59.265
59.19
59.188
59.086
59.068
59.08
58.971
58.95
58.945
58.929
59.011
58.921
58.921
58.92
59.029
58.857
58.977
58.921
58.939
58.885
58.905
58.935
58.757
58.781
58.837
58.925
58.952
58.933
58.972
58.924
59.069
59.015
59.093
58.986
58.951
58.959
58.959
58.8
58.823
58.842
58.772
58.787
58.862
58.736
58.931
58.862
58.952
58.973
58.933
58.885
58.829
58.96
58.851
58.838
46.648
47.484
46.698
54.82
50.808
60.376
69.943
69.899
70.012
70.018
70.024
50.058
50.667
49.053
49.303
49.173
49.043
66.008
66.082
54.697
54.562
54.427
54.189
49.521
44.854
43.684
50.552
49.978
49.404
70.059
69.934
65.921
66.132
66.001
66.088
65.984
66.036
65.977
65.984
61.159
61.089
73.009
73.076
72.998
73.049
73.083
73.021
73.005
73
73.009
73.097
83.968
84.026
83.988
83.98
84.022
75.02
66.018
44.017
44.227
44.071
44.337
44.01
44.024
44.038
52.221
60.403
51.883
43.362
43.848
72.061
72.093
71.943
71.921
72.057
72.043
72.321
72.031
72.076
71.933
75.05
75.038
43.987
43.676
43.735
43.44
42.959
59.869
74.864
75.132
75.158
75.088
75.165
72.276
72.069
71.894
72.034
43.856
43.704
43.886
44.039
43.928
44.349
44.122
44.168
75.07
75.084
71.969
71.849
71.921
71.967
71.999
44.302
44.212
43.834
44.322
44.556
44.555
43.127
71.988
72.178
43.121
43.776
68.059
68.049
61.063
60.987
56.215
48.11
46.257
47.833
49.41
54.615
54.509
54.941
54.616
55.158
55.462
55.81
55.892
56.021
56.138
55.993
55.898
55.947
55.918
55.865
55.989
56.093
56.066
56.199
56.328
56.238
56.059
55.975
55.957
55.517
55.615
55.853
56.091
55.963
55.951
55.54
55.73
56.088
56.022
56.296
56.515
56.579
56.327
55.28
54.929
54.578
55.649
56.01
56.214
56.576
56.832
57.088
56.987
56.949
56.694
56.465
67.985
67.965
67.878
67.963
68.06
67.737
62.993
59.665
57.749
58.29
57.973
58.286
57.92
56.665
55.661
56.709
57.061
57.413
55.96
52.135
48.31
49.044
63.13
61.751
60.372
60.274
60.34
60.292
60.263
60.238
60.083
60.137
60.277
60.389
60.612
60.664
60.61
60.477
60.45
60.442
60.602
60.816
60.819
60.752
60.812
60.892
60.798
60.777
61.134
61.365
62.094
62.573
62.927
62.49
63.038
62.505
62.823
63.156
63.015
63.489
63.962
64.148
64.73
64.827
65.037
65.139
65.048
65.016
65.055
64.845
64.702
65.004
64.555
64.889
64.875
64.798
64.831
64.955
64.905
64.857
65.016
65.107
64.632
65.103
64.808
65.181
64.695
65.157
65.155
65.134
65.351
65.067
64.977
65.037
64.897
65.116
64.884
64.973
65.268
65.419
65.047
65.13
65.2
64.909
65.184
65.163
64.774
65.253
65.044
64.973
65.191
65.176
65.161
64.98
64.853
65.245
65.261
65.192
65.136
64.847
64.982
65.272
65.032
64.984
64.989
65.08
65.052
65.025
65.28
65.024
64.982
64.854
64.685
64.466
64.781
64.575
64.772
65.076
65.261
65.282
65.159
72.961
72.988
73.024
73.007
72.995
72.995
72.98
73.03
72.975
73.021
72.978
73.028
72.982
72.962
60.598
60.916
48.781
48.951
48.867
61.341
60.948
60.73
61.141
61.151
60.808
61.015
61.17
60.917
60.951
61.227
