48.246
47.649
47.994
48.084
47.67
47.676
48.334
47.666
47.508
47.349
48.611
47.508
47.151
48.86
47.885
46.911
53.415
50.573
54.069
53.676
53.282
53.473
52.144
53.263
52.397
53.059
52.277
52.728
51.299
50.832
52.002
50.105
50.545
49.717
47.922
47.632
47.762
50.807
54.836
54.52
54.162
53.805
57.898
61.99
61.707
49.103
49.28
49.455
49.63
47.852
48.032
47.785
47.903
47.673
53.132
52.768
52.582
52.217
52.14
51.654
52.168
51.284
50.401
53.283
53.485
53.687
52.185
54.311
55.442
54.202
55.427
54.204
55.623
54.425
55.333
54.941
54.657
54.949
55.002
55.256
55.51
56.567
56.309
56.255
56.083
55.957
55.912
56.004
56.056
55.776
55.617
55.086
47.783
47.963
47.439
48.109
47.85
47.706
47.733
47.761
45.887
44.014
57.839
58.296
58.375
58.457
58.383
58.442
58.634
59.008
59.435
59.737
59.786
59.745
59.83
59.838
59.684
59.5
59.264
58.985
42.99
43.05
46.361
49.671
50.459
50.383
50.428
50.417
50.346
50.348
50.59
50.499
55.118
54.819
54.928
55.606
55.251
54.992
54.733
50.615
43.033
42.999
43.357
43.715
43.959
44.203
43.595
43.897
44.198
43.217
43.233
43.59
43.35
54.906
54.886
54.835
55.084
55.03
55.175
55.004
55.42
55.129
55.407
55.063
55.127
54.935
49.884
50.156
50.825
51.415
54.872
54.995
54.856
55.05
55.647
54.037
55.231
54.722
54.793
54.748
54.802
55.02
54.773
54.971
43.364
45.128
44.587
44.046
53.178
55.545
54.658
55.004
55.013
55.023
54.773
44.875
44.223
49.208
49.955
49.521
43.513
44.404
43.741
43.535
43.896
43.485
42.943
44.293
50.04
49.982
50.049
50.016
50.008
49.918
50.045
49.871
49.72
55.303
55.14
55.064
55.082
55.032
55.058
54.77
55.116
54.857
55.403
51.228
52.675
54.259
54.798
55.034
54.916
54.953
54.813
54.636
54.687
54.575
54.082
54.17
54.247
54.435
54.691
54.885
55.035
55.313
54.938
54.845
54.317
54.377
49.367
53.521
57.676
57.468
57.219
57.316
57.548
57.792
58.308
58.759
59.184
59.356
59.371
59.243
59.086
58.718
58.575
44.232
43.623
44.177
44.73
44.676
45.752
46.828
57.419
56.66
55.569
55.721
55.977
55.844
55.847
56.307
56.791
56.878
57.194
44.748
44.933
44.708
44.265
44.764
44.77
57.041
57.223
57.218
57.46
57.466
57.456
57.187
56.841
56.755
56.721
56.809
56.946
57.006
57.103
57.164
57.16
57.269
57.236
56.543
51.53
50.435
49.34
47.502
52.079
56.655
57.281
57.441
57.638
57.47
57.413
57.341
56.859
53.809
44.019
45.086
45.277
45.258
45.109
45.247
44.773
55.802
55.02
55.456
55.164
55.525
55.488
55.317
55.717
55.395
55.307
55.763
55.358
55.851
55.996
56.207
52.092
52.885
52.408
51.932
51.906
51.88
47.878
43.876
45.175
49.251
50.943
49.98
49.018
57.575
56.486
56
55.861
55.947
55.896
56.072
56.509
56.761
57.078
57.2
57.266
57.27
57.17
57.289
57.048
57.288
56.811
56.597
56.616
56.256
55.833
55.578
55.119
44.561
45.192
45.248
45.611
45.974
48.911
51.848
52.115
52.512
56.064
55.843
55.843
55.62
55.495
55.294
54.883
55.13
54.088
54.888
53.807
54.014
54.06
53.029
52.857
52.669
44.591
44.432
51.449
51.313
51.385
45.045
44.879
51.645
51.567
45.25
45.886
45.105
44.325
53.644
52.389
52.088
52.329
52.491
53
53.624
52.044
51.671
51.298
51.556
51.815
58.627
58.618
58.85
58.689
58.626
57.999
58.953
58.723
58.872
58.912
58.868
58.947
59.091
59.149
59.273
59.397
59.081
58.522
56.248
53.975
52.386
52.121
52.253
52.385
48.931
48.422
52.361
52.352
50.949
51.819
51.931
52.06
52.461
52.178
52.081
51.22
50.36
58.833
59.079
59.041
59.212
58.994
58.946
58.898
59
59.108
59.132
59.519
54.124
49.47
50.572
50.48
50.388
50.451
50.488
51.805
53.121
56.242
55.411
57.341
