65.903
66.073
65.962
66.002
66.005
66.01
65.978
65.991
66.122
66.029
66.113
66.198
53.858
53.799
53.807
54.145
53.78
54.03
53.992
53.989
54.11
54.007
54.16
54.063
54.014
54.058
53.992
53.962
53.897
53.654
53.742
53.984
53.984
54.041
54.655
53.823
52.992
55.836
58.681
58.108
57.946
57.679
57.583
59.391
61.198
61.126
60.753
60.852
60.935
61.038
60.858
61.193
49.864
57.93
50.855
52.659
54.462
56.741
59.02
57.344
56.983
57.5
56.363
56.765
57.908
58.467
58.69
63.002
62.999
53.603
54.206
53.775
54.22
53.674
54.257
53.715
53.883
54.257
53.786
54.088
53.956
53.962
53.865
53.794
53.991
58.726
58.956
58.673
58.671
58.814
58.767
59.051
58.966
58.83
58.757
58.665
58.85
58.706
58.936
59.055
59.087
58.91
58.971
58.913
58.992
58.848
58.823
70.845
71.013
71.024
71.143
59.288
59.18
59.26
59.166
59.117
59.082
58.782
62.865
64.675
57.949
58.436
58.666
58.948
58.985
59.074
59.068
58.919
59.016
58.791
58.81
59.302
62.637
62.395
62.153
60.284
60.404
60.184
60.787
60.394
60.525
60.655
60.609
60.63
60.979
60.865
65.806
70.748
71.021
70.854
58.979
59.332
58.926
59.086
60.775
62.464
62.51
62.57
62.509
62.318
62.427
62.435
62.968
75.027
74.899
63.864
64.873
64.313
64.256
64.67
64.362
64.338
64.899
65.044
65.159
65.602
65.981
65.968
66.117
66.15
65.887
65.816
65.645
65.323
65.382
65.59
65.76
65.845
65.989
66.085
66.069
66.012
66.066
65.928
65.859
66.024
66.097
66.013
66.013
65.989
65.817
65.916
66.082
66.359
66.164
66.373
66.579
66.117
65.715
64.879
60.523
57.856
57.648
57.847
57.721
69.981
69.963
69.933
60.462
60.777
61.15
61.093
61.21
61.115
63.46
65.804
78.039
78.072
77.917
78.033
77.968
54.018
53.98
54.204
53.992
54.145
54.134
54.03
60.135
60.813
61.16
61.43
61.233
61.317
61.539
60.918
61.121
61.638
61.471
66.005
66.066
53.713
54.154
54.283
54.411
63.138
63.177
63.154
63.033
63.101
63.209
62.85
62.732
62.79
62.429
62.436
62.062
61.253
61.156
60.647
59.504
60.615
60.762
60.98
61.042
61.029
61.013
60.856
60.62
60.438
60.226
60.254
59.826
59.261
59.094
59.124
58.638
58.593
59.017
58.904
58.823
59.083
58.761
59.079
58.968
58.834
58.837
58.588
58.438
58.248
58.373
58.202
58.032
58.117
58.538
58.041
42.966
43.62
58.865
58.667
58.412
58.742
58.865
58.751
58.941
58.982
58.796
58.609
59.181
51.412
43.642
44.728
59.094
59.201
58.828
58.778
59.097
59.415
52.109
61.435
60.459
59.482
59.126
58.842
58.864
59.171
59.13
58.959
58.586
45.619
45.604
46.981
45.482
45.576
45.67
44.771
58.962
59.063
59.228
67.921
67.928
59.436
59.301
59.212
59.07
58.926
59.017
59.219
58.944
58.483
59.192
59.173
59.108
59.461
59.464
59.427
59.421
59.346
59.242
59.097
59.006
59.068
44.096
44.182
71.028
70.966
61.384
61.21
61.227
61.028
60.798
60.867
60.877
61.154
60.593
61.108
60.966
56.31
55.879
82.245
82.026
82.045
82.026
63.714
63.369
63.263
63.157
63.053
63.109
63.257
62.949
62.64
62.797
63.002
62.951
63.125
63.3
63.638
64.242
64.458
64.614
64.583
65.122
65.666
66.402
66.599
67.028
67.31
67.432
70.028
69.912
69.986
68.13
68.305
68.481
68.647
68.648
68.595
68.541
68.529
68.392
68.532
68.481
68.605
68.47
68.365
68.518
68.338
68.675
68.294
68.349
68.194
68.228
68.197
68.166
68.127
68.116
68.151
68.023
68.091
68.048
68.162
68.325
68.275
68.283
68.432
68.417
68.211
68.172
68.097
68.099
68.096
68.148
68.243
68.418
68.364
68.242
68.253
68.259
68.313
68.265
68.308
68.161
68.106
68.318
68.356
68.231
68.117
67.865
63.925
63.984
63.856
63.999
63.965
63.931
64.072
63.796
64.093
64.053
51.347
51.722
52.185
52.435
52.032
51.635
51.946
51.889
52.012
71.719
72.213
72.232
72.455
66.516
66.642
66.676
66.476
66.719
66.483
67.081
67.217
67.5
67.649
67.915
68.01
68.151
68.125
68.099
68.043
68.119
68.086
67.782
67.355
66.974
65.878
64.97
64.984
65.558
65.566
65.697
65.785
65.734
65.738
65.887
65.907
65.743
65.748
65.746
65.642
65.613
65.498
64.837
65.23
65.021
65.482
65.662
65.736
65.81
65.603
65.663
65.736
65.577
65.749
73.238
73.279
69.707
66.135
66.055
66.279
66.566
66.319
66.15
66.134
66.278
66.325
66.199
66.137
65.944
66.263
65.917
64.453
65.868
65.958
66.009
65.917
65.992
66.104
66.038
65.984
66.155
65.927
66.017
66.108
65.667
65.913
66.146
65.732
66.168
66.185
65.802
66.048
65.997
65.923
66.12
65.948
65.985
66.116
65.92
66.183
