49.856
50.602
49.123
50.375
50.515
50.025
48.89
49.923
50.531
49.57
49.002
49.777
50.821
48.838
50.501
49.772
66.895
58.071
49.247
50.08
49.41
48.74
56.753
69.144
68.98
69.103
68.924
69.032
68.945
69.158
68.916
69.092
69
69.059
68.965
69.026
69.053
69.01
68.959
43.66
45.207
44.469
44.805
45.141
44.578
45.037
44.61
44.656
45.641
46.627
50.279
53.954
53.596
53.238
49.647
50.111
49.952
49.98
50.247
46.896
45.369
45.844
53.754
53.303
54.04
54.777
54.311
53.545
54.167
52.071
49.976
51.031
53.38
51.841
50.303
48.706
47.109
48.505
49.901
46.006
46.846
48.776
50.706
53.073
55.44
56.021
44.698
46.164
55.967
50.86
45.752
46.074
56.289
57.685
57.804
57.924
56.163
44.485
45.941
81.008
81.002
70.439
59.876
50.047
49.571
50.023
49.557
50.026
56.706
57.46
57.291
56.55
57.038
56.929
56.821
56.591
57.331
57.124
56.694
57.172
57.028
56.846
55.842
54.838
57.524
56.47
57.659
56.795
56.926
56.841
57.052
56.98
56.996
57.088
57.619
56.761
57.121
56.963
56.89
56.896
56.996
57.16
56.902
57.292
52.228
55.779
59.329
59.594
58.035
57.168
57.321
56.978
61.259
61.737
61.92
61.953
61.965
61.977
62.017
62.064
62.142
61.943
58.845
58.915
58.833
60.131
61.178
62.225
61.725
60.036
59.93
59.519
59.108
58.936
58.862
58.848
58.938
59.103
59.262
59.352
59.448
59.069
58.686
57.778
50.392
50.179
49.966
47.2
51.311
55.422
58.011
57.576
57.92
57.983
57.864
58.003
58.336
58.591
58.834
58.976
59.035
58.952
58.928
58.469
55.766
54.739
54.905
54.88
61.554
61.348
60.365
59.739
50.502
50.574
49.733
49.38
47.915
48.433
48.95
49.587
54.668
55.014
53.829
54.04
54.345
54.649
55.146
51.032
46.919
50.991
55.063
55.157
55.109
55.17
55.173
55.176
43.364
42.967
43.317
43.39
43.004
43.138
43.111
43.085
50.664
50.911
50.73
50.832
50.995
50.772
51.03
49.951
50.1
50.052
50.137
50.376
50.309
50.535
49.448
56.816
56.395
55.973
54.143
52.312
53.623
60.238
51.971
53.621
55.27
43.032
43.434
51.831
55.509
55.029
54.44
53.597
52.527
54.663
54.662
54.741
55.204
43.028
43.141
54.23
56.793
57.767
57.381
57.559
57.067
57.603
57.755
58.029
58.166
58.747
59.182
59.289
59.479
59.354
59.302
59.201
59.079
59.171
59.057
59.092
59.002
59.184
59.216
59.046
58.974
58.865
42.988
43.548
