75.849
75.925
76.009
76.1
76.083
57.866
56.381
56.576
56.055
56.452
56.751
57.223
57.562
57.814
58.208
58.433
58.751
58.912
58.906
59.72
60.52
60.012
59.695
60.27
60.174
60.532
61.038
61.145
61.631
62.008
62.031
61.847
61.679
61.863
61.786
61.436
60.676
73.964
73.941
73.89
73.947
74.065
74.11
62.921
62.428
62.269
61.864
61.72
61.663
61.364
61.308
61.386
61.655
61.68
61.825
62.012
61.958
61.812
61.815
61.689
61.663
61.677
61.821
61.684
61.557
61.402
61.268
61.727
61.674
61.387
61.336
61.396
61.499
61.505
61.594
61.753
61.799
61.798
61.81
61.893
61.817
61.714
61.652
61.687
61.812
61.829
61.78
61.722
61.716
61.637
61.574
61.536
61.645
61.824
61.853
61.661
61.353
61.51
61.666
61.747
61.802
61.647
44.056
43.626
43.932
43.731
43.897
43.585
43.725
46.116
48.507
47.463
46.131
44.799
44.965
44.679
44.641
44.603
44.784
43.759
44.926
44.831
45.042
45.199
45.33
45.248
44.953
45.051
45.961
46.871
48.53
50.188
45.969
44.875
45.082
45.214
45.346
44.586
43.962
43.338
44.727
45.06
45.264
45.398
45.222
45.316
44.744
45.993
47.241
71.053
71.032
71
45.212
43.431
48.638
49.783
58.416
57.877
57.875
58.385
58.863
59.035
58.959
59.034
58.968
58.821
58.815
58.645
58.47
58.48
58.21
58.552
58.807
58.931
58.873
44.785
45.125
44.525
44.532
44.487
45.934
61.52
61.16
61.223
61.333
60.095
60.61
61.125
61.368
61.611
61.671
61.775
62.218
62.661
63.018
63.565
62.121
61.795
61.588
60.93
61.131
61.3
61.123
61.27
61.559
61.664
61.681
61.698
61.722
61.798
61.502
62.115
61.843
61.865
61.888
61.873
61.859
61.832
61.869
61.92
61.822
61.78
61.776
61.828
61.896
61.633
62.004
61.918
61.689
62.095
61.787
61.993
61.847
61.769
62.009
61.941
61.938
61.744
61.69
61.691
61.678
61.636
61.619
61.701
61.683
61.774
61.836
61.67
62.039
61.805
61.842
61.857
61.946
61.837
61.623
61.587
61.766
61.966
61.925
61.601
61.543
62.632
61.696
61.82
61.598
61.962
62.74
63.996
66.544
64.247
61.95
62.668
61.719
61.924
62.512
62.234
55.981
56.904
57.101
68.861
69.17
62.975
59.657
64.328
53.679
61.441
69.203
69.238
62.434
61.944
61.924
68.864
69.025
69.107
69.158
69.177
69.166
69.053
68.933
61.466
55.147
62.044
68.94
69.025
69.275
68.824
62.445
62.143
61.631
61.684
61.737
61.686
61.635
45.147
43.578
69.458
69.187
68.818
71.288
70.082
68.876
69.089
69.302
69.262
69.242
69.137
68.942
68.787
56.725
62.82
62.587
62.354
46.257
47.009
69.006
68.945
68.808
68.847
69.025
70.26
46.674
44.841
69.423
69.009
56.769
57.037
68.816
69.093
69.164
62.172
61.712
61.62
61.529
61.084
60.64
60.189
61.174
61.087
48.744
49.143
50.53
49.678
