57.577
57.139
57.019
56.9
56.486
55.829
56.844
56.786
56.727
56.565
56.403
50.27
50.224
50.172
50.549
62.052
62
62.026
62.11
62.364
60.367
61.149
61.606
61.964
61.786
61.693
61.714
62.348
61.055
59.478
59.978
59.845
59.709
59.62
59.531
59.415
59.482
59.549
49.744
50.643
54.442
58.241
51.655
54.626
57.596
57.688
57.862
58.191
57.875
58.013
57.865
57.693
57.561
57.585
57.614
57.68
57.777
57.874
57.985
58.069
70.076
71.948
72.021
71.963
66.171
60.378
59.872
60.026
59.729
60.162
49.117
54.587
60.058
59.73
59.976
59.868
60.128
59.865
59.239
55.285
55.879
52.855
53.12
53.027
52.935
59.645
60.15
60.446
60.351
64.996
64.952
55.487
46.022
45.321
63.586
62.92
62.767
62.592
62.518
62.388
62.491
62.343
62.276
62.299
62.37
62.303
62.146
61.379
62.029
53.051
53.128
49.95
57.223
64.496
64.926
64.891
64.841
64.667
64.754
64.821
64.88
65.245
65.141
65.034
65.044
56.204
55.725
65.18
65.194
65.331
65.082
64.64
64.775
53.621
53.022
53.037
52.84
53.108
52.911
64.376
62.869
62.662
62.696
62.638
62.723
62.717
62.595
62.432
62.229
61.996
61.902
61.963
61.998
62.347
62.41
62.421
62.343
62.233
62.105
62.17
62.057
61.037
61.546
62.054
61.746
63.551
65.356
65.454
65.377
65.205
65.171
64.965
64.936
64.908
64.726
64.683
76.724
76.753
76.71
76.668
76.705
74.127
74.183
74.215
74.056
73.482
68.819
64.157
63.544
58.747
53.949
58.65
63.35
63.687
57.793
66.64
65.224
63.808
63.798
63.788
63.868
63.962
63.839
63.686
63.443
75.684
75.736
63.556
63.803
63.773
63.917
63.779
63.826
63.872
64.013
63.993
64.042
64.023
63.958
64.009
64.061
63.9
63.876
63.923
63.953
63.926
63.894
63.922
63.951
63.933
63.906
63.945
63.871
64.004
64.067
64.088
64.071
64.072
64.064
64.053
64.064
64.05
64.084
63.971
63.946
63.986
63.934
63.948
63.901
63.849
63.839
64.125
63.333
63.292
63.252
51.086
54.083
57.08
57.213
57.255
56.404
68.717
68.629
68.133
55.758
55.671
56.127
68.245
80.649
80.732
68.915
69.139
69.338
81.273
81.315
69.35
69.306
81.212
81.165
81.066
81.051
69.052
68.986
68.91
68.949
69.002
68.975
68.91
68.926
68.843
68.869
56.185
55.753
62.302
68.85
68.815
68.837
68.749
68.698
68.619
68.627
57.074
