65.961
67.929
69.896
70.394
70.891
63.534
63.95
64.335
64.645
64.698
64.899
65.358
65.28
65.488
65.311
64.675
72.94
72.842
77.595
77.566
76.878
69.128
61.379
62.075
62.145
62.052
62.133
62.191
62.225
62.407
62.424
62.336
62.091
62.282
62.467
62.489
62.67
62.727
62.801
62.921
62.955
62.978
63.049
62.896
62.697
62.066
61.558
60.809
63.544
70.897
66.122
61.348
61.069
60.861
61.21
61.018
60.764
61.034
61.032
60.753
60.997
60.874
60.947
60.79
61.075
61.256
61.051
61.11
61.208
60.943
61.167
60.929
61.017
61.094
60.821
60.928
60.797
60.768
60.771
60.846
61.128
61.104
69.873
70.016
69.966
66.078
66.028
53.722
53.653
54.158
54.253
69.987
69.982
70
73.047
73.073
73.005
72.996
72.974
73.035
70.026
58.001
58.994
59.82
60.001
60.497
60.716
60.816
60.99
61.11
61.121
60.991
61.234
60.967
61.159
60.921
60.776
60.864
60.86
60.947
60.967
61.017
61.045
61.052
61.002
61.048
60.968
60.892
60.961
60.901
60.978
60.965
60.722
61.053
60.566
66.144
66.082
66.161
62.839
62.829
63.154
63.1
63.058
63.085
63.069
63.073
62.972
62.737
62.797
62.398
62.143
61.047
59.951
60.337
60.013
60.444
60.443
60.533
60.832
60.891
60.875
60.227
63.119
61.761
60.403
60.908
59.236
77.842
82.255
81.989
82.043
59.487
58.959
59.285
59.106
59.101
59.004
59.243
58.914
58.952
59.206
58.88
58.875
58.958
59.378
58.766
58.967
59.115
59.003
59.194
58.47
58.372
58.882
58.807
58.718
58.603
58.866
58.872
59.182
58.445
58.89
59.461
59.215
58.678
58.801
58.925
59.183
58.883
58.46
58.767
59.034
59.064
58.891
58.717
59.166
68.068
68.098
68.129
67.96
59.042
59.013
59.164
59.21
59.339
59.21
58.987
58.942
58.971
58.839
58.518
58.676
58.668
58.659
58.675
58.956
58.988
58.824
58.975
58.934
59.011
58.894
58.845
58.926
59.013
59.162
58.852
58.762
58.892
58.933
58.974
58.931
58.969
59.013
59.042
59.058
59.029
59.023
59.038
59.105
59.025
58.816
58.772
59.096
58.986
58.761
58.535
59.116
59.38
58.021
57.932
58.987
59.141
58.849
58.9
59
58.953
58.908
58.982
58.975
64.049
64.056
64.066
64.043
58.986
58.682
58.972
58.933
58.746
58.44
47.774
47.242
63.014
63.218
63.104
62.642
63.121
63.235
62.62
63.367
63.07
63.121
63.33
62.625
63.12
63.181
62.706
62.774
60.381
60.532
60.684
60.842
60.999
54.559
53.804
54.036
54.267
53.429
