55.242
60.571
65.899
65.925
45.761
44.544
45.668
44.929
44.977
45.053
45.382
44.52
44.511
45.568
43.779
63.546
54.289
45.032
45.027
45.072
45.325
44.922
44.581
44.626
44.672
44.554
44.781
45.007
61.573
62.371
62.575
62.212
61.849
62.462
62.259
62.189
62.604
62.635
62.82
62.639
63.116
63.364
63.334
63.726
63.695
63.434
43.925
43.349
43.503
43.685
43.464
43.366
43.307
43.357
43.404
43.239
43.273
43.307
62.772
63.556
63.737
63.711
63.614
63.578
63.695
63.565
63.721
63.63
63.725
63.741
63.127
62.992
63.314
63.789
63.925
64.011
63.986
63.921
63.948
63.964
63.819
63.975
64.093
63.367
63.627
43.592
43.196
43.615
43.609
57.15
55.926
54.051
52.177
63.934
63.657
63.592
43.788
43.935
43.144
64.473
64.302
64.238
64.131
64.056
63.974
64.265
64.51
64.661
65.063
65.249
65.566
65.943
65.902
65.862
65.617
65.704
65.556
65.524
65.732
65.397
65.537
65.619
65.596
65.803
65.665
65.661
65.671
65.491
65.514
65.28
64.425
63.381
43.855
44.812
47.907
47.306
45.666
44.026
64.412
63.827
63.75
63.779
63.685
63.712
63.702
63.632
63.748
63.755
63.859
63.947
63.874
63.842
63.904
63.712
63.478
62.262
61.114
57.19
56.528
55.865
57.766
43.138
59.547
75.955
75.875
62.845
62.176
62.291
62.184
62.312
62.206
61.573
68.738
75.904
75.878
75.891
75.903
76
76.097
58.531
56.399
56.327
56.523
56.597
56.295
56.145
55.832
56.083
56.331
56.505
56.634
56.724
57.395
57.279
57.284
56.961
57.008
57.004
56.86
56.876
57.177
56.776
57.353
57.537
57.997
58
57.782
57.699
58.077
58.314
57.753
57.676
58.356
58.03
57.749
57.951
58.776
57.847
57.704
74.03
73.99
74.03
73.994
73.981
74.069
74.087
74.018
73.968
73.917
74.008
73.9
61.67
56.391
59.063
50.383
48.101
45.818
44.415
58.959
59.945
59.523
58.914
54.002
57.068
60.133
60.322
61.088
61.384
61.599
61.924
62.033
62.007
62.224
62.247
62.053
62.085
62.007
61.864
61.747
61.599
61.424
61.19
61.519
61.748
61.582
61.344
61.17
61.141
61.122
61.396
61.654
61.699
61.568
61.433
61.485
61.318
60.92
60.862
61.487
61.747
61.849
61.855
62.006
61.857
61.83
61.877
61.958
61.856
61.798
63.553
61.514
61.665
59.232
60.679
62.125
62.42
62.715
62.832
60.715
62.037
63.358
63.941
64.525
64.318
64.032
63.991
64.211
64.545
64.513
64.973
65.192
65.696
65.635
65.888
65.848
66.109
66.145
66.336
66.356
66.258
66.016
65.453
64.938
53.988
52.354
50.719
59.787
68.854
68.863
67.491
66.118
65.581
65.564
65.547
65.35
65.261
65.108
64.89
64.622
64.328
63.672
63.577
62.425
60.14
58.371
56.603
56.683
57.34
57.5
57.661
56.323
57.892
56.142
57.867
56.023
57.72
60.884
64.049
63.798
63.578
63.337
63.542
63.947
44.108
44.221
63.751
63.659
63.851
63.661
63.829
63.64
63.715
63.848
63.578
63.68
63.5
63.592
63.536
63.552
63.599
63.505
63.218
63.4
63.582
63.643
63.599
63.609
63.619
63.716
63.715
63.757
63.74
63.643
63.81
64.032
63.666
63.777
63.636
63.436
63.787
69.967
59.535
58.986
58.438
48.915
49.391
48.704
50.377
