65.023
65.05
49.524
49.048
57.282
62.8
64.423
55.189
55.506
55.479
55.457
55.404
55.506
55.741
55.89
56.109
56.251
56.394
56.529
56.516
56.043
54.56
52.959
50.212
47.465
47.711
48.859
50.007
49.361
56.966
56.039
55.81
55.778
55.823
55.822
55.876
55.878
55.87
55.903
55.793
55.764
55.826
55.807
55.892
56.085
54.968
55.893
56.817
57.362
57.228
58.115
58.29
58.397
58.232
58.249
58.27
58.378
58.582
58.625
59.016
59.351
59.318
59.463
59.49
59.439
59.105
57.749
65.559
55.537
51.929
55.878
59.828
59.421
59.444
59.413
59.235
59.1
59.505
58.996
58.784
59.197
59.131
59.116
59.038
59.117
58.465
57.504
61.292
59.325
57.359
61.094
60.783
61.002
58.922
58.637
58.439
58.204
58.15
58.329
58.416
58.559
57.961
58.156
58.047
58.162
58.094
58.319
58.185
58.139
58.204
57.432
57.301
46.065
45.792
57.712
59.066
57.752
57.301
57.057
56.698
56.709
57.036
56.86
57.355
57.737
58.181
58.297
58.626
58.616
58.454
58.416
58.299
58.152
58.115
58.155
58.221
58.183
58.167
58.155
58.082
58.004
57.877
58.036
57.857
57.818
57.789
57.957
58.152
57.967
58.403
58.206
58.192
57.994
61.189
70.034
69.96
69.974
70.107
70.115
70.046
70.06
70.085
70.052
73.337
72.796
72.314
71.4
70.097
69.641
67.26
67.112
66.909
67.058
66.755
66.523
66.484
66.442
66.53
70
70.149
69.991
69.979
48.021
53.197
58.372
57.62
57.033
56.843
57.092
57.282
57.556
57.982
58.104
58.227
58.171
58.948
66.712
66.699
66.624
66.482
66.576
66.419
65.736
66.23
66.029
57.875
57.835
57.628
57.71
57.615
57.669
57.658
57.717
57.923
58.374
58.253
57.981
60.793
60.3
60.915
60.027
58.195
57.854
61.262
63.175
63.414
63.439
63.766
63.86
64.266
64.546
64.697
64.718
64.775
65.058
65.246
65.155
65.014
64.953
64.748
64.521
64.331
63.073
63.387
62.554
61.722
64.337
64.509
64.698
64.766
64.899
64.891
64.869
64.705
65.048
64.407
64.768
64.419
63.964
63.761
63.847
63.544
63.168
62.951
62.937
62.443
62.639
62.362
62.75
62.689
62.812
62.894
62.671
62.918
62.664
62.908
62.757
62.654
62.588
62.628
62.901
62.785
63.018
62.928
62.944
62.964
62.766
62.791
62.725
62.999
63.379
64.118
64.543
64.92
65.05
65.043
65.284
64.974
65.236
65.454
65.145
65.386
65.465
64.984
65.096
64.077
65.782
65.816
65.841
65.97
64.038
66.057
66.359
65.956
65.807
65.966
66.034
66.038
66.007
65.978
65.993
65.963
65.799
65.593
65.695
65.835
66.016
66.153
66.164
66.089
66.117
66.301
65.941
65.481
60.9
57.872
57.143
61.302
61.4
61.047
60.554
60.496
60.913
60.847
61.141
61.2
61.074
61.395
61.169
60.903
60.876
60.426
