60.522
61.348
61.36
61.358
61.357
61.481
61.391
61.301
61.416
60.376
61.337
61.434
61.406
61.378
61.327
61.365
61.402
61.359
60.183
61.507
61.467
61.465
61.462
61.612
60.967
61.705
61.742
67.48
64.582
61.684
62.726
62.107
61.489
62.058
61.785
61.513
61.613
63.204
61.608
61.558
61.748
61.938
61.682
58.913
56.143
53.309
53.102
52.922
63.492
63.959
64.078
64.037
64.008
63.956
63.994
64.07
64.001
63.941
64.022
64.106
63.916
54.879
55.093
54.404
54.768
64.081
64.582
64.138
63.717
63.788
63.957
64.608
56.775
56.744
61.616
62.285
62.145
61.923
61.701
62.308
62.148
61.766
62.017
49.743
50.797
52.39
53.984
54.264
53.971
54.342
54.921
53.473
52.365
51.021
49.677
50.371
50.548
50.134
49.586
49.802
50.106
50.327
50.112
50.117
55.733
55.489
55.65
55.513
55.887
56.166
55.625
55.57
56.378
64.061
63.918
63.939
63.975
57.131
57.306
57.25
57.003
56.924
57.053
56.797
56.765
57.116
57.078
56.834
57.129
57.376
56.798
56.218
64.026
63.994
63.92
64.037
64.021
56.009
57.121
56.24
55.359
53.817
57.541
55.775
55.482
52.83
53.076
51.307
52.742
51.7
51.363
64.08
64.017
63.974
63.929
64.005
64.03
63.942
63.996
64.586
54.32
54.814
54.621
54.762
54.297
54.295
54.146
63.911
63.966
63.895
63.978
63.939
63.922
54.007
51.752
51.187
50.802
50.939
50.726
50.513
53.582
54.073
54.565
55.402
57.492
57.103
55.559
54.478
54.631
54.222
54.124
54.479
54.149
54.414
54.368
54.046
54.407
54.164
53.963
54.333
54.119
54.423
54.703
61.101
60.965
61.138
61.064
49.762
48.877
47.124
56.083
56.605
55.924
55.639
55.64
55.802
56.953
56.53
56.213
56.506
56.703
56.804
56.932
56.928
56.95
56.967
57.029
56.996
57.077
57.245
57.017
56.353
60.865
68.745
75.863
76.062
78.085
77.949
78.069
68.791
72.423
76.055
76.007
57.138
56.39
56.296
56.203
56.781
57.335
56.69
56.817
54.384
51.95
50.942
50
50.035
50.144
62.021
62.19
62.055
61.873
62.073
62.082
62.15
62.109
62.043
62.101
62.089
62.094
61.906
62.089
61.898
61.93
61.764
62.039
62.314
50.818
50.353
49.984
50.046
50
50.286
50.791
62.161
62.151
61.957
62.078
62.006
61.736
61.762
61.974
53.09
50.323
49.993
49.712
49.639
49.551
61.798
62.042
62.285
62.22
62.154
56.765
53.22
54.931
53.103
53.469
54.058
54.994
54.405
53.817
55.843
54.024
53.906
53.82
53.688
53.71
54.097
54.029
54.283
54.861
54.778
55.098
54.836
55.008
54.941
55.028
54.614
54.553
54.16
54.194
54.139
53.738
53.962
68.979
68.948
69.014
55.926
56.239
52.863
51.585
52.212
51.652
52.107
51.835
51.846
52.241
51.595
52.001
51.439
51.984
51.908
51.998
51.989
56.971
56.746
57.279
57.148
56.295
57.056
53.465
49.875
49.584
48.985
49.442
50.069
50.696
49.328
49.981
50.635
50.959
50.742
50.526
52.343
52.847
56.633
57.492
56.528
56.329
57.332
57.044
56.364
57.112
57.141
56.302
56.945
57.256
56.471
56.58
