59.223
59.103
55.19
54.665
54.525
54.667
54.919
54.96
55.1
55.351
55.328
55.493
55.718
55.943
56.47
56.153
58.166
60.178
61.663
61.63
60.313
61.681
58.997
56.313
55.605
55.446
55.31
55.653
55.533
55.685
55.54
55.623
67.696
67.965
68.14
68.33
56.731
56.721
56.495
55.997
56.085
55.955
56.139
57.245
58.351
59.713
58.774
59.476
58.883
59.4
59.524
58.233
60.828
60.958
60.945
61.036
60.945
61.188
57.267
57.009
57.21
56.852
56.79
56.948
57.725
57.534
57.63
58.369
58.33
58.546
58.093
58.014
58.164
58.36
58.353
57.976
57.805
57.753
58.054
58.135
58.768
58.312
58.133
57.882
57.975
58.053
57.988
58.036
57.995
57.993
58.024
57.993
58.079
57.973
57.821
57.732
57.819
57.813
57.848
57.914
58.019
58.053
58.144
58.211
58.196
58.078
57.994
57.934
57.905
57.887
57.97
58.015
58.04
58.196
58.041
58.841
57.659
58.138
58.225
58.232
58.226
57.979
57.895
57.901
57.972
58.078
58.093
58.094
58.013
57.962
58.018
58.05
58.067
58.096
58.017
58.024
57.751
57.876
58.001
57.896
57.855
57.971
57.968
58.157
58.326
58.288
66.031
66.095
66.103
73.114
73.067
73.062
66.842
60.621
59.643
60.086
61.03
61.171
61.04
55.018
59.714
59.016
58.319
58.652
61.593
64.533
63.934
63.857
64.055
64.339
64.265
61.096
62.631
64.165
64.29
63.898
63.959
64.258
64.179
63.911
64.174
53.065
52.72
53.048
52.807
52.669
52.837
52.728
52.88
52.751
53.213
53.586
54.14
54.145
54.62
54.52
54.964
55.158
55.82
56.923
57.364
57.627
57.943
58.358
58.773
58.014
57.994
58.19
58.525
58.644
58.302
58.853
59.363
58.552
58.317
57.3
61.084
60.931
61.172
60.994
61.801
62.607
61.609
61.42
61.331
61.148
61.249
61.201
45.419
43.538
53.765
61.277
61.439
61.447
60.97
60.788
60.994
61.016
60.925
61.083
61.378
61.673
63.548
63.276
62.834
62.805
62.682
62.591
63.067
62.976
63.486
63.543
63.473
63.374
63.23
63.102
63.023
62.991
63.074
63.154
63.23
63.307
63.261
63.303
63.042
66.143
65.954
65.962
65.943
65.923
65.968
66.012
66.016
65.999
65.971
66.042
66.079
66.09
65.976
65.958
66.063
66.059
66.027
66.106
47.335
47.042
47.05
63.266
62.938
62.459
62.208
62.1
47.283
46.829
65.985
66.095
66.084
66.056
66.131
66.054
66.15
66.096
66.121
66.153
66.189
53.963
54.077
54.187
54.195
63.241
63.146
63.13
62.894
46.884
46.422
59.101
58.791
58.943
59.399
60.834
60.305
60.452
60.379
59.978
60.071
60.164
61.055
60.651
60.492
61.292
60.388
61.302
60.382
60.902
60.857
60.592
60.545
60.498
60.748
61.62
60.254
61.316
59.819
59.902
59.985
58.793
59.155
78.092
77.982
78.032
78.081
78.087
77.997
55.358
55.463
55.592
55.757
55.747
55.746
55.757
55.867
55.974
56.329
56.165
55.827
56.307
56.788
56.372
56.173
52.421
48.669
48.13
48.664
49.198
49.577
57.039
56.69
56.049
55.89
55.548
56.26
56.015
55.939
55.946
56.002
55.965
56.046
56.122
56.248
56.437
55.729
55.92
55.941
56.264
56.002
56.26
56.773
60.173
59.436
59.501
59.091
59.491
58.245
58.67
59.218
55.908
56.578
56.661
55.904
55.656
55.409
56.137
56.511
55.827
56.017
56.075
58.552
58.076
57.601
57.89
58.07
57.946
57.758
57.751
58.156
70.071
70.075
70.09
70.049
70.072
70.09
70.034
70.063
70.073
70.062
70.1
70.065
70.073
70.007
70.021
59.421
59.682
58.977
59.222
58.952
58.642
58.757
58.45
58.525
58.68
58.807
58.624
58.915
59.226
58.661
60.781
61.055
61.07
61.012
61.082
61.151
61.531
57.421
57.334
57.319
57.35
57.506
57.538
58.226
57.26
58.227
58.576
58.202
58.224
57.99
58.187
57.885
58.022
55.802
61.946
63.587
65.228
65.141
65.054
72.91
73.207
56.757
56.172
56.153
56.483
56.349
55.042
55.008
54.805
54.805
53.755
53.116
53.133
53.113
52.909
53.157
53.539
53.808
53.834
53.941
53.794
53.594
53.403
53.417
53.472
53.582
53.42
55.915
54.984
54.054
54.002
54.777
56.41
66.081
65.919
58.211
57.98
57.8
58.112
58.163
57.766
57.889
58.152
57.97
57.729
58.055
58.064
57.774
57.995
58.212
58.03
57.838
58.024
58.19
57.89
58.04
