42.946
46.427
49.908
55.203
54.429
55.068
53.225
51.382
50.119
50.244
50.156
50.23
50.251
50.283
50.214
46.761
50.319
49.93
49.541
50.207
50.49
50.334
50.177
50.715
50.264
49.813
50.117
50.421
50.135
49.598
49.813
49.197
52.277
55.356
55.507
55.424
55.34
51.425
50.704
49.982
50.005
50.093
50.147
50.225
50.149
50.249
50.423
50.305
50.452
50.428
50.397
50.349
50.442
50.387
50.323
50.427
50.532
43.026
43.743
51.201
52.826
54.45
53.123
53.275
54.493
54.138
54.313
54.385
54.465
54.718
54.706
54.68
54.638
54.638
54.614
54.632
54.537
58.918
58.599
58.535
58.471
60.179
60.815
57.171
57.362
57.826
62.011
61.645
62.06
62.197
61.965
43.995
43.856
51.548
59.239
59.717
59.428
59.455
58.993
57.953
57.374
56.795
57.258
57.72
57.211
56.702
56.228
56.225
56.355
56.458
56.484
56.584
56.749
57.297
56.964
57.123
57.136
57.149
57.239
57.252
57.106
59.559
59.742
59.926
59.721
59.374
56.81
56.64
56.535
56.692
56.736
56.782
56.979
56.805
56.696
56.842
56.916
57.07
57.113
56.937
56.925
57.913
58.901
49.881
50.9
52.109
57.131
57.474
57.537
57.143
57.209
56.976
56.641
51.885
52.049
52.1
52.106
52.35
56.347
55.263
55.044
55.26
55.256
54.631
55.82
55.245
54.782
55.319
54.627
55.043
54.989
55.579
55.713
56.169
56.289
55.662
50.91
50.943
50.976
51.396
51.816
48.429
50.109
51.788
44.657
45.895
47.859
44.412
44.636
44.426
56.574
56.012
55.81
55.83
56.074
56.241
56.347
56.149
56.332
57.73
56.862
57.501
57.036
57.22
56.874
56.608
56.515
56.486
55.826
56.157
56.4
56.339
55.768
54.865
55.649
44.616
45.174
44.509
45.469
45.374
45.074
44.938
44.438
56.012
54.828
55.192
54.746
55.309
54.556
55.024
54.852
54.835
54.396
54.623
54.235
54.319
53.818
54.004
52.967
52.908
52.092
51.854
52.291
52.719
53.146
51.677
51.99
51.243
50.388
50.85
50.903
54.032
53.002
52.92
52.907
52.644
53.038
52.509
52.779
52.434
52.43
52.591
52.753
54.311
55.87
57.558
57.571
58.35
58.245
57.997
57.922
57.959
58.176
58.166
58.7
58.55
59.022
59.192
59.63
59.741
59.372
59.603
59.454
59.065
59.149
58.952
58.696
58.513
58.827
58.576
59.159
52.717
51.971
52.14
51.946
51.524
52.049
52.058
52.283
52.219
51.523
51.983
51.862
52.334
52.079
51.549
51.86
51.772
52.085
51.891
51.906
51.103
50.299
49.909
50.029
49.813
49.945
50.136
49.447
50.453
50.311
58.057
