53.513
56.432
59.35
58.975
59.231
59.333
59.25
59.452
59.302
59.092
58.909
58.412
57.792
57.056
56.378
56.382
56.487
56.624
56.014
55.87
56.123
48.338
49.465
57.339
57.273
56.805
56.697
56.616
56.593
56.504
56.133
55.632
55.689
52.26
54.283
56.307
57.387
56.618
55.973
55.777
55.448
55.539
55.191
55.42
55.997
56.247
55.896
56.414
56.764
56.953
56.986
57.028
57.157
57.04
57.121
57.407
57.357
57.321
57.105
56.739
46.264
51.506
56.748
56.777
57.049
57.101
56.98
56.77
56.443
56.466
56.627
56.897
57.312
58.183
58.15
48.078
50.038
50.133
49.378
49.051
57.044
56.929
57.072
56.809
53.408
50.006
50.042
48.787
48.168
51.314
49.299
49.644
49.989
50.924
51.733
52.541
48.02
49.511
50.337
50.642
50.946
50.703
47.027
46.633
50.672
48.813
46.955
56.597
57.097
56.944
46.194
44.259
57.076
56.893
56.907
56.922
57
46.517
46.454
80.959
80.933
71.495
62.057
61.805
54.528
63.855
56.859
57.952
59.045
59.22
59.396
58.459
58.705
58.834
58.289
58.338
58.517
58.601
59.032
59.104
59.148
59.51
59.424
58.948
57.837
56.55
56.602
57.536
59.858
60.155
59.644
59.134
56.625
56.249
56.313
56.113
56.245
56.719
56.099
56.893
57.123
58.019
57.978
57.937
56.734
54.33
54.074
53.63
52.996
53.558
54.12
54.146
54.172
54.485
54.799
54.532
48.799
47.348
47.959
48.366
48.112
47.716
48.231
48.114
47.595
48.149
48.208
48.266
50.619
51.938
50.346
51.184
50.076
50.573
50.333
51.738
50.854
52.543
53.285
49.133
48.149
47.391
48.62
48.559
47.16
47.879
47.815
48.34
47.86
48.834
48.141
47.666
47.191
47.708
48.018
48.219
47.327
48.392
47.51
47.404
48.579
47.319
48.022
48.301
46.929
48.032
48.338
46.815
48.478
47.485
47.186
48.431
47.818
46.596
48.119
47.579
47.78
48.282
48.027
47.03
48.391
46.824
47.022
46.815
46.609
48.756
47.191
45.93
52.288
53.442
53.167
53.042
53.132
44.506
45.642
46.46
47.278
44.907
46.731
49.449
52.167
51.899
51.989
52.112
52.149
52.305
52.708
52.64
51.948
52.09
51.792
50.819
51.655
50.844
51.215
49.739
48.86
49.35
49.841
49.613
50.03
50.132
49.165
49.444
50.413
49.241
49.208
50.13
49.553
48.976
47.903
48.295
48.688
47.326
48.422
48.938
49.455
49.518
50.133
50.747
52.161
51.878
51.926
52.64
52.328
52.399
51.989
52.308
52.236
51.854
52.175
52.345
52.705
52.612
52.973
52.975
54.264
50.325
55.383
55.883
56.382
55.082
54.72
54.711
54.584
54.615
54.871
54.936
55.179
55.139
55.257
55.729
56.321
57.238
57.671
57.217
57.088
56.733
52.785
55.168
57.551
57.905
58.254
58.555
58.889
59.098
43.472
43.571
43.65
43.728
43.571
43.318
43.065
43.179
43.294
59.307
59.158
59.153
43.268
43.705
54.444
54.885
54.71
54.861
54.688
54.676
54.992
55.02
54.804
55.104
54.685
55.121
54.954
54.933
54.968
54.953
54.993
55.002
55.011
52.072
53.139
54.207
49.733
49.551
50.186
50.177
50.096
50.161
50.109
50.133
50.358
59.671
51.402
53.16
54.917
55.874
54.704
56.045
54.612
55.661
54.63
55.891
49.628
58.202
66.776
