56.956
56.996
56.936
57.008
56.916
56.987
56.954
56.973
57.022
56.921
57.027
56.922
57.044
56.901
57.058
56.872
56.997
56.955
56.966
57.046
56.884
57.042
56.831
57.076
56.859
57.048
56.804
57.146
56.886
57.089
56.9
56.984
57.002
56.949
56.998
56.857
57.071
56.893
61.332
63.882
64.052
64.137
63.99
63.815
64.038
64.186
64.065
63.911
63.956
63.99
63.932
64.125
64.329
64.534
64.841
64.071
63.916
63.76
64.388
64.683
64.034
63.752
63.786
63.808
65.196
63.947
63.182
74.065
73.901
62.988
64.654
61.639
62.691
62.738
61.626
61.981
62.603
61.991
61.657
62.45
62.367
61.672
61.964
62.592
61.891
61.808
62.315
53.307
53.577
53.596
59.238
59.245
59.144
59.161
59.009
59.159
59.05
59.524
54.995
54.89
54.856
54.892
55.071
58.632
59.06
58.901
59.099
58.776
59.101
58.712
59.594
53.071
52.432
51.718
51.577
52.136
52.082
53.471
53.969
53.186
54.274
56.358
54.474
53.949
54.112
53.997
54.053
54.392
54.464
54.126
54.315
53.494
53.933
54.65
54.271
54.603
54.492
54.112
54.731
54.149
54.771
54.765
54.985
55.007
52.596
50.185
49.096
55.862
56.525
56.617
56.203
55.866
56.463
56.56
56.81
57.416
57.31
56.994
57.282
57.332
57.504
57.553
57.499
57.612
57.467
57.331
57.405
57.219
57.415
57.195
57.429
57.57
57.224
56.753
56.729
50.774
49.562
49.672
49.782
49.112
50.743
49.671
50.023
50.014
50.206
52.595
52.388
52.182
51.932
52.215
51.887
51.945
52.311
51.599
61.938
62.051
61.879
61.996
62.116
54.306
54.756
55.094
55.261
55.206
54.999
54.963
54.232
62.051
61.87
62.096
62.027
61.764
62.265
55.159
53.397
51.995
51.919
51.902
51.4
61.951
61.792
61.889
61.987
61.809
50.785
50.176
49.952
49.945
49.864
49.773
49.742
49.863
50.035
49.987
49.952
49.991
49.794
49.797
49.927
50.108
50.138
49.819
49.34
65.871
66.001
65.884
66.07
66.036
65.947
52.004
51.829
51.754
52.112
52.08
52.032
52.376
52.192
52.558
52.152
51.991
52.211
51.936
52.001
52.018
51.79
52.338
52.572
53.3
66.044
65.978
66.036
66.021
66.036
66.018
57.063
67.607
78.15
78.166
77.961
77.998
63.091
48.184
44.411
45.181
78.098
78.057
43.427
43.494
53.747
53.213
52.813
52.846
52.795
53.087
53.027
53.797
53.981
54.159
54.481
54.572
54.681
54.743
54.542
54.624
54.324
54.42
53.927
61.611
62.306
62.686
61.751
61.881
62.737
61.943
61.76
63.018
52.484
50.799
50.503
49.161
50.439
48.909
49.002
49.095
61.814
62.259
49.388
49.724
49.213
50.162
49.05
50.59
50.058
51.164
50.833
51.029
51.226
51.845
51.94
51.914
51.992
52.069
53.146
54.222
54.762
55.199
54.252
55.085
55.008
54.408
55.305
54.794
55.042
51.224
52.994
51.459
53.312
53.856
54.399
54.342
54.473
54.092
66.876
66.919
64.443
61.967
53.918
54.8
54.298
54.671
54.526
54.628
61.542
61.929
62.78
61.911
61.701
62.492
62.487
61.806
62.068
62.56
62.004
61.753
52.422
52.256
52.136
51.342
51.928
52.146
52.14
52.134
62.664
61.949
52.102
52.623
51.466
52.244
52.163
51.634
52.239
51.897
51.608
52.226
51.861
51.35
52.394
51.818
51.543
52.421
51.616
52.798
52.537
53.155
55.773
55.682
55.592
62.461
62.484
61.764
61.892
62.666
62.034
62.187
62.339
62.47
61.81
62.185
62.56
55.834
55.883
55.931
55.678
55.425
61.912
62.377
62.118
61.669
62.019
62.368
61.832
61.826
62.443
53.651
56.642
59.633
