80.432
80.054
79.966
79.96
79.953
79.952
79.957
80.072
80.417
56.996
56.068
56.919
57.003
57.088
56.835
56.423
56.225
56.028
80.168
79.805
49.007
49.052
58.622
59.84
72.043
71.909
59.999
60.022
53.93
57.72
61.51
61.25
61.671
61.738
62.123
61.927
62.099
61.977
62.016
62.036
61.964
61.993
54.082
57.976
55.982
53.989
54.065
54.335
54.286
53.633
53.688
49.696
56.58
63.465
63.555
63.171
63.335
63.188
63.04
63.06
63.301
63.463
63.625
63.769
55.318
56.507
54.775
56.314
57.852
56.387
54.922
53.498
63.721
64.066
55.296
53.46
58.16
62.861
66.339
65.546
65.716
66
65.89
66.072
65.799
65.826
65.818
65.767
65.993
65.956
65.919
65.826
66.015
65.985
65.949
65.914
66.649
67.385
68.075
68.922
68.987
68.81
68.429
68.432
68.929
68.885
69.058
69.304
69.429
69.364
69.197
55.87
55.881
68.995
68.93
68.776
68.754
68.802
68.776
68.835
68.908
68.292
67.962
67.602
68.289
67.379
67.198
68.257
66.554
66.67
66.658
66.811
66.658
66.867
66.781
66.761
66.735
66.816
66.881
66.859
66.837
66.856
66.863
66.823
66.712
66.382
65.994
70.667
70.755
70.782
70.819
68.335
65.851
66.095
66.34
66.084
65.81
65.536
65.941
78.133
77.898
65.804
65.598
77.774
77.665
73.415
69.165
56.854
54.148
52.846
51.411
52.698
52.497
64.832
64.828
64.874
64.137
63.923
63.709
63.744
63.715
63.686
63.794
63.873
63.903
63.934
64.063
76.14
76.056
75.992
76.015
64.134
64.196
63.844
52.126
51.845
51.634
51.628
52.41
52.013
52.435
67.794
67.484
67.301
67.129
66.678
78.174
77.902
66.096
66.217
66.168
66.354
66.332
55.872
56.579
53.043
53.495
52.694
51.893
55.236
54.723
54.211
54.114
54.017
66.229
66.259
66.289
66.858
67.25
67.283
79.326
79.122
79.565
79.613
67.478
67.671
67.943
67.974
67.941
67.981
67.763
67.256
64.695
62.133
66.556
63.783
61.01
63.657
66.305
66.044
66.001
65.958
65.669
65.784
65.599
65.755
65.878
65.935
66.12
66.324
66.41
66.651
66.805
66.689
66.9
66.446
66.688
66.778
66.687
51.757
59.135
66.513
66.632
66.229
66.317
66.012
61.118
56.224
56.078
56.337
66.025
66.035
65.901
55.35
55.052
54.754
55.285
55.816
55.676
47.332
48.938
49.828
49.563
49.298
47.673
54.623
55.701
56.035
55.318
54.602
57.272
56.514
54.814
54.025
54.108
54.022
60.016
66.011
65.873
53.221
53.046
51.583
52.402
50.134
50.066
47.984
48.664
49.344
51.862
54.379
54.188
66.133
55.668
45.203
45.36
44.32
43.279
53.532
53.779
79.934
79.9
70.648
61.396
61.536
61.735
61.758
61.69
61.509
61.495
61.586
61.172
61.176
61.528
61.811
61.913
62.034
47.457
