52.668
52.997
53.326
57.303
56.553
55.803
55.857
55.91
69.031
68.966
68.925
48.637
50.599
49.877
50.077
50.286
56.07
55.075
56.013
54.114
54.319
54.525
50.928
52.703
55.895
54.323
55.561
54.57
55.38
54.762
54.904
55.369
55.834
56.104
56.373
56.773
57.173
57.035
57.24
51.597
52.311
51.479
49.393
49.634
50.796
49.84
50.431
51.021
56.294
57.632
56.286
51.996
55.701
59.407
59.126
59.207
59.076
59.22
58.892
59.025
59.158
58.911
59.103
59.334
59.008
59.119
59.091
58.556
58.021
56.252
55.36
55.176
54.951
55.053
55.35
54.837
55.165
54.749
55.467
55.306
55.67
55.45
54.916
55.1
54.524
54.865
54.742
54.841
55.041
55.066
55.441
55.774
53.987
56.807
59.928
58.919
57.91
58.641
58.491
58.163
57.985
58.309
58.414
58.613
58.942
58.941
59.276
59.473
59.622
59.763
59.579
59.132
58.987
58.002
52.954
47.905
46.844
49.167
47.793
57.48
56.927
57.456
57.555
57.286
56.932
57.081
58.266
57.799
57.063
57.704
58.4
57.393
57.111
58.003
57.745
57.17
56.495
56.7
56.386
56.874
57.811
57.542
57.513
57.484
57.36
57.154
57.041
57.545
57.395
57.265
57.342
57.351
57.54
56.925
57.137
56.135
59.862
59.88
57.108
49.15
48.448
48.128
56.952
56.706
56.687
57.716
56.744
57.153
55.81
55.407
54.859
54.384
53.271
52.949
53.823
53.289
53.708
54.242
54.326
54.028
47.875
48.793
55.445
54.907
54.878
54.543
54.513
54.468
54.053
59.403
59.283
59.657
55.475
55.699
55.998
57.028
57.115
57.468
57.46
56.812
57
57.188
57.147
56.359
56.186
56.014
55.703
55.392
48.02
47.724
48.169
48.189
48.208
47.937
48.306
47.949
47.621
48.134
48.084
47.616
48.198
47.682
48.436
47.357
47.938
47.815
47.878
48.144
47.714
47.872
47.997
47.874
47.721
47.794
48.037
47.591
48.349
52.937
52.58
52.686
52.287
48.902
47.344
53.049
55.264
54.674
55.093
54.919
50.968
52.706
51.621
50.525
51.35
52.565
52.277
52.143
52.825
51.714
53.656
53.83
54.41
54.964
55.411
59.86
59.894
59.928
60.979
61.415
61.349
60.968
61.111
61.378
61.674
62.203
62.787
63.239
63.61
64.002
64.33
64.507
64.481
64.551
63.793
46.112
61.482
76.851
77.906
78.528
64.861
64.443
64.291
64.212
64.071
64.062
64.085
64.108
64.11
64.117
64.221
64.304
64.603
64.611
64
62.584
63.799
65.015
65.996
66.124
48.58
50.149
63.426
62.642
62.584
62.573
62.51
62.574
62.457
62.341
62.25
62.146
61.953
61.931
62.076
62.375
62.487
62.386
62.004
62.556
62.32
62.448
62.333
62.408
62.268
61.905
56.779
57.425
56.799
56.604
61.917
61.9
56.524
57
57.307
57.05
56.628
57.893
57.228
56.563
53.076
51.487
57.777
58.508
58.173
58.102
58.298
58.355
58.385
58.522
59.096
59.87
58.828
56.437
57.184
56.567
56.554
56.541
60.617
60.609
60.619
60.338
60.058
60.336
60.71
60.983
61.392
61.692
62.012
62.158
62.31
62.329
62.374
62.305
62.261
62.251
62.213
62.27
62.291
62.313
62.363
62.358
62.294
62.236
62.113
62.109
62.032
62.036
62.033
62.035
62.073
62.049
62.033
62.049
62.108
62.02
61.953
61.941
61.917
61.911
62.03
62.011
61.93
61.711
62.127
62.086
62.083
62.23
62.178
62.308
62.201
62.239
62.19
62.073
62.034
62.026
62.061
61.994
62.003
62.046
62.051
62.068
62.09
62.03
61.956
62.26
61.984
61.708
61.499
61.776
61.74
62.116
54.879
58.643
62.407
62.268
58.485
54.701
56.061
57.421
52.036
52.071
52.107
43.564
45.141
44.786
44.431
46.822
48.642
47.797
48.112
47.801
48.226
48.353
47.328
48.001
48.134
47.815
47.906
47.78
47.95
47.968
47.557
