52.16
56.679
56.965
56.588
57.278
56.604
54.042
51.479
51.646
51.986
52.273
52.259
52.31
56.92
56.629
54.991
55.24
55.875
56.51
57.2
56.344
56.592
56.839
56.229
53.896
51.564
50.776
55.157
59.537
60.799
59.84
59.745
60.398
55.674
56.248
59.148
56.158
58.889
61.619
61.61
61.513
61.324
61.591
61.472
61.378
61.591
61.804
61.902
62.001
62.109
61.852
58.208
54.563
53.998
53.91
54.159
54.09
54.022
46.63
48.002
66.933
66.601
66.239
66.101
65.994
66.088
66.442
66.372
66.204
66.348
66.303
66.28
66.256
66.208
66.16
66.216
66.319
66.26
66.237
66.438
66.463
66.488
67.825
69.088
70.73
71.697
73.061
73.685
73.999
74.149
74.16
74.341
74.275
74.219
74.177
74.238
74.372
74.212
74.004
60.099
67.043
59.459
51.875
62.52
73.165
72.881
72.705
72.293
72.235
72.2
71.927
72.273
72.137
72.026
72.403
72.588
72.702
55.175
55.918
73.121
73.257
73.166
73.333
73.378
73.156
72.892
72.268
71.648
73.604
75.561
72.879
72.707
50.545
59.618
68.69
68.688
68.709
68.725
68.73
68.649
68.569
68.65
68.772
68.879
68.889
68.97
68.97
69.025
68.91
68.863
68.819
68.793
68.742
68.609
68.234
56.427
43.372
42.946
43.802
44.278
70.109
70.467
70.432
70.218
70.461
70.351
70.545
70.603
70.354
70.307
70.284
70.174
70.05
69.944
69.414
54.674
54.76
54.846
62.19
62.422
68.912
68.682
68.739
68.607
68.476
68.335
68.491
68.663
68.513
68.487
68.742
68.797
68.891
68.95
68.924
68.905
68.832
68.727
68.637
68.505
68.33
67.699
68.546
52.193
51.926
51.827
51.859
51.882
52.007
63.749
63.638
63.756
63.647
63.512
63.82
75.878
75.883
76.035
76.187
70.069
73.031
75.992
75.887
63.968
64.129
64.167
64.269
64.334
64.238
63.707
54.267
52.731
51.195
56.72
65.826
66.228
66.351
66.253
66.372
66.198
66.371
66.464
66.557
66.549
52.466
51.647
53.299
48.672
53.204
52.231
51.259
50.929
50.6
53.055
65.668
65.762
66.044
65.391
65.106
65.066
65.274
64.994
65.142
65.629
65.489
65.846
65.917
66.083
66.248
66.268
66.116
65.964
65.89
65.854
65.819
65.872
65.916
65.961
61.009
56.057
59.105
62.153
62.102
61.899
61.956
61.959
62.031
61.846
61.782
61.895
62.007
61.815
62.327
56.471
55.354
55.868
61.679
62.1
61.84
61.58
56.626
