67.843
67.996
68.028
68.152
56.272
56.277
55.957
55.637
56.359
56.706
56.186
60.838
60.589
60.674
60.759
61.073
61.056
60.925
61.204
60.808
61.297
56.472
56.121
65.171
65.044
55.996
56.012
56.016
56.081
55.946
56.066
55.958
55.968
56.081
55.979
56.082
55.904
56.232
56.095
55.794
56.225
55.78
56.174
55.84
61.396
60.797
64.393
67.99
68.02
68.166
56.274
55.779
55.922
56.066
58.541
61.016
68.015
68.05
68.026
68.002
58.704
59.825
60.082
60.457
60.393
59.769
59.867
60.176
59.56
60.381
60.778
60.971
61.111
61.258
61.289
60.733
60.638
60.764
60.598
60.432
68.076
68.034
64.091
60.147
58.55
58.565
58.771
58.698
58.387
58.872
59.163
59.137
59.597
59.136
58.88
68.074
67.972
68.013
68.053
68.081
67.996
64.481
60.967
56.052
56.526
57.001
57.763
57.432
56.686
56.789
69.211
69.983
69.906
57.53
58.111
58.442
58.605
58.395
58.646
58.897
58.716
58.669
58.621
58.66
58.633
58.607
58.334
58.506
59.056
58.552
58.014
61.601
65.189
65.956
66.268
65.996
66.091
65.968
66.043
66.012
66.063
66.16
66.017
66.145
66.115
66.011
66.061
66.039
61.042
65.536
62.03
58.524
58.152
57.963
57.335
57.307
73.04
73.05
73.059
73.032
73.099
73.032
73.061
73.095
73.09
73.024
73.028
73.065
73.055
73.027
73.07
58.108
58.891
59.366
58.739
59.246
58.838
58.624
58.783
59.274
58.675
59.019
59.047
58.457
58.57
58.609
58.312
58.396
58.479
58.556
58.263
58.093
58.038
58.166
58.189
58.217
58.222
58.302
58.068
58.113
58.338
58.979
58.729
58.494
58.798
58.915
68.009
68.17
67.935
68.079
68.089
68.025
68.172
68.031
68.008
68.043
67.965
68.051
60.98
61.069
62.989
64.909
65.136
65.022
65.079
65.015
65.149
65.075
65.041
65.063
53.158
53.129
52.738
52.901
53.065
52.955
53.063
52.554
53.144
56.967
57.729
58.118
57.967
58.304
58.206
58.112
58.012
57.925
57.867
57.771
57.831
57.972
58.163
58.348
57.75
73.049
73.035
73.05
73.01
73.087
72.98
58.246
58.479
58.341
58.601
58.955
58.731
58.741
59.17
58.839
59.071
59.344
59.032
59.366
59.08
59.036
57.926
53.446
53.221
53.179
53.466
55.335
57.203
56.9
56.775
56.686
57.31
57.469
57.57
57.56
57.549
57.893
57.863
57.927
57.975
58.059
58.206
58.218
57.624
57.842
57.896
58.039
57.923
58.246
58.756
59.376
58.948
58.66
58.983
59.243
58.815
58.714
59.088
59.122
58.671
58.605
58.985
59.138
58.754
58.101
65.964
66.194
66.001
51.031
51.088
57.701
56.608
56.675
57.101
57.354
57.106
57.182
57.701
57.894
58.111
58.187
58.074
57.967
57.914
57.76
57.454
57.337
50.239
50.971
50.815
50.659
52.39
56.083
56.15
55.751
55.6
55.798
55.771
55.908
55.611
55.3
55.035
63.136
63.103
62.993
63.024
63.054
63.033
53.993
53.299
53.248
53.333
53.346
53.526
53.33
53.808
53.429
54.452
53.516
50.681
57.94
57.966
57.993
58.014
58.025
58.036
58.129
58.222
57.769
58.089
57.872
58.053
58.069
58.092
57.9
57.982
58.142
59.276
54.229
53.713
53.732
53.871
54.027
54.056
54.202
54.058
60.54
60.78
61.063
64.974
65.363
48.578
49.077
65.001
65.037
61.002
56.966
57.446
58.221
58.333
58.334
58.192
57.957
57.677
58.347
57.963
57.934
57.875
57.882
58.163
58.543
58.527
57.836
49.379
49.426
49.23
61.214
64.83
64.587
62.184
61.917
61.816
61.869
61.568
61.332
61.219
61.346
61.04
61.025
61.124
60.824
61.166
61.509
61.462
60.81
60.853
61.111
60.972
60.944
61.004
61.123
61.75
63.331
62.926
62.438
62.424
62.235
62.234
62.326
62.418
62.962
63.12
63.354
63.311
63.49
63.396
63.463
63.471
63.425
63.482
63.352
63.737
63.703
63.666
63.465
63.345
63.411
63.38
63.423
63.465
63.203
63.105
63.074
63.051
63.189
63.141
63.227
63.261
63.267
63.307
63.245
63.029
62.637
66.152
66.016
62.902
63.091
63.082
63.073
62.71
62.284
62.078
62.451
65.991
65.935
65.994
66.053
66.047
66.042
63.177
63.251
66.134
66.092
66.113
66.051
66.143
66.08
66.103
66.057
65.818
63.694
63.457
63.429
63.327
64.73
66.133
59.043
58.946
59.038
59.048
59.129
59.021
59.002
59.143
59.054
61.226
60.411
61.18
60.29
61.198
60.5
61.314
60.971
60.735
61.44
60.811
60.269
61.471
60.157
60.863
60.824
60.385
61.321
60.417
61.327
60.907
60.436
61.423
59.427
59.27
58.947
