46.706
47.296
47.153
47.179
47.205
64.222
64.425
64.501
64.548
64.652
65.083
65.03
56.313
56.131
53.751
53.198
54.174
54.559
54.114
53.919
66.386
66.524
66.722
66.88
66.783
67.074
67.618
68.58
69.458
70.933
72.395
72.793
72.943
72.726
72.962
73.024
73.089
73.238
73.643
73.57
73.714
73.579
73.2
78.022
77.891
62.135
61.896
61.823
72.867
72.579
72.543
72.508
72.515
72.415
72.586
72.583
72.529
72.447
72.723
72.805
72.769
72.687
72.877
72.979
72.988
73.064
73.152
73.085
72.883
72.681
53.664
50.105
51.097
50.802
50.506
50.941
56.467
61.994
73.181
73.399
73.449
73.55
73.611
73.538
73.481
73.603
73.732
73.788
73.843
73.687
73.607
73.666
73.645
73.697
73.546
73.573
73.326
73.282
73.198
73.361
73.374
73.747
74.018
74.21
74.5
74.838
75.193
75.556
75.785
75.87
75.897
75.851
75.616
75.51
75.219
74.773
74.133
55.39
55.219
56.1
56.981
72.672
72.724
72.632
84.554
84.507
84.39
84.424
84.486
84.42
84.524
84.479
72.744
72.6
72.847
72.759
72.883
72.867
72.829
73.014
72.807
72.299
51.593
51.625
45.561
45.404
45.055
45.102
69.68
69.101
68.802
68.553
68.493
68.489
68.45
68.281
68.227
68.414
68.514
68.315
56.28
55.641
54.242
52.842
51.245
53.026
53.068
51.661
63.028
62.201
62.971
62.617
62.627
63.879
63.882
63.84
63.957
63.79
63.785
63.907
64.365
75.95
76.048
64.365
64.354
64.187
63.772
59.801
55.831
60.007
64.182
63.887
56.661
57.079
65.482
65.15
65.127
65.312
66.085
66.268
66.442
66.491
66.83
66.887
66.559
66.508
66.464
66.238
66.013
65.889
65.951
65.907
65.808
65.936
65.952
66.032
65.904
65.755
65.606
65.697
65.731
65.304
77.83
77.926
50.32
49.861
50.214
50.566
49.811
49.672
49.532
49.647
48.835
48.022
56.725
56.093
54.629
55.347
56.065
48.653
49.346
61.779
61.609
62.536
63.462
62.621
61.781
72.964
73.007
73.147
62.716
62.264
56.602
50.939
50.189
49.44
48.698
49.399
48.7
48.773
49.344
49.229
49.382
49.419
49.456
48.728
49.428
48.548
49.465
50.383
48.489
47.899
47.309
45.733
54.144
53.383
52.622
54.355
72.769
73.105
73.271
61.691
62.101
61.801
67.862
58.526
66.249
57.966
49.683
50.109
49.709
50.065
50.436
49.96
61.709
66.033
65.891
64.118
62.345
55.595
50.346
60.747
71.149
76.058
75.869
75.672
75.567
65.883
56.2
56.623
53.979
53.398
53.898
51.643
53.412
52.084
52.184
52.285
50.594
52.664
52.919
53.173
53.431
53.688
53.923
63.557
63.506
64.244
66.357
69.702
73.046
