70.911
70.999
70.987
71.02
70.98
70.955
71.012
71.016
71.057
74.288
73.919
73.962
73.898
73.962
54.431
55.068
54.848
54.95
54.556
54.711
54.95
55.824
55.454
56.078
56.423
56.361
56.615
56.873
56.684
57.034
56.923
57.261
57.241
57.412
56.415
49.179
47.495
48.148
48.299
47.967
47.495
58.134
56.907
56.698
56.536
56.741
56.876
56.742
56.805
56.302
57.002
56.949
57.104
57.093
57.471
57.407
57.53
57.111
57.005
56.651
56.747
56.533
56.505
56.606
56.562
56.872
56.913
57.105
57.11
57.261
57.068
57.02
56.993
56.863
56.533
56.655
56.556
56.479
56.389
56.408
56.261
56.225
47.622
48.45
48.245
47.811
48.3
47.823
48.07
47.999
48.139
47.526
55.83
54.08
54.366
54.464
54.574
54.855
54.778
54.914
53.962
55.906
54.889
53.872
63.931
73.99
74.002
56.315
55.255
54.945
53.322
53.988
54.654
54.428
54.411
54.384
54.614
54.509
54.824
54.777
55.013
54.968
55.155
56.551
55.807
55.062
55.341
55.051
45.256
45.687
45.481
45.276
46.744
57.612
56.921
56.688
56.653
57.128
57.216
57.702
58.046
58.062
58.486
58.535
58.61
58.874
58.768
59.037
59.173
59.189
59.09
58.543
57.7
51.547
52.752
53.958
51.052
50.39
53.339
56.287
57.242
56.985
56.826
57.076
56.929
56.879
56.554
56.221
55.868
55.558
54.778
54.5
54.06
54.42
54.897
54.361
55.209
54.942
55.027
54.827
64.046
63.967
59.462
54.956
55.709
55.085
54.927
54.709
54.818
54.585
54.712
54.54
54.532
54.608
54.517
54.745
54.609
54.924
54.767
55.369
54.93
55.251
55.001
48.387
47.853
47.885
48.226
47.804
47.935
48.032
47.946
47.702
48.228
48.119
47.677
47.883
48.347
47.79
47.88
48.349
47.971
53.778
53.604
53.841
53.534
54.734
54.409
54.618
54.878
54.814
55.213
55.3
55.39
55.469
55.299
55.595
55.261
54.948
55.337
55.113
55.234
55.13
47.113
47.061
47.173
46.772
46.922
46.992
55.037
54.872
54.92
54.929
54.772
54.728
54.586
54.225
47.016
47.113
47.102
46.875
47.127
46.858
46.983
50.491
54
54.19
54.275
54.293
54.48
54.394
54.591
54.769
54.521
54.898
54.499
54.729
54.889
54.661
54.634
46.874
47.227
46.875
47.154
47.079
46.947
46.983
47.223
47.463
47.547
49.338
48.951
48.564
50.453
48.876
49.224
50.253
48.395
48.218
48.148
48.078
48.669
50.978
51.335
51.905
51.136
46.752
46.934
