43.052
54.145
48.678
52.118
47.757
50.845
53.933
53.904
53.875
54.87
53.967
53.064
51.151
49.238
64.115
53.529
42.944
43.01
43.122
43.235
43.12
43.004
43.021
42.994
42.968
43.078
78.958
78.971
43.034
43.13
45.861
48.592
50.459
52.771
55.083
58.261
56.675
56.509
55.84
56.005
56.153
57.223
58.294
58.753
59.085
59.302
59.343
59.384
43.111
43.708
43.674
43.641
43.598
43.394
43.335
43.298
43.583
43.906
60.175
59.218
59.248
59.272
59.282
59.235
59.018
58.827
58.723
58.717
58.683
58.774
59.002
59.102
58.72
57.77
58.142
54.879
51.615
50.12
58.018
57.904
57.789
57.739
57.024
57.605
57.309
57.855
58.616
58.969
59.265
59.419
59.331
59.101
58.608
57.99
57.572
55.835
55.176
54.693
43.243
43.913
43.673
43.433
50.354
49.832
55.295
55.226
55.029
54.832
48.729
48.063
48.15
45.982
50.605
47.115
51.022
54.929
55.054
52.671
51.098
49.525
47.924
51.58
55.236
54.764
55.006
55.214
55.01
55.117
50.572
51.119
49.584
49.248
49.568
49.473
49.28
43.033
43.557
43.399
43.242
47.269
51.296
49.661
51.048
51.542
51.198
50.854
50.604
50.845
51.133
51.097
50.635
50.002
49.739
49.393
49.288
51.073
52.858
57.359
56.592
53.268
53.365
53.462
54.476
55.081
55.34
55.316
55.339
55.291
55.264
55.157
55.156
55.35
54.774
42.954
43.636
43.278
43.07
43.406
43.359
57.172
56.719
57.206
57.251
57.597
57.982
58.225
58.424
58.645
58.829
59.016
59.132
59.182
59.267
59.414
59.52
59.556
59.402
59.051
58.72
59.492
54.814
50.822
46.83
48.16
47.795
47.431
48.047
56.2
58.356
58.692
58.761
58.686
58.298
58.062
57.719
57.677
57.516
57.298
57.318
57.205
56.962
56.562
56.576
55.09
53.2
51.31
50.66
49.743
56.904
57.134
57.258
57.204
57.092
57.083
57.08
56.96
56.252
55.543
46.417
47.059
51.535
56.011
55.619
55.484
54.67
55.716
56
55.878
56.25
56.779
56.99
57.245
57.327
57.451
57.279
57.163
57.137
57.136
57.116
57.229
57.224
57.271
57.262
56.914
56.469
56.022
56.276
57
57.267
57.225
57.151
57.132
57.055
57.02
57.078
57.034
56.867
56.832
49.036
50.07
50.129
49.101
56.911
57.194
56.949
56.865
50.58
44.906
46.289
46.132
45.976
47.684
49.157
50.63
48.438
50.895
44.493
45.878
47.263
50.562
49.772
45.681
47.068
51.01
51.696
45.656
46.352
45.602
45.376
50.48
49.907
48.776
50.048
56.624
57.135
56.946
57.15
56.641
57.01
57.148
44.777
45.924
56.927
57.276
45.841
45.421
56.728
57.424
65.333
60.988
56.643
57.539
58.436
57.511
57.612
57.969
58.965
58.784
59.733
58.096
56.438
57.867
56.524
57.966
56.412
57.94
57.07
57.849
56.104
57.253
53.519
49.784
49.793
49.118
57.141
56.555
56.568
56.555
56.705
56.3
53.406
50.513
50.286
49.012
48.756
52.828
56.9
56.395
55.463
54.445
54.292
53.864
53.436
46.244
47.693
47.843
47.776
47.748
48.243
48.03
47.806
48.062
47.636
47.761
48.654
47.794
47.707
47.92
48.145
48.937
49.73
50.359
50.227
50.059
47.936
49.237
48.234
47.837
48.117
47.812
48.259
47.686
48.248
48.115
47.965
48.036
48.16
47.695
47.789
48.301
47.831
47.585
48.068
48.878
49.688
47.339
48.282
48.26
47.986
48.373
48.271
48.17
47.836
48.417
47.871
47.812
48.195
47.724
47.874
47.895
47.65
47.912
47.716
47.818
48.118
47.868
47.214
48.65
