61.065
60.881
61.114
60.943
61.051
60.966
61.103
61.031
61.081
61.044
60.873
61.074
60.463
58.624
59.582
59.091
58.649
59.605
58.682
59.536
58.901
58.964
59.354
58.954
59.022
58.808
59.166
58.934
59.495
58.666
59.042
59.449
58.776
59.584
58.674
59.489
66.056
66.076
66.061
66.04
66.038
65.993
66.102
66.008
66.096
65.953
66.126
65.954
66.168
66.055
66.102
66.043
66.071
66.1
65.949
65.888
66.13
65.881
65.631
65.154
65.013
65.21
64.858
65.208
64.983
65.118
65.138
65.158
65.102
65.193
65.284
65.229
65.175
65.007
64.838
60.421
60.542
60.664
60.84
61.195
56.549
55.929
55.644
55.644
55.678
55.84
55.958
56.263
56.634
56.698
57.083
56.847
49.414
49.085
48.958
48.832
50.724
49.304
47.884
56.54
56.579
56.282
56.27
56.114
55.973
56.01
56.169
56.257
56.117
56.197
56.265
54.993
49.402
48.894
48.623
49.325
49.604
58.921
58.765
58.701
58.593
58.614
58.677
58.604
59.064
59.163
59.323
59.533
59.438
59.667
59.871
59.752
59.897
59.139
49.287
47.915
49.232
56.043
55.377
59.775
60.039
59.568
59.87
59.088
59.986
59.016
59.558
59.721
59.131
59.9
59.019
59.424
59.058
58.94
58.537
58.995
59.097
58.426
57.68
58.117
57.428
56.615
57.151
57.687
57.738
57.789
58.679
57.792
57.752
57.712
58.272
57.968
58.328
58.183
58.157
57.723
67.993
67.976
62.013
60.326
58.639
57.778
51.551
45.324
46.571
58.717
57.078
56.691
56.405
56.676
56.872
56.759
56.793
57.424
57.535
57.161
58.334
57.116
57.703
57.386
57.318
58.062
57.152
58.357
57.107
57.907
57.565
57.743
57.764
57.976
58.259
57.699
57.756
57.767
58.019
57.572
57.636
57.7
58.134
58.156
58.119
57.865
69.946
69.893
57.051
58.118
57.596
57.644
57.692
58.379
65.462
64.849
64.346
62.73
61.115
61.434
61.34
61.362
61.383
61.283
59.931
65.724
64.174
64.094
60.631
60.924
61.217
57.34
57.628
57.917
46.124
46.322
53.882
52.635
51.89
57.792
57.353
56.801
56.764
56.714
56.559
57.104
56.42
56.652
58.882
57.62
58.522
57.329
57.423
57.517
56.222
52.245
45.337
45.903
46.124
57.812
57.173
56.918
56.912
56.67
56.802
56.81
56.645
56.82
56.794
56.453
56.496
55.833
55.48
54.902
54.744
54.038
53.873
53.775
53.677
52.628
52.919
53.119
53.444
53.221
53.164
52.975
53.259
53.048
53.184
53.32
53.076
53.148
53.415
53.001
53.27
67.576
