66.097
65.829
65.795
44.419
45.359
44.312
43.265
44.324
43.045
66.415
66.22
65.11
64.056
63.731
63.986
63.996
64.235
64.154
63.883
63.646
64.04
54.831
55.638
55.872
56.153
56.092
66.11
66.028
65.759
65.737
66.022
66.049
62.517
62.547
62.338
62.268
62.256
62.256
62.483
62.855
63.237
63.774
64.043
63.961
63.976
63.928
63.651
64.075
63.891
63.55
69.088
74.627
74.988
63.496
63.884
63.424
63.882
64.072
63.997
63.859
63.916
63.749
63.741
63.95
63.89
63.663
63.639
63.456
63.455
63.496
64.101
64.135
64.052
64.083
64.126
64.067
64.006
63.967
63.916
63.846
63.819
63.834
63.824
63.886
63.935
63.862
63.733
63.91
69.923
61.37
68.722
66.024
63.327
63.94
64.553
65.071
65.469
65.169
65.176
64.866
64.791
65.243
65.268
65.604
65.551
65.707
65.941
65.958
65.801
65.803
65.886
65.952
65.794
65.619
65.659
65.7
65.596
65.612
65.698
65.728
65.66
65.675
65.541
65.396
65.373
65.157
63.852
62.547
51.181
49.205
63.539
77.873
77.793
70.186
62.578
64.193
63.842
63.761
63.726
63.561
63.637
63.514
63.627
63.599
63.362
62.829
62.949
62.523
62.196
62.01
61.551
61.108
60.922
60.991
61.262
61.016
61.27
61.362
61.399
61.925
62.223
62.047
61.919
62.009
61.814
61.679
61.687
61.62
61.06
49.295
48.708
49.072
48.827
49.171
49.269
52.428
55.586
55.315
55.184
55.559
55.4
55.667
56.101
56.157
56.035
55.984
56.175
56.143
55.941
55.911
56.402
55.969
56.797
56.962
57.072
57.358
57.585
57.965
57.984
58.507
58.829
58.645
58.977
58.729
59.167
58.288
59.046
58.702
58.873
58.761
59.218
58.592
59.212
58.443
58.598
58.891
59.184
58.652
59.1
58.747
49.264
49.59
49.514
49.597
48.529
47.892
49.193
50.494
47.795
45.096
45.272
45.135
45.079
45.28
44.912
45.263
44.707
43.351
43.801
49.7
55.6
60.657
60.829
61.408
61.589
61.846
62.037
62.089
62.071
61.995
61.968
61.916
61.911
61.943
62.007
61.984
61.966
62.058
62.031
61.746
60.161
60.831
61.501
61.29
61.73
61.642
61.848
61.805
61.717
61.661
61.572
61.332
54.647
47.962
46.797
46.83
47.102
46.863
46.83
46.907
63.063
62.461
62.554
62.181
62.264
62.323
62.099
62.189
62.194
61.866
61.648
65.614
59.329
61.26
63.191
63.903
62.052
61.472
61.232
68.988
69.106
68.976
62.285
63.33
64.097
64.166
63.948
63.698
63.727
63.665
63.633
63.746
63.55
63.727
63.642
63.653
63.807
63.613
63.712
63.515
63.517
63.614
63.616
63.421
69.035
69.014
68.999
68.984
64.314
64.203
64.338
64.474
64.666
64.549
64.65
65.145
65.325
65.667
65.909
66.19
66.14
66.001
66.139
66.044
66.039
65.872
65.784
65.717
65.644
65.716
65.793
65.707
65.717
65.609
65.696
65.744
65.748
65.764
65.739
65.699
65.69
65.678
65.785
65.765
65.906
65.911
65.88
65.754
65.809
65.778
65.819
65.943
66.025
66.052
66.054
66.072
66.139
66.139
66.125
66.302
56.055
61.11
66.166
66.196
66.23
66.063
65.858
65.899
66.191
66.321
66.298
66.216
66.132
65.576
65.363
53.747
53.213
51.9
54.216
49.591
65.281
55.174
45.067
