55.774
55.757
55.74
54.584
55.656
55.518
55.38
55.837
55.248
56.778
57.314
56.389
57.91
56.269
57.874
56.186
57.903
55.86
49.274
49.29
49.305
49.876
49.871
50.162
49.987
50.364
50.166
51.402
52.639
49.909
50.99
52.07
55.111
55.222
55.742
54.771
56.096
57.718
53.514
53.862
50.686
49.219
50.534
49.685
51.116
51.552
51.988
53.777
51.22
51.946
52.673
51.465
51.237
51.008
49.662
50.623
49.329
51.31
51.733
52.155
52.044
51.932
52.122
52.312
40.017
41.884
41.949
48.714
52.497
54.098
53.941
54.033
54.125
54.824
54.858
55.109
54.965
55.029
55.213
54.891
55.087
54.857
55.092
55.22
54.963
55.15
55.538
55.909
54.655
55.813
54.678
56.041
57.895
58.389
58.182
57.925
57.669
57.814
58.159
58.485
58.544
58.965
59.107
59.421
59.406
59.441
59.17
58.431
57.54
48.614
47.812
55.598
54.645
46.111
45.658
45.216
57.434
56.929
56.995
56.66
56.926
55.931
56.334
56.276
56.218
57.644
56.675
56.825
56.975
56.892
56.526
47.322
48.924
48.033
47.056
47.359
47.663
47.58
58.18
57.403
56.708
56.407
56.408
56.246
56.3
56.611
56.015
56.256
56.644
56.356
58.55
56.73
56.575
56.42
56.674
55.07
56.124
57.177
56.594
56.389
57.075
56.724
57.117
56.867
56.781
57.06
56.675
57.159
56.707
57.498
56.497
56.522
48.035
48.25
46.987
48.163
48.413
47.179
47.99
48.802
48.081
55.887
55.292
55.221
55.206
55.107
55.134
55.04
54.984
54.859
54.961
54.904
54.823
54.589
54.498
60.114
59.987
56.792
53.597
54.396
55.196
55.453
56.625
56.441
55.757
55.383
55.414
55.623
56.409
56.376
56.596
57.042
57.267
57.25
57.242
57.414
57.138
57.265
56.991
57.202
57.188
56.867
57.114
56.852
57.209
56.787
57.324
56.635
57.195
56.385
56.694
56.152
55.265
54.59
52.897
54.247
54.59
54.48
54.458
54.434
54.354
54.266
54.994
54.607
54.961
54.539
54.534
54.287
50.899
55.422
59.945
60.114
59.988
60.1
60.09
59.914
60.118
60.104
60.042
60.25
60.034
59.067
58.622
59.919
60.185
60.167
60.244
60.279
60.431
60.867
61.41
61.877
62.314
62.579
62.661
62.574
62.273
61.914
61.103
60.184
59.035
57.461
57.334
57.206
57.213
57.136
57.208
57.132
57.262
57.244
57.21
57.096
57.087
57.066
57.105
57.073
57.212
57.295
57.62
58.318
57.878
57.458
50.058
49.714
49.463
49.777
