66.315
65.936
65.679
55.128
54.566
54.15
54.11
54.17
54.502
54.487
55.113
55.303
55.482
55.662
55.663
55.584
55.889
55.288
55.275
54.966
68.024
68.161
68.163
68.074
68.008
68.136
68.265
61.269
54.274
53.573
53.165
53.97
52.951
52.952
52.953
53.608
53.314
53.308
53.302
53.201
65.951
66.274
65.937
66.017
48.014
50.344
52.675
68.368
67.709
66.837
66.896
54.702
54.398
54.345
54.167
54.08
53.994
53.839
53.886
65.978
66.293
66.436
66.081
65.423
65.268
65.204
64.958
64.572
64.151
63.886
63.208
63.068
52.948
53.166
53.566
53.267
63.644
63.533
63.422
63.929
64.177
64.862
64.716
64.652
63.686
54.62
54.147
54.07
54.168
54.011
54.212
53.852
54.077
53.784
54.335
53.527
58.185
58.899
58.555
64.512
64.169
64.227
64.336
64.298
64.087
63.898
63.595
63.736
63.679
63.207
62.338
62.515
62.117
62.686
62.546
63.057
63.243
55.574
53.988
54.057
53.996
53.879
53.774
53.799
53.929
54.021
54.285
54.271
54.249
54.288
54.206
53.595
53.017
57.647
62.277
62.629
62.439
54.292
53.382
53.432
53.138
52.806
52.869
52.96
53.002
53.119
53.236
65.209
65.09
65.19
53.797
52.8
47.201
47.39
53.264
54.762
54.297
53.716
55.421
55.168
54.725
54.328
54.208
54.177
53.909
54.023
53.677
53.97
53.753
53.831
54.014
53.93
54.498
53.589
54.901
50.218
53.303
56.389
57.293
57.603
58.154
58.077
57.959
57.994
58.109
58.23
58.454
58.76
59.623
59.519
59.868
59.645
59.827
59.924
59.745
59.36
59.411
59.38
59.446
59.739
59.737
59.494
59.424
59.134
59.358
59.008
59.373
59.131
59.334
59.215
59.277
58.828
58.503
59.349
59.056
58.764
58.912
59.138
59.069
59.208
59.347
59.159
59.838
59.446
68.934
67.22
65.034
58.952
59.123
65.929
66.168
66.007
66.095
66.014
66.107
66.108
65.954
66.112
66.081
66.058
66.098
66.078
66.097
54.169
54.091
54.173
53.933
54.859
52.962
57.271
61.581
60.569
59.65
59.846
60.041
54.194
48.346
49.06
52.166
52.918
53.669
53.97
54.204
54.631
55.65
56.67
59.957
58.298
58.423
58.452
58.496
58.493
58.885
59.558
60.231
60.538
61.435
61.676
61.638
61.686
61.866
61.717
61.545
61.433
61.593
61.132
60.166
60.784
61.403
58.929
59.56
59.101
59.392
59.178
59.501
59.261
59.482
59.287
59.459
59.379
59.512
59.893
59.628
59.363
58.782
58.2
58.306
58.538
57.333
57.393
56.725
57.171
56.473
57.15
56.99
57.268
57.583
57.852
58.122
58.465
58.425
58.385
58.388
57.822
57.984
58.146
58.18
57.683
58.377
58.164
58.046
58.054
58.062
58.742
56.257
55.861
56.349
55.711
55.515
56.16
55.589
56.166
55.741
56.052
55.828
56.109
55.751
56.123
55.722
56.408
55.846
56.262
56.025
56.364
56.069
56.133
56.197
55.822
56.181
55.901
56.152
55.72
56.007
55.97
56.127
55.927
56.173
56.003
55.853
56.087
56.037
55.976
55.836
55.858
71.492
71.751
55.995
56.09
55.574
55.909
55.83
55.84
55.89
55.815
56.058
55.804
55.921
55.768
55.823
55.845
55.932
55.948
55.962
56.023
55.982
56.13
56.193
56.371
62.193
63.722
63.928
64.339
64.122
60.482
61.079
61.099
61.249
60.72
75.432
81.838
82.718
83.08
75.777
75.811
75.911
63.376
63.719
63.728
63.143
74.894
74.756
74.66
62.261
60.915
59.57
60.063
60.557
61.824
73.812
73.503
73.687
74.21
74.316
74.109
73.976
74
73.641
73.491
73.09
60.984
60.998
61.227
60.949
61.091
60.993
65.252
76.522
76.014
75.61
74.912
74.795
74.229
73.489
73.16
72.684
73.141
69.13
65.118
48.962
49.111
49.107
