57.346
56.549
56.549
57.381
56.852
56.432
57.2
57.102
56.312
57.028
57.33
56.303
56.785
57.318
62.089
62.18
61.974
61.932
62.065
61.992
62.032
62.038
62.001
61.976
62.091
61.966
61.993
83.047
83.029
61.975
62.044
61.987
61.96
62.099
61.969
61.91
62.044
62.005
61.901
80.913
80.942
81.024
81.035
81.048
61.926
62.078
62.05
61.915
62.06
62.023
61.979
61.961
78.049
78.08
78.086
78.128
78.116
78.03
61.988
61.926
52.671
52.981
52.859
52.748
52.491
52.141
51.79
58.883
65.976
65.995
65.968
66.025
66.082
55.212
54.468
54.159
65.9
66.072
54.24
54.142
60.026
65.911
66.094
65.898
66.065
53.635
52.546
51.845
51.636
51.394
51.105
51.459
53.113
62.023
61.931
61.989
61.974
50.583
50.332
61.922
62.033
54.639
53.643
54.02
54.214
53.891
53.243
53.869
54.103
52.974
53.371
54.252
53.655
53.179
54.242
54.553
54.251
54.209
54.168
53.796
54.73
54.847
55.121
55.329
55.427
55.342
55.068
55.096
59.323
58.969
59.135
58.339
58.54
59.462
58.058
59.754
57.953
59.62
57.69
57.751
59.188
58.029
57.57
57.112
57.855
70.939
70.963
59.148
58.004
57.038
57.763
58.288
59.272
69.019
69.096
68.948
68.947
68.941
68.957
68.98
68.909
68.961
69.013
53.211
52.814
52.025
64.085
63.745
63.985
64.164
63.871
63.761
64.122
64.119
63.774
63.956
64.157
54.962
54.195
53.837
54.159
63.607
63.947
64.2
63.75
63.394
64.157
58.224
52.291
52.253
51.787
51.321
63.047
62.487
61.927
63.091
61.713
69.085
68.962
68.965
68.969
55.653
55.283
54.744
54.013
53.834
53.876
53.819
53.01
53.028
68.941
69.063
69.181
53.6
54.909
54.183
69.329
69.062
68.747
61.771
61.981
62.215
62.196
61.868
56.943
56.305
55.901
56.212
56.52
56.892
57.298
57.926
58.353
58.323
58.899
58.726
58.995
58.739
59.005
58.558
58.898
58.529
58.835
58.641
58.918
58.889
59.63
58.381
60.629
58.795
56.961
75.996
78.216
78.006
77.969
70.199
62.429
62.324
62.215
62.106
62.597
65.788
64.171
62.554
59.242
63.047
59.044
58.239
57.435
57.173
56.912
56.62
56.291
56.864
56.741
56.907
57.058
57.22
57.16
57.521
57.276
57.731
57.467
57.281
57.297
56.768
57.549
57.466
58.158
58.515
58.888
58.891
59.349
59.283
59.277
59.381
59.475
59.482
60.843
62.203
61.744
62.209
62.295
61.749
61.202
61.085
61.036
61.077
60.614
60.982
61.109
61.024
61.448
61.886
62.223
62.202
62.41
62.209
62.135
62.347
62.251
62.261
62.233
62.066
61.811
61.304
60.958
61.249
59.9
59.436
58.509
58.102
56.959
57.408
56.381
57.475
56.505
59.147
58.14
59.141
58.811
58.733
58.529
58.669
58.665
58.642
66.939
66.986
67.032
66.964
67.041
55.463
53.986
55.701
61.801
62.232
62.224
62.047
61.905
61.87
61.942
62.121
62.413
62.944
63.334
63.813
64.054
64.307
64.439
64.251
64.623
64.516
64.409
63.883
63.669
64.13
63.283
63.684
63.875
63.348
64.046
63.919
63.575
64.059
64.188
63.806
63.776
64.183
64.074
63.572
63.888
63.907
63.556
64.049
64.164
63.918
63.924
64.265
64.345
64.199
64.005
64.097
64.304
64.384
64.27
63.933
63.916
64.21
62.249
62.206
62.163
62.107
62.051
62.018
61.985
61.92
61.854
56.311
56.941
56.5
63.079
64.038
64.061
63.948
63.938
64.031
64.012
63.978
63.981
63.999
63.959
63.983
64.04
64.003
63.959
63.98
64.005
63.971
63.959
64.039
63.972
63.969
63.964
63.985
63.966
69.267
71.419
70.89
