58.848
58.654
58.222
58.832
59.107
59.145
66.997
63.391
59.785
57.433
59.385
58.992
61.499
59.911
61.07
61.21
60.848
61.709
61.048
60.849
60.466
60.083
61.274
61.333
61.034
60.948
61.359
61.771
65.75
66.262
65.966
66.04
65.905
66.041
66.032
65.919
65.99
65.887
65.984
65.959
65.962
66.039
65.638
65.832
66.026
65.924
65.89
63.937
61.983
43.379
43.714
61.814
62.058
62.534
62.001
62.093
62.197
62.076
61.777
62.066
62.144
61.846
62.236
62.161
61.832
61.63
61.881
61.925
62.033
62.227
62.079
62.132
62.184
61.971
61.759
62.589
63.144
63.326
63.19
63.483
64.273
64.588
65.138
65.635
66.053
66.451
66.781
66.853
66.75
66.84
66.888
66.913
66.972
67.13
66.641
66.199
65.807
61.686
64.529
67.373
66.907
66.727
66.572
66.453
66.246
65.987
65.659
65.586
65.91
66.252
66.542
66.671
66.679
66.571
66.501
66.451
66.441
66.383
66.324
66.252
66.41
66.613
66.884
67.046
67.238
67.326
67.4
67.429
67.382
67.317
67.193
67.232
67.298
67.307
67.428
67.506
67.474
67.147
66.492
65.805
52.191
51.877
52.306
51.577
52.391
51.77
51.149
51.581
52.495
51.907
52.152
52.223
51.921
52.333
58.22
60.043
61.865
61.217
61.654
59.61
57.566
48.737
50.669
46.04
53.598
61.157
60.736
47.336
46.903
46.698
58.888
52.464
57.038
61.612
61.178
61.454
62.008
62.168
62.325
62.292
62.254
62.266
62.625
62.568
63.325
63.739
64.027
63.95
63.74
63.813
63.71
63.752
63.795
63.916
64.13
64.333
64.467
64.619
64.528
64.325
64.148
63.989
63.805
63.419
62.541
62.663
62
62.131
62.386
62.618
62.388
62.828
62.115
62.702
61.746
60.739
56.875
56.891
64.387
63.692
63.913
64.047
64.172
64.3
64.284
64.212
64.17
64.032
63.831
63.912
63.599
63.697
63.833
63.882
64.014
64.127
64.332
64.335
64.154
63.798
63.232
62.937
61.606
61.243
56.871
56.734
57.074
64.057
64.001
60.452
60.624
60.948
61.105
61.164
61.083
61.097
61.033
61.082
61.067
60.985
61.008
61.004
61.015
60.972
60.732
60.867
61.002
61.182
61.362
61.399
61.475
61.254
65.912
65.799
65.931
65.994
65.983
65.818
65.913
65.921
65.84
65.901
64.809
63.717
65.38
65.478
65.146
65.209
65.085
64.451
64.624
65.067
65.476
65.704
65.932
65.996
66.506
66.383
66.222
66.192
66.11
66.071
66.045
65.884
65.871
65.847
65.871
65.864
65.93
66.017
66.049
66.095
66.152
66.232
66.204
66.261
66.332
66.166
66.205
66.278
56.664
56.894
56.919
56.928
57.048
57.065
56.967
56.93
56.824
57.05
57.163
57.092
57.188
57.127
57.145
57.06
57.272
56.551
56.677
57.857
59.037
47.692
53.314
58.936
58.882
59.097
