60.917
60.715
60.648
63.467
63.731
64.158
64.379
64.597
64.665
65.042
65.36
65.422
65.441
65.592
65.792
65.729
65.579
65.338
64.8
64.084
61.579
62.933
63.157
62.943
62.729
63.491
62.806
56.371
54.553
54.177
54.4
54.552
54.527
54.689
54.82
55.478
55.489
55.342
56.061
66.159
66.044
66.072
66.067
66.058
59.712
62.907
66.103
65.996
55.703
53.931
53.261
53.118
53.1
53.156
53.145
52.957
53.482
52.948
66.267
66.103
65.939
66.153
66.132
66.152
66.171
66.018
66.06
66.266
60.086
61.557
62.024
62.199
61.694
61.601
61.317
61.884
62.546
62.423
62.977
63.564
63.499
63.179
62.802
63.166
62.469
62.15
63.084
62.379
63.041
62.71
62.594
63.128
62.909
62.864
63.027
62.92
62.903
62.953
62.973
82.721
82.361
81.543
62.927
62.948
63.218
63.013
63.027
63.162
63.163
62.951
62.909
63.095
63.282
62.762
68.557
81.578
81.793
63.179
63.14
67.964
66.417
66.045
66.05
65.714
83.509
83.142
82.719
74.601
79.495
84.389
83.501
82.567
65.978
66.117
66.106
66.206
63.075
62.757
62.747
62.678
62.557
62.182
62.515
58.972
59.233
58.645
59.622
63.211
62.404
59.141
58.943
59.057
58.915
59.109
58.861
59.017
59.176
58.531
63.494
63.38
63.244
63.105
63.1
62.643
62.53
61.709
62.463
60.833
61.542
57.987
59.617
61.246
60.911
60.992
60.695
61.015
60.568
61.709
58.982
60.281
61.068
60.765
61.017
60.978
60.997
60.885
61.493
60.709
61.249
61.294
60.742
61.213
61.038
60.725
61.137
60.356
60.586
60.072
60.045
60.615
60.317
60.406
60.116
59.626
59.685
59.401
60.1
60.009
59.839
60.481
60.755
61.105
60.733
61.118
60.415
61.01
60.323
66.088
66.023
66.064
60.249
61.045
60.419
60.76
60.441
60.863
60.751
60.854
60.642
60.84
60.797
61.188
60.892
61.141
61.224
60.87
61.205
60.837
60.964
60.905
60.822
61.187
60.763
61.08
60.89
60.967
61.063
60.855
61.171
60.785
61.105
61.005
61.037
61.045
61.062
60.974
60.966
61.04
60.893
60.989
60.9
60.98
61.005
60.944
61.028
60.951
61.028
61.035
61.033
61.022
60.965
61.068
61.024
61.039
61.08
61.013
61.121
61.069
61.14
61.251
61.082
61.301
61.319
61.083
61.22
61.195
61.003
61.155
61.079
61.057
61.192
60.916
61.086
61.024
60.98
61.315
60.661
67.973
68.111
68.056
68.077
68.037
68.038
68.078
68.119
68.16
68.084
68.119
68.081
68.072
68.062
68.131
67.894
68.02
67.998
68.029
68.016
