61.878
61.88
69.438
76.996
77.031
76.943
76.986
77.02
76.999
76.983
76.996
76.997
77.007
77.018
77.01
76.981
77.005
77.04
77.019
76.992
77.013
76.962
74.014
73.974
73.989
74.005
74.04
73.971
73.986
73.969
73.994
77.012
77.009
76.98
77.036
77.015
77.068
77.018
77.003
75.53
74.057
73.94
74.05
73.941
73.996
62.543
69.774
77.005
76.96
77.04
77.006
77.028
77.03
77.056
76.997
77.041
76.971
77.036
57.983
52.295
53.019
53.744
54.051
54.894
55.293
55.457
55.626
55.944
56.269
56.43
56.47
56.459
56.319
56.303
56.566
56.615
56.784
57.368
58.133
58.535
58.856
59.027
59.04
58.782
59.136
58.925
59.36
59.173
58.931
58.945
58.864
59.044
58.821
58.39
57.786
63.984
64.004
61.814
59.624
59.622
60.191
60.619
60.739
60.91
60.903
60.883
60.683
60.482
60.383
60.52
60.699
60.87
60.952
60.739
60.441
60.309
60.434
60.965
61.832
62.174
61.581
62.041
62.323
61.797
61.725
61.711
61.79
62.263
63.085
63.906
63.905
63.929
60.195
56.46
44.965
45.537
61.367
61.587
61.936
62.465
62.094
62.062
62.475
62.16
62.501
62.465
62.751
62.329
62.725
62.402
62.83
54.242
59.26
64.277
64.14
46.103
45.435
45.03
44.209
44.787
44.783
44.951
45.013
45.136
45.168
45.208
45.006
44.886
44.75
44.779
45.066
44.627
45.078
45.578
49.287
47.528
56.866
56.353
56.46
56.642
56.695
56.72
56.77
56.852
56.86
56.81
56.702
56.638
56.54
56.379
55.798
55.475
55.425
55.166
56.166
56.463
56.476
56.385
56.272
56.363
56.524
56.398
56.124
55.833
55.684
55.995
55.592
51.531
53.795
56.059
56.003
55.932
56.055
56.153
67.991
68.009
68.035
68.037
68.016
67.989
68.041
68.028
68.002
68.026
67.998
68.005
68.043
68.025
68.022
68.035
68.008
68.03
68.016
68.032
68.019
67.954
68.038
67.995
67.996
68.012
67.988
68.037
65.267
69.11
72.954
73.004
73.021
55.707
55.486
55.26
55.333
55.775
55.864
55.827
55.961
55.972
56.024
68.063
68.02
68.028
68.033
56.25
62.108
67.966
68.03
67.998
67.962
68.012
61.821
62.405
62.396
62.415
62.625
62.57
62.674
62.711
62.748
62.694
63.179
56.226
55.875
64.087
64.02
63.927
61.156
60.921
60.951
61.079
60.985
60.892
68.133
