53.093
52.975
53.078
53.125
53.12
53.024
52.947
53.018
53.088
52.968
52.927
53.03
53.058
53.055
53.075
53.128
53.043
53.054
52.815
53.509
52.965
52.881
52.978
53.023
52.954
52.934
53.039
53.115
53.394
52.474
52.73
58.873
58.676
58.796
58.883
59.135
59.418
59.107
58.335
57.515
56.854
56.684
56.672
56.996
57.623
57.737
57.338
57.226
57.426
56.467
53.847
52.926
53.207
52.236
51.686
51.137
50.606
51.89
56.483
55.11
54.822
55.183
54.499
55.44
55.693
55.102
55.024
54.583
55.032
55.048
55.229
55.321
54.815
57.09
61.634
59.271
56.908
50.4
55.56
56.715
57.869
57.486
57.322
57.17
57.525
57.832
57.653
57.743
57.857
57.787
58.285
57.979
58.374
58.4
58.845
59.154
59.705
59.933
60.051
60.072
60.486
61.165
61.561
62.099
62.251
62.158
62.322
62.348
62.284
62.166
62.17
61.902
49.851
50.042
49.919
50.202
62.885
62.258
62.318
62.424
62.449
62.401
62.436
62.471
62.597
62.467
62.239
62.24
62.321
62.311
62.31
62.302
62.33
62.143
62.023
62.268
62.37
62.192
62.16
62.141
61.743
61.979
62.205
62.972
63.401
63.872
63.153
62.948
62.854
63.063
63.502
53.511
54.95
56.389
46.62
45.487
45.362
57.672
57.873
57.859
58.217
59.094
58.363
59.38
58.906
59.379
59.098
58.758
58.774
58.014
58.329
58.028
59.173
60.318
42.993
42.981
42.943
43.017
43.025
43.013
43.001
43.07
43.223
43.277
43.33
43.139
42.949
43.559
44.169
55.365
55.022
55.08
55.008
54.935
54.981
54.939
54.956
55.027
55.099
43.074
43.66
54.775
54.938
55.064
55.006
54.949
55.041
55.019
54.997
54.963
54.92
54.941
55.325
55.118
54.911
55.244
55.041
54.839
54.968
54.944
55.047
54.778
55.131
54.917
54.882
43.114
43.114
43.382
55.162
55.013
54.839
54.907
54.974
55.082
55.189
54.981
54.906
55.298
54.788
43.005
42.939
55.073
54.967
54.961
54.956
43.182
43.127
54.812
54.791
52.113
49.435
49.83
49.738
49.996
49.351
62.067
62.12
58.872
55.623
54.678
55.318
54.96
54.603
55.259
55.015
55.031
55.046
55.239
55.14
55.136
55.132
55.088
44.338
44.299
54.928
