46.568
46.721
55.781
54.335
58.706
58.605
59.104
71.067
59.188
65.106
71.024
58.964
61.131
63.299
62.852
63.132
62.811
63.035
63.234
62.949
62.627
63.16
62.953
63.003
63.145
63.186
63.141
62.766
62.831
61.368
59.445
57.425
55.804
55.562
55.62
55.555
55.442
55.502
55.655
55.736
55.86
56.105
56.6
56.353
55.838
55.496
53.874
54.731
55.589
55.442
55.115
55.136
55.239
55.285
55.41
55.492
55.404
55.33
55.402
55.977
55.497
55.547
55.762
55.825
55.895
55.665
55.616
55.568
55.646
55.923
55.648
55.545
55.966
55.916
55.913
55.823
55.872
55.803
55.317
71.015
71.068
71.03
71.011
64.793
61.169
61.171
61.579
61.36
61.206
61.757
62.952
62.434
63.657
63.532
63.414
62.837
63.576
63.66
63.307
62.906
63.249
62.986
56.245
59.727
63.209
63.32
63.52
63.458
63.273
63.071
63.098
63.367
63.097
62.826
63.045
63.047
62.915
63.061
62.782
62.513
63.284
63.115
62.911
62.975
62.471
62.9
62.94
62.988
55.574
54.593
54.507
54.633
54.778
55.112
55.313
54.975
54.889
54.834
54.935
55.053
63.039
62.963
62.792
62.562
62.979
63.06
62.937
63.04
62.695
62.776
62.939
56.927
55.984
55.607
55.149
54.994
54.895
55.343
54.029
54.881
54.606
54.776
54.992
55.158
55.011
54.731
54.197
54.322
54.247
54.74
55.279
63.052
62.932
62.803
62.806
62.904
62.885
63.103
62.861
63.045
62.775
62.751
63.037
63.069
62.849
63.039
62.596
62.752
62.962
62.751
63.098
62.675
63.073
63.227
63.143
62.439
61.736
63.024
62.93
62.849
62.962
62.78
63
63.219
62.008
63.094
61.87
62.769
62.542
63.01
63.111
62.491
61.217
59.334
57.956
56.382
55.887
55.885
55.695
55.228
54.887
55.112
55.578
55.146
57.905
60.665
60.996
61.088
58.626
56.164
55.063
54.977
55.144
55.119
55.397
55.161
54.684
60.712
60.856
60.939
56.021
55.906
56.499
57.093
56.661
56.421
55.578
55.776
55.881
56.068
56.282
56.287
56.121
56.042
55.998
56.004
55.94
56.155
56.576
56.558
57.236
57.781
58.834
60.012
60.624
61.213
61.218
61.247
61.634
61.684
62.984
62.443
63.453
63.535
63.246
62.977
63.359
63.318
62.957
63.128
63.542
63.957
64.133
64.063
63.993
63.539
63.086
63.151
62.861
62.753
62.997
63.092
63.188
63.296
63.306
63.316
63.306
63.374
63.441
63.629
59.108
59.105
63.247
61.812
60.478
58.839
57.228
55.943
55.603
55.033
54.377
54.498
53.798
54.369
54.202
54.453
54.663
54.621
54.617
54.775
55.025
55.101
55.166
54.748
68.096
68.02
68.085
67.988
67.907
59.229
58.882
58.923
58.964
55.912
55.402
54.651
53.941
54.471
53.965
54.314
54.341
54.095
54.733
54.61
54.629
55.048
55.019
54.951
55.742
55.812
55.587
55.442
55.676
55.93
56.484
64.062
63.992
63.93
63.868
63.867
63.855
63.844
47.244
46.792
46.952
46.902
46.864
47.196
47.586
46.747
46.973
46.889
47.017
46.866
47.043
47.193
46.795
49.498
52.202
51.77
50.762
51.033
50.736
50.72
50.649
49.985
50.305
50.547
50.354
50.231
50.309
50.756
51.004
51.263
51.434
51.94
45.073
45.181
45.196
46.107
45.663
56.001
55.878
55.955
56.308
56.363
56.387
56.369
56.128
54.959
45.305
45.228
56.794
55.324
54.954
54.908
54.867
55.425
55.631
55.553
55.205
55.418
54.988
55.449
55.969
56.15
56.254
56.551
56.255
56.212
56.324
56.179
56.011
56.319
56.493
56.276
56.413
56.327
55.959
55.897
55.168
53.827
58.842
52.294
64.195
54.637
56.29
57.943
57.873
58.11
58.319
58.527
58.542
58.586
58.468
58.406
58.629
58.649
58.626
58.857
58.63
59.101
59.907
60.4
60.456
59.964
53.926
55.714
57.502
55.684
46.384
48.98
51.575
51.657
56.344
56.527
51.419
51.613
