45.091
45.213
44.96
44.946
45.055
44.775
45.072
44.971
44.955
45.095
44.958
44.868
44.93
44.951
45.115
44.606
47.905
52.117
51.668
52.052
52.097
52.017
52
52.004
52.027
52.126
51.928
51.924
51.943
53.302
58.183
57.861
58.214
58.822
59.431
59.954
60.438
60.4
60.84
60.783
60.85
47.147
46.796
47.207
45.591
48.059
47.069
60.795
60.61
47.047
46.917
46.834
47.09
47.007
46.969
47.043
46.988
46.986
46.952
46.992
46.989
45.88
45.701
45.522
46.562
60.977
60.422
60.452
60.556
60.58
60.69
60.575
60.863
60.772
60.833
61.001
60.862
61.103
60.796
61.093
60.934
60.776
60.734
61.011
60.39
60.76
61.038
60.969
60.815
61.026
60.953
61.024
60.986
60.953
60.808
60.61
60.54
60.421
60.723
60.658
60.832
60.889
60.828
60.753
60.751
60.882
61.045
61.07
61.081
61.067
61.137
61.259
61.549
61.511
61.633
61.661
61.544
61.59
61.592
61.595
61.693
61.735
61.762
61.801
61.767
61.854
61.683
58.846
62.648
63.204
63.76
64.002
64.205
64.33
64.383
64.307
64.269
64.045
45.006
44.922
45.051
44.894
45.025
44.979
44.976
44.988
44.737
45.839
58.941
58.799
58.595
58.556
58.733
58.81
58.837
58.835
58.858
58.899
58.961
58.982
58.94
58.93
58.822
58.806
58.785
58.644
58.503
59.363
58.677
59.238
50.142
49.833
50.294
50.493
48.676
49.727
50.779
50.866
48.704
50.603
57.439
56.855
56.642
56.433
56.395
56.656
56.742
56.688
56.722
56.719
56.768
56.729
56.764
56.79
56.859
56.95
56.882
56.876
56.734
56.862
57.006
56.994
56.976
56.855
56.862
56.851
56.897
57.009
57.055
57.031
56.82
56.759
56.759
57.044
57.133
56.916
56.901
57.01
57.223
57.232
57.427
57.477
50.112
49.868
50.19
49.81
50.117
49.957
50.203
50.174
53.234
51.612
49.99
50.558
50.025
50.316
49.796
50.244
49.886
50.141
49.99
50.147
49.704
56.949
57.138
57.298
57.458
56.615
57.409
57.228
57.047
57.096
56.959
57.059
57.017
56.983
56.988
57.154
56.987
