67.996
74.028
73.487
72.946
72.969
73.073
73.05
73.033
73.019
73.061
73.04
72.978
73.008
73.021
73.006
73.023
73.018
73.004
72.969
72.979
73.001
73.03
72.989
73.06
72.981
74.013
75.046
55.209
54.878
54.744
55.023
55.787
56.275
56.099
55.676
71.008
71.033
71.033
71.079
71.003
55.902
54.781
54.324
54.173
54.211
54.235
54.495
54.839
55.195
55.526
55.637
55.697
55.611
55.608
55.551
55.466
55.123
73.017
72.997
73.002
73.015
73.018
73
55.44
53.722
53.292
53.106
53.185
53.429
53.944
54.202
54.443
54.629
54.74
54.929
54.902
54.867
54.859
54.919
54.918
54.796
54.71
54.475
54.047
53.797
53.776
53.657
53.361
53.241
53.182
53.203
53.324
53.936
54.479
66.199
66.13
66.658
54.934
54.499
54.639
54.684
54.551
54.81
54.802
55.004
67.942
67.654
68.02
67.909
68.06
67.826
68.167
68.235
68.304
68.256
68.208
53.454
51.697
51.679
52.337
52.999
52.864
52.877
52.982
53.454
53.332
52.991
52.948
53.135
53.523
53.484
53.368
53.235
52.933
52.86
53.065
53.316
54.121
54.172
64.27
64.062
63.993
64.092
63.877
63.98
63.987
63.99
64.019
64.105
64.106
64.1
64.079
64.017
64.127
63.959
59.894
59.334
59.752
59.913
59.978
60.043
63.968
64.147
64.137
64.128
59.671
59.807
59.974
60.142
60.235
58.805
58.88
57.659
56.896
55.456
53.293
52.337
52.258
51.985
52.227
51.678
51.345
51.115
50.886
50.84
51.273
51.461
51.542
50.888
50.628
50.367
50.361
50.322
51.269
52.298
54.13
55.134
55.772
54.863
53.56
54.524
56.037
56.985
55.818
66.812
66.25
68.112
68.117
68.09
67.987
67.8
67.48
67.798
67.949
69.442
70.935
71.046
71.017
71.047
71
71.029
71.008
71.037
71.024
71.031
71.01
71.045
70.992
71.017
70.986
70.988
70.987
70.943
70.996
71.02
71.035
71.005
70.958
50.677
50.321
64.109
63.997
63.986
64.071
63.994
64.134
63.949
63.951
64.178
64.016
64.063
64.115
63.894
64.163
64.076
64.063
64.02
63.977
46.85
47.376
56.31
57.022
49.82
51.113
52.2
53.286
54.183
55.352
56.52
80.985
81.025
81.037
81.076
81.049
81.056
64.246
63.992
63.892
64.016
64.179
64.139
57.827
57.535
57.516
57.475
57.223
57.359
58.056
58.859
59.593
60.122
60.139
60.196
60.328
59.928
59.764
60.073
61.172
60.881
60.97
60.952
61.061
60.936
61.095
61.241
59.378
58.676
58.093
57.926
58.188
58.628
58.626
59.084
59.565
59.923
69.19
69.078
69.055
59.64
59.71
59.623
59.477
61.743
64.01
64.023
64.035
60.567
60.672
60.795
60.664
60.52
60.458
60.36
60.329
60.396
60.136
60.112
59.898
59.369
59.887
59.757
59.787
59.926
59.37
59.712
53.951
58.969
63.988
64.086
60.013
55.94
50.076
54.542
59.008
58.527
58.237
59.151
59.038
59.368
59.463
59.347
58.817
58.085
57.446
57.452
57.556
57.708
57.996
57.93
69.025
69.048
69.043
69.071
69.052
64.131
64.049
47.385
45.861
58.972
58.121
57.778
57.417
57.698
57.653
57.167
57.608
57.213
57.557
57.209
57.533
57.78
57.401
57.945
57.755
57.373
57.479
56.917
57.683
57.575
57.721
57.801
57.417
57.707
70.944
71.048
71.011
71.003
70.987
70.965
71.015
71.023
71.005
71.017
71.024
65.939
65.933
