37.666
41.323
44.979
63.947
63.959
63.989
63.96
64.03
63.993
63.956
46.419
43.971
44.594
45.228
44.748
45.172
45.393
45.149
45.191
45.06
44.564
44.493
44.661
44.703
45.018
44.752
49.528
49.861
55.867
61.873
61.55
61.69
61.831
61.441
61.484
61.528
60.931
60.186
59.441
60.931
61.576
59.921
61.484
57.717
53.95
57.809
61.669
61.902
66.519
64.08
61.641
61.379
60.923
61.09
61.364
60.73
61.314
61.122
58.934
56.745
51.261
50.688
62.023
62.118
61.909
62.191
62.349
62.384
62.419
56.699
59.521
55.749
51.978
51.861
55.238
53.792
52.347
51.137
51.348
55.153
53.47
53.929
54.507
53.957
54.103
53.953
54.282
54.106
53.922
54.537
53.854
53.922
54.678
55.435
62.614
62.778
63.047
63.481
63.756
64.042
64.268
64.257
64.305
64.262
64.356
64.197
64.212
64.108
64.094
64.054
63.973
63.89
63.976
64.02
64.025
63.91
64.295
64.031
64.065
64.048
64.009
64.08
57.351
50.623
56.61
56.242
55.875
62.744
62.104
63.202
63.319
63.436
63.615
63.758
63.845
75.969
75.996
64.159
64.225
64.177
64.125
64.183
64.026
63.905
63.677
63.476
63.468
63.724
64.074
53.619
51.036
48.453
50.8
53.147
52.962
44.755
45.8
51.173
62.582
62.178
62.207
62.142
62.379
62.976
63.282
63.518
63.841
64.095
64.175
64.171
64.182
64.16
64.141
64.085
63.958
63.838
63.804
45.885
47.006
44.257
45.144
44.714
44.465
45.434
57.019
57.043
46.088
44.429
45.62
63.964
64.016
62.058
61.814
61.569
61.396
61.347
61.507
61.378
61.266
61.281
61.33
61.433
61.67
62.333
61.942
62.229
62.337
62.143
62.383
62.079
62.193
62.252
62.153
62.322
62.225
61.974
61.419
73.701
72.077
71.686
70.86
71.16
61.445
62.21
62.287
62.59
62.632
62.939
63.227
63.483
63.73
63.923
64.052
64.088
64.069
64.189
64.243
64.229
64.182
64.181
64.181
64.156
64.398
64.211
64.688
63.989
64.027
63.968
63.991
64.032
64.04
64.026
64.125
58.383
52.642
57.855
63.068
62.761
62.644
62.788
62.949
63.198
63.4
63.758
64.023
64.211
64.243
64.169
64.087
64.113
64.152
64.099
64.111
64.179
64.167
64.194
64.038
63.464
63.998
63.909
