57.17
56.099
55.751
55.737
56.032
56.311
56.143
56.405
50.886
51.167
51.448
53.905
56.361
55.42
43.448
44.265
44.265
44.545
44.26
44.693
44.553
44.377
44.176
44.277
43.762
43.702
43.131
44.128
48.887
53.645
52.877
52.724
52.586
51.955
63.991
64.056
64.049
64.045
64.045
64.014
64.042
64.077
59.26
54.442
53.493
53.611
53.716
53.82
63.93
64.085
63.995
56.078
50.229
44.732
43.868
53.705
53.135
53.447
53.76
44.889
44.203
44.213
44.548
54.451
54.641
44.881
43.487
43.495
43.503
44.061
55.776
55.828
57.382
55.99
60.093
64.196
64.135
53.636
53.118
52.549
52.28
52.606
51.859
52.431
52.136
52.299
52.472
52.619
53.072
53.21
53.305
53.712
53.772
53.611
49.685
48.084
44.044
43.616
54.485
56.441
54.719
56.11
55.598
55.07
55.477
55.466
55.344
55.814
56.112
56.039
56.57
56.36
56.231
56.052
55.853
55.783
56.168
56.153
64.379
64.189
64.009
64.108
64.047
63.989
64.105
56.208
53.277
52.74
52.52
52.578
52.631
52.738
52.677
52.686
52.757
52.902
53.088
53.156
53.257
53.21
53.198
53.379
53.514
53.571
53.479
53.531
54.45
55.588
55.794
55.87
56.188
56.401
56.384
56.713
56.926
57.359
57.663
57.929
57.977
57.865
57.973
58.044
58.068
57.848
58.489
58.253
59.118
59.072
59.389
58.921
59.008
58.344
58.419
58.322
58.142
58.118
57.753
57.021
63.979
64.304
64.188
63.971
58.606
56.463
56.079
56.042
56.016
55.88
56.474
56.512
55.679
56.165
56.65
56.81
56.971
43.68
44.904
57.814
56.632
56.737
56.605
56.754
56.896
57.264
57.704
58.101
58.192
57.735
58.092
58.222
57.982
57.515
48.798
47.696
47.576
65.389
65.787
59.16
59.081
59.002
57.939
58.118
57.918
58.05
57.998
57.944
57.943
57.746
57.854
57.348
56.989
56.329
56.071
56.21
56.341
56.395
56.306
54.451
56.268
44.792
45.141
45.418
45.617
45.595
45.572
56.808
55.683
54.837
54.673
54.25
53.696
54.036
54.36
54.652
55.281
55.712
56.015
56.43
56.375
56.39
56.614
56.117
56.074
56.164
56.096
55.985
56.101
56.24
56.092
55.999
55.992
56.066
56.072
56.062
56.176
56.044
56.069
56.173
56.938
56.562
56.236
56.128
56.028
55.738
55.437
44.252
44.093
44.325
43.553
43.572
43.084
56.847
55.449
55.632
55.953
56.064
56.041
55.599
55.875
56.278
56.159
55.901
55.938
55.711
55.771
55.896
56.084
56.397
56.016
55.462
55.58
55.917
56.476
56.185
55.713
55.373
58.779
58.458
58.874
59.219
59.132
59.046
58.715
58.944
59.173
58.748
57.578
56.407
57.654
58.901
57.664
55.98
55.53
63.92
64.017
63.997
56.041
55.641
57.634
44.695
43.29
64.126
63.978
63.906
63.956
63.967
56.809
57.024
57.143
56.976
57.049
56.832
56.965
56.8
56.996
56.991
56.925
57.059
57.016
57.04
57.239
60.614
63.989
68.915
69.025
68.981
68.99
69.033
68.862
44.708
45.374
45.428
45.483
44.736
76.046
76.112
75.955
76.012
72.534
69.055
69.144
57.155
55.356
63.073
62.988
62.819
55.16
60.651
66.142
66.156
66.106
65.97
61.154
56.337
63.696
55.203
46.71
47.021
47.157
47.294
