71.102
63.306
55.509
52.548
52.225
51.918
51.314
52.631
53.948
59.036
64.123
64.025
59.997
55.97
55.959
56.214
56.349
56.231
56.371
56.317
56.143
56.358
56.227
55.986
55.736
55.698
55.677
55.716
55.75
55.374
50.846
46.319
57.15
50.162
52.948
55.734
55.529
55.646
56.186
56.436
55.322
43.611
44.197
43.982
44.44
44.043
44.454
58.453
58.39
58.55
58.323
58.8
56.958
63.955
66.193
68.431
71.051
71.038
60.032
60.139
60.213
60.243
60.099
59.966
60.017
59.872
59.719
59.816
59.493
59.457
59.304
59.56
59.58
59.041
61.488
55.253
54.684
54.114
54.277
54.439
56.36
58.281
58.036
58.116
58.008
58.085
58.614
58.71
59.407
58.971
59.785
60.118
60.244
59.912
60.023
60.357
59.985
59.614
59.525
59.436
58.121
56.973
56.033
55.506
55.454
55.913
55.846
55.948
55.907
55.866
55.715
55.675
56.194
55.799
56.247
56.264
56.507
56.291
56.833
62.767
68.701
68.906
69.046
69.023
68.839
62.725
56.611
58.046
58.271
58.086
57.893
59.118
59.287
59.397
59.651
59.821
59.991
59.897
59.518
59.58
68.908
68.932
58.451
58.457
57.067
55.917
54.807
54.829
54.961
55.441
55.307
55.597
55.829
55.475
55.725
56.221
56.017
56.206
55.746
56.469
56.4
55.707
55.511
49.823
48.962
48.1
46.43
47.067
46.586
47.709
46.62
46.712
46.621
47.18
69.056
68.949
68.977
47.171
47.158
46.772
50.975
55.178
55.3
55.614
55.508
55.559
55.794
55.534
55.86
55.694
55.543
55.961
55.897
56.125
56.069
56.232
56.04
56.293
55.657
54.99
55.009
55.028
55.515
56.002
55.581
55.376
55.095
55.829
55.431
55.579
55.707
55.747
56.189
56.254
56.605
56.34
56.644
56.737
56.543
55.918
62.153
68.387
67.952
68.483
46.655
47.023
59.046
58.278
58.393
58.009
58.126
58.19
57.857
56.973
56.169
56.094
56.66
57.472
58.533
58.484
58.254
58.094
58.133
58.161
58.075
57.881
57.94
58.091
58.149
58.21
58.58
58.425
58.134
64.098
63.866
63.764
63.661
70.934
70.998
64.253
62.787
62.524
63.258
62.932
63.184
63.437
63.441
63.431
63.422
63.253
63.349
63.367
63.385
63.76
63.598
63.611
63.623
59.404
57.463
56.265
56.107
56.375
56.423
56.045
55.938
55.974
56.23
55.7
59.794
63.887
64.194
63.993
63.779
57.415
55.169
55.362
54.632
55.256
54.895
54.897
52.6
67.879
83.158
83.22
83.036
71.14
71.001
64.028
56.207
55.934
55.812
55.677
55.857
56.123
56.308
56.196
56.215
56.238
56.247
55.968
55.931
56.16
56.124
65.943
64.825
63.819
63.887
64.001
62.267
60.532
60.685
60.837
60.962
61.343
61.654
62.308
62.756
63.098
61.443
62.255
63.067
62.995
62.949
63.088
62.659
63.041
63.054
62.864
63.108
62.911
62.818
63.887
63.911
63.404
63.205
63.358
63.719
63.593
63.144
63.122
63.169
63.068
62.743
62.86
62.978
62.835
63.124
63.034
62.681
62.874
62.716
62.855
62.995
63.037
63.078
56.661
54.791
54.773
54.171
54.468
55.049
54.87
54.726
55.281
54.82
55.039
55.129
55.242
55.28
55.228
55.368
55.489
55.308
55.313
55.264
55.008
54.772
54.903
55.309
55.201
55.129
55.117
55.223
55.06
55.004
55.194
55.101
54.797
54.872
55.207
55.127
55.197
55.313
54.933
55.262
56.561
64.166
63.932
64.007
63.892
64.317
64.356
63.822
63.84
63.858
64.356
64.278
55.82
50.148
59.095
68.041
68.077
68.046
79.917
80.049
80.145
72.154
64.162
63.783
60.823
