44.517
44.919
45.321
54.747
54.466
54.663
54.86
55.184
56.48
57.775
57.75
58.064
58.554
58.425
58.239
58.613
58.527
58.927
59.457
59.853
60.086
60.144
60.338
60.245
60.897
59.637
60.73
60.48
60.947
61.138
61.404
61.603
62.001
62.019
61.896
62.145
62.12
62.291
62.555
62.785
62.728
62.742
62.78
62.988
62.951
62.887
62.938
63.055
62.938
62.382
55.789
55.314
54.961
55.537
43.672
43.806
63.079
63.083
63.039
63.105
63.273
63.453
63.686
63.763
63.742
63.868
64.476
65.174
65.413
65.692
65.216
64.923
64.694
64.717
48.09
47.6
48.547
48.314
46.562
47.067
47.572
65.735
65.306
65.292
65.315
65.295
65.301
65.25
65.359
65.392
65.399
65.373
65.263
65.462
65.393
65.532
66.029
65.36
64.769
56.338
47.907
47.628
48.137
48.166
47.515
64.91
65.185
64.781
64.601
64.752
64.868
65.032
64.862
64.677
64.244
63.735
63.099
62.869
62.482
62.477
61.923
62.454
62.363
72.098
72.013
72.004
71.935
71.965
47.7
48.249
47.949
47.641
48.332
61.888
62.804
62.337
62.79
62.403
62.618
62.404
62.544
62.65
62.333
62.488
62.662
62.696
62.73
62.67
62.698
62.655
62.298
54.918
55.063
55.31
55.471
62.834
62.483
62.529
61.894
62.378
62.041
62.282
62.162
62.09
61.983
62.209
62.437
62.35
62.511
61.984
62.704
62.733
62.25
62.657
62.596
62.361
62.6
62.292
62.247
44.551
44.957
61.864
62.376
62.539
62.702
45.212
45.075
45.063
45.052
44.75
44.861
44.967
45.304
44.958
45.247
45.749
44.805
44.435
62.933
62.344
62.175
62.351
62.337
62.125
62.996
62.151
62.197
62.145
62.093
61.901
62.27
63.131
63.601
62.926
63.167
63.851
63.427
62.876
63.356
57.02
57.035
57.175
57.072
56.968
57.278
56.726
56.846
56.942
57.262
57.582
43.164
45.055
44.807
44.699
44.272
59.772
55.707
51.642
51.851
44.247
44.709
44.819
44.051
43.284
45.945
46.244
45.724
46.479
45.098
46.341
57.61
58.362
58.538
58.708
59.35
59.603
59.97
60.174
59.856
59.9
60.086
60.276
60.251
60.715
59.901
59.23
47.072
47.185
46.897
47.226
47.052
58.156
57.69
57.874
58.393
58.316
58.263
58.164
58.039
57.628
57.373
58.021
56.252
57.664
57.989
58.314
59.768
61.222
60.779
60.694
60.414
60.436
60.527
60.114
60.457
60.544
60.713
60.31
60.808
60.323
60.327
59.708
60.215
59.789
58.926
58.761
59.032
58.61
58.336
70.972
71.019
70.934
53.648
54.815
54.786
55.566
55.227
54.842
54.763
55.073
55.141
55.21
