80.999
80.993
80.987
52.872
51.483
51.955
52.426
51.838
51.886
51.891
51.985
52.221
52.42
52.472
52.618
52.662
52.502
76.007
76.011
76.008
76.01
76.011
55.003
54.221
53.439
52.796
52.594
52.687
52.946
53.267
53.613
53.934
54.226
54.483
54.391
54.675
54.338
54.5
53.927
64.972
55.094
45.216
44.811
44.398
45.574
46.75
55.321
56.467
56.584
56.646
56.585
56.67
56.787
56.816
56.778
56.652
56.596
56.501
56.631
56.531
56.786
56.464
56.381
56.592
56.419
56.364
56.839
56.639
56.525
56.544
71.006
71.021
70.995
71.012
70.994
71.003
71.007
71.066
71.016
71.012
71.04
55.108
54.952
55.006
55.262
55.348
55.318
55.219
55.252
55.396
55.567
55.837
56.131
56.184
56.102
55.685
56.346
56.142
55.939
56.488
56.135
56.35
56.191
56.375
56.122
56.312
56.385
56.23
56.412
55.85
55.6
55.508
55.215
55.062
55.275
54.661
54.108
53.928
54.061
54.064
54.143
54.12
54.258
54.249
54.143
54.266
54.304
54.024
54.261
54.312
53.939
54.183
54.145
53.934
54.289
54.247
54.316
54.786
54.485
54.81
54.335
54.814
54.29
53.953
56.986
52.198
47.411
48.517
52.342
52.04
51.737
52.273
52.81
56.407
56.642
56.877
54.176
51.475
52.093
51.635
52.265
54.634
56.838
56.323
54.118
54.119
54.247
53.949
53.273
54.187
51.648
49.109
53.074
53.492
53.91
54.775
53.954
53.384
54.333
55.609
56.392
54.496
55.334
55.071
56.673
55.935
56.583
54.99
61.123
60.943
61.032
61.122
61.097
61.158
61.054
61.036
69.563
67.675
65.788
65.904
65.999
66.066
65.978
65.998
66.062
59.995
53.928
54.429
56.06
57.691
55.78
54.472
53.936
54.988
68.949
68.897
67.477
66.058
60.532
55.006
54.338
53.451
54.49
54.093
53.697
54.576
54.522
63.993
63.954
64.06
64.226
64.116
60.614
57.112
57.23
64
64.073
64.056
64.043
63.994
63.973
63.997
63.993
64.089
55.629
48.442
49.705
50.968
51.467
51.966
50.947
49.928
66.079
66.381
63.328
64.554
65.78
65.874
66.071
65.989
66.004
71.768
77.532
78.004
77.967
77.992
77.997
77.991
77.971
78.019
77.987
78.01
77.99
78.005
77.995
78.029
78.001
78.006
77.996
77.997
77.997
78.004
77.99
77.997
77.998
78
77.968
78.003
77.994
77.993
78.024
77.999
78.003
78.005
78.01
78.002
77.995
78.006
78.014
57.368
51.388
62.194
72.999
73.017
73.011
72.996
73.002
73.004
72.982
73
73.013
72.985
73.009
73.009
72.995
73.016
72.997
