70.983
70.949
71.018
46.694
46.819
46.871
83.127
83.056
83.103
83.07
83.054
83.053
83.046
83.064
64
64.069
64.013
64.061
64.031
78.019
78.042
78.036
78.016
78.031
78.017
54.83
54.927
54.824
55.023
55.018
54.831
54.446
70.996
70.99
63.657
56.325
56.406
56.413
56.552
56.622
56.643
56.628
56.764
56.741
56.707
56.777
56.987
57.187
57.244
57.23
57.209
79.937
80.039
80.055
80.072
57.245
57.196
57.123
57.581
80.024
80.042
80.03
80.035
80.06
80.044
80.036
80.054
80.061
80.017
80.02
80.036
80.03
79.99
80.008
80.027
80.052
70.879
70.868
58.54
58.578
58.614
58.529
58.445
57.859
71.015
70.971
70.961
71.005
71.037
70.871
70.957
71.052
70.992
70.972
78.067
77.957
78.079
78.061
78.023
78.038
78.06
78.024
78.046
78.018
78.029
78.032
71.063
70.991
71.025
71.005
71.017
70.967
71.007
71.071
71.021
71.209
70.935
76.01
76.059
75.988
76.061
76.077
76.079
76.051
76.022
76.036
76.106
76.021
83.154
83.046
83.087
83.051
83.06
83.065
83.014
83.063
83.056
83.054
83.059
83.095
59.392
59.083
58.096
75.968
76.029
76.057
79.567
83.077
83.149
58.202
57.617
57.712
57.725
57.87
58.015
58.054
57.992
57.855
57.808
57.889
58.154
58.432
58.474
57.697
83.061
83.035
83.041
83.078
83.079
83.08
83.062
48.777
47.003
56.764
56.499
56.193
56.151
56.167
56.098
56.153
56.403
56.447
56.385
57.017
57.457
57.593
57.73
57.782
57.722
57.476
57.473
56.81
76.092
76.049
76.011
76.007
76.043
76.036
76.035
75.995
76.013
55.644
55.427
55.237
55.227
55.358
55.465
55.611
55.566
55.548
55.426
55.291
55.248
55.008
54.972
55.204
55.227
55.376
55.535
55.632
55.608
55.776
56.136
68.057
68.052
68.059
79.944
79.982
80.085
80.062
80.034
80.038
80.038
80.015
80.052
80.03
80.005
80.012
80.033
80.035
80.011
80.071
80.045
80.056
80.033
80.032
80.047
80.016
80.049
80.062
80.033
80.027
80.018
80.008
68.01
68.039
68.081
68.109
68.008
68.032
68.011
68.006
79.962
79.994
