78.998
78.989
78.99
79.006
78.991
78.987
79.006
78.98
79.012
78.993
78.984
78.99
79.003
78.994
79.001
78.997
79.061
68.949
68.998
68.917
68.996
68.97
68.921
75.973
75.948
75.979
75.975
68.847
49.838
48.933
50.294
49.547
49.532
49.517
43.15
44.885
53.77
53.434
53.238
52.936
52.754
52.554
52.657
52.697
52.546
52.379
52.281
52.035
52.149
52.306
52.168
52.363
52.671
52.942
53.136
53.38
52.064
50.748
53.711
56.673
56.952
56.899
56.713
56.64
56.663
56.762
56.834
56.883
56.781
56.834
56.887
56.928
57.103
57.358
57.546
57.368
56.831
58.646
60.461
60.147
60.194
60.372
60.429
60.429
60.377
60.35
60.281
60.22
60.168
59.995
59.822
71.142
71.263
71.384
82.979
82.956
82.941
82.97
82.97
57.363
56.72
56.607
57.146
57.179
57.782
57.984
58.076
58.289
58.697
58.77
58.842
58.927
58.85
58.886
58.847
58.867
58.867
59.091
59.075
59.139
59.002
58.894
58.28
79.022
79.004
52.414
49.692
53.25
51.803
50.355
64.687
79.02
79.064
54.715
54.572
54.704
54.603
54.621
54.837
54.56
54.543
54.523
55.016
54.661
55.612
55.847
55.725
55.719
55.807
55.722
55.81
56.034
56.052
56.254
78.969
78.986
79.015
79.006
78.994
79.006
78.96
78.992
78.993
78.942
79.014
79.018
79.01
79.01
79.002
78.95
78.95
78.997
79.005
79.014
79
79.005
78.958
44.912
46.052
43.061
48.863
50.432
52
51.854
51.359
51.781
51.025
51.758
51.281
51.19
51.81
51.44
51.776
51.681
51.878
51.444
50.815
50.185
51.166
56.37
56.756
55.792
54.827
54.261
51.99
50.232
54.807
52.928
51.05
50.969
50.888
53.767
52.981
52.194
53.159
53.967
55.019
50.519
48.777
47.034
48.895
50.756
50.383
50.011
53.255
52.455
51.656
51.777
50.96
50.963
52.716
52.301
52.339
52.278
52.384
52.616
52.759
52.954
53.178
53.29
52.935
52.83
52.783
52.772
52.849
52.992
52.99
52.844
52.776
52.877
52.929
53.032
52.951
52.941
52.964
53.075
53.456
65.026
65.034
64.975
64.955
64.97
64.984
64.926
65.046
64.958
52.036
51.364
51.222
51.081
50.099
51.192
51.308
51.557
51.805
52.002
51.587
51.234
51.508
52.132
52.02
51.525
51.03
50.924
50.099
50.704
49.521
50.693
50.113
50.889
50.596
50.547
51.481
49.807
73.955
81.006
81.024
81.027
81.03
81.054
81.04
50.879
50.979
50.367
50.731
50.476
50.321
50.406
50.475
50.514
50.515
50.448
50.498
50.519
50.339
50.577
50.33
50.695
50.226
73.953
73.948
55.182
55.064
53.969
60.443
66.917
66.942
66.968
46.299
45.807
45.376
44.995
45.11
44.947
45.073
45.162
44.612
44.58
56.259
56.132
55.858
55.584
55.364
55.153
55.086
55.019
54.938
54.953
54.866
51.27
52.755
54.241
54.054
53.867
54.285
54.375
54.359
51.159
52.988
54.817
54.755
54.867
55.034
55.013
47.962
47.852
48.087
47.967
47.863
48.096
47.924
47.832
48.212
47.928
55.178
54.976
55.141
54.959
54.931
54.846
54.835
54.742
54.846
55.016
55.304
48.094
48.086
48.015
47.762
47.989
47.802
48.739
56.212
56.669
55.939
55.387
55.161
55.105
55.028
55.016
54.872
54.001
53.028
52.464
51.301
52.211
53.259
48.368
48.303
47.758
48.016
47.949
47.935
54.302
53.091
53.215
52.666
52.544
52.952
52.672
47.66
47.966
47.975
79.069
79.039
56.387
56.198
55.871
55.737
55.69
55.654
55.398
55.161
55.236
55.033
54.982
55.102
55.226
55.226
55.247
55.139
55.161
55.135
55.046
55.118
55.197
55.095
55.191
55.134
55.056
55.029
55.026
54.924
54.937
54.87
54.831
54.831
54.88
54.921
55.08
55.082
55.179
55.217
55.156
55.066
55.043
55.225
55.211
55.082
55.137
55.344
55.175
55.054
54.965
55.463
55.439
55.47
55.812
56.129
56.723
78.991
79.001
78.996
79
78.98
