52.441
58.847
58.885
52.307
51.902
52.054
52.097
52.063
52.04
52.088
51.892
52.131
51.955
51.998
52.248
52.074
51.807
51.818
51.829
43.971
45.24
44.622
44.688
44.708
43.63
45.773
44.345
64.027
63.909
52.07
51.947
51.824
54.729
49.975
45.221
45.108
45.005
45.197
45.227
45.056
44.98
44.578
44.391
44.484
44.577
44.812
45.423
51.984
53.978
55.971
55.927
55.051
64.006
64.004
64.095
64.033
64.08
63.924
63.995
63.796
45.128
45.529
44.659
46.088
46.423
51.144
63.572
64.206
64.069
63.854
63.948
64.069
64.094
64.033
63.931
63.83
63.976
64.007
63.87
61.236
58.603
54.231
55.065
55.899
57.721
46.856
43.653
44.01
44.737
47.769
48.607
46.953
45.299
45.962
46.067
46.172
57.572
58.816
55.83
52.845
45.196
44.938
44.62
45.036
44.659
45.342
45.396
44.969
44.695
44.398
44.667
44.821
45.094
45.273
46.115
56.337
55.618
56.952
58.287
59.67
61.053
60.77
57.379
53.988
53.916
53.843
49.68
51.477
57.322
59.04
51.257
48.818
46.38
47.943
47.475
63.983
63.986
64.026
46.824
48.698
52.076
52.262
52.238
51.496
50.42
63.922
63.925
58.702
58.307
58.741
59.011
59.002
59.136
59.778
60.322
60.668
60.787
61.016
61.203
61.208
61.317
61.359
61.14
60.988
60.735
60.632
60.638
60.742
60.798
60.861
60.934
61.002
61.012
61.21
61.236
61.054
43.87
45.054
49.384
61.638
61.462
61.399
61.475
61.533
61.538
61.49
61.387
61.009
60.32
72.949
72.942
65.427
57.913
59.544
61.175
60.772
60.643
60.469
60.772
60.41
61.066
61.011
60.906
61.114
60.901
60.517
45.005
44.663
44.57
44.525
44.172
45.698
59.697
60.316
60.509
60.301
59.768
59.597
59.612
59.716
60.153
60.76
61.009
61.086
60.993
61.042
60.98
60.958
60.942
60.952
60.967
60.914
60.916
60.911
60.854
60.839
60.86
60.942
60.922
58.824
45.95
45.309
45.059
44.721
45.614
59.302
59.198
59.202
58.931
59.18
58.823
58.9
58.702
59.162
58.91
58.892
45.079
44.916
44.748
56.843
56.223
56.865
56.422
56.228
56.384
56.388
56.485
56.547
56.633
56.642
56.803
56.94
56.495
56.091
52.271
52.034
53.226
57.182
57.487
58.084
58.101
59.191
59.444
59.542
60.245
60.518
60.755
60.894
60.404
44.751
44.825
44.308
45.879
45.361
61.464
61.481
61.342
61.066
60.921
60.878
60.909
60.936
60.904
60.937
61.119
61.104
61.112
60.995
60.763
45.096
45.05
61.495
61.281
61.098
61.046
61.008
61.16
61.161
61.214
61.124
60.94
73.033
72.977
72.966
72.865
61.144
60.867
60.797
60.746
60.665
60.847
60.165
61.126
60.389
60.739
60.68
61.02
60.596
57.597
43.453
45.29
46.424
44.913
43.669
45.032
46.395
59.995
59.686
59.72
59.795
59.48
59.637
60.117
60.53
60.726
60.883
60.967
60.978
61.033
61.017
61.065
61.024
61
61.154
61.186
61.248
61.198
61.093
60.863
60.774
60.687
60.85
61.074
61.139
60.978
60.822
44.815
45.105
44.893
44.622
44.873
