54.711
54.527
44.18
43.266
43.15
43.035
43.729
46.671
47.608
48.787
49.967
51.797
47.876
53.201
58.525
58.204
58.49
58.34
58.359
58.419
58.409
58.773
59.138
59.603
60.201
60.412
60.495
60.384
60.587
60.556
60.862
61.126
61.034
61.182
61.516
61.679
61.896
61.971
62.145
62.481
62.57
62.51
62.474
62.504
62.522
62.607
62.62
63.11
63.179
63.324
63.583
63.574
63.393
63.45
63.645
63.674
63.31
62.328
43.053
43.122
42.989
47.303
51.617
62.352
62.679
63.33
63.612
63.701
63.69
63.688
63.807
63.975
64.4
64.823
65.175
65.114
65.001
64.917
64.804
64.725
64.969
48.22
48.892
48.811
47.47
48.561
47.36
48.375
65.879
66.083
65.768
65.453
65.532
65.436
65.356
65.196
65.384
65.35
65.175
65.418
64.899
64.321
63.906
47.658
48.272
47.872
48.01
48.185
48.394
47.678
48.239
56.531
64.823
64.927
65.221
65.302
65.3
65.375
65.525
65.113
64.775
64.26
63.359
62.122
61.587
61.545
62.124
62.558
62.589
62.811
62.452
62.619
61.971
62.696
62.327
62.623
62.651
62.521
62.303
62.569
62.496
62.286
62.3
62.205
62.807
61.804
62.471
62.489
62.475
62.52
62.453
62.427
62.622
62.241
61.96
55.057
55.017
55.02
54.912
55.03
54.958
62.468
62.496
62.67
62.84
62.864
62.845
62.879
62.645
54.832
54.788
55.345
55.509
55.674
63.081
62.597
62.7
62.758
62.772
62.69
62.804
62.839
62.83
62.46
62.313
62.544
63.357
63.487
44.925
44.61
44.832
44.963
45.093
44.65
44.537
45.159
44.407
43.655
44.542
45.278
45.139
45
45.636
63.269
62.948
62.845
63.187
63.271
63.025
63.104
63.174
63.272
62.961
63.492
63.369
63.246
64.201
60.512
60.718
60.63
60.839
53.122
45.404
45.264
44.368
60.897
61.79
61.878
61.966
61.683
61.4
61.174
61.777
61.395
62.017
61.711
62
62.572
45.268
44.96
45.356
45.037
44.719
47.99
51.261
51.442
52.3
51.629
52.271
52.098
52.448
52.556
52.225
51.893
60.118
60.485
59.571
58.657
58.559
58.952
58.832
59.325
59.896
60.132
60.429
60.564
60.577
60.488
60.665
60.476
60.763
60.698
60.598
60.02
45.048
44.306
44.508
44.71
47.31
58.511
57.955
58.116
58.046
57.962
58.126
58.131
58.092
57.253
54.494
54.016
54.225
53.798
53.937
54.143
54.027
53.91
61.071
60.318
60.453
60.421
59.942
60.148
60.106
60.082
60.469
60.518
60.327
60.762
60.172
60.651
59.792
60.025
60.089
60.153
58.966
60.016
59.09
58.964
58.828
58.97
58.869
59.071
58.994
58.586
59.432
58.932
58.842
59.06
58.918
58.963
59.11
59.109
59.084
59.051
59.035
58.345
56.667
54.99
54.87
63.42
63.374
63.367
63.286
63.629
63.562
62.527
54.758
54.543
55.322
55.003
54.853
54.463
55.157
64.035
62.807
63.072
63.191
63.184
63.398
62.728
61.545
62.363
62.134
62.105
61.888
62.844
63.65
63.458
63.668
63.537
63.729
63.777
63.922
63.794
63.696
63.434
63.598
63.763
64.645
65.136
65.295
65.234
64.762
64.254
47.952
47.837
48.132
48.055
47.742
48.092
47.941
47.408
61.082
59.717
59.999
60.333
60.413
60.072
60.155
60.735
60.653
60.586
61.48
61.935
62.39
48.12
48.082
47.878
46.194
62.231
62.14
62.669
62.515
62.361
62.139
62.168
62.197
60.754
60.524
60.207
60.441
60.103
59.765
59.973
60.503
59.892
60.293
60.288
60.28
60.112
59.782
59.988
60.199
60.01
59.929
59.281
58.068
57.002
57.466
57.841
58.237
58.437
58.6
58.172
58.293
58.582
57.797
58.596
57.573
58.227
57.759
58.563
57.751
58.313
58.039
58.229
57.89
57.714
58.109
57.725
57.598
58.175
58.324
57.745
58.304
58.198
58.421
57.938
57.998
57.452
58.734
46.476
46.087
45.828
45.639
44.836
45.237
