55.887
49.72
59.111
57.562
56.013
56.129
56.4
52.621
64.347
57.615
50.884
45.443
45.138
44.727
44.775
44.787
44.366
44.57
44.173
44.17
45.779
53.236
54.203
54.981
55.759
53.884
53.179
53.363
54.337
54.858
55.38
55.69
55.608
55.604
53.067
50.529
50.784
51.038
53.39
56.218
55.953
55.925
56.006
55.872
55.824
55.818
55.117
66.363
66.331
64.454
58.031
56.578
56.584
56.413
56.398
56.416
56.329
44.941
43.352
43.874
43.277
57.789
58.471
58.405
58.671
58.453
58.131
43.523
44.28
44.533
44.667
44.288
58.299
60.723
60.531
60.346
60.331
60.409
60.437
60.256
60.091
60.466
60.291
60.259
60.498
60.49
60.434
60.341
59.079
58.542
83.399
83.319
83.142
83.138
60.195
59.932
59.81
59.395
59.456
60.09
60.125
60.994
61.243
61.289
61.436
61.276
61.13
61.296
61.398
61.382
61.264
59.322
82.993
83.335
83.381
83.38
55.309
43.154
43.265
51.075
58.885
58.076
57.647
58.449
59.305
60.152
60.42
60.361
60.69
59.937
60.073
60.324
60.133
60.131
58.455
58.743
59.122
59.171
71.183
71.111
71.243
58.777
57.546
57.373
57.963
57.857
57.958
58.134
58.809
57.492
58.239
57.294
56.749
56.213
55.393
55.219
55.75
55.828
56.145
56.636
55.808
56.302
56.307
56.232
56.135
56.36
56.43
56.536
56.308
56.23
56.084
56.241
55.924
56.371
55.985
56.523
56.46
57.225
60.705
53.709
46.713
47.202
47.044
47.219
47.393
46.782
46.77
47
55.861
64.722
64.166
63.609
67.302
70.995
70.932
71.201
71.249
71.16
46.596
46.825
47.203
47.006
46.823
66.547
66.02
66.02
83.162
82.982
66.082
58.874
57.97
58.405
58.574
58.927
59.361
59.567
59.813
59.962
59.818
59.909
59.907
59.757
62.836
65.915
78.031
78.041
71.341
71.001
70.723
64.358
57.994
58.48
58.486
58.303
58.32
58.234
57.83
57.597
57.857
57.892
58.19
71.102
71.102
70.989
70.977
57.252
56.688
56.904
57.181
70.998
76.061
76.053
76.026
70.984
70.996
70.981
71.001
71.013
71.011
71.009
71.028
70.985
56.373
56.097
55.522
55.271
55.179
55.723
56.412
56.246
56.99
57.733
59.069
59.45
43.633
43.72
54.928
56.052
54.84
53.97
53.875
54.816
55.385
55.486
55.671
55.819
55.936
55.46
55.61
55.273
55.23
55.436
56.188
57.129
57.402
56.508
56.258
56.2
56.121
55.952
56.387
56.393
55.534
52.27
49.006
52.904
56.801
56.702
57.002
58.919
58.73
59.056
59.383
58.81
59.028
45.635
54.768
56.844
58.92
58.579
58.976
59.373
58.776
59.061
46.307
46.2
59.213
58.85
58.795
58.928
59.061
58.912
58.961
58.87
59.025
59.18
58.826
58.967
46.272
