48.869
49.713
50.557
49.961
49.366
50.469
50.46
48.803
49.852
50.554
49.929
48.999
50.114
61.774
61.802
60.98
61.211
61.441
48.819
49.191
50.573
50.354
48.604
49.739
50.842
49.947
48.535
49.889
50.839
50.154
58.381
56.857
57.091
48.28
47.829
50.703
50.333
48.226
49.827
51.225
50.029
48.121
50.266
58.163
52.991
51.739
50.487
50.399
61.338
61.969
62.048
62.154
61.723
61.933
62.088
61.993
61.863
62.063
61.997
62.031
61.918
62.048
62.059
61.992
61.9
56.381
51.146
57.53
63.913
63.9
63.921
63.894
63.983
63.938
72.964
72.974
73.055
72.973
73.026
73.016
73.025
72.983
73.001
73.01
73
73.04
73.032
73.023
73.015
63.994
63.997
63.925
63.904
63.941
63.962
63.991
64.019
64.052
64.003
64
64.039
64.02
63.988
64.023
64.013
64.024
63.966
63.946
63.916
63.836
73.015
73.026
73.048
73.005
73.009
64.08
64.02
64.039
63.946
64.134
63.856
55.657
57.168
58.68
58.558
58.728
59.837
60.441
60.758
61.228
61.388
61.519
61.427
61.307
61.146
60.877
60.555
60.476
60.61
60.58
48.69
54.053
59.416
59.271
59.037
59.473
60.138
60.884
61.332
61.495
61.274
60.826
60.266
58.005
45.111
45.035
44.883
56.652
58.349
55.801
55.516
55.468
56.566
57.169
57.483
57.732
57.713
57.473
57.222
57.163
57.161
57.184
57.254
57.276
57.121
56.876
56.79
56.524
56.518
56.339
56.288
56.327
56.513
56.581
56.457
56.529
56.607
56.562
56.704
56.786
57.096
57.144
57.024
56.712
45.111
45.053
51.272
52.355
53.438
52.407
51.885
53.108
53.051
52.913
52.427
52.218
52.143
52.303
52.512
52.813
52.963
53.441
53.252
53.678
52.551
51.577
50.603
51.356
52.108
52.335
52.206
52.127
52.319
52.428
52.602
52.563
52.625
52.667
52.498
52.665
52.952
52.64
53.879
54.207
53.582
54.653
53.714
54.837
54.941
55.34
55.738
56.006
55.515
56.027
56.378
45.18
45.186
45.221
45.175
45.012
80.955
80.983
80.965
80.982
80.997
80.988
81.001
80.992
81.007
81.009
81.012
81.009
81.01
81.006
