59.102
58.959
58.654
58.348
58.722
58.714
58.763
58.897
59.046
59.062
58.925
58.442
57.429
57.746
49.937
54.345
58.754
58.791
59.883
60.976
59.492
59.212
59.034
58.972
58.987
59.143
59.171
59.228
59.119
59.042
59.148
59.205
58.308
49.15
53.966
58.782
58.981
59.062
59.095
59.011
59.118
59.1
59.18
59.194
59.342
58.946
58.55
58.062
58.361
61.264
60.453
59.643
60.722
60.822
61.249
61.469
61.276
61.301
61.34
60.907
60.956
61.115
60.737
61.303
61.069
60.186
59.125
58.983
58.938
58.826
58.746
62.364
61.613
61.89
62.192
62.334
62.3
62.398
62.217
62.181
62.208
62.105
62.18
62.239
61.953
61.645
61.272
60.881
61.002
60.967
60.863
60.931
60.277
60.812
60.373
61.08
60.81
61.347
61.633
61.703
61.791
61.802
61.805
61.868
61.818
61.533
55.535
48.862
55.193
61.523
61.699
62.225
62.231
68.994
68.992
69.027
69.013
68.993
69.019
69.022
69.003
69.027
68.992
69.015
68.995
69.013
69.011
69.003
69.001
59.096
58.909
59.175
59.085
59.535
59.759
60
60.273
60.521
60.791
60.915
60.921
60.835
60.911
60.602
60.46
59.089
58.465
56.581
55.64
56.067
56.396
56.777
57.118
57.436
57.516
69.137
69.019
69.012
69.027
69.008
69.036
52.978
54.842
58.093
61.343
60.097
56.702
57.646
55.312
56.381
56.196
56.362
56.485
56.223
55.961
56.059
56.834
57.082
57.252
57.225
56.062
50.587
53.678
56.769
56.981
56.874
56.998
56.979
56.919
56.636
56.578
56.7
56.728
56.764
56.842
56.824
56.946
56.974
57.04
56.986
56.655
56.907
56.823
56.943
56.904
56.944
56.811
56.844
56.901
56.942
57
57.137
57.101
57.389
57.465
61.074
61.403
63.839
63.986
64.011
64.025
64.052
64.021
63.891
63.945
63.9
64.012
63.999
64.052
64.093
64.059
64.035
63.975
64.018
63.94
63.978
64.023
64.068
64.079
64.06
64.051
64.001
63.967
63.934
64.009
64.009
46.72
46.566
46.413
46.302
46.191
43.68
44.321
44.68
47.524
45.961
44.399
70.937
71.009
71.011
