58.456
59.179
59.324
58.568
54.81
65.397
75.985
76.024
76.009
75.976
75.999
76.004
75.99
75.996
76.024
76.012
76.038
76.027
76.004
75.986
75.977
75.994
76.115
64.031
63.902
63.975
64.019
63.962
64.068
55.519
55.466
55.58
55.7
55.81
55.818
55.974
56.148
56.288
56.324
56.339
56.432
56.402
56.274
56.102
56.201
56.355
56.274
56.684
56.895
56.912
56.988
56.599
56.53
56.43
56.167
56.104
56.125
56.216
56.28
54.98
53.68
61.277
57.887
54.496
53.166
52.655
53.538
52.778
53.663
53.832
53.1
53.546
53.835
53.134
53.52
53.779
53.192
53.627
53.868
53.24
53.519
53.673
53.267
53.458
53.702
53.297
53.406
53.433
53.164
53.61
53.715
65.971
66.013
65.99
66.137
66.091
66.045
66.134
65.967
55.843
53.861
53.643
53.557
53.531
53.703
53.728
53.658
53.992
54.224
54.181
54.139
54.215
54.288
54.439
54.723
55.025
56.021
57.018
58.038
59.328
59.9
60.014
61.144
61.137
61.157
61.43
61.556
61.39
61.478
61.531
61.416
60.525
61.605
62.235
62.58
63.105
64.061
63.163
62.986
62.809
64.059
63
54.273
53.791
54.114
54.744
53.371
53.629
55.058
53.63
53.249
53.782
55.173
48.356
54.955
61.553
60.999
61.248
61.24
60.965
61.334
61.256
61.199
60.86
59.541
56.097
52.653
45.507
47.41
48.882
50.353
52.082
53.811
54.582
58.96
57.741
58.298
58.294
58.528
59.43
59.812
60.224
60.17
59.279
60.637
61.994
62.161
62.016
49.863
54.086
58.308
57.984
58.056
58.048
57.961
57.971
58.129
58.266
58.656
59.226
59.27
59.139
58.004
57.015
62.004
65.028
65.15
56.882
52.18
53.828
55.476
52.847
52.56
52.669
52.319
52.317
52.253
52.428
52.304
52.381
52.245
52.07
52.263
52.359
52.622
52.461
52.409
52.534
52.786
52.996
53.276
53.649
54.458
54.171
53.45
53.292
53.32
64.814
65.154
64.915
64.974
65.194
64.864
46.393
44.92
62.668
61.787
55.276
52.798
52.74
52.608
52.726
52.673
52.958
52.873
52.76
52.926
52.798
53.367
52.598
53.835
52.417
54.668
52.6
50.532
59.766
60.548
61.33
60.555
61.121
61.357
61.157
61.442
61.525
61.693
61.717
61.706
61.769
61.647
61.658
61.87
62.1
61.836
55.485
49.134
49.689
50.483
50.612
48.623
49.845
50.446
50.304
48.448
50.35
50.842
61.893
