73.997
73.993
74.001
74.004
73.989
73.998
73.995
45.781
44.428
43.562
43.399
55.108
55.097
55.033
55.087
55.063
55.053
55.051
55.102
55.399
56.233
56.725
56.918
57.018
56.93
56.912
56.302
55.907
55.18
55.012
55.025
55.01
55
55.032
54.958
55.011
54.988
55.003
54.985
54.972
55.002
55.007
55.033
55.021
54.992
55.059
54.976
55.026
55.039
55.025
54.986
55.01
55.045
54.969
55.009
55.003
55.001
54.971
55.029
54.959
55.19
55.42
72.062
71.981
72.004
72.026
71.958
71.89
71.935
71.98
72.029
72.078
55.668
54.095
55.846
54.605
55.598
55.16
55.337
55.514
55.115
54.716
58.098
56.86
55.621
55.495
55.368
55.534
55.699
55.12
54.211
53.302
53.478
53.654
48.972
48.716
46.911
47.238
47.566
64.264
63.763
63.778
63.851
63.784
63.69
63.753
63.616
63.462
63.411
63.557
48.417
47.529
75.875
75.866
75.831
63.907
63.862
63.873
63.913
63.883
47.68
48.031
47.976
48.015
48
47.821
48.239
48.157
47.458
47.927
48.525
47.594
48.371
50.855
53.34
64.205
64.295
64.262
64.167
64.202
64.21
76.086
76.105
64.254
64.262
63.999
63.087
61.962
47.487
47.45
48.451
47.544
48.089
55.706
57.312
55.417
55.078
54.683
54.553
47.948
47.286
48.47
47.85
54.97
54.994
47.662
47.36
54.934
61.641
62.304
62.272
62.347
62.313
62.143
53.299
63.631
73.963
74.001
74.057
74.105
62.207
62.194
62.152
62.183
62.252
62.279
62.37
62.471
74.159
74.174
62.368
62.329
62.391
62.337
62.376
62.364
62.452
62.54
62.403
62.282
62.285
62.243
62.183
62.207
62.258
62.309
62.295
54.98
54.793
74.167
74.146
74.068
55.086
55.044
55.052
55.031
54.855
54.678
54.816
54.639
54.763
54.776
54.789
54.822
54.855
54.913
54.97
54.898
54.825
64.412
73.998
73.982
73.981
73.98
64.44
54.899
55.088
55.277
55.169
55.061
49.643
50.123
50.043
50.12
49.759
50.13
50.259
50.096
50.012
50.169
50.119
50.07
50.176
50.394
51.125
50.589
52.471
52.596
52.722
61.012
61.116
61.055
61.118
61.266
61.191
59.844
58.548
57.252
58.975
60.698
60.479
60.454
60.363
60.37
60.266
59.995
59.767
60.134
60.337
60.428
60.33
59.887
44.734
45.313
44.777
44.838
45.032
45.028
59.681
59.629
60.15
60.251
60.112
59.69
59.085
59.87
59.574
58.84
59.577
59.62
59.277
59.849
60.078
59.748
59.328
59.701
60.003
60.011
59.918
59.871
59.949
60.051
60.02
59.821
59.838
60.293
44.928
45.067
44.916
61.35
61.747
61.902
61.725
61.63
61.856
61.785
61.845
61.639
61.776
61.755
61.916
61.574
45.04
44.878
45.009
48.66
48.008
47.356
48.982
50.608
51.573
58.422
57.975
56.891
56.955
57.177
57.259
58.092
57.441
58.096
58.654
58.882
58.9
58.976
59.009
58.901
58.896
58.913
58.842
57.916
57.146
56.909
56.578
55.712
56.705
57.018
56.417
57.386
55.959
55.45
54.272
55.073
53.942
54.975
53.401
52.832
54.486
53.899
55.027
53.859
55.21
53.916
54.908
53.776
54.593
54.223
54.658
55.112
54.065
55.338
53.704
55.234
53.433
55.293
54.35
54.426
55.182
54.126
55.35
54.546
54.973
55.084
54.731
55.23
54.785
54.921
55.078
54.789
55.175
54.951
55.225
55.991
55.72
55.45
54.554
53.658
54.342
55.027
54.78
55.301
55.189
55.077
79.001
78.943
78.975
79.029
53.318
53.538
58.446
55.906
53.366
53.15
52.927
53.097
52.937
53.15
53.176
53.08
53.105
52.915
52.989
52.887
53.024
53.301
57.641
57.355
57.081
56.885
57.11
57.427
57.392
57.09
56.988
57.274
57.506
57.187
56.997
57.108
57.3
57.158
57.067
56.831
56.762
56.726
56.959
57.376
57.621
57.622
57.542
57.651
57.461
57.456
57.628
57.671
57.521
57.563
57.619
57.487
57.331
57.315
56.657
52.47
53.014
52.507
61.014
60.76
60.719
60.637
60.486
60.441
60.558
56.408
52.258
52.905
53.01
53.175
