52.325
51.887
52.056
52.186
51.656
52.199
51.936
51.937
52.11
79.003
78.971
71.032
71.004
71.029
58.544
46.058
43.11
43.443
43.776
52.292
54.595
55.354
54.314
55.024
55.03
55.875
55.114
56.41
56.122
55.686
56.353
56.557
56.469
56.074
57.411
57.682
58.055
58.988
59.901
60.168
60.201
60.051
59.947
59.846
59.838
59.898
59.948
60.021
60.004
59.967
60.005
60.064
59.956
53.002
52.718
52.807
52.817
52.789
52.97
60.594
60.139
60.444
60.39
60.218
60.17
60.172
59.94
59.264
58.401
57.192
56.239
56.298
56.503
56.357
56.247
56.49
56.973
57.199
57.382
57.447
57.159
57.047
56.941
56.938
57.114
55.079
52.994
53.093
56.453
59.813
59.916
60.623
60.63
60.394
60.202
60.176
60.167
60.013
59.729
62.355
64.982
64.924
62.467
60.011
60.813
60.929
61.045
61.002
60.959
60.055
60.976
54.922
55.144
62.087
62.174
62.077
61.98
61.937
61.999
61.927
61.967
61.976
61.856
61.901
61.881
61.897
61.947
61.948
61.98
62.004
61.953
62.018
62.049
61.945
62.001
61.925
61.848
61.837
61.759
55.01
55.041
55.03
54.915
55.097
74.06
74.099
74.08
62.185
62.157
62.209
62.22
62.222
62.233
62.189
62.175
55.026
55.118
74.088
74.064
74.086
74.046
54.911
55.1
54.978
55.051
54.959
55.022
54.99
55.019
54.968
54.978
55.003
54.945
54.999
55.1
54.981
55.136
54.997
54.858
54.954
55.022
74.001
74
73.996
74.014
73.977
73.973
73.968
74.004
73.993
73.993
73.993
73.988
73.986
74.013
74.003
74
73.977
74.002
74.01
73.992
73.977
55.139
54.983
55.021
55.012
55.051
54.985
55.057
54.901
54.998
54.895
54.988
54.943
54.917
54.938
54.953
54.931
54.972
54.881
54.977
54.852
54.916
54.915
54.965
54.941
54.893
73.999
73.997
74.01
73.977
74.008
73.994
73.979
74.009
73.996
73.983
74.001
74
74.017
73.973
74.009
73.987
74.014
73.988
74.016
73.985
74.005
73.991
74.004
73.994
74.022
74.002
73.99
73.995
74.015
73.974
73.999
73.995
