53.035
53.002
54.573
55.94
55.164
55.078
54.69
54.633
54.76
54.559
54.643
54.586
54.194
54.919
54.618
54.932
54.764
54.946
54.867
54.962
55.05
55.067
55.382
54.894
54.84
54.645
54.977
55.081
55.325
55.161
55.308
55.19
55.418
55.747
56.443
56.072
55.902
57.218
55.75
55.182
55.092
55.003
54.956
54.909
55.209
55.067
54.945
55.071
55.021
55.334
52.646
53.911
54.276
53.599
54.338
54.3
54.262
56.264
55.135
54.006
53.663
54.231
54.997
54.746
54.495
54.579
52.076
52.05
51.481
51.27
51.162
52.247
51.207
51.459
52.648
51.897
50.548
47.093
43.638
43.746
43.668
43.075
44.35
43.002
52.847
52.031
50.432
56.789
56.428
57.593
57.579
53.568
43.696
45.692
49.147
52.601
53.059
52.276
53.238
51.393
52.354
51.265
50.624
50.612
50.804
50.28
51.951
50.834
51.231
51.014
52.148
51.917
51.397
52.547
51.812
51.518
52.356
51.558
51.577
52.271
51.218
51.475
52.221
51.289
51.711
52.214
51.674
52.112
52.451
51.744
52.114
52.34
52.158
51.944
51.94
52.43
52.001
52.085
52.647
52.348
52.74
52.213
52.343
52.333
52.472
52.608
51.202
51.607
53.059
52.463
53.242
53.181
53.12
53.162
53.204
55.114
54.167
55.335
55.226
55.557
55.465
58.458
58.559
59.071
52.76
52.623
51.472
51.8
52.788
51.213
47.167
61.575
75.983
75.968
76
76.021
75.92
52.736
52.959
53.235
53.163
53.247
53.085
53.083
53.041
53.09
53.211
53.129
53.208
53.262
53.051
52.904
52.758
52.691
52.81
60.105
59.985
59.947
53.112
53.129
53.035
52.94
52.925
52.992
53.246
53.5
52.923
52.743
52.847
52.952
52.922
53.048
53.13
53.325
53.549
53.363
53.096
52.929
52.783
52.627
52.624
52.726
53.124
53.455
52.794
52.827
54.631
56.434
57.365
44.252
44.6
43.218
43.113
43.009
54.469
55.58
54.62
55.152
54.119
55.121
54.873
55.476
54.76
55.49
54.446
55.563
54.633
50.938
