46.035
53.83
55.123
54.972
54.911
55.281
54.919
62.812
62.938
63.036
62.818
62.861
63.092
63.176
63.46
63.553
63.581
63.696
63.735
75.87
75.79
63.722
63.672
63.718
75.751
75.774
63.752
63.796
63.827
63.814
63.893
75.935
75.979
75.951
75.94
63.9
63.871
63.925
63.99
64.003
63.952
63.564
47.826
47.811
48.165
47.903
48.025
47.986
47.858
64.265
63.954
64.028
64.102
63.98
63.994
64.01
64.035
63.994
63.944
63.982
64.033
64.069
63.841
63.374
47.472
48.292
48.282
47.57
47.975
54.958
54.355
55.492
55.295
54.286
54.022
53.917
53.902
54.693
55.212
56.307
47.949
47.914
48.104
48.628
54.447
60.266
60.709
61.547
61.484
61.713
61.681
62.008
61.898
61.856
61.813
61.967
61.979
61.969
61.981
62.062
62.002
61.979
62.005
61.993
61.902
61.792
61.631
55.092
55.151
55.038
55.081
55.05
55.056
55.061
55.041
55.009
55.006
55.009
55.056
55.095
61.757
61.847
61.889
61.95
61.978
62.03
62.079
62.063
62.055
62.035
62.053
62.1
62.125
62.091
61.877
54.953
55.026
74.037
74.054
54.796
55.347
54.731
55.15
55.129
55.059
55.066
55.09
55.071
54.881
47.838
47.775
47.711
45.852
47.184
45.823
54.544
54.665
55.523
55.511
55.499
54.663
55.535
54.917
55.171
55.134
55.196
54.887
55.214
54.869
55.06
55.093
55.03
44.266
43.629
43.058
43.962
43.285
47.616
51.948
59.697
59.744
58.857
59.638
60.209
60.072
58.489
57.714
56.939
57.054
56.976
56.98
56.639
59.252
59.062
58.892
59.895
60.17
59.82
58.523
59.599
58.926
58.881
60.14
60.475
60.486
60.258
58.802
59.074
60.898
60.552
60.599
60.397
60.194
58.732
57.27
57.071
57.005
56.89
56.694
60.132
59.597
52.054
51.986
51.821
60.407
60.319
60.274
60.218
60.259
60.236
60.101
60.144
59.677
64.032
64.024
64.038
64.023
64.029
57.061
60.647
64.233
62.992
62.706
62.974
62.713
62.596
62.593
62.394
62.036
62.305
62.27
62.289
62.121
61.673
60.669
60.031
59.128
58.272
57.892
57.842
58.023
58.01
58.205
52.4
52.016
58.462
58.565
51.3
52.22
52.157
58.704
58.589
57.924
56.993
57.083
56.466
56.101
57.344
56.081
55.671
55.51
55.416
53.774
54.538
53.949
54.618
53.401
54.168
54.488
54.601
54.538
54.863
54.136
54.866
53.547
54.494
54.072
55.121
54.213
55.179
54.142
54.843
53.479
54.889
52.942
51.932
52.463
51.573
53.149
55.193
53.696
55.149
54.852
54.981
55.824
57.822
56.694
55.566
55.035
54.837
58.841
58.752
58.841
58.931
59.083
56.188
61.667
67.146
