67.032
66.943
66.938
71.949
71.905
72.076
72.001
71.969
71.996
72.028
71.828
74.028
73.98
74.039
73.978
74.005
74.055
73.984
74.002
73.96
76.504
79.048
79.048
79.03
56.401
56.002
55.941
55.874
55.83
55.839
55.964
55.966
55.943
55.852
55.887
55.885
55.867
55.786
55.777
55.781
55.98
56.047
56.006
55.852
55.834
55.979
55.903
55.827
55.61
55.703
55.788
55.87
55.817
55.755
55.618
54.296
47.902
46.593
47.453
47.107
46.539
45.972
51.001
56.03
55.711
55.944
55.793
55.64
55.689
55.646
55.354
54.727
53.942
53.291
52.957
52.876
52.391
75.965
75.958
75.971
76.001
67.058
66.971
60.297
53.622
53.223
52.945
53.022
53.352
53.506
67.096
67.051
66.873
66.575
61.235
55.895
55.08
55.162
55.086
54.853
54.814
54.738
54.79
54.779
54.742
54.882
54.868
54.955
55.095
55.148
55.191
55.187
55.171
55.038
55.038
55.048
55.076
55.266
55.35
55.365
55.305
55.166
55.143
55.165
55.157
55.195
55.284
55.257
55.357
55.412
55.586
55.608
55.509
55.455
55.486
55.473
55.496
55.665
55.608
55.635
78.985
78.993
79
78.994
78.995
79
78.99
78.982
78.997
79.008
78.993
78.995
78.992
78.996
78.994
79.003
78.997
78.998
78.989
78.992
78.989
78.995
78.989
79.005
78.989
79
78.999
78.983
78.987
78.998
78.995
78.994
78.989
79.001
78.979
78.999
78.994
43.422
45.696
43.293
46.559
45.965
45.371
49.989
49.003
48.803
56.641
55.5
54.682
55.371
54.628
55.167
54.798
55.296
55.173
55.133
55.527
55.35
55.685
55.844
55.825
55.946
56.571
57.156
58.046
58.704
59.555
59.794
60.045
60.274
60.315
60.293
60.408
60.312
60.327
60.342
60.391
60.434
60.238
60.139
59.462
51.936
50.209
48.482
48.578
48.675
64.529
62.656
62.66
62.664
62.741
62.817
62.924
63.031
63.152
62.789
62.027
60.922
60.089
59.832
59.818
60.117
60.333
60.19
59.884
59.739
59.685
59.803
59.983
60.192
60.101
72.018
71.993
71.961
72
72.026
72.032
72.006
63.911
64.127
64.22
64.312
64.433
64.512
64.591
76.232
76.105
63.641
62.577
60.258
57.776
56.514
79.094
79.006
67.075
55.12
54.765
54.879
66.997
67.035
55.536
55.865
55.592
55.072
54.995
54.973
54.805
55.195
55.025
54.821
54.941
54.619
54.785
54.946
55.076
55.342
55.196
55.297
55.375
55.299
55.076
55.252
55.281
55.133
55.156
55.089
54.947
55.078
55.318
55.387
79.008
78.98
79.019
78.965
79.007
78.992
78.976
78.996
78.996
79.002
78.983
79.008
78.992
78.983
78.989
78.993
78.997
78.99
79.006
78.981
79.003
78.992
78.998
78.998
78.992
78.999
