45.475
44.894
45.3
45.272
45.259
45.222
45.292
45.525
45.131
45.394
44.613
44.816
44.702
45.055
45.058
48.225
51.391
52.397
49.035
45.673
45.216
45.527
45.06
45.293
45.51
45.477
45.528
79.095
79.016
75.216
79.635
84.055
83.951
84.001
84.051
71.916
71.944
71.973
62.338
73.225
72.731
72.236
71.955
69.48
74.254
70.637
67.019
67.023
67.129
58.174
57.355
56.676
56.823
57.018
57.196
57.558
57.526
57.084
56.826
57.456
58.873
57.952
57.698
58.01
58.066
58.185
58.166
58.154
57.68
57.614
58.038
58.309
58.923
59.613
60.463
61.312
61.147
61.138
61.281
61.489
61.625
61.987
62.173
62.36
62.417
62.227
62.323
62.362
62.401
62.38
62.284
62.209
61.635
60.423
59.238
58.96
59.59
60.255
60.264
59.898
59.782
59.85
60.11
60.545
60.322
60.127
59.537
57.757
56.913
55.619
55.133
55.128
55.174
54.952
54.882
54.844
55.111
55.166
55.185
54.942
55.081
55.131
55.202
55.302
55.077
55.245
55.229
55.772
56.442
55.443
63.159
63.402
54.85
55.104
55.156
55.209
57.909
56.491
71.933
72.299
55.21
43.067
43.114
43.113
43.113
43.05
54.988
54.895
55.337
43.107
43.07
42.941
55.26
55.058
54.968
54.934
55.175
55.181
55.339
55.086
55.053
52.038
52.49
51.626
57.112
56.714
56.97
56.913
56.793
56.772
55.178
56.087
54.024
54.763
54.786
55.189
58.774
57.553
58.064
58.371
58.59
58.008
57.013
55.509
54.004
54.09
53.445
57.161
56.547
56.739
57.312
57.413
57.285
56.928
55.47
53.1
52.532
52.606
55.042
57.478
57.806
57.546
57.452
57.677
58.015
58.091
57.771
52.683
52.905
53.127
63.739
64.211
64.522
64.392
64.304
64.551
65.004
65.343
65.408
65.215
64.885
64.1
63.7
63.237
63.076
63.166
63.26
63.19
63.073
62.413
61.528
60.542
58.492
60.443
62.393
62.64
62.841
63.029
62.882
62.694
62.387
61.962
61.079
59.436
58.359
57.581
57.953
57.766
57.914
57.89
57.655
58.534
58.043
58.661
58.098
58.607
57.069
55.816
48.358
47.714
48.252
48.097
47.867
59.645
59.821
60.097
60.373
60.769
61.37
61.469
61.915
61.893
62.023
62.15
62.018
62.048
62.236
62.243
62.161
61.97
61.907
61.152
60.397
59.537
58.677
59.227
59.409
60.11
59.918
59.454
43.197
43.499
59.782
58.627
43.453
43.528
57.846
58.407
43.787
43.552
43.416
43.28
43.715
43.494
43.57
43.548
43.24
43.333
43.107
43.543
43.369
43.2
43.436
43.283
43.364
