75.953
75.959
76.029
76.058
76.038
75.978
75.918
62.253
62.373
62.261
62.412
62.557
63.06
63.468
63.738
64.012
64.122
64.131
64.117
63.994
63.886
63.488
71.025
70.986
71.001
48.848
48.317
54.396
50.413
46.43
44.72
44.544
45.128
45.315
45.173
44.956
44.661
45.632
44.791
43.796
45.009
45.342
56.25
56.028
59.984
60.297
60.52
60.711
61.122
61.318
61.361
73.056
73.024
72.955
73.028
62.437
62.06
62.309
62.418
62.309
62.473
62.176
62.282
62.219
62.144
62.394
72.931
73.055
73.055
73.093
73.066
73.018
74.599
76.18
62.132
62.218
62.303
45.161
47.13
63.514
64.039
64.32
64.601
64.455
44.46
45.046
46.02
44.731
45.203
64.479
64.475
64.515
44.682
44.503
44.568
44.744
44.588
45.096
45.142
45.145
45.198
45.381
44.823
63.997
63.534
63.509
63.505
63.523
63.741
63.814
63.884
63.987
64.038
63.99
63.903
63.827
63.811
63.726
63.773
63.789
63.755
63.746
63.767
63.781
63.869
63.888
63.866
63.837
63.721
63.562
69.039
69
69.083
68.862
68.908
68.955
68.944
66.656
64.368
64.151
64.053
64.192
76.301
76.483
64.852
65.293
65.676
66.005
65.927
66.06
65.918
65.939
66.056
66.12
66.184
66.21
66.588
66.308
65.081
44.79
46.289
44.702
49.521
52.649
56.245
67.076
66.897
66.933
58.159
49.384
56.742
64.101
63.519
63.664
63.743
63.822
63.951
63.848
63.865
63.949
75.985
76.052
76.051
76.081
64.036
64.053
63.986
64.041
64.136
64.152
44.786
44.939
44.237
45.177
45.096
44.726
45.977
48.586
51.195
51.365
49.122
46.879
45.848
45.598
56.433
56.54
56.202
56.022
56.559
56.543
57.028
56.794
56.555
56.217
56.047
56.202
56.189
56.137
56.117
56.217
56.356
56.429
56.407
56.409
56.812
56.856
56.922
56.839
56.947
57.034
57.057
57.045
56.836
56.723
56.594
56.798
56.835
57.111
56.986
57.376
56.386
56.675
57.052
56.545
56.767
57.477
57.367
62.046
62.007
62.017
62.024
62.037
62.073
62.011
62.025
61.908
62.054
61.917
62.278
61.879
62.151
61.945
62.07
62.1
