73.09
64.149
63.776
63.403
62.942
62.733
63.329
63.453
63.219
62.772
63.387
63.414
62.722
63.196
63.458
63.28
63.102
62.705
62.23
60.385
58.635
57.099
55.961
56.007
56.137
55.983
55.732
55.931
56.036
55.228
54.219
65.641
65.993
65.969
65.946
60.952
55.957
55.172
54.978
55.094
55.196
55.227
55.24
55.122
54.806
54.891
55.255
55.611
55.862
55.896
56.089
56.179
56.267
56.362
56.206
56.348
56.361
56.146
56.267
56.347
56.226
55.885
50.976
46.067
46.439
51.323
49.421
47.518
47.058
46.597
48.999
61.689
61.472
61.21
61.486
61.6
62.372
62.34
63.136
63.11
63.275
63.74
63.686
63.517
63.588
63.659
63.756
63.663
63.149
63.029
63.531
63.722
63.495
63.267
63.507
63.626
63.558
63.637
63.716
63.627
63.171
63.169
63.71
63.336
62.494
62.12
63.738
46.265
46.797
46.588
47.225
47.833
46.627
46.957
61.828
61.212
61.063
60.718
61.435
61.571
61.518
61.466
61.361
61.341
61.402
61.379
61.34
61.281
60.937
68.637
76.336
76.005
43.844
43.663
43.896
43.217
46.688
58.706
58.424
58.399
58.283
58.525
58.858
59.296
59.77
60.061
60.158
60.284
60.262
59.938
44.399
44.38
76.089
76.015
76.045
43.974
44.323
44.694
43.288
56.957
56.307
55.97
55.614
49.282
52.785
56.288
56.364
55.895
56.29
56.523
56.445
56.345
56.326
56.324
56.107
55.503
55.764
49.727
50.229
63.761
57.18
50.598
50.267
50.59
50.837
50.379
50.145
49.936
50.307
51.131
51.328
51.229
50.976
51.109
51.03
51.364
51.778
57.86
51.342
44.824
44.725
63.947
63.942
54.88
55.528
55.798
56.047
56.272
56.167
56.754
55.743
55.813
56.949
57.103
57.256
55.906
54.864
55.148
55.214
55.551
56.195
56.124
55.634
55.444
55.53
55.814
55.83
55.892
56.026
56.471
56.571
56.626
56.682
56.542
56.775
56.792
56.878
56.896
56.659
56.33
47.362
49.539
48.443
47.347
45.517
54.682
63.846
63.762
58.671
58.335
59.106
44.127
44.224
58.026
58.391
58.23
58.716
58.189
58.502
58.423
58.079
44.274
42.973
76.068
