48.66
49.627
50.275
49.248
49.389
49.87
50.189
50.052
49.917
50.024
49.842
50.295
49.976
49.936
50.193
49.852
50.113
50.054
49.96
50.056
49.052
46.929
44.805
45.19
44.843
45.189
45.28
45.098
44.835
58.224
56.831
56.687
56.756
56.564
56.698
56.938
56.996
56.654
56.712
56.713
56.968
56.984
57.097
57.233
57.203
57.208
57.283
57.232
57.302
57.249
57.294
57.301
57.347
57.428
57.516
57.816
57.568
57.413
57.414
57.287
56.859
56.388
49.555
50.133
50.393
50.654
55.821
57.6
57.134
57.003
56.895
56.877
56.927
56.935
56.939
57.074
55.768
62.156
62.154
62.055
47.971
44.586
46.128
48.119
50.11
57.666
56.652
56.696
56.561
56.379
56.271
56.327
56.558
56.842
57.074
57.217
56.92
56.054
57.67
59.285
57.84
57.182
57.001
56.636
56.9
56.795
56.894
56.979
57.014
57.274
57.34
56.987
56.011
50.047
49.987
50.088
57.55
59.999
59.639
59.646
59.483
59.356
58.795
58.794
58.792
58.885
58.978
58.942
58.517
58.228
57.652
57.29
57.283
57.293
57.345
57.265
57.058
56.948
56.859
56.826
57.04
57.3
57.272
56.55
49.997
50.252
49.955
49.926
56.896
62.379
61.935
62.141
62.1
62.308
62.474
62.94
63.316
63.545
63.778
63.873
63.933
63.85
63.883
63.953
64.023
64.073
64.123
64.213
64.316
64.42
64.167
45.843
43.801
45.174
44.478
43.781
44.334
44.219
61.43
61.204
61.327
60.927
60.782
60.748
60.743
60.764
60.844
60.776
60.942
61.015
61.117
61.107
60.949
60.782
60.651
44.342
44.589
44.944
45.195
45.184
62.522
63.174
63.482
63.68
63.814
63.66
63.675
63.583
63.425
62.717
73.144
73.023
72.889
72.953
72.992
72.959
62.877
57.63
57.67
57.84
57.925
58.113
57.895
58.278
58.323
58.498
58.34
58.422
58.336
58.112
57.648
56.546
55.881
56.053
56.347
57.159
57.233
57.304
57.086
57.102
57.099
57.188
57.216
57.232
57.159
57.152
57.15
57.201
57.199
57.312
57.346
56.804
57.391
45.405
46.656
44.593
45.172
44.421
44.95
45.367
44.874
44.381
45.861
44.758
44.853
45.612
44.804
46.682
48.134
52.614
57.094
61.153
60.942
48.08
47.509
52.307
51.517
50.432
49.346
48.438
52.248
53.071
56.495
56.537
56.671
56.679
56.73
56.681
56.662
56.632
56.755
57.021
56.998
55.156
63.908
64.043
63.924
60.704
57.483
57.042
57.095
57.434
58.239
58.651
59.082
59.302
59.283
59.284
59.337
59.134
58.702
47.531
46.347
47.406
46.578
59.269
58.909
59.041
58.877
59.017
59.137
58.991
59.145
58.916
58.822
58.98
54
54.298
54.071
53.895
54.099
54.067
54.064
53.585
56.524
59.462
59.356
59.759
59.83
59.507
59.205
59.167
58.905
61.779
62.015
61.978
61.987
61.938
59.567
59.685
59.622
59.183
59.518
59.637
60.613
60.158
61.168
60.989
61.39
61.247
46.926
46.974
47.273
47.262
47.251
46.152
45.053
59.23
58.923
59.19
59.005
58.769
58.708
58.857
58.838
58.589
58.415
57.981
57.571
57.126
57.288
57.009
57.381
57.125
56.868
56.706
56.682
56.655
56.88
57.105
56.921
56.949
56.906
56.612
56.052
59.927
63.802
63.586
56.71
56.097
55.099
54.965
55.459
54.86
55.241
55.481
55.59
55.463
55.654
55.941
56.179
56.198
53.887
55.396
56.905
56.927
57.18
57.677
57.096
58.072
58.422
58.305
58.564
58.866
58.883
59.001
59.012
58.584
58.373
58.048
57.418
56.805
56.448
56.707
56.503
56.49
56.643
56.819
56.944
57.001
57.018
57.081
57.066
56.976
56.9
56.908
56.789
56.822
56.836
56.901
56.554
56.486
56.355
56.118
56.182
56.444
56.635
56.799
56.952
57.027
56.931
56.729
56.668
56.808
56.881
56.941
57.52
56.958
57.167
57.528
56.81
55.954
56.481
76.001
75.975
73.129
73.094
64.146
64.236
64.078
55.097
46.115
45.077
45.479
45.721
45.049
47.285
49.522
64.107
64.078
63.964
64.036
63.985
