47.09
42.846
42.89
43.04
43.19
51.087
50.999
49.909
50.131
49.802
49.473
50.619
50.103
50.25
50.154
50.111
49.451
50.291
49.909
50.141
62.118
62.013
62.037
49.708
51.381
49.714
48.048
49.768
49.7
49.726
50.034
49.9
49.944
50.361
49.575
50.247
49.818
50.172
49.809
56.974
56.538
56.178
62.854
64.435
63.338
62.274
64.413
63.583
63.554
62.955
62.356
63.237
64.117
63.629
64.053
64.072
63.77
63.876
64.149
44.423
44.344
45.214
45.313
45.169
45.139
64.043
64.062
64.027
63.996
64.088
64.1
64.116
64.289
60.364
60.53
60.427
60.502
60.599
61.107
61.74
62.017
62.221
62.175
61.507
63.262
65.017
63.029
61.042
61.309
61.979
62.365
74.504
74.513
74.554
74.477
74.365
74.244
74.152
62.056
61.627
63.274
64.921
65.146
65.154
65.162
61.646
61.959
62.024
61.605
61.884
61.8
61.719
61.891
61.559
62.062
62.081
62.073
62.044
61.893
61.913
62.121
62.378
62.436
62.349
62.396
62.294
62.227
62.053
62.233
62.245
50.169
48.244
46.318
45.477
43.847
46.433
49.018
56.256
61.674
61.661
62.077
62.647
62.989
63.21
63.466
63.52
63.578
63.59
63.662
63.629
63.267
62.815
62.169
61.732
61.775
61.935
62.003
62.147
62.19
62.117
62.008
62.057
62.199
62.004
60.563
72.13
71.785
71.94
72.096
71.681
67.12
62.56
62.253
62.167
62.235
61.996
62.029
61.968
62.213
62.361
62.437
62.511
62.407
62.097
61.568
49.784
50.058
49.788
50.169
51.583
52.399
51.894
51.979
52.051
52.042
52.104
51.931
52.046
52.032
52.038
52.105
52.082
52.145
59.291
59.158
59.204
59.366
59.827
60.203
60.933
61.165
61.263
61.409
61.325
60.179
56.411
66.25
65.085
63.919
61.404
61.005
60.94
61.167
61.414
61.293
61.245
61.515
61.282
61.846
61.642
61.296
62.747
64.197
64.434
62.903
61.373
61.066
61.125
61.039
61.176
61.2
61.236
61.254
61.187
60.877
64.032
64.017
64.129
64.124
54.747
58.091
61.435
61.143
61.133
61.136
61.244
61.192
61.202
61.359
61.312
61.238
60.683
64.01
55.345
64.179
64.077
63.976
63.75
68.377
64.967
61.557
60.645
59.895
59.698
59.502
60.383
61.005
61.355
61.644
61.944
62.177
61.876
61.534
61.372
61.364
61.213
60.948
60.845
60.881
60.881
61.036
61.187
61.198
61.223
60.91
60.088
57.408
55.154
46.572
45.595
44.767
45.077
45.386
51.772
56.507
60.481
60.589
60.435
60.097
60.421
60.49
60.652
60.632
60.847
60.715
60.41
71.055
71.23
47.427
45.058
45.698
44.282
44.745
45.008
45.082
45.061
45.32
45.134
45.02
45.081
44.657
44.375
44.51
44.904
45.097
44.987
58.916
58.282
58.065
58.266
58.33
58.549
58.968
59.21
59.354
59.232
58.462
56.51
54.557
47.271
46.413
46.546
59.91
59.103
59.136
59.176
58.97
59.13
59.127
59.156
59.104
58.963
58.813
58.855
58.842
58.916
58.98
58.855
58.899
58.876
59.357
58.816
59.06
58.95
59.035
59.051
59.089
59.206
58.889
58.753
57.953
56.816
55.162
53.816
52.908
52.556
53.134
54.095
54.375
55.513
56.192
56.862
61.534
61.827
62.12
46.655
46.506
61.955
61.989
61.92
62.141
55.312
53.146
50.98
52.125
51.895
52.039
52.022
51.816
51.999
52.101
52.297
52.052
52.006
52.007
52.216
64.057
63.911
63.946
58.665
53.384
51.986
52.134
51.74
51.937
52.029
52.056
52.084
52.103
64.066
64.037
52.049
51.952
52.18
64.101
63.798
56.246
55.807
63.949
64.201
63.991
64.058
76.052
76.016
63.896
64.073
64.039
76.014
76.041
64.067
64.004
63.924
65.031
66.139
66.155
65.91
65.733
65.883
66.08
52.088
52.093
52.051
52.07
51.852
51.909
51.965
51.992
52.448
52.286
52.124
56.967
50.547
44.126
44.548
44.055
43.562
44.506
43.929
46.221
45.035
43.816
69.103
69.095
68.979
68.999
66.53
64.061
45.262
45.063
45.212
45.094
45.04
44.647
63.945
64.035
44.578
44.943
45.268
