60.068
60.032
72.011
72.055
72.024
58.7
57.604
58.539
57.697
58.666
57.657
58.839
57.741
58.76
58.381
58.81
59.725
60.614
59.846
58.581
56.255
55.866
55.7
55.831
56.13
56.431
56.523
56.709
57.187
57.39
57.482
57.628
57.468
57.232
57.299
57.795
57.349
57.14
56.151
56.482
54.662
53.272
52.366
52.218
76.002
76.017
54.468
52.502
53.157
53.409
53.248
53.525
53.57
53.533
53.602
53.563
53.338
53.405
53.189
53.179
52.865
53.237
53.341
53.489
53.973
53.775
53.368
53.88
58.891
58.946
58.848
58.982
58.9
58.958
58.967
59.014
58.958
58.888
58.939
58.953
58.948
59.015
57.121
57.865
58.609
58.601
58.593
62.785
55.334
61.127
54.281
60.623
53.872
55.3
56.729
56.535
56.337
56.293
56.639
56.818
57.526
57.756
58.276
58.519
58.517
58.457
58.079
58.278
58.365
58.303
58.302
57.971
58.353
58.616
58.326
59.561
58.7
59.02
58.958
56.986
57.408
57.065
57.473
57.933
57.177
58.335
59.083
59.217
58.895
59.026
59.023
78.234
78.398
53.721
53.013
52.862
52.992
53.492
53.51
53.296
53.184
53.015
53.245
53.591
53.667
53.678
53.653
53.255
53.28
53.278
53.487
53.437
48.534
53.553
50.025
61.135
72.245
72.066
72.064
72.104
54.213
52.837
52.746
52.725
52.726
52.817
52.981
52.991
53.331
53.368
52.853
52.797
53.244
53.722
54.192
54.033
53.26
56.91
57.007
57.05
56.549
57.078
57.122
57.969
58.74
57.639
57.65
58.058
58.193
57.513
57.256
57.188
57.004
56.749
57.214
57.609
58.004
58.057
58.771
57.748
57.783
58.782
58.043
58.255
58.853
57.541
57.979
55.847
56.92
57.045
57.149
57.396
60.498
60.522
60.655
60.635
60.84
61.113
61.359
61.739
62.146
62.147
62.081
62.188
62.211
62.094
61.945
56.805
57.021
57.018
56.834
57.027
56.785
57.444
56.929
57.043
56.802
56.998
59.051
58.42
58.507
58.969
58.538
58.945
58.519
58.81
58.594
58.572
58.824
58.97
58.659
58.673
53.638
54.724
55.132
55.008
54.993
55.161
55.018
55.132
55.117
55.069
55.079
55.197
54.863
55.111
54.976
55.123
55.026
54.987
55.07
55.063
54.921
55.172
55.217
54.898
54.377
53.856
55.31
54.938
55.045
55.065
54.975
55.02
55.036
54.949
54.944
54.982
55.053
57.861
60.668
59.968
59.955
60.234
60.347
60.79
61.029
61.46
61.826
62.045
62.041
62.311
62.254
62.128
62.218
62.259
62.329
62.25
62.097
58.535
54.974
54.961
54.871
55.299
54.866
55.175
54.851
63.222
63.264
63.26
63.241
63.148
63.452
63.162
63.324
63.189
63.224
62.787
62.811
63.699
62.719
62.734
62.748
62.087
62.015
62.173
61.911
60.429
59.222
59.016
59.066
61.379
60.135
60.12
61.062
60.41
61.117
60.73
60.662
60.806
60.949
60.991
61.082
61.06
61.017
60.991
60.766
60.747
61.157
62.178
62.535
62.336
62.345
62.365
56.978
56.997
57.011
56.97
57.086
57.116
57.079
56.842
57.075
56.942
57.05
56.996
71.983
72.045
57.001
56.832
57.068
57.129
57.119
57.195
57.315
57.698
62.33
66.962
66.999
56.692
56.099
56.845
57.591
57.218
57.856
58.507
57.892
58.202
58.603
57.844
57.879
58.033
57.158
56.161
56.225
56.806
57.002
57.01
57.064
57.418
57.064
57.629
57.324
57.31
57.083
57.263
57.609
57.449
57.245
57.12
57.076
57.183
57.123
57.278
57.445
57.633
57.495
57.273
57.088
56.998
56.994
57.059
57.052
57.257
57.029
57.396
57.498
57.661
57.69
57.376
57.094
57.227
57.356
57.412
57.887
58.472
51.989
52.511
52.971
53.08
72.017
72.045
72.047
71.991
72.036
72.013
72.027
71.989
71.995
52.95
52.979
53.11
53.064
53.016
52.909
53.007
53.051
52.892
52.92
53.081
53.085
53.089
52.94
53.014
