79.002
78.99
78.987
78.994
79.001
78.991
79.005
78.984
79.006
78.985
78.992
78.995
78.998
78.988
79.005
78.983
79.004
78.989
47.507
47.493
48.261
47.08
48.94
47.439
47.964
47.204
46.052
46.028
44.765
48.674
48.497
55.59
54.955
55.066
54.711
54.912
54.728
54.818
54.664
54.936
54.872
55.126
55.143
55.449
55.616
55.828
56.353
56.99
58.159
58.772
59.759
59.864
59.692
59.601
59.48
59.003
59.561
59.865
59.911
59.985
59.971
59.992
60.034
59.885
59.395
60.21
59.969
59.95
59.93
60.032
60.643
61.255
61.223
61.191
62.079
61.062
62.004
61.116
61.162
61.209
60.918
59.877
58.532
59.08
59.154
59.388
59.468
59.415
59.603
59.752
59.792
59.769
59.772
59.681
60.632
60.314
59.996
48.003
47.877
48.257
47.545
48.157
63.318
63.08
63.341
63.602
63.324
63.407
63.645
62.891
62.695
62.047
61.753
59.217
63.156
67.096
60.538
53.98
54.046
53.826
53.912
53.695
54.258
55.139
55.227
55.387
55.41
55.599
55.51
55.461
55.47
55.28
55.059
54.998
54.818
54.761
54.718
54.562
54.466
54.466
54.424
54.525
54.811
55.116
55.117
55.013
54.71
54.619
54.689
54.945
55.283
55.052
55.113
55.842
56.756
47.897
47.325
47.05
47.144
46.932
47.102
46.963
47.129
47.036
47.026
47.034
47.053
47.063
46.935
47.032
47.021
47.014
47
47.069
47.036
47.081
46.998
47.09
46.975
47.074
46.972
47.084
47.036
47.03
47.047
47.074
47.03
59.075
66.769
66.804
66.84
66.887
66.935
67.184
66.94
67.112
46.615
45.841
45.32
56.961
56.981
57.186
57.037
57.045
56.881
57.036
56.962
57.187
56.936
57.089
56.797
57.029
56.939
57.225
57.006
56.935
56.888
57.927
54.709
53.769
53.242
53.239
53.371
53.485
53.19
52.836
52.64
52.754
53.078
52.83
52.762
52.58
52.672
52.602
52.804
53.054
54.394
55.307
55.856
55.963
55.939
56.193
56.298
56.287
56.185
56.316
56.439
56.394
56.484
56.629
56.714
56.621
56.859
57.097
57.24
56.968
56.95
56.829
59.737
59.915
59.864
59.873
60
59.868
59.568
59.499
59.951
60.128
59.96
59.886
60.103
60.373
60.517
83.021
83.007
82.976
58.412
57.724
57.159
56.813
57.775
57.828
57.881
58.041
58.167
58.293
58.46
52.069
51.998
52.113
58.77
58.785
58.895
58.615
58.614
58.215
57.817
58.05
56.402
56.609
55.852
54.319
55.347
51.611
51.922
51.919
51.943
52.217
52.66
50.726
52.51
52.224
55.918
55.805
54.976
55.276
55.998
55.849
55.214
55.13
55.537
55.131
54.941
55.694
55.835
55.306
55.148
55.629
55.394
55.061
55.525
55.593
54.959
54.972
55.479
54.642
54.997
55.73
55.842
56.175
56.67
53.081
