54.902
63.938
72.974
72.998
73.016
73.001
72.996
73.014
72.993
73.003
72.993
72.978
73.014
73.021
73.013
72.998
73.002
72.985
72.98
73.04
73.02
72.986
73.034
72.988
72.998
73.006
72.983
73.037
73.018
72.991
72.995
72.992
73.013
72.988
73.001
61.54
62.775
64.011
64.136
63.895
63.967
63.992
63.972
63.961
64.028
64.08
63.967
63.973
63.955
64.004
64.037
64.046
63.969
63.967
63.947
64.026
64.014
64.029
63.994
64.028
63.98
63.997
64.01
64.024
64.032
64.013
64.012
64.009
63.981
64
64.069
64.059
64.029
63.645
54.913
61.903
68.893
68.927
68.957
68.935
69.032
68.933
69.025
68.904
69.073
68.966
69.031
68.968
69.042
69.025
68.984
69.071
68.952
69.104
68.982
69.009
69.033
69.019
68.968
68.98
69.02
69.006
68.972
68.996
69.001
57.096
56.803
56.811
57.106
56.895
56.875
57.164
57.187
56.693
56.993
56.995
56.751
56.953
69.021
69.035
69.055
69.044
69.048
69.037
69.026
69.014
69.003
46.909
47.226
48.926
50.626
53.852
57.079
56.423
56.441
56.702
56.74
56.638
56.941
57.129
57.361
57.568
57.602
57.025
56.27
64.317
63.878
56.698
54.123
56.037
57.952
57.162
56.968
57.152
57.208
57.242
57.257
57.374
57.353
57.238
57.146
57.191
57.362
57.797
57.431
57.977
57.504
57.031
60.086
59.32
59.124
59.339
59.109
59.28
59.386
58.943
59.326
59.038
59.108
59.403
58.824
61.483
64.142
63.959
50.096
53.607
57.118
58.784
58.704
58.873
58.735
58.683
58.851
59.136
59.88
60.341
60.782
60.779
60.884
60.847
60.8
60.838
60.742
60.501
59.857
59.634
59.4
59.326
59.45
59.608
59.583
59.445
59.414
59.206
59.305
59.099
59.18
59.185
59.137
59.306
59
59.016
58.658
50.177
54.497
58.817
59.017
58.993
58.941
59.068
59.191
59.315
59.246
59.229
59.315
64.094
63.98
63.901
63.981
63.962
64.007
63.983
64.037
63.995
63.953
64.065
64.01
64.006
64.029
64.011
63.98
64.028
64.076
58.996
58.979
58.889
59.055
58.956
59.153
58.918
59.155
59.016
