64.97
50.732
48.632
48.397
47.004
45.61
47.921
64.912
56.032
47.153
47.095
57.231
56.738
57.583
56.326
57.583
56.57
57.491
56.378
57.346
57.19
57.034
56.248
57.775
57.96
58.145
59.377
46.176
45.64
58.489
58.101
58.469
57.892
57.316
51.867
46.419
51.855
49.657
53.766
52.06
50.354
48.321
48.506
47.665
46.824
46.939
45.756
44.573
48.172
47.98
59.301
53.108
46.916
48.69
50.656
46.203
47.024
46.206
45.389
48.535
47.924
45.597
45.612
47.953
47.281
44.865
46.036
49.547
48.136
45.508
47.028
47.479
47.93
45.634
47.378
49.121
52.259
50.608
48.956
56.336
56.271
55.867
56.051
56.091
56.183
56.187
56.135
56.165
56.375
56.53
56.562
56.648
56.717
56.851
57.027
57.279
57.559
57.687
57.798
57.941
58.107
58.426
58.371
58.431
58.646
58.633
58.684
58.674
58.791
58.568
58.736
58.588
58.598
58.486
63.935
64.129
64.014
63.898
64.055
64.01
60.812
60.376
60.28
60.068
60.111
60.47
60.575
60.71
60.632
60.533
60.102
60.085
60.314
60.338
60.301
60.443
60.631
60.882
61.201
61.528
61.616
61.743
61.917
61.95
61.718
61.485
61.349
61.017
63.849
64.002
64.058
64.044
44.729
45.789
44.216
60.469
61.119
62.063
62.015
62.112
62.254
62.101
62.279
62.899
61.958
63.304
61.872
63.076
61.859
57.879
51.007
57.485
63.963
64.085
64.157
44.465
44.578
45.543
45.107
45.209
45.183
44.687
44.661
44.383
44.541
44.878
45
45.118
44.97
45.501
44.692
43.514
46.008
56.928
56.811
56.832
56.973
56.972
56.882
56.807
56.698
56.67
56.724
56.791
56.86
56.958
56.981
56.83
56.491
55.931
55.581
55.195
55.364
55.638
55.626
55.898
56.157
56.271
56.401
56.423
56.379
56.334
56.355
56.245
56.075
55.379
49.889
52.464
55.039
55.384
55.648
56
56.288
55.927
55.397
55.404
55.198
55.536
55.776
55.94
55.684
55.429
55.38
55.323
55.583
55.63
55.789
55.812
55.636
55.804
55.689
55.862
56.191
56.333
55.952
55.467
64.04
64.063
63.971
63.997
63.996
63.613
64.194
64.299
64.093
71.05
71.034
70.988
71.015
55.636
55.416
55.669
55.777
55.732
55.813
55.593
55.261
70.991
70.941
70.944
70.971
54.604
52.344
50.085
45.819
47.128
60.968
61.185
61.8
62.349
62.079
62.673
62.415
62.43
62.856
62.227
63.208
61.914
62.761
61.907
60.59
59.965
59.34
58.619
58.909
59.275
58.691
59.17
59.082
53.327
58.675
64.023
