71.046
70.964
70.937
71.024
71.016
71.029
70.963
70.991
70.96
70.919
71.033
54.167
53.987
53.983
54.084
54.156
54.061
47.147
45.261
63.764
64.148
76.03
76.016
76.028
76.041
75.966
76.083
66.755
57.427
51.295
55.065
58.835
68.117
68.094
67.986
67.834
67.701
67.747
67.912
64.361
64.266
64.047
63.926
64.038
64.287
64.25
63.989
63.859
63.963
55.833
56.013
56.022
56.101
55.903
56.339
56.328
55.988
59.925
54.763
56.244
57.725
57.652
58.06
58.129
57.99
58.022
58.003
57.732
58.035
58.281
58.172
57.767
57.737
57.432
57.31
57.424
57.363
57.869
57.835
57.783
57.866
57.971
58.032
58.176
58.373
58.811
59.382
59.784
60.069
59.761
64.389
64.029
63.847
63.994
64.193
48.436
56.23
64.023
63.883
58.795
58.092
58.048
58.165
58.197
58.451
58.457
58.554
58.45
58.388
58.374
58.44
58.614
58.423
58.292
58.557
58.882
59.061
56.532
62.318
60.666
59.014
58.932
59.164
59.259
59.433
59.45
59.283
65.9
65.845
66.06
66.248
66.535
63.114
45.956
46.239
37.447
43.565
49.683
49.774
49.101
50.508
59.774
60.18
59.908
59.807
59.902
59.847
59.787
59.517
59.417
59.792
59.613
59.95
59.412
59.394
58.534
58.205
58.254
58.101
58.022
58.118
58.094
58.234
58.631
59.029
59.576
59.509
59.807
60.106
59.827
60.118
59.827
59.924
59.623
59.527
58.868
57.936
57.198
57.013
57.596
57.681
57.823
57.894
57.783
57.868
57.903
57.865
57.89
58.17
58.102
57.949
57.884
58
57.817
57.741
57.881
57.669
57.399
57.256
56.939
56.627
56.426
56.198
56.119
55.769
56.097
56.206
56.314
56.442
56.713
57.417
57.01
57.911
57.918
57.635
57.955
57.7
57.787
57.728
58.09
57.375
57.415
56.477
55.75
55.013
55.165
55.403
55.342
55.523
55.469
55.339
55.441
55.468
55.517
55.543
55.713
55.807
55.872
55.671
55.505
55.443
55.47
55.515
55.559
55.686
55.804
55.773
55.749
55.878
55.533
55.898
68.063
68.032
68.037
68.039
68.002
68.049
67.993
68.073
67.949
68.156
68.089
68.023
68.093
68.006
68.006
68.116
66.085
64.055
64.068
48.092
46.815
45.649
47.15
46.298
45.445
50.662
55.879
67.956
67.997
68.036
67.979
68.059
67.929
49.145
49.116
49.028
48.713
49.072
48.947
48.907
49.153
48.749
63.82
64.031
63.977
63.924
64.335
63.925
48.912
47.154
50.074
54.367
54.499
54.978
55.77
56.198
56.081
55.72
55.48
55.222
55.087
55.066
55.063
54.786
54.437
54.27
54.617
54.656
55.016
55.657
55.887
56.08
56.196
56.122
56.321
56.12
56.353
56.031
56.057
55.59
55.404
51.044
46.685
46.724
46.931
47.602
53.602
53.387
53.051
53.056
53.215
53.634
54.172
54.259
54.51
54.908
55.015
54.784
54.666
54.855
55.065
54.98
54.798
54.844
53.809
47.632
46.813
46.859
49.089
46.334
50.276
54.218
53.187
53.211
53.315
53.357
53.363
53.84
54.236
54.413
54.776
54.818
55.265
54.905
54.787
54.726
54.609
54.893
54.925
54.787
54.499
53.779
53.142
52.703
52.632
52.751
52.782
52.593
52.659
52.55
52.565
52.52
52.485
52.481
52.423
52.721
52.856
52.831
52.799
52.831
52.763
52.993
53.064
52.7
52.728
52.63
52.64
52.712
53.064
53.558
53.159
52.947
53.075
45.088
44.488
45.487
45.333
45.134
45.235
45.009
44.966
52.032
57.487
56.305
59.959
60.39
59.944
59.751
59.944
59.517
59.659
59.733
59.491
59.962
59.667
59.146
58.352
57.404
56.534
54.756
53.389
52.198
51.699
51.484
51.49
51.444
51.357
51.281
51.455
51.558
51.424
51.341
51.508
51.429
51.328
51.105
51.108
51.103
51.377
50.841
51.158
51.474
51.376
51.377
51.618
51.995
52.121
52.149
52.26
54.035
52.7
54.472
54.501
54.53
56.227
58.12
55.457
55.149
46.537
46.22
46.807
37.487
