57.053
56.821
56.918
56.997
57.187
80.789
80.119
80.067
80.154
80.174
80.105
80.249
57.418
56.99
51.119
66.002
62.755
59.509
59.292
58.853
53.036
52.922
52.936
56.289
59.643
60.525
45.066
46.351
55.541
57.391
57.508
57.428
56.853
58.893
58.103
57.509
57.616
57.709
58.25
57.931
57.804
57.759
57.501
57.064
56.889
57.033
57.295
57.444
57.595
57.641
57.444
57.283
57.118
55.924
54.416
52.909
52.707
57.026
57.163
57.208
57.234
57.261
54.544
54.036
53.988
54.528
54.255
54.768
54.788
54.954
54.859
54.812
55.091
55.023
54.969
54.765
55.129
55.036
55.402
55.346
50.068
50.567
59.351
58.215
58.192
58.061
57.929
57.514
57.858
58.233
58.037
57.883
44.664
45.905
50.491
50.474
50.363
49.109
49.868
50.067
61.421
61.113
61.104
60.953
60.775
61.106
61.621
62.044
62.48
62.442
62.058
61.874
61.871
61.552
59.448
59.962
80.342
79.999
80.178
80.094
66.36
52.625
57.612
62.598
61.884
62.081
62.042
61.947
61.745
60.612
50.1
48.261
46.422
47.805
48.461
48.741
49.021
62.849
62.859
62.689
62.409
62.391
62.449
62.565
62.565
62.753
63.18
63.445
63.553
63.467
63.345
62.846
61.928
59.464
57
51.777
51.516
52.277
51.255
48.688
51.131
53.573
59.347
58.844
59.132
59.271
59.066
59.061
59.089
59.141
59.005
58.982
58.902
58.653
56.587
54.52
66.784
79.047
78.964
79.03
78.977
78.925
60.602
60.309
60.017
67.573
75.128
75.145
75.151
76.254
75.93
75.938
76.048
75.965
76.046
76.076
76.01
76.061
75.975
79.08
78.985
79.079
78.955
55.009
55.221
55.018
74.116
74.024
74.206
55.847
55.334
54.818
56.201
56.767
57.341
57.513
57.818
57.768
57.464
56.46
51.502
51.524
51.546
52.918
54.289
54.907
55.525
55.34
55.303
55.166
55.271
55.745
56.179
56.592
56.899
57.316
57.325
57.45
57.402
57.349
57.401
57.559
57.684
57.564
57.658
57.529
57.103
56.398
55.579
54.837
54.339
54.253
52.757
52.733
53.131
52.87
52.866
53.153
53.05
53.301
53.498
53.49
53.402
53.135
53.403
53.466
53.135
53.259
52.904
53.163
53.442
59.912
56.796
53.679
53.448
53.233
52.761
59.978
60.016
60.034
59.998
59.991
59.977
59.984
59.963
60.011
59.98
59.915
60.06
59.996
59.955
59.957
60.03
59.989
59.942
59.972
