68.009
67.98
68.009
68.017
68.007
68.031
56.888
50.361
59.167
67.973
68.029
67.987
67.992
68.019
72.965
72.89
79.984
79.943
44.837
45.729
46.621
45.589
44.558
47.299
48.786
54.826
60.865
61.289
59.218
57.306
57.728
57.529
57.345
57.235
57.171
57.107
57.039
57.06
56.984
56.848
56.966
57.199
57.293
57.119
57.101
56.936
56.775
56.922
57.08
57.061
56.964
56.885
57.202
57.172
57.004
56.939
56.568
49.48
50.489
49.673
48.858
50.823
49.212
47.601
65.886
68.939
69.042
68.919
53.447
53.412
54.061
53.781
53.842
54.042
54.175
54.167
53.837
53.866
54.063
54.049
53.67
53.739
54.033
54.04
53.807
53.892
53.934
54.127
53.994
53.78
53.866
54.215
54.235
53.752
53.897
54.348
54.022
53.654
63.877
63.53
64.886
65.996
55.846
54.041
54.389
54.522
54.192
54.486
54.301
54.542
54.521
54.339
54.455
54.147
54.106
54.421
54.427
54.738
55.096
55.871
55.943
61.882
62.2
61.455
61.76
61.949
62.159
62.113
61.96
62.18
62.256
62.145
62.403
62.506
63.457
62.276
62.455
62.314
61.976
61.683
62.18
61.851
64.808
63.858
63.618
64.267
64.471
64.032
63.543
63.846
62.768
62.783
63.426
62.113
56.302
49.133
55.671
62.209
62.528
62.434
62.387
62.217
62.089
62.089
61.937
61.976
61.991
61.88
61.95
62.014
62
61.717
61.417
60.523
59.509
58.977
59.011
59.259
59.911
60.035
60.049
60.775
60.976
61.332
61.482
60.94
61.244
61.405
61.368
61.646
61.924
61.867
62.055
62.23
48.089
49.773
59.275
59.134
58.723
58.869
58.58
59.052
58.486
59.378
58.767
58.477
58.188
62.261
62.007
62.169
55.125
48.116
55.117
62.119
62.028
61.904
54.488
52.215
52.498
52.169
52.691
52.1
52.619
52.375
52.466
52.337
52.415
52.565
52.148
52.937
52.567
52.919
52.564
52.829
52.936
52.841
53.413
53.06
62.165
62.044
61.855
62.067
62.129
61.86
61.907
62.171
64.191
63.624
62.075
62.206
61.912
54.117
52.242
52.699
52.43
52.92
52.536
53.381
54.022
62.059
62.274
61.834
61.968
62.362
60.639
58.916
52.54
60.741
68.942
69.025
61.795
61.696
61.752
61.827
61.944
62.046
62.015
62.108
62.014
62.115
62.306
62.395
62.73
57.488
50.73
49.801
48.928
62.044
61.979
61.811
61.721
