61.951
62.031
50.429
49.184
49.989
50.116
50.043
49.753
50.346
49.916
50.019
49.862
50.064
49.818
50.285
49.908
50.022
49.987
50.086
53.441
49.052
44.664
45.241
45.022
45.141
45.259
44.947
44.532
44.434
44.495
44.557
56.207
56.711
56.574
56.325
56.378
56.537
56.602
56.712
56.816
56.76
56.687
56.725
56.633
56.702
56.779
56.887
56.812
56.828
56.863
56.86
56.936
56.931
57.023
56.889
57.11
57.062
57.025
56.924
56.913
56.918
57.008
56.943
56.331
50.229
49.838
49.883
57.25
57.054
56.807
56.76
56.543
56.652
56.649
56.682
56.633
56.589
56.584
61.87
61.997
62.097
59.77
57.444
57.106
57.171
56.923
57.068
56.986
57.006
57.027
56.911
56.892
56.82
56.9
56.817
56.864
49.959
50.115
49.855
50.304
56.181
57.556
56.983
57.224
57.18
57.176
57.131
57.089
57.042
57.03
57.017
57.071
57.225
57.445
58.151
58.294
57.851
57.822
57.857
57.893
58.109
58.717
58.013
58.561
58.405
58.229
58.973
58.214
56.535
56.721
56.908
57.033
57.013
57.173
56.989
56.796
56.879
56.724
56.778
56.751
56.806
56.807
56.811
56.805
57.171
57.632
58.105
58.898
59.843
60.653
61.485
61.943
62.147
74.38
74.392
74.601
74.911
75.221
75.591
75.723
75.792
75.898
76.02
76.097
76.075
75.918
75.807
75.826
75.783
75.788
75.794
75.785
75.736
75.729
75.825
75.86
63.634
63.109
45.221
44.487
44.833
45.171
44.968
61.165
60.879
60.821
60.714
60.721
60.731
60.77
60.773
60.495
45.009
44.932
45.025
44.865
44.976
44.808
45.157
44.963
44.833
63.63
63.689
63.9
63.956
64.004
64.025
64.039
64.082
64.047
63.889
63.67
62.951
62.249
60.921
60.219
60.217
59.8
59.549
44.998
44.913
44.399
59.189
59.069
59.166
59.121
59.176
58.921
58.83
58.709
58.504
57.977
57.405
56.627
55.85
56.47
57.09
45.198
44.545
44.514
57.143
57.171
57.146
57.101
57.144
57.174
57.198
57.14
57.147
56.958
57.466
57.974
45.724
45.605
45.487
44.556
45.397
45.016
44.398
45.508
45.02
44.214
45.443
45.311
44.446
45.456
45.107
51.704
52.398
52.056
52.022
52.057
51.946
52.049
52.034
52.089
52.026
52.087
51.921
52.049
56.664
56.741
56.664
56.37
56.53
56.538
56.527
56.594
56.728
56.727
57.041
56.952
56.456
52.337
52.035
52.044
52.012
51.911
57.522
57.499
57.472
57.828
57.996
57.856
58.565
58.685
58.956
59.018
59.216
58.837
47.398
46.424
47.201
46.793
59.404
58.783
58.86
58.857
58.978
59.11
59.07
59.22
59.136
59.093
59.26
47.117
46.941
46.998
47.016
46.921
47.004
46.894
47.573
47.242
59.159
58.99
59.068
58.989
59.153
58.89
58.971
62.384
62.068
62.071
62.065
61.821
61.533
59.41
59.235
59.204
59.707
59.386
59.86
60.04
60.698
60.712
61.159
61.191
54.126
54.009
54.001
54.198
53.84
59.921
59.093
58.933
58.938
58.71
58.809
58.758
58.768
58.768
58.768
58.723
58.542
58.465
58.116
57.615
57.12
56.889
56.68
56.669
57.259
56.716
57.186
57.073
56.94
56.866
56.907
57.08
57.263
57.696
51.859
50.824
51.86
56.993
56.501
56.282
55.661
57.167
55.636
56.981
56.59
56.196
57.251
55.378
54.904
54.431
46.212
46.107
46.83
45.012
53.69
57.884
57.527
56.622
57.802
58.033
58.135
58.237
58.755
58.766
58.778
58.83
58.941
58.575
58.394
58.146
57.905
57.288
57.215
56.77
56.325
56.484
56.643
56.791
56.978
56.955
57.055
57.063
57.036
56.896
56.942
56.872
56.943
56.895
56.705
56.658
56.592
56.718
56.646
56.766
56.808
56.851
44.809
45.026
56.851
56.74
56.79
56.956
57.199
44.853
44.428
44.47
44.673
44.916
45.453
44.728
45.628
