47.926
47.795
47.852
48.165
48.022
47.69
48.026
48.119
47.821
48.032
48.073
47.788
67.008
66.993
72.017
72.01
72.031
72.027
72.007
72.032
72.026
72.011
54.922
55.096
54.958
54.834
55.185
54.958
54.948
55.157
54.986
55
55.008
55.011
54.977
55.037
55.079
54.918
47.902
47.721
48.188
48.21
48.086
48.018
48.19
47.806
48.255
48.095
47.726
45.711
47.522
49.333
47.507
48.046
47.966
48.422
57.389
56.805
56.379
56.45
56.786
57.15
57.519
57.611
57.468
54.647
49.053
48.904
48.755
47.779
47.169
46.682
49.713
50.169
56.195
54.905
54.605
54.5
54.407
54.439
54.552
54.805
55.075
55.2
55.367
55.616
55.819
56.035
56.26
56.952
55.91
56.084
56.437
56.769
56.561
56.074
54.846
53.334
52.734
52.403
53.55
53.851
53.02
53.052
52.63
52.616
52.455
52.891
52.864
53.087
52.766
52.73
52.686
52.833
52.679
52.805
52.449
52.625
52.855
53.033
53.466
53.515
53.99
53.728
53.073
49.967
46.444
48.086
48.245
47.79
47.955
48.311
47.632
48.266
47.839
47.534
48.071
47.995
59.241
59.684
48.235
48.533
47.77
47.97
47.919
48.359
47.643
47.653
48.546
57.547
57.823
57.069
57.447
57.556
57.78
58.03
58.183
57.768
56.53
48.039
47.787
47.705
47.622
50.704
52.333
53.632
54.931
54.601
54.536
54.557
54.629
54.759
54.926
55.301
56.248
56.089
56.543
56.658
56.753
56.782
56.711
56.638
56.767
56.884
56.938
56.659
55.31
53.866
53.127
53.374
54.386
53.831
53.388
53.16
52.927
52.713
53.15
53.261
53.142
53.037
53.374
53.285
53.272
53.589
53.274
53.306
53.575
53.203
53.646
53.96
53.7
54.317
53.648
53.75
49.529
48.298
47.067
46.789
47.888
46.402
47.243
46.484
46.778
79.469
79.491
46.418
47.592
46.759
47.33
46.924
46.725
47.562
46.26
47.138
47.26
59.333
58.885
57.272
55.248
54.824
55.201
55.372
55.547
55.6
55.981
56.432
56.96
57.255
57.703
58.139
57.826
57.768
58.045
58.07
58.095
58.171
57.847
55.678
54.163
52.649
49.486
49.529
49.571
57.465
56.914
56.781
56.944
56.777
57.534
49.497
50.177
59.587
