54.791
55.047
55.119
55.191
54.563
63.532
62.957
63.127
63.252
63.257
62.738
62.814
62.294
61.497
61.302
54.523
49.466
48.763
48.059
61.791
63.488
62.51
62.875
63.039
63.243
63.191
62.691
53.665
51.004
48.344
48.691
63.729
63.548
63.335
63.218
63.443
63.313
63.383
63.529
63.521
63.805
64.054
64.398
64.958
65.261
65.131
64.973
64.588
64.377
64.103
63.421
47.88
48.249
47.974
47.92
48.155
53.982
59.81
59.227
59.559
59.89
60.325
60.617
60.729
60.483
60.828
61.108
61.165
61.836
62.211
62.295
62.7
62.394
62.518
62.342
62.353
62.423
62.119
61.719
61.154
59.094
59.884
59.751
59.714
59.755
59.667
59.66
59.992
59.905
59.938
59.582
59.516
59.673
58.934
58.09
57.541
56.593
57.661
57.297
58.514
58.491
58.553
57.975
58.289
58.264
58.518
58.788
58.248
58.55
58.343
58.235
58.52
58.622
58.494
58.622
58.246
58.577
58.714
58.207
58.226
57.674
58.226
57.83
58.669
59.432
58.395
57.998
58.288
57.86
58.141
57.784
57.427
45.579
45.552
45.367
45.574
45.781
45.248
57.082
56.916
44.596
45.155
45.018
45.177
45.209
45.145
45.155
44.688
51.411
52.142
48.554
44.966
45.71
45.874
45.499
45.401
46.208
45.516
44.4
45.839
45.077
44.315
64.254
71.854
75.356
73.699
72.042
71.878
71.904
71.931
72.038
72.012
71.761
71.891
72.022
72.077
72.014
71.998
67.287
58.772
50.256
52.225
58.53
57.561
57.531
57.37
57.462
57.477
56.924
55.751
71.996
72.064
59.745
59.071
58.782
58.384
58.276
58.445
58.687
58.792
59.099
59.049
59.083
59.007
59.339
59.366
60.331
61.111
61.358
61.162
61.015
61.148
61.576
61.994
62.609
62.811
62.987
62.973
62.653
62.614
62.7
62.809
62.556
62.151
55.112
55.012
55.309
55.107
55.327
60.988
60.489
60.529
60.625
60.781
60.829
60.89
60.386
59.761
57.449
55.136
54.811
55.105
43.38
43.545
45.548
44.274
43
53.185
54.901
55.613
55.794
56.077
56.513
56.085
55.875
55.907
55.801
55.667
55.245
55.284
56.308
56.49
56.998
50.309
43.619
42.969
43.072
43.07
49.171
55.273
57.712
58.065
57.764
50.619
50.612
57.967
54.017
50.066
64.514
57.023
67.996
53.294
62.629
71.964
78.053
75.057
72.06
71.995
71.929
72.103
43.011
42.997
67.025
57.186
47.348
45.838
52.387
84.056
84.007
83.977
47.926
47.8
46.877
54.439
50.621
46.803
48.725
50.499
47.305
48.748
50.192
46.863
43.535
43.545
50.376
50.444
50.366
50.288
51.489
52.69
53.299
53.242
52.798
53.18
52.736
52.985
52.798
53.102
53.175
53.235
52.961
52.643
52.63
51.555
