67.104
67.065
67.026
67.068
67.099
67.129
66.895
66.947
66.999
66.993
66.954
66.994
66.995
78.996
78.968
65.971
52.974
52.785
59.972
59.77
60.005
60.204
52.218
52.839
52.953
53.177
53.177
53.181
53.059
53.212
52.99
53.234
53.352
56.818
57.038
57.373
57.627
57.428
57.367
57.893
57.118
68.983
68.962
68.919
57.973
56.681
56.642
56.99
57.053
57.426
57.205
57.168
57.333
57.427
57.419
57.099
57.155
57.324
56.688
56.464
56.716
56.988
57.151
57.17
56.937
56.601
56.71
57.006
57.036
57.066
57.154
57.173
57.205
57.244
57.339
58.181
58.154
58.982
59.541
59.718
59.745
59.834
59.823
59.823
59.866
59.924
59.886
59.88
60.067
59.923
59.972
59.863
53.107
53.042
53.162
59.878
59.927
59.95
59.822
54.335
54.736
55.145
55.032
55.118
54.863
55.28
54.792
55.212
54.986
54.948
55.095
54.867
55.223
54.721
55.283
54.759
55.172
54.782
54.951
54.995
54.619
55.317
54.546
55.138
54.76
54.893
54.944
54.647
55.088
54.674
54.863
54.838
54.502
55.298
54.217
55.544
54.239
55.275
54.416
54.259
57.164
60.068
60.104
60.134
60.43
60.071
59.934
59.482
57.441
55.4
49.67
44.907
46.825
63.752
63.943
64.134
64.023
64.185
64.519
64.644
64.602
76.622
76.661
76.608
76.555
76.544
76.483
76.618
76.562
76.548
76.694
64.611
64.635
64.63
64.625
64.392
64.116
63.601
63.098
62.642
62.265
62.177
62.328
62.408
62.466
62.401
62.409
62.485
62.343
62.569
63.091
75.494
75.615
63.71
63.724
63.684
63.581
63.172
61.528
60.79
59.318
59.077
59.295
59.309
58.991
59.146
59.292
59.305
59.437
59.569
59.919
59.908
59.831
59.877
59.99
60.005
59.941
60.163
60.103
59.994
59.933
59.817
59.653
59.539
59.558
59.753
59.817
59.765
59.775
59.782
59.778
59.794
59.769
59.693
59.762
59.697
59.78
59.724
59.79
59.841
59.785
59.848
59.834
59.784
59.875
59.848
59.892
84.019
84.002
84.002
84.001
83.999
83.998
59.879
59.593
60.215
47.896
47.895
47.963
48.097
47.982
47.964
48.015
47.99
46.772
45.553
50.308
52.719
51.811
52.304
52.178
51.696
52.151
51.884
51.945
52.289
51.671
52.506
51.854
51.683
52.674
51.604
51.81
52.743
51.236
51.9
52.838
51.142
52.171
52.572
51.42
52.162
52.205
51.677
52.039
52.089
52.139
51.68
52.05
52.421
51.366
51.83
52.658
51.229
51.782
52.795
51.218
51.778
52.919
50.965
52.542
52.403
50.807
52.405
52.009
51.757
51.978
51.149
50.32
71.95
72.007
71.974
72.05
72.006
72.02
83.977
83.991
67.799
51.607
52.232
52.263
53.35
53.053
53.454
53.464
53.284
53.471
53.446
60.253
