44.933
44.824
44.899
44.974
44.918
44.987
44.982
44.712
45.217
44.989
44.985
44.954
43.915
52.193
52.347
52.068
52.004
52.028
52.009
52.039
51.962
52.196
51.839
52.088
52.036
52.107
51.648
57.394
57.728
58.921
59.02
59.65
60.109
60.378
60.467
60.543
60.629
60.003
53.292
46.581
46.466
46.35
61.181
60.982
61
61.047
61.195
61.125
61.097
61.1
61.311
61.237
61.406
61.243
60.742
45.215
45.025
44.948
46.907
46.173
61.248
60.955
61.054
61.126
60.946
60.886
60.882
60.753
60.716
60.613
60.613
60.877
60.941
61.02
61.053
60.984
60.921
60.922
60.938
60.71
61.008
60.85
61.02
60.679
60.91
60.96
60.997
61.04
61.165
61.201
61.176
61.082
60.921
60.908
60.926
60.873
60.821
60.586
60.679
60.773
60.85
61.013
61.11
61.022
61.202
61.336
61.387
61.462
61.839
61.589
61.651
61.635
61.685
61.584
61.857
61.719
61.688
61.744
61.8
61.773
44.969
44.972
44.966
44.96
44.87
43.818
54.092
64.366
64.02
64.181
64.199
64.289
64.136
63.371
46.95
46.971
46.916
47.196
46.859
54.395
54.14
46.968
46.745
45.932
48.767
48.94
49.113
59.214
58.951
58.729
58.726
59.029
59.069
59
59.058
59.201
59.309
59.342
59.281
59.156
59.002
59.217
59.432
54.948
50.464
50.642
49.854
49.043
47.143
50.107
49.994
50.211
50.428
49.419
50.54
50.307
49.801
56.858
56.536
55.77
56.245
56.678
56.798
56.753
56.745
56.856
57.03
57.109
57.141
56.976
56.901
56.814
56.733
56.911
57.039
57.151
57.313
57.381
57.389
57.234
57.037
56.97
56.944
56.846
56.877
57.076
57.211
57.201
57.142
57.057
57.123
56.956
56.962
49.756
50.242
49.969
57.388
57.475
57.112
50.1
49.989
50.198
49.728
50.187
50.004
49.668
57.528
56.411
48.536
49.747
49.795
49.537
49.881
49.69
50.005
50.25
49.918
49.931
50.056
49.839
50.128
50.148
49.632
53.168
51.775
50.382
56.975
56.897
57.13
50.082
50.315
49.545
57.246
56.956
