45.042
43.303
46.693
50.083
51.234
47.76
45.821
44.031
45.47
45.354
44.973
44.593
44.501
44.753
44.616
44.989
45.122
45.003
45.384
45.182
43.391
43.744
44.097
45.12
46.143
44.586
44.222
45.3
45.389
45.176
44.997
44.972
44.682
44.59
44.697
44.811
48.676
52.541
45.664
46.943
48.221
48.28
47.433
64.129
64.069
64.003
64.046
64.024
64.018
64.111
63.911
63.956
50.383
48.748
57.336
57.614
53.263
48.913
42.265
41.381
40.497
64.006
64.082
63.935
63.96
52.189
40.418
39.413
42.474
45.535
57.191
59.825
59.006
59.319
59.39
59.869
60.601
60.855
61.057
61.149
61.329
61.306
61.196
61.503
61.033
60.917
60.814
60.832
60.868
60.844
60.776
60.747
60.756
60.832
60.883
60.76
61.058
61.173
44.559
44.686
45.068
45.127
61.239
60.894
60.987
60.891
60.873
60.761
60.822
60.92
61.005
60.728
59.718
49.636
47.971
48.56
49.149
61.317
60.756
60.571
60.541
60.487
60.622
60.892
61.133
60.886
61.074
60.873
60.348
44.127
45.399
44.131
44.664
45.335
44.943
50.25
60.162
59.985
59.719
59.748
59.908
60.238
60.447
60.616
60.796
60.936
60.947
60.972
61.01
60.933
60.826
60.792
60.933
60.998
60.952
60.633
44.612
45.207
60.615
60.884
44.277
43.702
44.433
45.164
44.628
44.794
60.726
58.783
58.817
58.782
59.049
58.67
59.12
58.702
58.838
58.539
58.809
58.715
58.595
58.468
44.931
44.069
44.591
44.273
58.17
57.507
57.429
57.359
57.378
57.309
57.404
57.324
57.311
57.223
57.176
57.165
56.489
53.558
51.787
51.865
59.45
57.815
57.374
58.315
58.672
59.668
59.268
44.724
45.014
45.519
44.967
44.695
44.638
56.805
57.025
44.324
45.423
44.686
60.815
60.901
60.733
60.742
60.697
60.719
60.719
60.579
60.749
60.992
60.952
60.912
60.791
44.821
44.935
44.969
62.377
61.072
61.052
61.05
61.1
61.072
61.05
60.743
73.052
72.946
73
72.977
72.989
72.988
53.97
52.166
57.923
51.364
56.081
60.798
61.047
60.463
61.052
60.707
60.826
60.489
59.743
58.61
57.404
45.132
44.913
44.507
45.388
46.268
60.147
59.779
59.992
59.839
59.686
60.119
60.413
60.772
60.932
61.175
61.2
61.135
61.043
60.917
60.935
60.902
61.126
61.35
45.495
44.032
61.114
61.03
61.334
61.162
60.989
44.533
44.947
44.275
44.787
45.354
44.839
