54.947
55.183
54.465
53.673
53.273
53.531
53.154
52.953
53.058
55.135
56.932
52.929
53.417
53.749
53.317
53.029
53.356
53.367
52.88
53.011
53.422
52.747
55.22
57.693
56.997
56.968
57.128
47.919
52.888
57.858
57.487
57.741
57.737
57.767
57.956
58.07
52.001
50.935
56.504
57.12
57.159
57.039
53.44
55.149
57.417
57.533
57.621
57.695
57.875
58.037
58.01
57.898
57.757
58.102
57.933
57.549
57.649
57.552
57.894
57.414
57.945
57.434
45.564
44.978
44.727
46.517
60.491
60.45
60.349
60.289
60.552
60.988
61.36
62.002
62.104
62.158
62.235
62.109
61.983
62.093
61.978
61.809
61.83
61.604
63.267
64.396
64.033
64.165
64.13
64.095
57.876
57.546
57.956
58.271
58.414
58.479
58.831
58.37
58.792
58.796
58.905
58.422
58.987
58.314
58.723
58.451
59.583
60.077
60.852
60.455
60.427
59.764
59.956
60.148
54.982
43.187
44.062
55.172
55.047
43.205
43.926
43.312
55.487
55.138
43.607
44.238
49.894
47.142
44.39
43.998
51.855
52.34
58.44
57.052
55.665
54.782
55.096
55.208
55.222
54.937
55.384
54.838
49.776
54.89
60.004
59.146
59.132
59.313
59.681
60.366
60.723
61.321
61.517
61.604
61.602
61.724
61.751
61.866
61.735
61.736
61.596
61.256
60.081
55.437
55.588
55.237
67.595
66.811
66.027
65.277
62.639
62.517
62.452
62.597
62.838
62.632
62.551
62.506
62.603
62.614
62.604
62.713
62.877
62.804
62.394
61.855
61.209
58.465
55.722
60.691
54.724
48.758
51.851
54.944
54.641
61.155
60.188
60.41
60.554
60.567
60.81
60.848
60.903
60.534
60.621
60.493
60.728
61.07
61.375
61.782
62.066
62.282
62.334
62.406
62.516
62.36
62.309
62.195
62.15
62.245
62.039
61.96
61.619
45.195
45.265
45.875
44.977
44.939
45.21
46.122
57.392
57.332
57.415
57.142
57.574
57.916
58.123
58.128
58.209
58.32
57.926
57.733
64.043
64.1
59.734
57.52
57.858
57.816
57.888
57.74
57.544
57.889
57.971
58.053
57.363
56.979
56.983
56.772
56.793
57.022
57.091
57.179
57.229
57.483
55.752
56.664
56.557
56.929
57.004
57.08
56.447
56.24
55.768
56.663
57.05
57.514
80.252
80.11
80.128
80.19
80.172
80.192
45.246
43.944
45.171
46.398
43.93
45.389
43.439
56.879
56.965
57.08
57.094
57.015
57.14
57.11
56.871
56.769
56.97
56.475
56.674
57.906
58.644
58.429
58.771
58.272
58.637
58.153
58.289
57.997
58.227
57.962
58.396
58.374
57.962
57.898
58.542
57.98
57.811
58.203
57.276
55.93
56.568
56.446
56.435
56.423
56.827
57.231
57.208
56.912
