59.175
59.095
59.063
59.032
59.118
61.116
63.113
63.293
63.148
63.065
58.96
59.067
59.114
59.079
59.056
59.122
59.034
63.038
63.239
57.629
57.915
57.829
56.561
55.146
63.022
63.146
63.169
63.102
63.035
62.257
58.625
53.625
59.569
65.513
65.504
65.636
65.785
52.021
51.954
51.88
67.334
67.75
67.952
68.085
68.098
68.033
67.919
67.972
68.077
68.091
68.042
67.904
67.883
67.904
67.917
67.908
67.928
67.919
67.996
67.981
68.15
68.65
69.621
70.185
70.843
71.04
83.141
83.134
70.954
70.913
70.882
71.04
71.181
71.09
70.867
83.173
83.155
83.159
83.139
83.145
83.145
64.087
64.148
81.728
81.667
69.214
69.288
69.417
69.556
70.058
82.649
82.847
83.249
71.262
71.148
71.041
71.001
71.067
71.051
70.968
70.912
70.95
71.008
71.052
71.061
70.873
70.674
70.872
71.069
64.184
64.179
64.028
64.072
67.489
66.815
66.645
66.397
66.327
66.39
66.581
66.755
67.122
67.403
67.762
67.904
67.839
67.772
67.803
67.825
67.781
67.721
67.843
67.972
68.038
68.043
67.972
71.054
71.045
71.017
83.096
83.126
67.348
67.167
66.574
66.366
66.116
65.865
66.07
66.275
66.415
66.715
67.223
67.69
67.923
67.971
67.843
67.836
67.798
67.75
52.038
53.783
53.803
54.078
54.272
54.373
54.141
54.13
80.407
80.447
80.413
68.072
67.474
66.313
65.245
65.038
65.473
53.761
53.846
54.06
65.879
65.939
65.914
65.913
65.881
65.913
65.9
65.882
65.848
65.923
77.961
78.011
74.524
71.036
71.005
70.974
66.247
66.287
66.124
66.055
66.084
66.149
66.158
66.075
65.966
78.064
78.067
78.07
53.624
53.692
54.085
54.124
54.162
78.177
78.167
78.134
78.098
66.189
66.207
66.123
66.057
66.07
66.132
66.126
66.161
66.109
66.129
66.188
66.054
66
66.062
66.106
66.072
66.133
66.044
78.075
78.126
78.156
80.642
83.128
83.072
66.097
66.268
66.294
66.053
65.8
65.98
66.227
66.058
65.776
65.828
66.069
66.003
65.8
65.898
65.877
65.856
65.756
65.868
66.092
65.986
65.952
66.057
66.101
66.146
66.091
66.035
66.12
66.12
66.097
65.943
65.957
65.988
53.995
54.345
54.2
54.499
54.546
54.475
53.954
54.131
54.243
54.562
54.26
66.111
66.042
66.091
66.069
66.075
65.986
66.096
66.112
66.121
66.105
66.027
66.083
66.044
66.109
65.962
66.066
65.971
57.99
57.95
58.069
58.181
58.112
58.12
58.039
57.966
57.958
57.829
57.945
58.201
58.351
60.24
60.277
60.741
60.98
61.213
61.295
61.405
57.819
57.884
57.96
58.036
58.214
49.282
49.249
48.936
49.259
