69.984
70.046
69.996
70.037
69.98
70.029
70.056
70.084
69.94
70.1
55.154
43.005
43.61
48.099
52.587
62.928
63.022
63.041
63.31
43.3
43.175
50.808
51.376
51.943
53.438
54.756
43.839
43.557
51.769
59.982
60.37
60.515
60.58
60.534
60.38
60.392
60.324
60.095
59.881
59.791
60.089
60.163
74.942
74.838
75.065
75.065
60.761
60.661
60.864
61.035
60.028
59.022
60.423
60.848
60.708
60.707
60.874
60.92
61.259
60.783
61.704
61.612
62.079
61.367
61.925
61.699
62.489
62.837
63.149
53.31
53.156
54.71
53.202
54.311
58.667
63.024
63.081
62.733
62.975
63.286
63.345
63.076
62.906
62.824
62.797
62.934
62.873
62.78
62.698
62.888
68.028
68.042
63.079
63.167
62.933
62.645
62.629
62.861
63.101
62.775
53.188
52.942
52.989
53.194
63.379
62.707
62.65
62.592
62.532
62.686
62.856
62.544
53.293
53.09
55.22
60.384
65.889
65.883
65.757
65.896
66.397
67.023
67.581
67.757
68.093
68.163
68.142
67.778
66.79
65.069
62.814
61.53
61.487
61.271
61.218
62.01
62.344
62.485
62.626
62.766
62.903
63.153
62.823
63.009
63.128
63.277
63.166
63.156
63.137
63.196
63.256
63.167
62.44
62.683
63.026
53.394
53.262
53.288
53.314
63.361
62.83
62.68
62.668
62.257
62.903
63.682
63.872
63.845
63.846
61.491
44.48
45.708
46.203
45.596
62.904
62.375
62.322
62.447
62.404
62.62
61.661
45.817
45.699
46.141
46.206
45.702
46.014
61.207
61.237
45.747
46.038
46.139
45.898
45.966
46.024
45.98
46.1
45.783
61.179
61.243
68.022
68.046
60.904
60.994
61.042
60.892
60.752
60.51
60.093
59.415
59.545
59.222
59.782
59.765
60.36
60.313
60.313
60.273
60.291
60.524
60.463
59.769
52.792
68.396
61.568
64.643
67.718
68.014
68.091
67.998
68.016
68.027
68.039
68.048
68.022
67.966
68.038
68.008
46.234
45.682
46.539
45.75
46.382
45.694
46.037
46.086
45.916
45.903
46.151
46.07
45.859
45.923
46.546
45.618
45.341
53.998
52.94
52.922
52.829
58.517
58.265
58.012
58.332
58.557
58.229
81.997
81.997
82.011
53.259
53.146
52.75
52.96
59.929
60.616
60.763
60.461
59.998
60.277
60.046
60.223
61.025
61.186
61.347
61.025
60.692
59.907
59.521
59.992
59.73
59.67
59.614
59.654
60.427
60.858
60.978
60.865
60.647
60.775
60.685
60.75
60.848
60.756
60.767
60.93
61.005
60.721
60.118
59.516
58.401
57.078
57.148
57.739
58.066
59.197
59.392
59.693
59.589
59.605
59.55
59.553
59.299
59.489
59.125
59.658
59.83
60.375
60.871
61.057
61.09
61.064
60.941
60.887
60.9
60.854
60.909
60.873
60.889
60.695
60.365
60.223
60.563
60.866
60.813
60.883
60.666
60.764
60.983
61.421
61.637
62.213
62.266
62.348
62.644
62.574
62.621
62.578
62.685
62.707
62.371
62.555
62.427
63.09
61.931
60.87
61.262
61.653
61.348
60.672
