50.154
50.17
49.894
49.911
49.989
50.017
50.084
50.001
49.946
49.968
49.998
50.155
50.057
49.958
50.052
50.008
49.997
50.313
50.112
50.032
50.255
50.016
50.099
50.028
50.109
49.964
50.163
50.362
50.198
50.125
50.028
49.82
49.878
64.937
65.427
65.454
65.364
65.299
65.381
65.533
65.885
65.996
66.148
66.3
66.543
66.786
66.747
66.652
66.522
66.44
66.447
66.367
66.463
66.524
66.445
66.454
66.422
65.94
64.861
63.267
61.841
60.782
59.979
59.59
59.577
60.009
59.727
60.255
60.207
60.356
60.98
61.152
61.265
60.653
58.921
74.029
73.944
74.021
67.02
63.666
60.312
61.155
61.128
60.976
60.713
60.649
60.921
60.867
60.912
60.245
54.896
54.941
55.055
54.999
55.14
54.918
54.979
55.065
54.949
55.006
55.061
63.333
59.15
54.967
54.938
54.921
54.984
55.102
54.908
54.999
54.967
55.006
54.995
54.973
55.053
54.985
54.812
54.64
73.52
73.236
73.56
73.022
73.526
73.655
73.784
81.075
81.08
81.051
81.021
73.322
65.622
65.564
65.518
65.675
65.663
65.762
65.77
65.665
65.595
65.568
65.556
65.549
65.564
65.634
65.668
65.62
65.628
65.696
65.626
65.786
65.743
65.738
65.817
65.606
65.395
65.095
66.03
65.984
53.968
53.921
54.068
54.071
54.135
54.112
74.004
74.022
74.039
74.026
66.621
66.63
66.715
66.986
67.505
67.796
67.872
68.205
68.134
68.127
68.121
67.97
68.206
71.031
71.001
71.036
70.981
70.989
68.529
68.359
68.117
68.185
68.046
67.874
67.22
66.207
65.429
52.199
52.007
49.931
46.824
46.151
52.068
51.348
50.744
51.913
52.367
52.228
51.794
51.357
51.504
52.129
52.273
52.17
51.779
51.272
52.026
51.956
52.348
51.977
51.411
51.644
51.944
52.226
78.315
78.345
78.282
78.219
78.135
78.134
78.134
66.2
66.397
66.235
66.382
66.529
66.659
66.414
66.219
66.595
66.518
65.998
66.281
66.092
66.072
65.547
66.23
66.427
51.022
58.852
54.487
50.123
50.386
49.611
50.04
49.999
50.123
50.167
50.085
50.266
50.163
50.197
50.238
49.962
49.926
50.344
50.141
50.005
50.174
49.967
50.04
49.994
49.953
49.831
49.892
50.016
49.949
49.963
49.973
50.215
50.204
71.002
70.986
71.085
50.211
50.244
50.015
50.113
49.941
49.988
50.198
50.316
49.959
49.83
50.231
65.171
66.059
66.146
66.142
66.188
66.291
66.416
66.397
65.923
58.88
59.031
59.057
58.892
58.971
59.001
58.938
59.185
58.857
58.664
53.412
48.16
48.439
64.473
64.721
64.899
64.838
64.887
65.054
65.263
65.237
65.171
65.2
65.366
65.349
65.013
63.948
47.836
48.607
47.6
48.02
48.1
48.271
65.845
65.562
65.659
65.457
65.366
65.655
65.572
65.453
65.853
65.495
66.045
65.797
66.284
65.912
66.443
66.393
66.11
66.481
66.218
66.239
66.558
66.268
66.252
66.566
66.476
66.498
66.521
66.551
66.089
66.403
66.595
66.575
66.553
66.532
65.463
66.373
65.944
66.753
66.853
66.953
69.451
71.949
71.912
