50.845
51.11
50.869
51.056
51.107
51.081
51.041
50.958
51.018
50.955
51.048
50.976
50.973
50.952
50.669
50.806
50.944
51.02
62.747
62.773
50.899
51.013
50.852
51.129
50.932
50.961
51.221
51.019
51.02
51.048
64.185
64.967
65.17
64.656
64.61
64.98
64.444
64.616
64.946
64.265
64.52
64.413
64.807
64.891
65.162
65.434
66.556
67.678
67.885
67.912
67.657
67.401
66.953
66.421
65.266
65.054
65.132
65.169
65.153
65.057
65.099
65.147
48.713
49.03
49.026
49.053
48.963
48.838
49.245
48.89
49.016
49.04
67.555
67.564
67.558
67.536
67.61
67.743
67.925
67.944
67.788
68.132
68.043
68.057
67.991
68.038
67.994
68.071
68.017
68.001
68.05
68.006
68.036
68.075
67.514
67.296
67.484
67.672
67.647
58.408
49.168
48.912
49.13
68.255
67.553
66.609
65.765
65.451
65.331
65.325
65.504
65.528
65.617
65.573
49.144
48.983
48.917
48.928
49.115
49.013
48.453
49.172
49.404
67.479
67.675
67.799
67.791
67.799
67.744
67.612
67.166
49.148
48.889
49.086
49.117
65.264
65.194
65.016
65.153
65.26
65.41
65.447
64.856
48.842
48.825
49.061
48.944
49.163
49.009
66.742
66.069
66.302
66.381
66.474
66.623
67.03
67.525
67.924
67.982
68.03
68.016
67.97
67.903
67.829
67.807
67.896
67.754
67.465
67.165
68.073
68.074
63.438
63.435
63.893
64.351
65.165
65.327
65.325
65.179
64.968
65.085
65.368
65.255
62.663
62.94
63.216
62.865
48.769
48.693
49.225
49.053
65.598
66.014
66.331
66.628
66.736
66.923
67.116
67.427
67.698
48.949
48.22
47.39
72.039
71.979
48.324
48.265
48.075
47.946
47.765
47.905
48.112
48.099
48.296
47.543
48.077
47.584
48.515
63.008
63.03
63.019
63.081
63.134
48.022
47.92
47.766
48.064
48.091
47.728
47.962
62.607
62.39
62.093
62.409
62.717
62.826
62.867
47.894
48.147
47.63
48.214
47.589
62.919
64.777
64.379
64.956
64.692
64.828
64.401
63.975
63.222
62.912
63.405
63.054
54.874
46.694
45.784
45.88
57.174
51.544
45.915
45.946
45.912
46.155
46.142
45.505
46.154
46.005
46.305
45.871
46
45.953
46.065
45.833
46.068
46
67.8
67.948
68.059
68.012
67.602
46.037
46.355
46.324
45.622
46.287
45.643
46.163
45.717
69.77
69.73
46.094
45.93
51.803
57.676
60.92
60.647
60.684
60.721
60.757
68.055
68.111
68.028
68.085
68.205
68.253
68.177
68.092
61.899
62.885
63.1
62.53
63.101
46.105
45.828
62.155
69.928
69.845
69.66
69.281
45.924
45.634
45.526
45.419
61.122
61.089
60.201
61.22
61.507
60.581
63.68
66.779
67.777
67.971
67.904
67.88
67.907
67.941
67.884
67.89
67.994
68.115
68.137
68.172
68.279
68.433
68.322
64.119
59.916
56.74
44.472
44.799
44.932
44.717
44.502
43.994
43.487
49.194
54.901
56.566
56.974
57.382
43.913
44.304
43.134
43.66
44.179
57.155
62.135
62.662
59.183
58.126
68.53
68.458
68.601
68.744
68.746
69.188
69.628
69.688
69.68
69.703
69.798
69.814
69.833
69.828
69.721
50.945
50.929
51.032
51.09
50.947
51.223
50.863
50.824
51.101
68.059
68.092
68.151
68.277
68.293
68.219
68.146
68.1
68.144
68.116
68.099
68.023
68.027
68.084
68.142
68.133
68.15
68.063
68.074
68.023
68.059
51.81
50.739
51.453
51.761
