58.273
58.006
58.093
57.978
57.993
57.994
58.011
51.027
51.099
50.987
51.022
50.956
50.919
51.07
51.088
52.287
57.876
62.987
62.963
63.134
63.037
62.624
62.211
62.469
62.868
63.068
64.375
63.377
63.036
63.029
63.004
63.023
63.072
58.251
57.786
59.915
59.249
57.908
68.451
68.426
68.753
69.148
69.793
50.733
51.24
50.868
51.085
50.91
51.217
51.105
51.068
51.247
50.935
51.024
51.146
50.942
68.807
69.099
68.857
68.877
68.661
68.446
68.484
68.646
68.456
68.266
51.052
50.932
50.938
51.151
51.042
50.156
49.271
67.575
66.892
67.109
67.18
67.096
67.488
67.072
67.287
67.403
66.943
67.434
67.25
67.431
67.448
67.51
67.571
67.672
67.937
68.066
68.028
67.991
68.001
68.107
68.063
67.661
62.936
62.999
57.505
52.012
50.87
62.918
70.016
69.962
69.911
69.92
69.892
69.46
62.941
62.864
62.859
62.908
65.387
67.867
67.947
67.532
67.78
67.877
68.02
68.066
67.947
67.593
67.304
68.034
67.982
68.039
60.012
60.287
64.606
64.669
64.558
64.775
65.086
65.366
65.38
64.614
72.036
71.995
68.03
68.01
68.381
65.34
62.299
61.501
62.359
61.603
61.822
61.614
61.583
60.49
60.501
60.513
60.05
59.588
63.231
68.188
67.98
60.514
60.274
60.19
60.078
60.069
60.046
60.433
64.211
67.988
68.059
68.038
67.991
58.696
58.916
57.356
57.441
58.66
57.165
58.806
56.834
60.047
60
60.021
60.147
59.845
60.053
59.665
72.079
72.049
72.001
72.017
72
72.006
72
59.839
59.905
59.954
59.971
59.951
59.948
59.944
59.986
60.027
60.012
60.025
60.074
60.063
59.985
60.012
60.033
60.137
60.135
60.049
60.062
60.134
60.774
60.826
60.52
60.491
60.805
61.31
60.954
61.612
61.85
62.722
62.976
63.14
63.095
63.001
62.993
62.961
62.953
62.943
63.089
63.012
63.244
63.104
44.047
43.569
44.301
43.479
44.47
42.973
69.963
70.065
69.997
70.067
70.062
70.058
69.964
70.068
70.072
70.076
66.981
67.079
66.956
68.464
69.972
62.131
62.353
62.43
62.405
62.318
62.274
62.363
62.568
62.894
54.976
55.138
55.205
61.207
67.209
67.916
68.662
69.188
69.264
69.502
70.057
70.369
70.452
70.462
70.435
70.176
69.66
69.195
68.792
68.847
68.827
68.679
68.641
68.41
68.429
68.572
68.533
68.285
53.128
52.602
72.031
72.012
72.004
67.727
67.669
67.254
67.351
67.506
67.173
67.403
67.652
67.581
68.174
67.912
48.635
48.648
47.114
68.793
68.839
68.625
68.55
68.649
68.673
68.387
68.09
58.543
48.995
48.186
48.473
48.742
48.199
46.687
70.272
70.258
70.298
70.31
70.295
70.232
70.042
69.575
68.83
67.956
67.745
67.709
67.779
67.985
68.144
68.263
68.32
68.196
67.828
53.24
52.839
51.092
51.884
53.249
47.835
46.847
66.934
66.318
66.501
66.723
66.631
66.655
66.757
65.534
46.216
47.86
60.444
68.156
67.986
68.05
61.907
61.587
61.657
61.617
61.873
61.845
68.106
67.958
68.058
68.002
68.616
65.048
65
65.094
61.035
60.723
60.506
60.511
60.68
60.649
60.028
84.021
84.022
84.02
84.019
63.161
58.663
58.568
57.983
58.155
57.745
57.74
63.751
63.918
82.042
82.046
82.029
75.321
72.011
71.987
71.985
60.289
60.49
60.262
60.005
59.829
60.042
60.213
60.059
59.817
59.763
60.018
59.863
59.944
59.901
59.954
59.973
59.743
52.819
53.056
53.273
52.789
53.018
53.04
52.87
53.076
57.805
62.533
62.952
63.099
63.075
63.277
63.349
63.348
64.032
64.325
64.686
64.944
64.9
64.845
64.879
64.892
64.891
64.864
64.992
65.273
65.443
59.154
59.049
59.009
