66.084
66.069
66.116
66.071
73.057
73.036
46.865
47.145
47.098
46.975
47.16
46.873
46.989
46.973
47.036
47.214
46.938
47.023
65.993
66.066
46.966
46.848
46.97
46.906
47.042
47.097
47.006
46.892
47.082
47.049
46.696
46.834
47.033
47.04
46.915
47.069
47.057
47.055
46.83
46.911
46.965
66.046
66.049
66.066
47.073
47.06
46.899
46.886
66.024
66.016
66.001
65.981
65.914
46.913
47.235
46.992
47.111
65.879
65.975
65.983
66.012
66.042
59.023
59.004
59.027
58.975
58.985
59.003
59.001
58.982
47.26
47.041
52.962
49.849
46.736
46.973
66.121
66.067
65.959
66.011
66.016
47.068
47.659
47.008
58.18
57.498
57.818
57.77
57.266
58.118
58.281
58.577
58.932
59.524
59.461
59.452
59.21
58.916
58.8
59.066
78.593
79.697
80.064
80.092
80.026
80.071
60.154
60.448
60.415
60.268
60.148
60.08
59.964
59.854
59.821
59.706
59.676
59.651
59.751
59.852
60.065
60.085
59.984
59.935
59.55
59.412
59.658
59.582
59.7
60.049
60.324
49.418
62.436
75.453
76.041
76.011
76.014
76.039
75.996
76.021
59.892
59.975
59.311
58.909
58.845
58.731
58.393
58.074
58.071
57.964
71.109
71.029
71.001
71.012
70.994
70.999
71.018
71.029
56.885
56.857
56.573
56.369
56.401
56.508
56.615
63.936
63.982
64.028
64.069
64.013
64.055
63.987
57.66
57.501
57.383
57.012
56.878
56.755
56.544
56.545
56.641
56.501
56.48
56.94
70.966
71.041
71.032
57.111
56.766
70.994
71.006
75.997
76.042
76.019
76.029
76.016
76.018
76.018
76.018
76.027
76.016
76.043
76.02
76.045
76.008
76.022
76.01
49.038
48.02
64.002
64.037
64.087
64.042
64.038
64.053
71.079
71.022
71.004
71.011
71.024
70.969
70.986
71.032
58.976
58.824
58.678
58.655
58.74
58.935
59.187
59.291
59.382
59.603
59.825
59.713
59.656
59.606
59.846
59.979
59.986
59.886
59.641
59.677
59.805
59.833
59.768
59.764
59.783
59.658
59.608
59.557
59.425
59.324
59.247
71.028
71.017
71.026
71.022
59.666
59.546
59.54
59.55
75.989
75.938
74.832
75.018
75.301
74.921
74.957
75.359
75.048
74.894
75.16
75.293
64.009
49.895
56.948
64
64.032
64.042
71.429
71.05
70.989
71.015
59.265
58.953
58.482
58.13
58.138
58.211
58.227
58.254
57.777
76.041
76.012
76.004
76.008
76.012
76.003
64.007
56.408
57.282
57.218
57.013
57
57.098
56.879
56.605
56.574
56.704
56.7
56.669
56.809
56.964
71.017
70.976
71.046
70.988
71.037
70.998
70.98
71.023
71.012
71.004
71.018
71.028
76.004
75.989
76.077
75.962
75.99
64.068
64.05
