66.161
66.154
65.771
65.687
66.188
60.599
55.01
54.568
54.23
54.276
65.57
65.477
66.233
66.297
65.808
65.473
66.236
66.081
66.121
56.959
57.676
57.565
57.008
56.912
56.618
56.657
56.855
56.8
56.397
65.795
65.888
66.082
66.213
66.017
65.797
66.006
66.163
66.167
55.608
55.058
54.768
54.646
54.735
54.761
54.683
54.321
65.809
65.983
66.115
49.414
48.745
48.25
66.139
66.762
66.939
66.981
66.939
67.155
67.051
67.364
67.253
67.42
67.855
68.127
68.318
68.275
68.199
68.178
68.209
68.135
68.17
68.247
53.574
53.765
68.216
68.198
68.143
67.93
59.128
59.164
59.095
59.027
59.099
59.187
59.152
59.118
66.141
66.24
66.306
66.31
66.366
66.453
66.453
66.358
66.249
66.169
65.849
65.193
64.007
62.58
60.906
60.777
60.428
60.079
60.783
60.297
60.728
60.737
61.101
60.658
61.531
62.405
62.373
63.115
63.537
63.44
63.476
63.164
63.195
63.466
63.265
63.022
63.223
63.566
63.575
63.275
62.803
63.264
63.145
62.831
63.089
62.711
62.945
62.658
62.61
62.716
62.643
62.711
62.522
62.672
62.701
62.759
62.108
61.831
61.281
60.865
61.25
60.633
61.198
60.94
60.969
61.339
60.471
58.269
59.293
66.079
66.109
66.049
66.035
59.077
58.776
58.751
58.283
59.348
58.419
58.606
59.715
58.855
57.754
59.226
60.699
66.014
66.111
66.065
66.1
66.028
65.892
60.642
60.579
60.669
60.75
60.453
60.69
61.12
53.391
59.512
52.776
46.04
45.799
52.942
49.631
56.016
62.401
63.23
53.277
53.708
53.881
54.406
54.249
54.065
54.057
62.916
63.145
63.07
54.188
54.245
54.067
62.229
62.99
62.669
62.265
62.619
62.266
62.743
62.31
62.799
61.712
61.155
61.11
61.157
61.311
60.05
58.789
63.945
64.061
64.004
63.95
64.028
64.742
65.06
64.169
65.671
65.918
65.924
60.869
61.123
61.199
65.785
65.818
65.854
65.872
65.775
61.127
61.216
61.153
61.018
60.898
61.028
61.025
61.188
61.196
61.086
61.001
61.088
60.851
61.147
60.607
60.26
60.153
60.185
59.983
59.388
59.948
58.977
59.333
59.225
59.377
59.063
59.711
59.172
59.499
59.088
59.557
58.739
58.808
59.809
58.6
60.6
61.074
61.142
61.212
61.11
60.974
60.943
61.011
61.1
61.21
61.127
61.198
57.936
57.683
57.15
56.639
56.222
56.078
56.052
55.888
56.213
56.24
56.261
56.304
55.873
56.237
54.296
50.329
52.035
52.119
51.997
51.899
51.859
51.96
51.943
51.988
51.895
51.949
51.827
51.988
51.895
51.893
51.809
52.762
51.304
51.818
52.125
52.063
51.717
52.047
51.847
52.009
51.896
51.996
51.856
51.962
51.916
51.92
51.167
64.132
64.247
64.164
64.151
64.117
64.108
64.072
64.17
64.167
64.101
64.155
64.147
64.17
64.127
64.14
64.241
64.911
65.581
65.895
66.25
66.309
65.89
65.509
64.915
63.948
63.888
64.478
64.573
64.513
63.9
60.236
60.056
60.444
60.018
59.915
60.647
61.072
61.331
60.962
66.275
66.081
65.427
65.182
66.249
66.043
65.838
65.505
60.02
60.351
59.529
59.483
59.458
59.535
59.327
65.87
65.659
66.078
66.263
66.051
65.553
65.78
63.771
63.521
63.352
63.274
63.454
63.156
63.128
63.351
62.856
62.815
61.579
60.059
58.23
56.06
55.34
55.235
56.036
56.651
56.426
56.082
56.153
56.197
56.018
55.921
56.02
56.298
56.545
56.364
56.706
57.095
57.249
57.413
57.389
52.44
52.189
51.824
51.71
56.562
56.633
56.669
56.633
56.521
56.446
56.514
56.006
55.98
56.184
57.121
55.429
55.921
56.931
56.208
55.555
56.246
56.426
56.207
55.958
55.741
56.138
56.595
55.853
55.396
55.327
64.217
64.188
64.167
64.094
56.742
56.26
55.519
54.754
71.043
71.035
70.998
47.121
47.069
46.057
50.693
54.918
53.583
68.083
