75.984
75.457
74.931
75.079
67.178
59.278
59.246
59.253
59.144
59.122
59.128
59.216
59.365
59.477
59.495
59.515
59.612
59.874
59.776
71.064
71.033
70.995
71.129
70.926
71.145
71.191
71.237
71.284
71.332
59.72
59.594
59.617
59.6
59.688
59.741
59.676
59.715
65.887
65.896
59.408
59.338
65.959
65.893
65.889
66.136
66.117
65.938
60.335
60.08
59.782
59.786
59.864
60.3
71.054
70.978
71.044
71.011
70.962
71.004
61.86
61.88
61.326
60.403
59.638
59.127
58.764
58.899
59.181
58.992
59.163
59.364
59.314
59.475
59.565
59.654
59.6
59.566
59.577
59.686
59.633
59.485
59.473
59.5
59.539
59.631
59.602
59.538
59.368
66.162
66.006
66.072
66.064
66.012
65.983
66.051
66.066
66.155
64.635
64.563
64.693
64.896
64.488
64.784
64.59
65.268
65.719
66.045
66.413
66.63
66.678
66.725
66.642
66.778
66.915
66.976
67.115
66.513
70.988
71.037
81.033
81.035
81.058
81.017
81.032
81.046
81.051
81.028
81.04
42.025
42.61
43.619
42.696
44.959
42.978
71.036
70.989
71.016
75.368
79.72
79.741
73.048
73.042
73.041
73.02
62.634
63.324
63.53
63.694
63.758
63.912
64.11
64.272
64.351
64.403
64.525
64.515
64.663
64.559
64.555
64.348
63.813
49.814
49.767
49.384
49.409
48.731
63.81
63.804
63.686
63.623
63.617
63.726
62.891
65.526
60.408
55.291
56.186
56.179
63.803
63.644
63.635
63.604
63.58
63.582
63.507
63.499
63.571
63.543
63.341
63.588
63.836
60.528
60.674
63.595
63.201
63.446
63.452
63.456
63.599
63.235
61.347
60.867
61.187
60.494
67.754
67.714
67.675
67.942
64.151
64.438
76.152
76.071
64.257
64.517
64.603
64.755
64.753
64.82
64.57
64.217
64.138
63.94
64.061
64.181
64.372
64.394
64.565
64.516
64.523
63.823
75.888
76.049
75.985
75.921
75.982
73.071
62.594
69.277
71.147
73.018
62.746
64.201
64.688
64.556
64.362
64.207
64.28
64.586
64.985
65.358
65.772
66.176
66.249
66.336
66.335
66.445
66.568
66.841
66.793
66.616
65.879
72.961
73.047
72.949
73.077
73
73.036
72.989
73.011
78.24
77.953
78.055
78.044
78.051
78.045
62.116
62.221
62.106
61.859
61.797
61.9
62.286
62.707
63.068
63.397
63.516
63.516
63.485
63.446
63.265
63.269
63.371
63.388
63.41
63.433
63.537
63.669
63.679
62.009
54.7
47.391
51.73
56.068
55.368
51.348
51.245
54.582
52.872
51.163
50.158
61.412
61.21
61.73
61.309
50.873
50.372
50.654
50.614
50.783
50.953
63.257
62.716
62.919
62.768
62.634
62.556
62.478
61.934
62.62
62.783
62.947
62.861
63.173
