51.728
50.214
51.738
51.452
68.488
68.695
68.509
68.334
68.336
68.911
69.172
69.088
69.461
69.73
69.761
69.52
69.39
69.577
69.534
69.229
69.476
69.585
69.442
69.539
69.67
69.803
69.849
69.754
69.736
69.717
69.716
69.747
69.641
69.55
69.585
69.642
69.653
69.59
69.605
69.619
69.629
69.594
69.573
69.61
69.704
69.725
69.659
69.578
69.632
69.722
69.758
69.727
69.627
69.678
69.704
69.76
69.758
69.789
69.819
69.785
69.761
69.802
69.884
69.87
69.779
69.916
69.915
69.926
70.322
70.173
70.103
70.014
69.995
69.984
69.996
70.002
70.016
69.963
70.013
69.985
64.994
65.075
65.014
65.036
64.967
65.012
65.072
65.038
65.005
64.966
64.983
65
62.559
62.81
63.274
63.431
62.881
62.915
63.953
63.165
63.222
63.279
63.427
62.966
63.347
63.728
42.21
42.014
81.986
82.066
82.055
82.05
82.031
63.556
63.239
63.16
63.082
63.679
63.291
53.995
59.055
53.217
47.38
43.167
44.201
63.916
80.069
80.028
72.066
64.105
58.618
39.171
39.659
41.384
43.11
43.603
44.097
42.127
41.068
41.851
43.298
44.746
41.511
43.035
44.56
42.744
40.928
41.153
41.377
32.612
37.055
41.499
43.547
42.044
40.341
40.265
41.511
42.556
43.602
39.69
41.578
41.822
42.066
41.69
41.077
40.463
41.105
41.748
41.839
42.931
42.303
41.451
40.598
42.645
42.269
42.741
43.213
41.404
42.609
42.536
43.03
47.469
47.069
41.28
38.557
39.851
37.874
45.956
43.094
40.232
39.011
39.902
43.399
42.87
41.263
39.655
40.029
40.404
40.838
41.271
40.186
39.487
40.426
38.093
39.011
39.427
40.529
40.245
39.961
40.853
40.734
40.615
40.085
40.815
39.511
38.208
40.464
40.647
40.829
40.529
40.228
35.494
36.718
41.133
39.309
41.239
41.153
41.067
40.33
39.592
40.76
39.906
41.404
41.318
41.231
39.583
41.37
44.868
44.072
44.891
45.71
46.629
83.932
83.956
83.971
84.023
84.013
83.999
83.999
83.997
83.999
59.47
59.68
59.82
59.825
59.837
59.643
59.551
59.153
48.885
60.952
73.02
73.003
73.017
61.903
62.041
61.744
61.536
61.505
61.573
61.526
61.251
61.806
51.004
53.187
48.775
44.362
44.59
43.798
60.498
60.656
60.755
60.9
61.212
61.596
62.242
62.483
62.629
62.772
62.819
62.815
62.718
62.827
63.028
63.163
62.765
50.832
51.09
51.072
51.167
51.075
53.626
56.178
63.067
62.985
62.719
62.713
62.975
63.007
63.061
63.103
63.156
63.089
63.034
63.14
63.21
63.209
63.189
63.323
63.247
62.401
61.606
62.704
51.252
51.096
54.008
49.006
56.746
64.485
64.423
64.427
64.163
63.931
64.091
63.828
63.752
63.835
63.851
63.74
63.727
63.723
63.584
63.389
63.176
62.992
62.814
43.724
43.881
44.011
43.394
44.072
44.301
43.864
44.358
44.251
