59.034
59.552
59.945
59.273
60.581
58.932
60.747
59.017
58.053
59.083
59.032
59.285
59.588
58.607
58.18
58.616
59.721
59.678
59.635
60.149
60.067
61.803
63.538
63.702
63.413
61.003
61.09
64.278
64.177
64.021
64.154
64.037
64.07
64.127
67.969
68.149
68.015
68.1
68.053
68.2
68.018
68.288
68.221
65.804
65.746
65.248
65.186
65.006
64.872
65.234
65.179
65.125
65.141
65.157
66.486
66.842
67.263
67.266
67.209
67.2
67.125
67.226
66.982
67.147
66.985
67.118
67.059
67.21
67.263
66.851
67.915
68.978
69.182
69.101
69.136
68.988
68.956
69.124
67.795
67.895
67.602
67.531
67.598
67.692
68.442
68.886
68.901
68.788
68.807
68.741
68.695
68.774
68.644
68.23
67.067
65.436
63.853
62.787
63.058
63.876
64.09
64.112
64.258
64.249
64.033
63.83
63.768
63.913
64.058
64.212
64.484
64.676
65.246
65.439
65.787
65.824
65.73
65.826
65.984
66.331
66.671
66.924
67.017
66.902
66.919
66.966
66.956
66.945
67.054
67.223
67.246
67.241
67.151
67.1
67.083
67.23
67.238
67.147
66.818
66.314
65.639
65.428
65.149
65.11
65.034
64.781
65.002
65.062
64.977
65.416
65.142
68.99
68.946
69.062
68.972
66.978
64.984
65.073
65.163
64.967
65.187
65.39
65.514
65.438
65.405
65.375
65.263
65.056
65.074
65.191
65.267
65.153
64.892
64.872
65.192
65.517
65.525
65.407
66.076
66.745
66.543
67.025
62.364
61.568
66.342
66.55
61.557
62.231
48.195
47.627
66.718
66.541
61.586
47.74
48.094
47.979
47.608
60.284
60.099
61.655
61.848
61.759
61.588
61.846
62.035
61.866
61.795
62.345
62.489
57.942
57.941
57.919
57.935
57.95
57.964
65.301
65.184
57.924
58.092
65.13
66.867
67.402
67.534
67.371
66.449
62.178
57.907
57.98
58.052
57.888
57.724
58.005
69.174
69.167
69.352
68.982
58.104
57.822
58.195
57.972
57.89
57.9
62.935
64.883
65.152
65.422
65.145
65.031
65.051
65.199
65.269
65.292
65.299
65.309
65.168
65.227
65.398
65.522
65.205
65.169
64.905
64.834
65.22
65.154
65.105
64.997
65.012
65.013
65.145
65.089
65.035
65.058
64.691
65.019
64.825
64.698
64.889
65.081
62.65
60.218
60.311
64.54
72.094
72.049
64.642
64.654
64.666
68.442
72.217
72.209
72.013
72.065
72.116
72.058
72.125
72.111
72.125
51.385
51.926
51.708
56.934
62.161
61.867
62.132
62.206
62.019
62.161
62.303
71.146
70.845
62.311
62.403
61.726
71.213
71.147
71.13
71.014
70.834
70.777
70.917
71.057
67.138
67.326
67.478
67.623
67.765
67.381
59.076
65.14
71.205
71.307
67.611
63.916
64.478
64.644
64.587
64.44
64.576
64.591
64.566
64.461
64.609
64.861
65.869
66.456
67.169
67.205
67.268
67.262
67.134
66.904
66.862
67.146
67.361
67.853
69.535
71.216
71.214
71.138
70.984
67.32
62.251
63.423
63.819
64.158
63.995
63.83
64.16
64.355
61.676
62.35
63.024
61.545
61.838
61.839
61.841
61.837
61.768
61.698
61.909
61.835
67.181
67.297
67.373
67.098
66.933
66.768
55.096
54.573
55.35
58.659
61.968
62.355
61.849
62.035
54.715
55.193
55.672
62.252
62.06
62.211
67.498
68.051
67.651
67.589
67.555
67.892
67.593
68.006
68.228
68.672
57.646
56.918
69.221
69.197
69.374
69.155
69.125
69.079
69.144
69.086
69.162
56.916
57.383
69.109
69.252
69.326
69.328
69.263
69.168
69.154
69.193
69.186
69.132
68.988
68.964
69.035
69.068
69.059
68.988
69.153
69.104
69.079
69.021
62.188
62.004
69.093
69.126
69.199
69.271
69.114
69.024
68.87
69.329
70.232
71.134
71.122
60.414
60.862
61.142
61.093
61.044
61.226
61.634
62.042
61.958
61.874
73.05
73.275
73.081
73.283
73.486
56.777
57.448
56.743
57.559
66.687
66.754
66.804
57.282
56.65
57.307
61.364
65.421
65.642
65.678
65.853
65.702
65.991
65.853
65.336
65.066
63.321
62.912
63.01
63.552
64.111
64.369
64.197
69.063
69.103
69.024
69.125
69.133
68.963
68.883
66.783
66.301
66.207
66.187
66.253
66.031
69.093
69.103
69.041
62.036
61.935
63.977
64.699
64.239
61.62
62.084
62.342
62.24
69.143
69.059
68.918
68.965
67.403
65.84
66.651
66.633
66.615
66.326
66.262
62.051
62.011
62.105
61.879
62.045
62.011
61.985
62.096
62.031
61.996
62.008
61.997
62.066
62.008
62.038
61.917
62.004
65.493
68.982
69.067
69.048
62.187
61.797
61.989
62.034
