68.072
68.101
68.112
68.059
68.049
68.108
68.055
68.09
68.095
68.057
68.019
68.08
68.063
67.421
66.05
66.147
66.026
66.07
66.07
66.077
66
66.122
66.082
65.992
66.048
66.026
66.12
65.601
65.081
64.76
83.192
83.23
83.175
83.185
83.169
83.181
83.207
83.189
83.195
83.181
83.163
83.201
83.171
68.215
53.26
53.347
58.883
59.189
59.041
59.11
59.134
59.159
59.008
59.153
59.001
59.067
59.094
44.378
45.047
45.717
44.085
42.453
45.19
44.699
46.85
48.025
58.938
58.667
58.396
42.026
42.334
42.642
40.923
47.188
45.88
44.573
45.629
46.35
46.186
47.659
46.385
47.754
46.404
47.656
46.712
47.406
58.139
58.633
58.723
58.847
58.133
58.898
60.133
60.234
60.334
60.605
60.876
61.254
61.198
60.774
61.382
60.893
61.129
61.921
60.968
60.781
53.588
53.825
54.262
54.452
54.203
54.083
54.178
54.189
61.121
61.046
61.267
60.898
61.538
59.997
58.796
59.009
59.244
58.879
59.079
71.085
71.027
71.024
71.019
71.026
71.018
71.034
71.015
71.042
71.06
60.87
61.293
61.287
61.343
61.434
61.447
61.552
61.876
62.166
62.332
62.758
62.713
62.928
62.968
62.771
62.814
62.742
62.896
62.929
62.63
62.403
66.114
66.037
66.087
65.971
66.115
66.097
66.023
66.085
66.096
66.131
66.017
66.06
66.086
66.111
66.031
66.081
66.065
66.037
66.013
66.06
66.057
66.069
66.063
66.118
66.046
66.051
58.435
58.324
58.505
58.715
66.039
66.088
66.076
66.129
66.043
66.049
66.045
65.999
61.817
60.93
61.127
61.196
61.002
61.007
60.637
60.693
60.627
59.939
60.507
60.259
60.057
60.026
59.874
45.866
46.293
62.682
63.564
64.215
64.327
64.441
64.549
64.645
64.906
64.969
65.05
65.21
65.666
66.057
66.071
66.131
66.098
65.929
65.907
65.947
65.972
53.409
53.733
53.935
65.816
65.419
54.145
54.132
54.265
54.423
54.398
54.422
54.217
54.494
61.942
61.914
61.323
61.219
61.176
61.285
60.396
61.883
60.678
62.423
62.091
63.464
63.375
62.302
61.4
61.303
63.62
65.936
66.029
66.156
66.08
66.143
66.095
66.084
66.166
66.061
66.068
66.112
66.069
66.079
66.104
66.033
66.128
66.06
66.078
66.033
66.081
56.676
55.844
56.322
55.729
66.136
65.961
66.03
66.099
65.989
66.119
66.063
56.084
55.725
55.563
56.065
55.724
55.764
55.611
55.281
55.523
55.495
56.004
56.512
60.868
61.027
61.185
61.279
61.373
61.11
61.309
61.727
62.12
62.041
61.8
61.872
62.181
62.835
63.272
63.353
63.417
63.51
63.435
63.236
63.404
63.353
52.05
52.304
51.927
51.88
51.832
51.97
63.346
63.334
51.94
51.931
51.941
51.952
62.004
61.501
60.954
60.731
51.898
52.347
52.02
51.693
52.089
51.966
51.842
51.925
51.949
51.884
52.069
63.068
62.674
62.484
61.917
61.361
61.307
61.262
60.816
61.122
61.009
60.831
60.716
60.049
58.921
57.822
56.461
55.564
57.434
59
59.395
59.409
59.318
59.24
59.37
59.347
59.164
58.48
56.328
56.644
64.011
64.38
64.063
63.788
60.119
60.272
59.997
59.669
59.572
59.398
58.795
57.981
64.147
64.123
64.15
64.148
64.127
64.072
64.097
64.199
64.585
60.824
60.484
60.63
60.343
59.957
60.057
59.829
59.723
60.033
61.045
61.584
61.729
61.533
61.466
61.254
61.166
61.44
61.538
61.368
61.41
61.554
61.591
60.997
60.287
83.148
83.069
66.223
49.376
44.804
46.579
53.179
66.089
65.861
56.177
56.076
56.647
56.35
56.043
55.792
55.591
56.334
56.419
56.079
56.165
56.656
56.571
55.689
52.355
51.719
56.363
56.154
52.425
53.61
55.446
56.491
57.307
57.705
58.133
58.228
58.005
58.162
58.42
58.926
58.942
58.933
59.044
59.177
59.345
59.397
59.272
59.203
59.151
59.073
59.02
59.034
59.079
59.191
59.085
59.015
58.848
58.882
59.088
59.265
59.375
59.38
59.341
59.243
59.097
58.999
59.003
59.009
59.048
56.131
60.122
64.112
64.103
64.093
64.092
64.091
68.018
68.106
68.093
68.06
