75.997
76.01
76.051
64.037
64.166
63.983
64.03
64.08
64.062
64.328
64.178
64.028
59.411
60.111
60.356
60.258
60.259
60.31
60.224
60.129
59.921
59.885
59.952
59.884
59.577
59.601
59.567
59.504
59.896
60.093
59.978
59.82
59.849
59.883
59.838
59.787
59.813
59.892
59.839
59.728
59.708
59.683
59.669
59.716
59.75
71.091
70.914
71.072
59.73
59.72
59.736
59.727
59.731
59.653
59.7
71.116
76.018
76.019
76.015
76.068
75.957
63.979
64.054
64.016
64.033
64.06
64.014
64.029
64.025
64.068
58.94
59.085
59.524
59.972
60.082
60.113
60.253
60.328
60.588
61.001
61.533
62.119
62.405
62.437
62.141
61.645
75.996
76.049
75.998
76.029
76.003
76.031
63.933
64.026
60.431
60.669
60.44
60.282
60.134
60.197
60.21
60.103
60.073
59.976
59.721
59.756
59.788
59.737
59.678
59.564
71.054
71.072
71.018
71.087
71.157
59.858
59.967
59.973
59.595
76.007
76.035
76
76.019
75.988
76.046
76.048
63.907
64.081
64.006
63.971
64.096
63.997
64.018
64.041
64.065
64.089
76.013
76.003
76.016
76.011
76.008
76.01
71.068
71.021
70.993
71.01
71.036
70.996
70.983
71.015
71.017
70.999
70.998
71.028
70.985
76.01
76.025
76.011
75.525
75.04
74.943
74.924
75.174
60.503
60.468
60.445
60.379
60.262
60.071
60.022
59.714
59.336
59.343
59.496
59.711
70.916
70.968
71.021
71.066
71.006
70.967
71.082
71.101
71.12
59.712
59.773
59.959
59.934
59.837
59.8
59.778
59.75
59.79
59.829
59.998
59.784
75.179
75.11
75.042
75.24
75.103
74.919
75.374
75.153
64.03
64
64.105
70.802
71.071
70.983
71.041
59.989
60.223
60.855
61.521
61.875
61.932
62.016
62.286
62.104
61.359
76.022
76.007
76.013
76.066
76.01
75.999
60.37
60.288
60.173
60.076
59.914
59.68
59.795
59.94
59.869
59.843
59.947
59.797
59.716
59.595
71.223
70.851
71.111
70.929
71.087
71.049
71.145
71.242
59.698
59.758
59.638
59.67
59.84
59.862
63.923
63.985
64.056
63.971
63.999
63.924
61.566
61.926
62.772
62.15
63.137
62.444
63.503
63.704
63.758
63.796
63.627
63.601
63.7
63.8
63.787
63.811
63.833
64.251
64.084
63.935
64.096
64.015
71.03
71.027
70.973
71.014
64.022
63.996
79.719
78.065
80.065
80.016
79.965
80.021
80.037
78.042
83.06
83.014
83.024
60.205
60.275
60.217
60.067
59.856
59.702
59.637
70.977
71.101
70.885
71.133
70.882
71.223
71.173
71.122
71.034
58.497
57.713
57.576
57.633
57.451
57.642
58.039
58.073
75.97
76.046
