47.2
46.995
46.789
47.269
59.015
59.077
59.009
59.046
59.007
59.039
58.904
59.026
59.08
58.973
59.048
47.466
46.853
46.981
47.015
46.955
47.133
46.579
64.485
65.407
65.229
65.23
65.478
65.804
66.132
66.374
66.423
66.298
65.085
46.946
47.117
47.113
46.739
47.284
66.362
66.594
66.553
66.496
66.559
66.582
66.538
66.515
65.86
54.547
62.788
52.886
42.984
43.561
43.344
43.127
61.3
61.526
61.487
61.501
61.395
61.48
43.408
42.973
42.98
42.987
42.953
59.588
58.838
58.873
59.572
61.499
61.546
60.106
61.282
61.258
60.986
61.26
59.85
43.028
43.32
59.004
59.029
54.604
54.999
54.959
67.292
67.422
67.196
66.971
67.285
67.587
68.174
68.578
68.649
68.697
68.637
68.506
68.407
68.329
68.509
68.671
68.732
68.641
68.542
68.491
68.557
68.577
68.456
68.492
68.495
68.108
66.246
66.115
66.063
66.164
65.978
65.842
56.806
57.127
64.922
65.385
65.28
65.448
65.489
65.679
57.189
56.844
56.574
57.222
57.212
56.438
57.14
57.256
56.669
56.9
57.157
65.883
65.787
65.54
65.582
65.559
65.524
65.489
65.674
65.572
65.523
65.324
65.299
65.237
64.972
65.216
65.566
65.521
65.57
77.703
77.569
65.505
65.655
65.647
65.64
65.567
65.736
65.822
53.772
54.379
54.405
53.732
66.249
66.265
66.394
66.499
66.475
66.603
66.596
66.559
66.536
66.491
66.406
65.694
66.852
66.873
66.894
67.122
66.81
67.187
51.733
51.975
52.192
49.858
47.311
46.381
66.369
66.715
66.725
66.579
66.434
66.559
66.653
66.614
66.541
66.467
66.605
66.62
66.653
66.669
66.605
66.7
66.574
66.617
66.541
66.714
66.563
66.48
66.547
66.688
66.731
66.666
66.716
66.765
66.803
67.011
66.931
66.851
66.88
66.901
67.084
67.069
67.055
67.091
67.077
58.892
59.069
58.963
58.982
58.98
58.938
59.028
59.063
48.94
50.279
50.311
50.343
49.967
50.011
50.222
50.169
49.779
50.026
50.026
49.857
50.303
50.114
49.913
50.103
50.288
50.094
49.901
50.068
50.123
49.763
50.085
49.968
49.957
50.045
50.055
49.889
49.992
49.904
49.912
66.252
67.198
66.935
66.956
67.213
66.78
67.44
66.843
67.37
66.791
50.11
50.062
61.969
62.112
62.151
62.19
62.026
62.107
66.271
65.166
65.158
65.285
65.686
65.753
66.175
66.415
66.543
66.184
64.259
50.072
49.9
50.198
50.724
51.251
48.726
48.114
66.348
66.658
66.774
66.607
66.356
66.411
66.622
66.634
66.076
64.897
62.991
47.896
47.963
48.244
48.126
48.008
47.754
48.187
47.814
59.257
59.105
59.196
59.424
59.186
63.122
67.059
67.022
67.1
47.987
47.923
47.847
59.762
58.276
58.762
59.222
58.767
58.819
59.415
59.562
59.381
59.2
59.58
59.976
59.79
60.217
60.005
64.067
64.384
65.002
64.89
65.412
65.237
65.982
65.961
66.364
66.556
66.642
65.449
64.257
63.951
71.906
71.941
71.929
71.954
66.753
66.69
66.697
66.704
66.679
50.312
49.896
50.057
50.219
50.079
49.94
50.055
50.276
50.001
50.115
49.711
50.669
59.185
58.783
50.056
49.98
50.102
50.07
50.124
50.141
50.158
50.108
50.13
49.811
59.87
59.466
58.676
59.278
59.316
59.432
58.478
59.396
59.273
59.035
58.955
58.698
60.196
61.695
61.59
61.486
62.351
62
61.61
63.651
62.795
62.907
63.632
63.675
63.662
63.735
63.819
64.049
64.374
64.538
65.016
64.877
64.732
64.91
65.088
71.036
70.955
65.369
65.527
64.886
65.132
63.724
63.408
62.907
62.855
63.307
63.211
63.664
63.565
63.006
68.52
59.259
49.998
52.517
55.036
55.131
55.246
60.776
61.009
61.089
61.135
61.076
61.064
61.238
61.165
61.173
61.143
60.836
60.904
61.224
61.266
61.197
61.335
61.498
61.64
61.665
61.622
61.482
61.446
61.456
61.554
61.605
61.623
61.694
61.728
54.946
55.425
54.933
55.279
61.835
61.903
61.749
61.763
61.762
61.751
61.746
55.167
54.997
55.115
55.114
54.874
58.338
61.803
61.678
61.607
61.705
62.164
62.181
55.912
61.474
55.739
50.004
50.162
