51.058
50.836
50.911
51.239
68.464
68.647
68.534
68.715
68.926
69.101
69.331
69.681
69.828
69.841
69.742
69.108
67.775
67.993
68.011
68.001
56.705
62.061
67.416
68.223
68.179
68.033
68.027
68.02
68.01
67.994
68.103
68.082
67.998
67.991
67.933
65.829
66.801
67.772
67.551
67.354
67.156
66.075
67.641
66.855
67.479
67.124
67.293
67.243
67.024
67.306
66.856
67.307
66.28
43.529
44.13
44.13
43.585
43.9
43.858
43.898
43.98
43.667
68.144
68.311
68.418
68.264
67.63
44.258
44.28
44.402
44.512
44.236
43.852
43.451
68.095
68.105
68.236
68.549
69.035
69.332
69.559
69.508
69.041
50.798
51.238
46.081
43.655
43.647
44.261
67.009
67.994
68.019
68.067
68.07
67.691
67.773
67.829
67.683
67.52
67.357
66.79
67.083
67.19
67.298
43.813
43.792
43.903
43.909
43.825
44.147
44.07
43.997
43.631
62.421
62.383
62.334
62.516
62.667
62.718
62.74
62.733
62.435
43.928
44.014
43.74
44.088
44.07
43.767
60.655
60.475
60.137
60.063
59.974
59.979
59.334
43.906
43.938
43.607
44.089
44.365
44.808
59.209
58.974
58.022
57.645
57.929
43.976
44.176
43.891
43.602
43.921
43.818
43.77
43.662
68.407
72.028
72.024
43.951
43.433
43.418
43.404
44.26
44.217
44.175
59.281
59.247
59.499
60.059
59.845
59.86
59.939
59.786
59.867
59.948
59.785
59.807
60.017
59.96
59.594
59.952
59.937
59.87
60.011
60.705
60.879
61.024
60.875
61.246
61.747
62.534
63.39
63.897
64.385
63.917
63.613
63.228
63.208
63.412
71.992
72.012
71.976
72.019
71.988
72.035
71.987
62.923
62.983
72.132
71.971
71.995
72.064
71.997
72.003
72.022
72.015
72.014
72.041
71.979
43.698
43.073
55.073
54.696
58.833
62.97
62.721
62.579
62.5
62.483
62.429
62.13
56.715
51.301
43.011
43.453
56.816
70.178
69.707
69.778
69.978
69.728
69.81
69.878
69.946
70.041
70.151
70.216
69.616
69.711
68.957
68.204
68.082
68.168
68.253
68.479
68.462
68.421
68.361
68.039
54.387
53.147
54.406
53.783
71.951
71.995
72.076
66.887
66.966
67.108
67.024
67.274
66.875
67.176
66.6
67.744
67.917
68.105
67.931
68.069
68.355
68.64
68.184
68.043
67.924
67.927
67.906
67.655
52.996
53.082
44.904
44.995
68.157
68.088
68.019
67.909
68.343
68.826
69.32
69.409
69.435
48.196
48.523
76.861
77.014
77.001
72.658
68.315
68.119
67.996
68.008
67.758
67.905
68.002
67.9
67.808
76.908
76.961
67.435
66.891
66.882
66.778
67.19
67.02
66.934
66.262
65.581
53.091
53.298
53.187
57.219
61.252
62.183
62.401
62.461
62.692
62.874
62.966
62.726
62.217
60.362
59.854
75.009
74.862
75.043
59.799
59.867
59.879
59.576
59.565
59.43
59.233
83.986
84.004
83.992
74.919
74.884
75.055
59.291
58.907
58.589
58.877
59.051
59.184
58.832
56.993
82.048
82
54.244
53.71
53.153
52.683
59.305
60.831
60.775
60.73
60.598
60.549
60.516
60.407
60.249
60.277
60.086
60.143
72.043
72.022
72.019
60.641
60.615
59.761
71.881
84.001
83.997
84.007
84.037
71.985
71.971
63.765
65.535
65.594
65.619
65.643
65.728
65.975
66.487
66.998
67.272
67.796
68.187
68.31
68.132
68.014
67.879
67.878
67.965
68.169
67.653
51.133
50.86
50.998
51.147
50.855
51.3
50.532
58.221
57.917
58.261
51.056
50.964
51.015
50.866
51.128
