66.068
66.282
66.238
65.916
65.964
66.153
66.178
66.04
65.86
66.009
66.297
66.118
65.588
65.775
66.229
66.299
65.819
65.531
65.843
63.595
61.318
61.413
61.425
61.35
61.297
61.431
61.636
61.749
61.786
61.692
61.575
61.452
60.947
60.796
60.159
59.629
60.013
60.177
60.729
60.607
60.795
60.515
60.623
63.973
63.913
64.417
65.167
62.113
61.503
61.355
61.287
61.17
61.238
61.179
60.98
61.047
60.935
60.818
60.485
59.821
59.01
58.549
58.612
58.907
59.191
59.271
59.15
58.988
58.828
58.793
58.971
58.985
58.996
59
58.983
58.915
58.888
58.887
58.94
58.832
58.723
58.928
59.029
58.967
59.064
58.828
58.843
59.104
58.987
58.947
58.691
58.754
58.846
58.861
58.825
58.848
58.776
58.899
58.966
58.926
58.941
59.029
58.967
64.089
64.096
64.118
64.17
64.116
64.081
64.36
58.858
58.747
58.791
58.844
58.897
59.08
59.042
58.907
58.876
58.932
59.074
59.059
64.606
64.02
64.196
63.889
65.069
65.864
66.177
66.253
65.853
64.855
64.017
64.168
64.108
64.085
64.116
64.09
64.077
64.221
64.079
64.116
64.089
64.162
64.16
64.183
64.139
64.157
68.083
68.024
68.112
68.154
68.11
68.011
64.2
64.208
64.145
64.042
64.142
64.182
64.132
64.148
64.117
64.085
64.113
64.178
64.181
64.116
64.074
64.11
64.199
64.116
64.128
64.109
62.743
63.028
63.281
63.138
63.144
63.309
63.205
63.257
63.354
63.255
63.215
63.157
63.095
62.993
63.089
63.023
63.198
62.914
63.131
63.783
64.092
64.206
64.138
64.058
63.859
63.625
63.621
63.482
63.129
63.41
63.459
63.404
63.274
63.058
63.237
63.312
63.06
63.081
63.322
63.268
62.999
63.096
63.15
63.152
63.557
63.847
64.036
63.789
63.633
63.828
63.846
63.79
83.218
83.196
83.178
83.203
83.218
56.222
55.96
63.366
62.85
62.855
62.777
62.762
63.011
62.739
71.042
71.034
71.057
71.036
71.066
71.061
71.021
71.041
71.008
71.054
71.043
71.02
71.037
71.058
71.039
71.025
71.054
71.033
71.036
71.039
71.048
71.04
71.031
71.042
64.262
64.22
64.26
64.388
73.802
83.216
83.079
83.063
71.073
77.08
83.087
83.104
83.053
83.082
66.822
66.494
66.281
66.139
66.002
66.187
66.515
66.844
66.599
66.354
66.387
64.828
62.979
60.615
60.045
59.811
59.661
59.646
60.158
61.119
61.169
61.102
61.599
61.833
61.518
61.246
61.762
62.353
62.809
63.54
63.72
63.554
63.128
63.377
63.309
62.831
63.192
63.406
63.432
63.154
63.127
63.35
63.041
63.286
63.432
64.252
64.693
65.905
66.448
66.6
66.52
66.35
66.259
66.212
66.315
66.365
66.411
66.275
66.024
65.572
64.53
63.821
62.141
61.981
60.684
60.637
60.522
61.495
60.019
59.971
61.582
60.557
60.204
59.851
71.162
70.964
58.384
58.397
58.624
58.851
58.921
58.984
58.905
58.821
58.639
58.873
82.175
82.234
82.192
58.683
58.817
58.786
58.655
58.425
63.213
60.981
58.748
58.862
58.822
58.902
58.861
58.758
63.111
63.16
63.193
63.163
63.1
63.201
63.173
63.14
82.251
82.226
82.226
82.201
82.196
82.185
53.367
