68.944
68.959
69.842
70.725
70.895
71.065
70.971
70.943
71.233
61.037
61.033
66.881
66.945
66.98
67.016
60.374
61.543
61.845
61.456
60.21
63.581
61.45
59.318
59.921
59.813
59.704
59.547
59.553
59.933
60.06
59.578
59.582
56.299
53.015
52.957
52.91
52.923
52.857
59.79
59.805
59.868
59.85
52.9
53.013
59.784
59.975
59.872
59.875
59.836
60.007
59.874
59.822
59.908
59.985
60.137
60.022
60.046
59.94
59.958
59.886
60.008
60.017
65.274
65.056
64.951
65.021
65.021
65.072
65.051
65.023
64.995
65.029
58.179
57.959
64.996
69.298
69.089
69.083
69.078
61.914
62.409
61.346
61.59
62.93
64.289
64.285
63.673
64.16
64.272
64.366
64.459
64.19
64.263
71.75
72.456
63.923
64.047
63.905
64.229
64.259
64.289
66.776
67.189
67.324
67.551
67.68
67.717
67.581
67.553
67.544
67.44
67.348
67.381
67.422
67.305
67.305
67.351
67.469
67.454
67.053
63.77
64.241
63.294
64.647
52.923
52.83
67.208
79.032
78.905
66.953
67.028
67.429
67.761
68.322
68.776
69.012
69.104
69.074
69.141
69.307
69.385
69.462
69.047
68.164
67.045
65.969
66.611
66.264
66.641
66.807
66.496
66.775
67.096
67.14
67.14
67.125
67.131
67.077
67.053
67.088
67.109
67.048
67.098
67.2
67.223
67.146
67.163
64.083
63.999
63.964
64.016
67.114
67.208
67.163
67.14
67.159
67.152
67.093
67.079
67.073
67.023
66.934
66.975
66.958
67.01
67.075
67.213
67.24
67.324
67.325
67.21
67.198
67.206
67.163
67.187
67.21
67.265
67.33
67.363
67.226
67.292
67.377
67.322
63.874
64.016
64.029
63.999
71.997
72.011
72.011
72.007
72.003
72.011
72.014
79.017
78.956
78.931
78.907
78.883
78.93
78.912
78.922
66.975
67.028
67.016
67.078
67.085
79.03
79.062
66.951
67.019
67.022
79.047
79.087
79.097
79.169
79.171
79.103
79.054
79.063
79.072
79.039
79.039
78.967
78.791
78.556
66.74
66.64
66.541
66.604
66.666
67.367
65.169
64.554
64.376
64.216
63.91
63.616
63.331
63.112
61.901
62.618
62.398
62.22
62.857
62.32
63
62.673
62.805
62.614
62.824
62.61
62.872
62.908
62.626
62.768
62.37
62.24
62.269
62.049
62.125
62.447
62.165
62.629
66.999
67.01
67.108
66.822
60.44
61.269
62.098
64.529
66.96
66.984
67.019
67.031
54.905
54.896
54.809
66.946
66.937
66.649
67.168
67.074
66.955
66.968
67.068
67.023
67.06
66.999
67.015
67.052
67.033
66.977
67.055
66.984
67.063
66.921
66.903
67.002
67.038
67.055
67.077
71
71.14
66.972
66.933
66.949
66.994
67.075
67.089
67.127
73.817
73.935
63.501
63.533
63.944
64.065
64.085
64.035
64.262
64.352
64.372
64.422
64.404
64.481
64.558
64.626
64.61
64.74
64.787
62.069
61.904
61.934
61.912
61.925
61.938
67.12
66.929
66.859
65.75
65.993
65.817
65.684
65.678
65.521
65.949
66.24
66.617
66.854
67.01
67.081
67.003
66.954
66.935
66.895
66.854
66.832
66.887
66.809
66.778
66.687
66.709
66.701
66.618
66.571
66.562
66.683
66.717
66.647
66.574
71.083
70.863
49.998
49.741
61.89
61.929
61.945
62.008
61.895
61.992
61.955
62.018
61.616
62.442
62.266
62.09
58.423
59.095
59.469
60.819
62.215
61.916
61.616
69.006
69.025
58.43
57.479
57.432
57.569
57.537
57.12
60.571
60.286
59.954
59.918
59.824
59.834
59.98
59.999
60.151
59.59
59.798
60.149
59.749
60.876
63.75
65.213
60.394
59.994
60.09
60.294
59.948
60.379
60.002
59.818
60.644
59.363
61.499
62.005
61.344
65.31
69.277
69.098
69.024
69.014
68.979
68.991
59.991
59.973
60.136
60.164
60.167
60.186
60.045
59.82
60.097
60.02
60.064
60.178
59.736
60.129
59.979
68.929
68.962
68.957
68.952
68.947
68.961
68.956
68.977
68.987
69.021
69.031
68.995
69.027
69.039
57.888
56.896
56.792
56.688
58.34
59.088
59.836
60.128
60.419
57.281
58.109
59.732
60.081
56.541
56.768
57.528
58.253
57.443
56.971
56.499
57.14
57.781
58.421
64.804
64.716
63.196
61.676
61.849
62.021
61.831
61.642
62.201
62.155
61.275
62.329
62.137
60.94
59.61
60.021
60.754
59.272
60.62
61.019
61.064
61.109
62.146
