71.971
71.985
71.999
71.982
71.99
71.979
71.992
71.984
71.986
71.978
72.01
71.964
71.996
71.983
48.814
49.673
48.57
49.113
49.997
48.132
48.741
48.196
49.107
48.612
48.895
48.469
49.316
50.162
48.439
49.127
48.387
49.837
49.254
48.67
48.893
62.317
63.611
59.762
60.018
60.046
59.94
59.631
60.262
60.338
60.18
59.75
60.301
60.198
63.937
67.675
67.436
66.726
67.108
66.959
67.126
66.953
67.065
67.051
66.983
67.035
67.049
67.04
67.034
67.293
72.002
71.942
71.929
71.973
71.967
71.994
71.976
71.926
72.013
71.959
72.003
71.971
71.993
71.967
69.986
68.004
63.425
62.883
60.94
60.847
62.53
62.436
61.848
61.96
62.151
60.744
73.572
73.958
73.847
75.979
75.914
75.994
76.008
75.964
76.007
75.906
75.954
63.77
63.822
63.867
63.802
63.663
63.597
63.639
63.732
63.762
63.738
63.835
63.965
63.964
63.74
62.841
74.008
74.012
74.016
73.991
74.013
64.071
64.259
64.214
64.148
64.276
64.512
64.688
64.924
65.401
65.945
66.629
67.081
67.167
67.155
67.11
67.074
67.074
67.103
67.156
67.066
66.832
66.94
66.875
66.515
65.802
64.4
62.889
62.006
61.492
61.139
61.329
61.488
61.246
61.609
61.232
61.39
61.49
61.506
61.685
61.625
61.822
61.995
61.874
61.817
61.721
61.775
61.669
61.761
61.778
60.864
61.462
62.126
61.985
61.827
61.881
61.88
61.97
62.044
62.103
61.996
61.959
61.982
61.956
61.97
62.095
62.181
61.415
62.004
61.922
62.026
61.93
61.897
62.175
61.946
60.918
62.276
62.294
62.188
62.164
62.195
62.419
62.668
63.016
62.997
62.913
62.61
62.306
62.161
62.215
62.029
61.851
61.857
61.904
61.867
61.966
62.135
62.139
62.064
62.181
62.231
62.196
62.071
62.006
61.925
61.976
62.027
62.146
74.069
74.054
74.007
74.009
74.006
73.961
73.995
74.054
73.941
73.923
73.994
73.996
73.993
73.974
74.018
74.026
74.043
73.973
73.975
73.992
73.965
73.974
73.983
74.052
74.063
74.039
74.01
73.967
73.953
73.943
62.038
61.969
74.054
74.052
74.056
74
73.977
73.982
67.09
67.225
67.184
67.209
67.23
70.595
73.96
73.952
72.011
70.07
70.094
70.117
70.131
70.028
70.135
61.153
61.465
61.632
61.75
61.72
61.847
61.887
61.844
61.744
61.738
61.92
61.875
61.933
61.926
61.86
61.74
61.825
62.053
62.052
61.962
61.916
61.888
64.993
64.999
65.048
65.108
64.982
65.124
65.031
64.861
65.073
65.014
65.023
64.7
62.058
61.814
61.657
61.753
61.849
70.039
70.043
70.073
63.509
62.887
62.56
62.299
61.804
61.253
61
60.894
61.017
61.297
61.409
61.534
61.389
61.243
61.19
61.289
61.283
61.362
61.434
61.395
61.419
61.467
61.542
61.563
61.587
61.544
61.501
61.44
61.487
61.537
61.541
61.56
61.61
61.692
61.856
71.991
72.018
71.989
71.992
71.988
70.266
70.306
69.923
69.996
70.039
70.063
69.979
70.083
69.989
69.923
69.951
71.97
70.12
72.06
70.115
