52.841
52.737
52.668
52.755
52.896
53.323
53.941
52.892
52.799
52.787
52.735
52.823
52.907
72.257
72.046
72.029
72.013
72.035
72.036
72.075
72.166
72.142
72.098
76.97
77.068
77.063
77.104
77.1
77.098
77.09
77.113
77.082
77.091
77.079
77.113
77.06
77.093
67.051
67.07
67.155
67.016
66.997
67.012
66.998
66.889
66.798
66.862
75.929
76.097
61.069
61.395
61.142
66.559
71.977
72.124
74.167
76.21
76.022
76.157
76.291
72.019
72.033
72.059
71.957
72.039
72.08
52.876
52.845
52.773
52.754
52.848
52.73
52.786
52.74
52.867
52.642
59.683
59.937
52.447
53.233
53.165
52.897
57.665
57.603
59.398
60.249
60.711
60.605
59.725
60.412
60.961
61.109
61.256
61.788
61.836
62.082
62.05
61.83
62.016
62
62.059
62.475
62.507
62.36
62.238
62.144
62
61.834
61.966
61.911
62.017
62.28
62.105
62.117
62.214
62.098
61.981
62.178
62.501
62.306
62.532
62.519
62.554
62.473
62.253
62.262
62.385
62.16
62.223
61.874
62.032
62.321
61.988
62.187
62.44
61.795
61.661
58.309
57.506
58.584
57.575
58.776
58.315
57.893
58.63
57.419
58.31
58.273
57.497
59.021
58.972
58.922
57.387
57.923
58.41
57.437
58.571
58.399
58.227
58.584
57.649
58.69
57.389
57.993
58.587
58.634
58.68
69.125
69.121
69.197
57.871
58.897
57.624
58.428
63.091
61.633
62.179
61.794
61.409
61.797
62.283
62.208
62.023
62.552
62.558
62.428
62.234
62.292
62.435
62.464
62.504
62.574
62.498
68.261
74.023
73.963
73.892
61.958
63.442
63.885
64.029
63.859
63.973
63.283
52.843
52.708
53.109
53.638
53.172
52.986
52.976
66.069
65.945
65.806
65.738
65.733
65.568
65.493
65.669
65.771
65.572
65.493
65.491
65.388
65.396
65.292
65.073
65.039
65.004
65.537
65.249
65.135
65.966
66.138
66.831
62.35
62.156
61.915
59.947
62.378
57.383
52.387
53.11
62.693
63.329
63.284
63.237
62.968
63.262
63.162
62.883
62.964
63.365
63.524
63.472
63.029
63.541
63.397
63.114
63.19
63.163
63.657
63.758
64.314
64.647
64.996
64.949
64.629
64.441
64.393
64.345
64.449
64.543
64.962
64.562
64.239
64.288
64.241
64.213
64.379
64.669
61.917
63.115
64.313
64.327
64.204
64.172
64.143
64.081
64.256
64.431
64.297
64.164
64.106
64.048
58.776
57.653
58.337
58.207
58.008
58.552
57.46
58.846
57.854
58.602
57.717
58.39
58.283
58.388
58.494
57.705
58.721
57.759
64.242
64.277
64.058
63.962
64.078
64.024
63.989
64.033
64.115
64.061
64.059
64.18
58.21
57.923
58.346
57.99
58.44
58.289
58.137
58.02
57.789
