67.077
67.095
67.068
59.675
59.862
59.92
60.08
60.077
60.009
59.668
59.941
60.123
60.048
72.01
71.976
68.073
72.041
69.466
66.891
64.673
65.624
65.467
65.867
65.529
65.191
65.233
65.223
65.362
65.229
66.284
66.485
66.686
66.785
66.659
66.533
66.712
66.737
66.762
66.814
66.8
66.824
66.848
66.818
66.952
66.914
66.875
67.069
73.995
74.028
74.018
74.052
65.573
65.602
65.323
65.526
65.512
65.674
65.424
65.859
64.92
67.137
67.122
67.226
69.596
59.732
65.834
57.886
49.937
49.473
49.944
50.22
49.829
65.2
65.408
65.263
65.478
65.263
65.464
65.576
65.695
65.815
65.873
66.125
66.243
66.497
66.579
66.421
66.496
66.543
66.552
66.377
66.434
66.493
66.374
66.473
66.468
66.463
66.409
66.488
66.549
66.504
66.495
66.473
66.483
66.508
66.574
66.587
66.537
66.331
66.405
66.562
66.513
66.197
66.294
66.304
66.462
66.126
66.321
66.497
66.01
66.353
66.457
66.713
66.747
66.782
66.926
61.983
50.152
50.078
49.971
49.914
49.803
50.33
49.784
49.939
49.991
49.757
49.871
50.129
49.985
50.082
50.07
50.128
50.274
50.051
50.294
50.011
50.238
50.062
50.079
50.015
49.921
49.912
50.111
49.993
49.982
49.883
49.96
50.083
49.948
49.876
49.988
50.188
49.73
49.529
49.34
49.891
49.705
49.487
49.269
49.651
50.437
50.33
49.729
50.168
50.22
49.995
49.887
50.025
49.807
50.809
50.095
49.999
50.206
49.847
50.012
50.003
62.595
64.323
64.325
64.25
64.245
64.254
64.326
64.506
64.83
65.044
65.194
65.206
65.298
65.388
74.203
74.026
74.007
74.029
74.045
74.003
74.008
74.026
74.031
74.036
66.179
65.509
66.088
65.72
66.043
65.476
65.075
49.263
49.833
50.112
50.067
49.807
49.896
49.98
49.883
49.896
49.928
49.797
50.561
49.7
49.964
63.872
64.731
65.045
65.127
65.164
65.2
65.267
65.286
65.266
65.302
65.447
65.475
65.438
65.61
77.838
78.15
78.304
78.42
78.499
78.302
78.029
78.004
78.078
78.223
78.369
78.523
66.693
66.699
66.747
78.76
78.71
78.579
78.525
78.576
78.627
78.72
78.631
66.855
66.842
66.941
66.952
66.919
66.866
78.795
78.855
78.991
78.988
78.897
78.905
66.551
66.82
66.881
66.902
72.897
78.892
78.97
49.903
49.949
49.963
50.102
50.112
66.721
66.59
50.08
49.982
50.109
50.057
49.947
49.96
49.899
49.949
50.048
50.022
49.948
49.971
50.106
49.963
50.01
50.18
49.831
49.964
50.048
50.031
49.971
50.79
49.651
49.611
50.278
49.773
50.044
49.983
49.849
50.038
70.959
70.993
71.024
71.032
70.991
71.014
70.984
71.011
71.558
72.091
71.986
71.972
71.986
71.999
72.017
66.003
