77.005
77.015
76.992
76.977
77.02
76.996
76.974
76.998
77.004
77.002
76.991
60.769
60.733
60.961
61.214
61.468
61.174
61.064
60.851
60.935
60.719
60.647
60.753
61.187
61.74
61.973
61.942
62.035
62.137
61.742
61.607
61.648
61.672
61.69
61.753
61.775
61.859
61.897
61.882
62.002
62.082
62.151
62.068
61.649
71.844
71.951
72.005
71.897
64.951
65.032
71.975
71.937
71.948
71.984
61.866
62.192
62.273
62.039
61.757
62.023
62.198
62.269
61.867
64.978
65.092
64.974
65.031
65.012
64.617
62.244
62.377
62.103
61.72
61.661
61.503
61.451
61.661
61.615
61.695
61.628
61.624
61.774
61.944
62.029
61.972
61.865
61.86
61.875
61.852
61.619
65.241
65.068
64.988
65.051
64.989
65.036
64.976
65.044
73.995
73.994
74.001
60.118
60.576
60.77
60.669
60.502
60.465
60.682
60.91
61.013
61.038
61.256
61.441
61.682
61.799
61.661
61.493
61.489
61.528
61.536
61.571
61.606
61.601
61.173
73.995
73.976
73.981
74.003
73.978
73.98
76.975
77.013
76.981
60.192
59.905
59.828
59.877
60.36
60.114
59.896
59.957
59.876
59.95
59.872
59.872
59.911
60.003
59.881
60.946
59.392
60.11
60.025
59.594
60.096
60.018
59.713
60.168
59.88
59.534
59.187
59.795
59.868
59.858
59.905
59.953
59.928
59.882
66.977
67.013
66.988
67.022
67.012
66.989
66.958
59.951
59.775
60.404
60.21
59.846
59.976
