51.194
51.208
50.993
59.197
59.725
59.049
59.994
59.515
60.033
59.68
59.952
59.181
59.673
59.168
59.099
59.599
59.458
60.625
60.848
60.869
61.135
61.128
60.932
61.231
61.258
61.167
61.46
60.892
59.249
57.679
56.109
50.021
50.783
44.002
44.49
61.481
62.393
62.657
62.798
62.861
62.96
63.118
63.121
62.772
61.607
51.363
44.301
44.994
44.151
44.39
44.079
44.083
62.811
62.769
62.723
63.059
63.554
64.268
64.473
64.526
64.128
63.805
63.228
62.215
60.693
60.606
60.519
60.818
60.811
60.889
60.836
60.997
61.27
60.956
60.46
59.24
60.978
61.971
60.676
61.434
62.192
60.666
59.425
60.258
60.212
59.982
59.917
60.121
59.964
59.928
60.198
83.998
83.994
61.675
56.297
58.8
61.303
61.762
61.08
60.837
61.151
61.045
60.968
61.55
53.114
44.677
45.275
44.02
45.058
43.721
44.074
43.881
44.159
43.661
43.701
43.946
51.005
51.138
50.975
51.164
51.085
51.159
50.654
58.439
61.825
60.578
60.563
60.069
59.761
60.07
59.67
59.697
59.664
59.162
58.39
58.959
59.186
59.348
59.692
59.772
59.829
60.136
59.735
59.796
60.01
59.324
60.276
84.014
83.984
83.99
84.013
83.996
84.008
84.014
84.008
70.336
64.884
59.432
59.856
59.926
59.87
60.02
60.295
60.338
60.567
60.829
60.893
60.886
60.917
60.802
60.719
60.715
60.848
60.98
60.886
61.117
61.381
61.292
61.324
60.712
44.455
43.903
44.16
62.845
63.052
58.306
60.29
60.082
60.329
60.303
60.283
60.563
60.345
60.433
60.671
60.818
60.801
60.684
60.661
60.846
61.082
60.879
60.643
60.598
60.416
58.975
65.945
61.302
62.253
63.204
45.528
53.344
61.159
61.265
61.584
61.041
61.844
61.585
62.466
62.691
62.98
63.007
62.343
44.013
43.845
43.747
43.649
43.685
43.722
56.84
60.918
61.336
61.302
61.492
61.429
61.596
61.626
73.071
72.966
67.069
61.171
59.657
59.84
60
59.949
60.173
59.884
60.153
59.596
59.423
59.25
83.999
84.001
83.991
84.013
56.973
57.776
58.578
58.005
57.852
57.401
57.985
57.732
58.412
82.019
82.007
81.999
82.001
43.97
43.584
56.391
58.591
57.422
58.186
57.554
58.536
58.661
59.166
59.498
59.668
59.858
59.927
60.046
59.788
60.011
59.96
60.06
60.008
60.348
60.325
60.2
60.15
60.151
60.457
83.986
83.991
84.015
73.462
62.909
63.152
50.754
50.733
50.883
50.917
50.892
50.868
51.104
62.933
62.984
62.976
62.969
71.988
71.999
72.039
72.012
72.016
72.007
72.009
72.048
72.022
72.04
72.01
50.97
51.076
82.018
