49.788
48.629
48.732
49.511
49.397
48.562
49.426
49.53
49.481
48.881
63.698
63.729
63.764
48.936
48.747
49.131
48.976
48.927
49.261
48.848
48.701
47.761
46.822
47.454
48.085
48.145
47.939
49.623
48.335
49.188
49.313
48.421
49.42
48.766
49.584
49.53
48.012
49.056
50.1
49.891
49.919
63.015
63.14
63.555
63.504
63.149
62.726
63.033
63.177
62.723
63.121
52.067
53.007
63.056
63.263
63.301
63.233
63.165
63.441
63.534
63.494
63.467
63.368
63.098
51.38
49.362
49.365
49.368
48.646
49.502
48.307
49.228
56.111
63.905
63.977
63.826
49.271
49.049
63.724
63.864
63.947
63.85
63.98
64.063
63.93
64.046
64.104
63.915
64.059
64.064
63.979
64.15
63.989
64.063
64.11
63.97
64.005
63.753
62.718
62.98
63.042
64.559
65.071
65.318
65.161
65.133
65.508
65.925
65.8
65.887
66.059
66.217
66.353
66.22
65.187
60.536
55.886
49.109
49.046
48.91
48.774
48.948
48.657
49.192
49.119
48.789
49.216
49.127
48.748
49.244
48.809
48.455
48.101
47.886
48.302
48.095
47.915
48.121
47.851
48.144
47.865
61.941
62.387
62.681
62.727
62.721
62.794
62.921
63.254
48.073
47.665
48.176
46.959
46.85
46.742
47.106
47.469
47.598
48.318
47.783
47.573
47.392
47.966
48.26
47.625
46.833
46.04
46.689
47.338
48.585
49.833
49.301
48.769
48.385
48
49.002
49.303
49.603
49.566
49.53
61.233
61.106
61.256
61.509
61.348
55.857
56.471
56.117
56.089
55.837
55.586
48.234
49.121
56.511
55.412
55.379
55.346
62.536
62.89
66.124
66.078
66.034
65.847
65.933
65.859
63.203
63.11
63.093
63.004
62.916
62.916
62.956
62.954
63.009
62.976
63.192
63.053
56.226
56.171
56.116
49.617
52.595
49.213
49.292
49.372
49.255
49.139
49.55
49.96
64.652
64.876
64.856
64.943
64.735
64.932
65.33
65.481
65.69
65.821
65.99
66.13
66.034
55.598
56.161
55.953
56.018
55.925
56.275
55.97
56.145
56.015
56.057
56.292
55.981
55.956
55.932
56.007
56.019
55.812
56.011
55.965
55.894
56.125
45.336
44.301
44.957
45.013
45.069
44.807
45.076
44.994
64.287
64.214
64.169
64.089
64.031
63.979
64.013
64.064
64.103
64.258
45.056
44.922
63.423
63.031
62.335
62.344
62.378
62.794
62.991
63.09
63.048
63.066
63.067
63.039
63.202
63.304
63.367
63.5
63.483
63.299
62.862
62.973
62.934
62.948
63.286
63.3
63.206
63.364
63.273
63.115
63.149
63.381
63.146
62.924
57.009
57.179
44.758
44.837
51.215
48.113
45.01
44.529
45.069
44.928
45.23
44.829
62.956
62.899
63.257
62.39
62.941
63.516
63.765
72.967
73.001
73.019
64.102
64.085
64.108
64.073
64.03
64.021
64.001
73.028
76.105
75.985
75.998
76.011
76.077
76.144
74.585
73.027
72.985
73.03
73.018
73.005
73.073
66.468
66.484
66.223
66.072
65.589
65.694
66.157
66.302
66.258
66.031
65.763
65.878
66.11
66.171
66.013
65.76
65.924
66.163
66.24
66.125
65.997
65.847
65.699
66.114
65.96
64.472
64.101
64.025
64.043
60.73
57.417
51.682
58.627
65.572
66.573
78.669
78.644
78.555
78.65
78.688
78.739
78.717
78.927
79.136
79.622
80.016
80.112
80.071
79.989
79.897
79.918
79.948
79.941
79.935
79.908
79.94
79.986
79.996
80.005
79.984
79.99
79.982
80.008
80.029
80.021
79.964
79.952
79.915
79.954
80.025
80.099
80.117
80.098
79.844
79.59
67.487
67.624
67.746
67.703
67.25
66.809
65.834
65.388
65.378
65.24
65.388
65.192
65.707
65.88
65.976
65.791
46.946
46.874
46.761
47.761
47.151
46.724
46.959
46.652
47.622
46.641
46.958
46.985
46.985
46.935
65.376
66.091
65.945
65.962
65.983
66.004
66.024
46.95
47.063
47.119
65.918
65.827
65.868
47.115
46.71
65.706
65.734
65.827
65.898
65.93
65.998
66.124
47.06
47.049
47.138
46.933
46.826
47.176
47.034
46.787
47.091
47.273
46.928
46.89
47.071
46.882
