55.106
55.035
55.149
54.983
55.138
55.09
62.661
63.186
62.882
62.681
62.52
62.529
62.693
62.734
62.545
70.83
70.55
70.761
70.81
70.961
71.271
71.215
71.164
70.971
70.792
68
69.5
69.534
69.627
69.635
69.635
69.74
69.895
70.334
70.705
71.027
71.195
71.229
71.099
70.966
70.906
70.85
70.877
70.938
70.985
71.022
70.98
70.94
70.924
70.958
71.03
71.03
70.796
70.344
70.072
69.078
68.434
68.277
68.448
68.633
68.832
68.886
68.835
68.724
68.056
68.942
55.334
54.86
69.47
69.473
69.348
69.058
68.915
69
69.017
68.547
67.398
55.099
55.366
62.114
62.212
62.171
62.13
63.711
63.854
64.366
64.293
64.066
63.547
61.804
58.218
61.861
65.504
65.646
65.748
66.003
66.156
65.178
58.908
58.063
57.218
55.965
54.711
53.396
66.675
66.551
66.718
66.618
66.749
66.702
66.612
66.602
66.995
67.365
68.432
68.988
69.188
69.098
69.025
69.078
69.044
68.921
68.844
68.775
68.725
68.817
68.928
68.883
68.97
68.982
69.051
80.947
81.016
81.093
81.052
81.09
81.103
81.071
81.112
69.151
69.104
69.049
69.046
69.034
69.019
68.909
68.861
69.103
69.207
69.312
66.098
57.033
57.005
57.13
56.899
57.017
57.113
57.054
57.289
56.826
62.007
62.092
59.487
56.881
56.983
62.111
62.08
62.025
62.063
62.092
62.099
66.496
59.706
52.915
52.197
71.199
71.217
51.924
52.343
52.095
51.847
52.466
71.17
71.318
71.194
71.179
70.934
70.677
61.065
61.496
71.102
71.249
71.167
71.102
70.832
70.669
70.821
70.974
71.075
71.177
61.975
62.408
62.04
62.133
61.93
61.671
61.67
61.672
61.545
60.925
61.156
61.768
61.853
61.874
61.742
61.839
61.693
61.793
61.892
61.905
61.92
61.809
61.832
69.05
68.956
69.02
61.647
60.159
58.268
57.399
56.697
56.464
57.904
58.808
58.591
58.87
58.69
58.981
58.861
58.465
58.266
58.108
56.221
54.333
53.63
52.926
54.357
62.616
62.016
61.776
61.702
61.88
54.479
54.057
53.571
54.148
54.018
53.806
53.593
54.514
53.758
61.407
58.268
55.13
55.049
55.205
52.862
61.942
71.021
71.082
71.079
71.079
71.042
71.088
71.044
71.063
68.98
66.897
54.705
62.881
64.092
65.304
65.705
65.498
65.627
55.092
55.121
55.56
55.323
61.056
66.79
68.262
67.298
67.096
67.096
67.054
66.595
70.43
74.264
