59.048
59.157
59.026
59
63.095
63.183
63.196
63.106
63.078
63.282
63.105
63.141
63.281
63.129
63.167
58.988
59.131
59.106
59.081
59.028
59.132
59.016
59.108
59.066
58.976
59.121
59.121
66.41
66.541
66.434
66.353
66.352
66.352
66.337
66.261
66.157
66.109
65.991
65.917
65.905
66.02
66.106
66.158
66.246
66.462
66.858
67.228
67.892
68.213
68.082
67.744
67.298
66.807
66.568
66.581
66.618
66.555
66.449
66.378
66.33
66.235
66.248
66.233
66.329
65.631
56.177
55.102
48.555
48.206
47.858
56.464
65.071
66.289
65.547
64.806
64.973
66.236
66.187
65.83
65.395
65.277
63.375
62.422
61.279
60.69
61.604
62.289
62.357
62.285
62.783
62.429
62.671
62.531
62.457
62.672
71.044
71.05
71.032
71.031
71.047
71.041
71.06
66.049
66
66.002
66.008
66.124
66.127
66.024
65.534
65.055
65.213
65.371
71.055
71.007
66.149
65.751
66.013
66.275
66.141
65.948
65.881
65.954
65.954
65.963
65.872
71.054
71.034
83.113
83.087
83.07
83.112
68.498
68.514
68.51
68.473
68.472
68.469
68.403
68.151
67.637
66.242
64.153
60.665
59.539
58.15
57.783
58.024
58.802
58.765
58.823
58.775
58.573
58.383
58.526
58.483
58.577
58.663
58.633
58.602
58.674
58.913
58.843
58.961
58.713
58.558
58.178
58.573
43.674
43.867
43.798
43.891
44.085
44.508
44.44
44.434
44.283
44.165
44.121
44.195
44.328
44.449
44.128
44.444
44.256
44.068
44.364
44.54
44.379
44.217
44.318
43.935
58.145
58.743
59.361
58.684
58.008
58.198
58.388
58.554
59.019
58.962
58.648
71.087
71.052
71.008
71.022
58.71
58.875
59.063
71.068
71.047
71.028
71.061
71.026
71.045
71.065
71.019
71.057
71.021
71.077
71.014
71.034
71.045
71.049
71.012
70.865
56.496
54.288
52.618
54.063
53.872
53.869
54.222
54.48
54.235
54.064
54.22
54.274
54.16
54.045
61.196
61.198
61.181
61.306
51.776
51.896
53.471
53.701
54.513
54.437
53.985
54.07
61.126
66.163
66.046
66.132
66.087
66.093
66.071
66.091
51.341
52.78
66
66.127
66.068
66.126
66.141
66.163
66.131
66.106
66.158
66.125
66.112
66.104
66.146
66.086
55.686
55.755
54.662
54.947
54.615
54.283
54.396
54.631
54.73
55.185
56.318
57.396
58.307
59.867
60.794
61.649
61.423
61.154
61.268
48.622
48.592
49.426
49.083
48.758
49.086
49.031
62.99
62.759
62.878
62.913
62.597
62.748
62.4
62.836
62.677
63.039
62.81
61.93
48.206
49.275
49.344
48.734
49.114
49.015
64.705
64.733
64.135
64.032
64.031
64.109
83.238
83.173
83.223
83.181
83.217
83.188
83.219
83.233
63.534
62.361
62.677
62.892
62.693
62.8
62.787
62.843
62.986
63.021
62.779
63.279
83.084
83.105
73.207
63.31
59.296
59.175
64.262
64.072
64.001
61.651
62.678
63.704
63.769
63.715
63.729
63.871
63.767
59.173
59.397
61.762
64.127
64.207
64.243
64.107
64.281
64.275
64.326
64.5
64.88
65.781
65.801
65.719
65.858
65.491
65.592
65.341
65.501
65.21
65.229
66.692
68.155
68.051
68.145
68.072
68.123
68.092
68.063
68.108
68.051
68.116
61.823
61.632
61.761
61.964
62.016
61.69
61.633
61.798
61.872
61.88
61.954
62.698
62.852
63.48
63.649
63.654
63.35
63.24
63.385
63.162
62.95
63.404
63.506
63.367
62.507
50.109
51.535
50.695
51.241
50.784
51.186
51.001
50.751
51.074
51.034
51.612
65.815
65.795
65.701
65.691
65.669
65.706
65.777
65.834
65.756
65.852
65.82
65.767
65.767
65.775
65.535
82.304
83.011
83.047
83.069
83.102
83.135
50.764
51.209
58.472
65.736
65.665
63.421
63.7
64.354
66.287
66.396
66.322
66.293
66.264
66.273
66.331
66.592
67.033
67.544
68.122
68.33
68.233
68.046
67.96
67.957
67.917
67.869
67.951
68.018
68.063
67.999
68.05
68.031
68.018
68.099
68.055
67.64
66.985
65.624
65.238
64.942
65.387
65.718
65.785
65.757
65.76
65.764
65.855
65.962
65.938
59.142
59.088
59.069
