61.249
61.648
60.753
61.113
61.85
55.926
56.135
55.537
55.55
55.266
54.854
54.544
54.968
55.319
55.155
54.741
54.596
54.355
78.96
79.022
78.993
79.001
79.001
79.01
78.992
57.426
57.868
57.852
57.701
57.553
57.356
57.39
57.417
57.481
57.045
58.267
56.775
56.953
57.131
57.335
57.539
82.046
82.027
81.995
82
82.008
82.003
43.379
44.214
44.112
43.687
57.088
57.156
56.864
56.276
56.299
56.332
56.053
56.411
56.421
56.744
56.332
56.082
56.301
56.254
56.218
55.858
55.484
56.566
56.035
56.461
56.169
56.372
56.165
56.332
57.073
51.566
51.139
51.101
51.076
51.086
51.162
51.14
50.85
50.963
50.936
50.927
50.899
50.895
50.89
51.015
51.14
53.254
55.367
56.515
70.037
70.013
69.998
69.983
69.968
69.939
69.91
69.881
69.852
56.476
56.254
56.51
56.339
56.164
56.455
56.499
56.543
56.642
56.741
56.828
56.915
56.962
57.01
57.111
57.211
57.252
57.292
57.304
57.316
57.31
57.305
57.331
57.357
82.002
81.949
81.957
81.963
81.987
82.008
82.05
82.014
81.994
81.997
59.717
59.712
59.46
59.711
59.38
58.983
57.581
56.77
83.956
83.975
84.02
84.001
84.015
60.084
60.309
60.196
60.162
59.635
59.712
59.641
46.483
45.436
46.049
46.077
46.053
46.116
45.778
46.073
46.379
45.62
45.804
60.916
61.204
61.091
61.014
60.941
61.061
61.137
45.83
46.169
45.952
61.243
61.289
61.316
45.948
46.264
45.901
45.956
46.061
45.885
46.313
45.646
44.978
46.537
46.064
60.244
60.288
60.121
60.252
60.151
58.638
83.999
84.004
83.984
84.003
76.034
68.064
61.425
61.434
61.257
61.119
61.003
61.169
60.999
61.012
61.026
60.855
60.879
60.894
61.107
60.944
61.043
60.956
60.767
60.99
61.267
61.425
61.92
62.035
62.244
62.716
62.91
62.843
62.686
62.567
62.608
62.712
62.789
62.798
62.831
62.902
63.041
63.081
63.163
63.125
50.83
50.823
50.939
51.183
50.776
50.806
51.01
51.079
50.948
51.154
54.503
55.157
55.282
55.349
55.355
55.114
54.871
54.68
54.656
54.808
54.877
54.846
55.185
55.235
55.186
55.434
55.61
78.998
78.987
79
79.003
79.011
79.005
79.001
78.992
78.983
79.017
57.005
56.857
56.67
56.554
56.445
56.907
56.801
56.807
56.813
57.041
57.269
57.43
57.592
57.82
58.047
58.319
44.141
44.439
43.844
44.179
43.794
44.008
43.788
44.267
82.008
82.005
81.974
81.997
81.996
82.001
82.001
56.311
56.469
56.107
55.999
56.356
56.493
55.939
55.893
55.949
56.198
56.251
56.021
56.146
56.221
55.971
55.477
55.321
55.612
56.087
56.278
56.226
56.203
56.247
56.111
56.011
55.948
55.995
56.079
55.898
55.639
43.915
43.938
43.84
44.019
44.199
44.071
44.014
44.175
43.686
43.43
74.826
75.043
75.002
75.015
75.1
75.068
42.974
43.84
44.225
43.433
42.682
41.932
44.694
43.129
43.402
43.263
44.341
43.881
44.388
43.942
44.116
43.891
43.463
43.947
43.785
44.36
43.73
44.024
43.832
43.911
43.753
44.035
43.757
44.091
43.697
44.08
43.851
43.926
43.731
43.985
43.931
43.834
69.905
69.959
81.983
82.02
82.022
82.011
