72.032
72.013
72.022
71.958
71.992
71.891
71.99
67.56
67.307
53.05
53.035
53.001
67.208
67.175
67.159
67.084
66.674
66.857
67.035
67.213
67.088
66.932
59.959
59.839
59.494
59.792
60.024
60.067
60.076
60.207
60.285
60.079
60.007
59.976
60.077
60.608
61.044
67.014
67.609
65.589
64.904
64.948
65.108
65.174
65.099
65.062
61.929
62.047
62.181
61.929
62.004
62.802
62.943
63.114
64.23
65.574
64.305
63.21
63.975
63.167
61.899
60.08
58.455
59.225
59.536
65.879
64.854
64.954
67.408
69.28
69.049
69.066
69.083
69.088
69.074
69.131
60.014
60.033
60.017
59.935
59.933
59.993
59.928
59.866
59.928
59.937
59.901
59.73
59.764
59.965
59.937
59.538
59.379
59.551
71.977
71.965
71.993
71.99
71.971
71.98
72.005
72.028
71.987
71.991
71.993
71.965
72.004
71.99
71.987
72.008
72.026
71.995
72.008
71.983
71.971
71.995
71.989
71.992
72.001
72.006
71.978
71.996
71.981
71.976
71.988
72.021
71.938
60.061
59.826
59.988
59.959
59.932
59.944
59.965
60.006
59.937
59.925
60.016
59.923
64.306
64.478
64.417
64.172
64.034
63.973
64.041
63.941
63.928
64.107
64.15
63.539
59.858
59.76
60.161
60.365
64.222
63.82
63.869
63.841
63.672
63.829
63.911
63.862
63.861
63.665
61.615
59.769
60.039
59.932
60.035
60.456
61.268
71.962
71.861
71.905
71.949
61.221
62.065
61.32
62.005
60.079
71.981
71.997
71.94
64.069
64.364
64.354
64.177
64.001
63.981
63.969
64.021
64.055
64.185
64.212
64.084
63.96
63.976
64.035
63.922
63.145
73.967
74.028
73.989
74.018
73.968
74.014
75.958
76.031
76.009
64.346
64.682
64.754
64.872
64.958
64.976
64.918
65.354
65.85
66.547
66.98
67.114
67.022
67.034
66.959
66.932
66.826
66.908
67.03
66.903
66.876
66.805
66.331
65.412
72.06
72.024
71.936
72.011
71.903
71.935
71.981
61.459
61.452
61.199
61.062
60.876
60.871
60.94
61.063
61.173
61.333
61.379
61.585
61.645
61.783
61.668
61.807
61.845
61.88
61.842
61.883
61.67
61.948
61.994
62.039
62.018
61.961
61.929
61.842
61.751
61.719
62.41
62.275
61.895
61.975
62.013
70.242
70.148
70.032
70.005
70.055
69.998
70.062
70.019
61.798
61.741
61.722
61.655
61.658
61.744
61.966
65.263
64.963
65.045
65.342
65.174
62.066
61.891
69.848
70.162
69.986
70.032
70.033
61.328
61.551
61.676
61.744
61.789
61.761
61.656
61.434
61.541
61.744
61.743
61.735
61.724
61.667
61.517
61.451
61.52
61.515
61.601
61.593
61.533
61.507
61.648
61.712
61.582
61.608
62.02
62.545
69.993
69.985
69.982
69.998
69.992
70.008
70.013
69.986
70.009
69.996
76.996
77.005
76.996
69.952
