71.025
71.079
71.11
71.124
71.031
70.974
70.9
61.719
52.538
52.5
53.088
71.201
71.085
71.063
70.959
70.87
70.913
70.957
70.878
52.588
52.446
52.298
52.15
52.617
52.058
52.326
52.593
52.296
51.868
52.316
52.443
51.193
52.3
52.427
52.117
61.118
61.208
61.181
61.281
61.247
61.129
60.997
60.534
61.106
61.807
62.508
63.332
63.755
63.855
63.966
64.04
64.01
63.972
64.056
64.13
64.19
64.219
64.195
64.214
64.388
56.997
56.928
57.07
57.014
56.985
57.208
56.731
57.095
56.723
56.949
57.175
56.696
65.229
65.199
65.314
65.23
65.316
65.384
65.703
66.13
66.584
66.927
67.08
66.954
66.792
66.693
66.635
66.399
66.334
66.397
66.407
66.51
66.476
66.336
66.472
66.473
66.3
66.389
66.397
66.398
57.117
57.107
56.773
56.849
56.805
57.015
56.464
57.056
57.289
56.793
57.814
58.623
58.747
58.724
58.231
58.727
57.731
57.265
57.319
55.696
57.753
58.083
58.692
58.332
58.637
59.765
58.475
57.155
57.58
56.866
57.544
56.999
52.386
47.773
47.837
50.155
48.84
62.243
61.992
62.217
59.715
61.196
62.611
61.281
61.691
60.23
60.895
59.855
61.564
61.852
62.147
62.055
62.018
61.842
61.717
61.488
61.588
61.741
61.833
61.789
61.884
61.9
61.993
62.01
61.994
61.945
61.952
61.906
61.875
61.915
61.907
62.015
61.999
61.893
61.824
61.899
62.015
61.963
61.73
61.642
61.81
61.911
61.983
62.036
62.089
65.961
65.981
65.748
65.793
65.858
65.905
65.959
66.008
65.998
65.83
62.016
61.972
65.831
65.934
65.911
65.963
66.014
66.015
65.931
65.858
65.877
65.773
65.925
65.915
65.968
66.013
66.027
65.932
65.876
65.843
65.836
65.89
65.943
65.976
66.015
66
65.987
65.933
65.854
65.818
65.886
65.886
65.906
65.927
61.298
61.229
61.041
60.998
61.204
60.99
61.045
61.193
61.087
60.91
61.197
61.03
61.014
61.119
61.136
69.115
69.03
69.062
69.027
69.008
69.011
69.013
69.079
69.106
69.083
69.059
61.351
61.06
61.147
61.233
61.043
61.161
61.278
61.148
61.209
61.27
48.637
49.901
49.118
49.339
49.8
50.541
50.589
50.638
52.212
53.893
55.575
48.047
49.62
51.192
52.913
54.634
53.957
53.28
48.806
49.26
49.312
48.454
48.482
49.13
49.778
49.053
47.632
46.21
47.732
47.847
47.963
48.711
51.002
50.024
49.615
49.206
49.363
49.52
45.445
47.268
48.247
49.678
43.869
45.838
47.468
48.627
45.107
43.491
43.446
45.301
47.156
47.103
47.051
47.961
47.443
47.407
50.954
60.359
60.2
60.044
60.003
60.038
60.035
60.095
60.04
60.123
60.041
60.056
60.02
60.068
60.067
60.06
60.04
60.064
60.016
60.062
60.034
60.111
60.055
69.973
70.078
70.019
70.079
70.063
70.073
70.058
70.085
70.026
70.127
45.804
45.128
70.041
70.04
58.629
63.863
54.844
52.314
49.784
45.506
45.557
45.522
51.117
76.789
77.101
74.067
74.055
74.05
74.069
74.067
74.087
74.071
74.058
74.077
74.061
74.071
74.089
74.057
74.067
74.092
74.072
74.044
47.871
45.028
46.354
47.679
47.137
46.246
45.022
43.797
43.593
44.835
46.764
46.196
45.866
45.814
45.762
45.307
44.852
45.5
45.258
46.517
