62.094
61.66
58.681
58.376
58.934
58.729
57.832
69.078
69.049
57.617
57.875
58.207
59.839
60.537
61.452
61.813
61.975
62.045
61.922
61.877
61.89
61.95
61.951
61.954
69.076
69.11
74.087
74.048
74.065
74.056
74.108
74.018
74.091
69.399
64.706
64.548
64.523
64.403
64.38
64.413
64.195
64.248
64.309
64.321
64.614
65.287
66.086
66.574
66.87
66.736
66.557
66.472
66.417
66.355
66.389
66.28
66.259
66.33
66.258
66.372
66.172
65.97
65.968
65.825
65.834
66.319
67.454
68.536
68.946
69.014
68.966
68.918
68.841
68.821
68.741
68.617
68.613
68.583
68.777
68.815
68.768
68.832
61.654
61.611
68.528
68.399
68.367
68.334
68.132
68.187
68.314
68.381
68.448
68.289
68.147
67.937
68.444
68.463
68.482
68.487
68.51
68.608
67.605
65.595
65.548
65.588
65.946
66.082
65.87
65.417
61.771
61.872
62.072
61.965
62.267
64.431
64.128
63.927
64.18
65.004
64.558
62.138
61.93
63.899
65.868
66.048
66.258
66.429
66.422
66.033
65.093
78.401
78.357
62.23
63.812
65.393
63.823
63.899
63.683
64.123
64.631
63.6
66.027
65.991
65.942
66.22
66.164
66.17
67.397
66.632
66.735
66.562
66.274
66.183
65.945
66.146
66.216
66.143
66.14
62.088
61.937
62.086
62.036
62.005
62.104
62.067
62.105
62.12
62.158
62.029
62.2
62.027
62.179
62.05
62.134
62.191
62.19
62.213
62.072
62.091
62.121
62.239
62.357
59.852
60.962
59.845
58.787
57.223
57.82
58.227
66.045
66.03
66.155
65.994
66.012
64.766
66.232
66.522
66.811
66.992
66.925
67.092
67.535
67.798
68.286
68.534
68.647
68.796
68.854
68.867
68.861
68.845
68.893
68.863
68.306
62.01
61.991
66.392
66.527
66.492
66.662
66.863
66.909
66.585
62.706
58.826
58.977
58.743
58.617
58.492
58.998
65.65
65.806
65.721
65.375
65.309
65.431
65.425
65.631
65.882
66.195
66.345
66.432
66.246
66.226
66.153
66.03
61.22
56.41
56.839
57.268
56.477
64.593
64.214
64.292
64.441
64.229
56.795
57.072
57.112
56.876
57.434
57.206
56.555
62.308
62.259
62.518
62.777
62.746
62.714
62.175
62.245
56.738
56.743
56.961
57.141
57.149
62.553
62.123
62.482
62.268
61.933
62.151
62.218
62.285
57.1
57.097
56.981
57.094
56.909
56.848
56.16
55.65
55.139
54.424
55.616
54.643
55.271
54.796
55.3
54.875
55.316
54.859
55.229
