78.966
50.43
50.566
51.245
51.121
50.998
50.614
50.761
50.652
50.887
50.774
50.979
50.681
50.976
50.787
51.065
51.398
49.619
54.65
55.663
56.081
51.111
51.038
51.039
50.623
56.244
56.159
56.074
55.99
55.906
55.896
56.13
68.494
68.129
67.869
68.041
67.916
68.207
67.625
59.793
59.795
59.887
59.879
59.811
59.898
59.985
56.293
61.931
67.569
67.64
67.658
67.677
67.635
67.592
51.434
52.081
52.034
51.877
51.902
52.29
58.546
64.802
64.966
53.295
52.86
53.015
52.781
52.652
64.948
64.913
65.071
64.96
65.023
65.105
65.049
64.691
62.07
61.983
61.977
62.05
61.993
62.09
62.058
61.949
62.021
61.957
61.987
62.01
62.038
61.908
61.962
62.335
62.167
61.999
70.033
70.024
69.987
70.037
69.986
70.013
69.951
69.982
69.968
69.919
64.98
65.004
64.972
64.893
61.308
67.613
66.292
64.971
64.964
64.972
65.05
64.855
64.972
64.996
65.064
65.088
64.98
65.198
64.737
62.367
62.379
62.392
62.561
62.682
62.45
62.451
62.445
62.276
62.568
63.079
63.125
63.543
63.977
63.75
63.797
51.705
50.651
53.481
64.223
64.123
63.97
63.944
64.104
62.084
60.591
55.286
54.359
60.841
67.324
67.23
64.347
64.381
64.158
64.085
64.072
66.937
67.012
67.051
67.048
67.046
66.986
61.247
62.33
61.941
61.446
61.86
61.614
62.266
61.432
61.607
61.702
61.686
61.863
62.538
63.377
63.891
64.152
64.05
63.928
64.014
64.076
64.108
64.055
63.997
64
64.016
64.036
64.199
64.232
64.21
64.197
64.217
64.147
64.034
63.159
63.639
63.582
63.57
63.588
64.017
64.196
64.2
64.276
64.394
64.513
64.782
65.273
65.529
65.507
66.441
66.569
66.71
66.884
66.983
66.901
66.858
66.918
67.022
66.959
66.654
66.326
66.529
66.47
65.843
64.65
63.468
52.147
52.007
51.668
51.746
51.825
60.765
61.058
60.934
60.809
60.84
52.468
52.014
53.832
54.166
54.5
54.472
54.547
54.622
54.824
54.9
54.552
54.553
54.554
54.202
53.85
62.073
61.985
61.852
62.177
61.938
61.955
61.988
61.914
61.891
61.912
61.801
61.782
62.823
61.846
61.936
61.998
62.06
61.727
61.884
62.041
61.961
61.925
62.207
62.49
62.412
62.173
61.901
61.964
62.055
62.168
62.305
62.52
62.772
62.723
62.468
62.237
61.822
61.563
61.847
61.83
61.509
61.43
61.315
61.415
61.45
61.533
61.654
61.679
61.716
61.709
61.697
61.576
61.46
61.634
61.713
61.842
61.808
61.807
61.826
61.751
61.6
61.397
61.316
61.504
61.611
61.727
61.698
61.462
66.946
66.957
66.926
66.896
53.185
52.856
66.94
66.882
66.937
66.992
54.368
54.618
55.542
54.42
54.962
