64.01
64.047
64.111
59.404
58.858
58.535
58.142
57.7
57.789
57.754
57.756
58.177
58.597
58.537
58.384
58.159
57.74
57.205
56.641
56.253
56.27
56.652
57.099
57.211
56.989
56.765
64.101
63.991
64.011
64.031
76.045
76.028
75.993
76.037
58.354
57.974
57.73
57.723
57.729
57.623
57.339
57.217
57.004
57.076
70.992
70.992
71.02
71.039
70.959
70.971
70.955
57.599
57.629
71.012
76.016
76.009
76.006
76.033
76.013
75.931
76.075
76.035
76.027
76.008
75.983
76.04
76.047
75.979
76.028
76.073
76.029
76.006
75.991
76.048
75.992
76.195
73.63
71.065
70.939
71.145
71.182
59.496
59.568
59.577
59.587
59.884
59.868
63.87
64.003
64.114
64.03
64.045
74.905
74.939
74.972
75.259
59.929
59.494
59.647
59.472
59.272
59.259
59.36
59.479
59.596
59.665
59.719
59.773
59.624
71.269
70.858
71.103
71.118
59.451
59.533
59.632
59.732
59.75
59.528
59.399
59.167
59.293
75.95
76.018
76.054
83.438
83.092
83.053
83.034
83.014
82.995
83.018
83.042
82.975
83.029
82.971
83.042
64.045
64.09
64.034
64.046
71.109
70.998
71.076
70.985
70.894
70.924
70.954
71.001
67.539
64.077
64.025
64.003
64.089
64.058
64.08
63.99
64.001
64.095
63.97
64.026
64.054
57.291
57.19
57.02
56.943
57.04
56.88
56.637
56.487
56.476
56.426
56.282
56.468
70.81
71.023
70.998
71.033
71.003
71.003
71.035
70.99
71.04
71.015
71.022
71.047
70.956
75.996
76.041
76.025
64.052
63.955
63.993
64.031
64.053
64.041
64.024
64.03
64.022
63.97
64.101
63.962
64.095
63.987
64.04
63.999
70.91
71.031
71.03
70.968
59.904
59.398
59.141
58.814
58.913
59.036
59.091
59.702
59.946
70.935
76.016
76.025
63.921
63.859
64.092
62.123
60.153
60.076
59.786
59.67
59.676
59.795
59.891
59.998
59.872
59.932
59.861
59.79
59.809
71.129
71.019
70.953
71.087
70.888
71.116
71.025
71.065
71.105
59.634
59.799
59.738
59.817
59.747
59.663
59.676
59.559
59.492
59.426
59.435
59.699
59.686
59.754
59.615
59.536
59.348
59.275
59.045
58.84
59.504
59.577
59.599
59.498
70.896
71.05
70.956
71.021
70.991
70.989
71.015
70.988
71.019
71.05
61.529
60.855
60.189
59.8
59.441
59.156
59.008
58.956
59.072
59.352
59.479
59.548
59.499
59.465
59.454
59.44
59.471
59.452
59.47
59.455
59.562
59.621
59.79
59.698
59.733
59.769
59.543
71.028
70.988
71.035
76.034
76.029
76.006
76.056
76.106
63.13
63.383
63.706
63.692
63.795
63.948
64.357
64.901
65.019
65.358
65.485
65.734
65.325
65.347
64.891
65.263
64.984
65.048
64.582
63.946
70.622
71.039
70.996
71.022
71.006
71.03
71.001
71.051
71.025
64.118
64.064
64.102
64.067
