57.928
57.761
57.84
57.96
57.957
57.85
57.882
57.884
57.904
58.071
58.236
58.41
58.255
58.215
57.9
51.873
45.846
43.743
43.955
44.51
45.066
47.772
46.934
45.848
45.859
45.869
47.16
47.789
46.124
47.299
47.273
59.657
57.968
57.806
57.736
58.399
61.599
60.567
61.297
61.086
61.004
61.338
60.825
61.229
61.153
61.553
60.671
60.767
60.531
60.623
60.255
59.886
60.624
60.539
59.167
60.39
61.219
61.209
60.993
61.337
61.261
58.841
58.65
58.658
58.504
58.751
59.038
58.751
59.462
60.135
60.191
60.246
60.275
60.41
60.544
60.689
60.833
60.731
61.309
61.887
62.212
62.204
61.941
61.897
61.846
61.733
61.685
61.734
62.018
62.302
62.428
63.085
63.498
63.574
63.33
63.094
62.949
62.704
63.098
62.871
62.992
63.177
62.643
63.194
60.371
60.594
61.71
60.148
60.134
58.576
60.109
58.768
59.064
59.837
58.657
59.568
59.685
58.617
59.71
66.083
66.073
66.055
66.036
58.33
58.678
58.652
60.187
59.898
66.129
66.092
66.056
66.078
66.013
66.025
66.03
66.035
60.851
61.007
61.164
60.804
60.822
61.063
60.689
59.991
60.77
60.871
60.291
60.53
61.112
60.698
58.459
58.075
58.482
58.465
58.206
53.337
53.562
53.763
53.981
54.459
54.215
54.009
54.052
54.149
58.958
58.873
58.96
54.15
53.824
58.809
58.687
58.8
59.615
61.724
59.898
58.7
57.893
61.174
60.671
60.567
60.83
61.215
61.361
61.283
61.493
61.702
61.928
61.727
61.653
61.795
61.955
61.841
62.893
62.819
63.234
63.481
62.936
61.913
60.873
61.402
61.293
60.879
60.7
60.922
61.109
61.177
61.198
60.941
60.912
60.859
61.056
61.216
61.207
61.076
60.733
60.811
61.013
61.222
61.233
61.003
60.772
60.47
60.996
63.609
66.222
66.053
66.047
66.151
66.031
66.012
66.084
66.033
60.369
60.594
66.049
66.091
60.711
56.317
55.768
55.274
54.971
60.971
61.151
61.036
61.088
61.123
61.082
61.026
60.993
61.192
55.671
55.455
55.551
55.604
55.716
55.314
55.11
61.081
61.107
61.003
60.986
61.029
57.809
59.218
60.628
61.341
61.754
61.644
61.535
61.612
61.821
51.95
51.843
51.891
51.965
51.988
63.666
63.423
63.03
63.11
63.188
62.972
63.162
63.473
63.354
63.311
63.144
62.21
60.569
59.298
58.677
58.929
60.164
61.081
61.412
61.034
61.086
61.205
60.756
60.856
60.687
61.12
60.364
64.102
64.19
64.149
64.109
64.17
63.167
61.404
61.125
61.22
60.993
61.113
61.041
60.969
61.174
65.903
65.691
66.12
66.31
66.323
65.684
65.056
64.363
63.953
58.279
58.812
58.7
58.744
59.089
59.112
59.095
59.086
59.111
59.173
59.23
59.164
59.213
59.27
59.522
59.592
59.465
59.113
59.248
59.982
60.711
61.57
62.196
62.289
62.247
61.576
61.161
61.303
61.549
61.576
61.416
61.374
61.607
61.671
61.657
61.653
61.489
66.126
65.587
65.848
66.229
66.193
65.811
65.528
66.141
56.48
56.524
56.204
55.845
55.467
55.249
55.208
55.444
55.922
56.273
56.398
56.55
57.012
56.957
57.115
57.06
56.97
57.015
56.597
56.818
55.45
56.053
56.657
56.504
56.662
56.717
56.619
56.699
56.848
56.933
57.05
57.023
56.863
56.701
56.802
57.17
55.511
56.747
57.06
56.305
57.126
56.985
56.994
57.177
56.558
56.963
56.565
56.562
57.143
56.576
57.68
64.207
64.174
64.145
64.106
64.141
64.118
64.17
64.171
64.129
64.133
64.162
64.212
64.16
64.309
66.136
67.962
68.123
68.079
68.014
68.103
67.993
68.106
68.073
68.096
68.076
68.037
68.072
68.106
67.979
64.068
64.858
66.112
66.232
66.053
65.652
65.954
66.265
