59.507
60.368
59.608
60.061
60.52
59.822
58.684
59.96
60.138
60
60.151
59.758
59.834
59.736
60.082
56.533
56.85
57.561
56.662
61.203
65.744
65.004
65.014
65.001
60.108
59.813
64.984
65.032
65.031
65.028
60.529
59.603
60.101
60.135
59.864
59.885
60.607
51.339
52.377
51.647
51.907
52.508
61.572
64.406
63.149
63.254
64.497
62.159
61.954
62.295
61.586
59.624
60.915
59.686
60.334
61
59.448
60.635
60.727
62.429
61.019
62.038
62.023
61.485
62.211
63.467
63.795
64.122
61.442
61.488
63.343
65.14
66.937
67.037
60.974
62.639
62.383
62.412
61.546
61.84
60.908
62.209
62.101
60.94
60.045
60.191
60.362
60.533
60.627
60.755
60.883
61.549
60.998
60.232
59.461
59.524
59.719
59.789
59.86
59.621
59.566
59.916
60.257
60.378
60.464
60.434
60.424
60.528
60.431
60.334
60.162
60.152
61.242
60.395
60.297
60.431
60.493
60.556
60.515
60.431
60.387
60.493
60.599
60.379
60.358
60.433
60.626
60.82
60.579
60.817
61.054
60.738
60.535
60.555
52.878
52.79
60.527
60.263
60.119
60.127
60.233
60.267
64.898
62.568
60.239
60.218
60.146
68.985
68.981
68.98
60.208
60.104
60.065
53.056
52.963
52.946
52.835
60.229
71.798
71.959
71.932
71.964
71.957
72.012
72.026
71.999
72.073
52.923
52.995
53.102
53.179
53.066
52.972
52.998
52.941
52.885
52.926
52.992
52.991
52.964
53.098
53.066
53.093
53.125
52.946
52.768
52.958
54.184
52.926
52.907
52.882
52.713
52.733
52.744
52.886
53.023
53.303
53.409
53.605
53.123
52.798
52.689
52.733
53.073
53.287
53.469
53.434
53.153
52.999
52.784
52.855
53.03
53.117
52.78
52.919
52.813
53.682
53.759
53.207
53.044
53.049
52.672
53.326
52.277
54.06
67.023
66.965
67.004
67.044
66.931
66.819
53.363
54.56
59.935
59.798
60.133
60.115
60.042
59.98
59.7
67.21
67.19
67.121
66.991
60.14
59.924
59.645
59.939
52.929
53.357
53.393
53.266
53.049
53.022
64.926
64.982
64.968
64.954
52.996
53.053
53.03
53.043
53.146
52.925
53.21
53.104
52.681
53.054
52.83
64.431
64.665
64.652
64.308
64.189
64.218
64.425
64.694
64.714
64.834
64.925
64.948
64.969
65.121
65.061
64.905
64.901
64.946
64.947
65.073
65.242
65.186
65.047
64.8
64.44
63.889
63.633
63.469
63.774
63.954
64.092
64.13
64.066
63.847
63.832
63.8
63.674
63.643
63.806
63.851
63.653
63.802
63.766
63.927
64.08
64.144
63.821
58.587
58.08
57.763
58.301
57.525
58.359
57.674
58.22
57.952
57.897
58.304
57.282
57.518
58.849
59.688
59.691
59.808
59.747
60.124
59.793
60.185
60.04
60.019
59.477
60.122
60.433
60.368
60.388
60.298
59.999
59.341
59.243
58.59
57.833
56.217
55.502
56.193
55.944
62.147
61.922
61.977
62.001
61.976
61.952
62
61.894
61.956
61.931
61.992
61.916
61.989
62.079
61.976
64.125
63.639
64.168
64.178
63.545
63.92
64.293
63.672
63.869
64.065
64.214
63.626
63.769
58.838
59.652
59.506
59.354
59.572
59.929
59.901
60.144
60.211
60.062
60.575
60.101
60.549
60.359
60.767
60.365
60.55
60.103
60.331
60.216
60.465
60.379
60.206
60.401
59.955
60.207
60.015
60.259
60.444
60.411
60.481
60.341
60.503
57.926
59.294
60.219
60.732
60.375
60.385
59.835
59.981
60.217
60.441
60.549
60.231
60.508
60.31
60.452
60.146
60.423
60.48
60.794
60.355
60.382
59.848
60.065
60.121
60.218
60.575
60.166
60.489
60.223
60.746
60.066
60.245
59.93
59.963
59.988
83.986
84.044
60.058
59.76
59.894
60.041
59.92
83.974
83.974
55.205
55.023
54.976
54.99
54.926
54.913
54.875
55.009
54.983
54.976
54.931
54.904
54.937
54.878
55.062
54.875
54.989
55.072
62.157
62.105
67.014
67.057
74.973
82.888
82.941
82.977
83.05
82.904
83.031
75.171
67.312
67.316
66.823
67.075
67.01
66.997
67.027
67.055
67.052
83.07
83.106
67.041
66.997
66.952
66.789
69.375
68.944
