54.884
55.056
54.333
55.755
54.316
54.687
55.032
54.228
55.828
54.021
53.915
53.808
53.511
53.666
53.821
53.725
53.629
59.42
60.766
60.421
60.554
60.304
60.399
60.711
60.654
61.158
61.576
61.915
62.148
62.101
61.911
62.02
62.075
61.931
61.797
61.693
61.683
61.705
61.794
61.912
61.767
61.69
61.74
61.749
61.886
61.852
61.887
61.818
61.883
61.928
61.796
61.838
61.78
61.652
64.838
65.052
64.985
65.063
65.086
64.987
65.005
64.96
65.044
65.112
62.078
62.032
61.901
61.868
61.72
61.692
61.783
61.946
62.188
62.27
62.422
62.744
62.804
62.348
61.969
62.001
62.007
61.911
61.631
61.453
61.242
61.192
61.37
61.416
61.28
61.476
61.88
62.168
62.467
62.318
62.074
61.709
61.435
61.591
61.747
61.776
61.957
62.086
62.101
61.942
61.752
61.605
61.512
61.503
61.552
70.02
70.092
70.019
70.133
69.996
70.017
70.023
69.943
70.149
70.076
70.004
70.022
70.009
69.983
69.936
70
69.944
69.961
69.927
69.901
57.945
58.095
69.951
70.117
69.998
70.04
70.014
69.943
70.069
69.856
58.097
59.333
52.04
52.796
52.736
53.119
52.79
59.932
60.033
60.204
60.482
60.607
60.335
60.102
60.077
60.162
60.106
59.957
59.574
59.646
59.97
59.977
59.872
59.806
59.751
59.956
60.105
60.114
59.884
59.695
59.909
60.057
60.204
60.244
60.294
60.516
60.633
60.457
59.613
59.323
59.601
59.487
59.913
61.682
62.068
62.719
62.844
63.154
63.183
63.763
64.225
64.544
56.907
57.816
60.642
59.796
59.751
59.797
59.881
59.972
60.04
60.202
60.129
60.183
60.032
60.077
59.903
60.19
60.36
60.43
60.448
60.291
60.217
60.263
60.211
60.142
59.864
59.997
60.017
60.104
60.18
60.219
60.137
60.221
59.96
59.354
69.041
68.952
68.954
69.06
69.001
69.003
68.811
68.806
64.99
65.022
65.076
65.044
64.895
64.877
65.035
64.968
65.11
53.074
53.126
52.776
52.961
52.807
71.973
71.89
71.922
72.002
65.94
59.878
59.89
59.884
60.015
60.444
61.901
60.877
61.783
61.655
62.416
62.739
62.81
62.732
63.003
63.275
63.537
64.252
64.427
64.402
64.723
64.508
64.735
64.763
64.347
64.295
64.338
64.351
64.287
64.231
64.068
63.913
64.199
64.095
63.991
63.942
64.182
64.422
65.384
64.776
65.31
64.656
64.327
64.425
64.259
66.997
67.007
67.041
67.048
67.055
61.141
62.665
61.503
61.923
62.905
61.725
62.438
67.092
66.875
66.975
66.986
67.003
67.037
67.026
66.957
64.924
62.89
64.131
63.996
63.752
63.805
73.687
73.979
63.762
63.621
63.696
63.77
73.993
74.003
73.991
74
64.188
64.127
64.112
63.955
63.564
66.957
67.039
67.068
67.042
67.038
67.016
66.998
67.075
66.381
65.96
65.539
65.427
64.961
65.552
65.573
65.463
66.325
66.734
67.176
67.286
67.21
67.102
66.962
66.898
66.993
66.994
66.966
67.002
67.004
67.016
67.109
66.996
66.588
65.928
64.444
63.172
61.287
60.383
60.586
60.683
60.892
60.485
60.545
61.389
60.622
60.528
60.932
61.149
60.851
60.808
60.799
60.928
60.967
61.189
61.269
61.433
61.476
61.515
61.558
61.586
61.828
61.332
61.797
61.774
61.836
61.796
61.727
55.107
54.6
55.012
55.392
54.976
54.75
54.675
55.122
70.223
70.012
70.016
70.02
69.975
69.928
54.779
55.096
61.839
61.844
61.822
61.743
61.895
61.929
61.798
65.165
65.076
65.243
65.303
64.896
62.406
62.155
61.773
61.72
61.934
61.494
61.09
61.319
61.522
61.524
61.525
61.435
61.142
61.176
77.018
76.999
61.452
61.572
61.553
61.473
61.484
61.502
61.48
61.529
61.479
61.214
61.152
61.365
61.51
61.525
61.572
61.583
61.326
61.395
70.038
70.101
70.044
70.117
70.034
70.012
69.959
69.976
76.969
76.946
77.005
69.988
70.088
70.12
70.094
70.094
