69.995
69.964
69.921
69.881
54.179
55.511
54.665
54.365
55.328
56.056
54.719
54.592
55.185
55.637
54.961
57.677
69.882
70.013
61.095
58.037
56.947
57.054
61.983
61.554
61.132
69.117
69.057
69.068
69.079
61.362
62.064
62.565
62.345
62.126
66.007
64.973
56.899
57.003
57.146
57.023
56.755
56.825
56.874
57.124
56.93
56.737
61.503
61.869
61.764
61.658
57.086
56.873
56.803
56.896
56.981
56.828
56.956
57.088
57.264
59.109
60.954
61.256
61.232
61.626
61.327
61.811
61.973
62.603
62.817
63.118
63.075
62.727
62.216
61.666
61.549
61.413
61.777
61.814
61.787
61.632
61.475
61.364
61.384
61.329
61.234
61.415
61.585
61.665
61.702
61.747
61.801
61.878
61.737
61.551
61.493
61.332
61.082
60.616
59.847
59.077
59.965
59.615
60.135
60.169
60.297
60.816
60.203
60.148
60.362
60.029
59.88
60.753
61.267
61.034
61.468
61.411
61.395
61.508
60.988
61.459
60.864
61.055
61.261
60.788
60.068
58.386
58.636
58.587
58.538
58.598
58.659
70.071
70.074
70.012
70.008
56.703
58.588
59.886
59.142
59.048
59.756
59.783
59.982
60.001
60.469
60.052
59.842
59.906
59.881
59.959
59.837
59.773
60.172
60.034
62.182
61.597
62.095
61.976
61.998
60.239
60.482
59.487
59.48
61.005
62.143
61.528
61.026
59.351
60.353
60.607
59.571
60.964
60.334
60.063
60.807
60.544
60.281
60.211
59.624
60.291
60.079
59.694
60.065
59.862
59.891
60.15
59.96
59.962
60.135
60.014
59.906
60.04
60.013
59.871
60.177
60.086
59.788
60.41
60.108
63.422
63.451
63.743
64.032
64.043
63.852
63.854
63.096
59.874
60.247
59.693
60.401
60.184
59.869
67.657
67.681
67.779
67.611
67.593
67.688
67.583
67.551
67.591
67.511
67.534
67.66
67.685
67.517
67.309
67.628
67.714
67.525
67.538
67.673
67.649
67.006
65.94
65.988
64.872
64.376
64.315
65.205
65.545
65.726
65.894
66.063
65.794
66.462
65.219
66.755
66.856
66.88
67.246
67.421
67.415
67.407
67.398
67.284
67.249
67.438
67.532
67.626
67.34
67.306
67.378
67.721
67.542
67.362
67.262
67.271
67.455
67.343
67.23
67.227
67.236
67.206
67.161
67.186
67.253
67.291
67.323
67.332
67.3
67.285
67.383
67.408
67.428
67.445
67.364
67.255
67.155
67.317
67.174
67.255
79.268
79.212
67.23
67.177
67.176
67.162
67.123
67.083
67.13
67.201
67.212
67.223
67.218
67.234
79.16
79.21
67.232
67.179
67.121
67.161
67.164
79.225
79.241
79.281
79.26
76.524
73.788
73.925
79.07
79.111
73.963
73.976
79.158
79.16
79.223
79.309
79.222
79.165
79.205
79.022
73.882
76.332
78.782
78.863
78.844
78.787
78.864
78.914
78.873
78.885
78.872
78.785
78.547
49.959
49.91
49.951
64.183
64.135
64.251
64.335
69.877
69.929
70.05
70.018
70.057
69.984
69.964
69.897
73.52
71.682
69.845
69.896
69.948
65.31
55.936
55.271
64.926
64.827
65.034
65.341
64.941
64.752
64.927
64.938
64.948
61.89
61.877
61.866
62.016
62.016
62
61.979
61.868
61.912
61.846
62.022
56.836
56.805
56.972
56.645
56.757
56.987
57.088
57.089
56.996
56.873
56.965
56.973
57.003
56.909
57.008
56.972
57.114
56.926
59.418
61.91
62.044
61.968
61.979
62.021
61.98
61.938
68.938
68.968
69.072
69.105
68.997
69.065
68.724
65.172
64.949
64.901
64.979
64.972
65.068
65.028
65.178
65.088
64.998
65.017
64.891
64.261
63.632
63.495
63.477
63.052
69.124
68.89
69.065
69.115
68.992
69.064
69.137
64.58
64.854
64.835
64.827
68.924
68.992
68.957
69.016
69.075
69.109
69.074
69.03
69.061
69.013
69.031
69.013
68.995
64.388
64.251
64.113
56.96
56.974
56.848
57.049
56.899
56.906
56.954
57
56.92
56.904
56.971
57.006
57.012
57.021
60.548
59.179
58.351
56.52
56.423
58.015
57.185
56.476
58.106
57.782
56.878
57.195
57.207
56.604
57.222
56.525
56.974
58.568
53.319
53.58
53.508
52.847
52.826
52.636
52.744
52.792
53.471
57.331
58.093
59.853
60.166
59.941
59.602
59.006
59.868
59.866
59.882
59.809
59.87
59.913
59.969
59.98
60.042
60.232
60.364
61.187
60.739
60.526
60.533
60.81
60.438
60.067
60.009
60.107
60.087
60.172
60.261
60.406
60.593
60.525
60.458
60.226
59.984
59.979
60.245
60.205
60.199
60.3
60.461
60.445
60.404
60.338
60.082
59.864
59.834
60.148
60.405
60.437
60.387
60.225
60.269
60.311
60.25
60.271
60.712
68.95
71.848
71.905
71.889
71.942
68.926
68.911
68.902
68.902
68.903
68.968
69.049
69.065
69.051
69.085
69.063
67.019
64.976
64.924
