60.396
59.62
58.844
59.634
58.748
58.546
57.463
68.131
68.126
68.084
60.768
60.984
61.208
61.019
60.934
64.409
67.885
67.824
67.947
68.008
67.575
68.515
69.164
69.387
69.611
69.508
69.447
69.387
69.3
69.385
69.469
69.606
69.656
69.435
68.704
67.488
66.051
65.814
65.8
65.775
65.944
65.868
66.163
65.855
65.651
65.953
66.128
65.905
66.081
65.935
62.672
63.217
63.756
63.45
63.309
63.34
63.308
63.267
63.225
63.582
64.045
64.64
66.195
66.43
65.971
66.297
66.066
65.837
66.214
66.231
64.217
64.187
64.157
61.474
61.776
61.796
61.634
61.641
61.573
61.51
61.943
61.282
61.738
62.194
74.061
74.113
74.086
74.151
74
73.892
61.823
61.851
61.814
61.7
61.681
54.362
54.536
53.938
53.797
53.656
53.945
53.999
53.917
54.378
53.471
53.679
53.886
54.554
52.743
54.338
54
54.189
52.863
62.209
62.119
61.963
62.069
61.978
62.088
61.993
62.019
68.051
55.53
43.009
43.306
52.675
62.044
62.093
62.036
83.011
83.203
83.051
82.855
78.477
74.1
78.441
82.782
82.989
83.167
83.068
82.864
59.941
60.234
71.537
82.84
83.018
83.246
83.096
83.059
82.686
55.209
55.04
69.129
69.404
69.588
69.821
69.652
69.775
69.835
69.982
70.258
70.388
70.091
70.309
70.311
70.494
70.649
70.597
55.173
55.457
53.262
54.945
83.242
83.038
72.965
72.556
72.557
72.693
72.606
72.33
72.24
72.324
72.488
72.533
72.551
72.508
61.984
62.061
62.111
62.185
61.915
62.092
61.977
62.039
61.882
63.463
72.834
72.848
73.047
73.042
73.378
73.502
73.922
74.017
74.078
74.184
74.152
73.929
74.047
73.898
73.607
73.598
73.651
73.705
73.936
74.167
73.958
73.473
72.987
73.083
73.146
72.88
72.797
72.877
72.98
72.916
72.892
72.97
73.169
73.066
73.069
73.125
72.831
54.349
54.274
53.743
54.11
53.903
54.453
70.174
69.864
70.015
70.43
70.476
70.155
70.288
70.625
70.344
70.391
70.618
70.868
71.016
71.067
70.9
70.47
70.149
68.768
67.496
65.938
65.479
65.551
65.704
65.978
66.267
66.375
66.204
65.515
65.996
66.107
66.013
65.827
65.666
66.227
65.904
65.82
65.858
66.003
66.15
65.537
74.062
74.072
74.098
74.064
74.08
74.055
65.776
65.887
65.978
66.196
78.484
78.432
66.072
66.013
66.009
65.958
66.284
66.64
66.856
66.958
66.993
67.029
66.965
67.159
67.196
66.979
66.885
66.757
66.86
66.743
66.811
66.842
66.953
67.07
67.054
66.955
66.962
66.933
66.939
66.936
67.021
67.052
67.061
67.232
67.25
67.157
67.032
66.89
67.067
67.034
67.099
66.96
66.928
66.92
66.884
67.026
66.888
66.836
66.883
52.737
52.882
51.443
51.586
71.019
71.055
62.065
53.075
