75.348
73.924
75.495
73.923
74.326
62.366
62.203
62.193
61.976
61.964
62.099
62.072
62.074
62.04
62.066
62.059
62.139
62.011
62.072
62.057
62.02
62.075
62.096
62.074
62.047
62.035
62.078
62.024
84.159
84.127
84.087
84.123
84.126
84.142
62.097
62.059
62.068
62.055
62.073
61.987
62.407
60.641
58.875
60.501
62.127
62.096
62.065
73.994
75.019
52.533
53.456
51.67
50.025
52.598
52.561
52.524
52.016
51.509
52.287
52.137
51.988
54.522
57.056
56.808
63.984
64.115
64.071
64.026
64.011
64.048
64.107
64.189
60.006
60.239
60.028
59.751
59.279
58.898
58.869
58.781
58.311
58.012
58.806
59.901
60.133
60.323
60.158
60.348
60.457
60.498
60.491
60.487
60.565
60.776
60.736
60.48
60.412
60.484
60.979
60.192
61.265
61.105
62.624
63.297
63.837
65.349
65.148
65.177
65.325
65.391
65.306
65.356
65.274
65.259
65.056
65.083
65.265
65.209
65.171
65.468
65.627
60.113
62.725
65.337
64.92
64.989
60.095
61.837
62.405
62.501
62.22
62.123
62.221
62.519
62.974
63.414
63.828
63.851
64.164
64.029
64.03
64.074
64.094
64.214
64.273
63.874
63.101
61.446
60.273
59.364
59.284
59.649
60.04
60.278
60.313
60.447
60.505
60.554
60.419
60.355
60.221
60.075
60.229
60.508
60.531
60.024
60.604
59.962
59.944
59.999
60.007
60.184
60.695
61.205
61.217
60.768
60.546
60.559
60.953
61.17
61.403
61.977
62.1
62.196
62.041
61.808
61.945
62.086
62.227
62.119
62.42
61.39
62.025
60.104
69.089
69.059
68.97
69.013
69.056
58.599
57.064
57.051
57.335
56.823
56.113
57.807
55.45
63.759
72.067
72.001
72.014
58.963
60.566
60.634
60.5
60.339
60.312
60.226
60.178
60.15
60.206
60.206
60.251
60.449
60.402
62.761
65.12
65.041
64.989
65.001
65.025
65.018
65.022
64.972
65.013
65.031
64.677
68.992
69.184
68.977
69.166
69.019
69.075
69.048
69.01
69.044
69.049
57.839
57.248
56.314
56.135
56.752
57.269
57.999
58.309
58.461
57.922
57.874
57.25
61.195
65.14
64.754
65.966
67.178
66.305
65.433
63.115
60.798
61.031
61.018
61.09
61.125
61.239
61.288
61.201
61.11
61.043
60.956
60.798
60.861
60.527
67.73
68.25
68.769
50.041
49.844
50.144
48.699
65.096
65.551
65.416
65.539
65.201
65.234
65.041
65.17
65.193
65.569
65.498
65.468
49.992
49.986
49.941
50.11
48.83
50.511
52.193
57.428
62.663
62.738
62.749
62.594
62.563
62.839
63.201
63.682
64.121
64.356
64.39
64.337
64.3
64.17
64.16
64.168
64.103
64.197
64.273
64.424
64.573
64.777
64.947
64.777
64.719
64.478
63.71
62.416
61
60.002
59.931
60.212
60.067
60.234
60.153
60.247
60.601
60.881
60.839
60.593
60.281
60.286
59.959
60.031
64.201
63.626
56.713
56.821
57.595
56.697
57.012
56.968
56.946
56.701
56.582
56.938
57.187
57.123
56.921
56.382
56.212
56.582
56.607
56.817
56.947
57.059
57.201
57.157
57.127
57.139
56.645
56.641
56.677
56.613
56.984
56.999
50.279
49.683
49.872
50.408
50.177
49.434
49.66
50.42
49.702
49.631
49.96
50.417
49.652
49.677
50.236
50.071
49.28
49.882
50.534
49.983
49.804
49.846
50.502
49.605
49.739
50.201
49.723
50.548
65.148
64.983
65.022
65.058
65.012
65.061
64.977
64.948
65.199
56.699
48.198
48.31
