79.581
74.908
74.942
67.693
68.172
68.32
62.947
63.181
68.015
68.069
63.732
63.749
64.267
63.955
64.04
64.031
63.728
63.728
63.877
63.756
63.57
63.228
56.116
56.074
55.943
55.974
56.069
55.991
56.021
55.902
55.88
56.175
55.965
56.107
64.871
64.961
65.163
65.3
65.583
65.831
66.222
66.47
66.297
66.063
65.867
66.028
65.945
66.162
56.043
55.931
55.997
55.995
56.011
56.044
55.994
55.987
55.95
56.073
56.084
55.848
56.057
55.914
56.016
55.968
55.964
55.922
56.321
56.721
76.04
76.021
76.048
75.989
75.992
76.06
76
64.338
64.593
64.61
64.726
64.774
64.722
64.669
64.626
64.62
64.323
64.332
43.71
45.683
45.171
45.459
44.221
45.416
45.246
45.083
44.707
76.018
76.043
76.038
76.012
75.987
64.571
53.155
45.149
45.282
52.467
63.125
63.415
63.409
63.568
63.69
63.815
63.824
63.881
63.755
63.625
63.539
63.462
63.744
63.883
63.714
63.582
63.576
63.906
63.842
63.359
61.177
60.78
61.409
60.481
62.065
63.649
63.96
63.77
63.579
63.846
63.873
63.813
63.757
63.913
64.07
64.071
64.245
64.226
64.443
64.432
64.361
64.432
64.38
63.776
63.81
64.005
64.134
75.979
76.032
64.324
64.254
64.13
64.189
63.891
63.352
45.26
54.713
64.166
64.007
66.31
66.426
66.449
66.371
66.307
66.186
66.182
66.2
66.284
66.216
66.208
66.193
66.285
66.317
66.349
66.326
66.339
66.433
66.543
66.442
65.554
57.128
56.997
56.711
57.153
57.055
57.083
56.895
57.218
56.665
57.298
56.831
65.783
66.005
66.163
66.398
66.643
66.663
66.908
66.799
67.078
67.385
67.691
67.908
68.078
68.117
68.061
67.995
67.948
68.025
67.876
67.88
68.009
68.138
68.197
68.138
67.752
61.891
56.031
56.06
56.185
56.095
63.178
70.26
82.713
82.791
82.676
82.648
82.619
82.503
82.505
70.462
70.654
70.748
70.48
70.393
70.384
70.434
70.388
70.278
70.127
63.302
69.111
68.352
67.594
67.68
68.142
56.064
56.059
56.004
56.049
56.057
55.975
55.914
55.965
55.914
56.084
71.099
71.152
71.336
48.247
47.756
48.268
54.117
50.852
61.51
54.634
47.758
48.234
47.403
47.781
72.114
72.082
71.841
47.781
48.405
47.339
48.394
47.539
48.177
47.881
48.16
48.116
47.741
48.231
47.824
48.072
47.951
47.989
48.071
48.196
67.846
67.706
67.718
67.934
67.973
67.866
67.828
67.693
67.887
67.949
48.121
48.123
47.537
48.414
47.008
48.651
47.44
48.499
47.615
47.942
47.966
47.591
48.594
47.428
48.623
47.323
48.417
47.191
48.355
48.015
47.923
