74.94
74.923
58.049
58.161
58.087
58.099
58.022
58.072
57.92
51.024
51.059
51.021
51.17
50.94
51.359
50.922
50.818
51.053
51.045
50.799
51.28
50.771
50.943
51.213
50.804
50.995
51.017
70.009
69.997
70.029
70.022
63.369
63.538
63.569
63.723
63.664
51.082
50.989
50.911
51.08
50.691
51.044
51.157
65.492
65.392
50.975
51.091
50.831
50.881
51.186
51.182
51.026
50.741
50.565
50.652
73.011
73.036
66.132
66.184
66.161
66.118
66.171
66.38
66.623
66.599
67.534
67.884
68.053
67.983
67.96
67.943
67.935
67.867
67.872
48.832
48.838
49.151
48.848
48.977
49.051
50.849
60.971
60.984
61.026
64.661
65.241
65.376
65.479
65.503
65.489
65.471
65.325
64.844
61.073
64.551
68.029
68.062
68.062
67.756
67.347
67.8
67.692
67.824
67.936
67.936
67.89
67.863
67.95
67.94
67.887
67.848
79.975
80.014
67.994
67.995
68.149
68.187
68.089
67.921
61.768
60.744
61.137
61.531
68.059
67.998
68.016
68.033
68.051
68.04
68.028
68.017
61.445
61.335
68.103
68.151
68.054
68.024
68.27
67.738
67.797
67.778
67.791
67.555
67.652
67.786
67.829
67.715
66.965
65.933
64.691
64.343
64.595
64.766
65.119
65.238
65.218
65.261
64.815
62.273
62.429
62.676
62.923
62.908
62.935
64.02
65.637
66.062
66.298
66.312
66.549
66.733
66.759
67.453
67.895
68.14
74.837
79.89
79.902
67.897
67.875
67.969
68.026
68.123
68.078
67.599
60.875
61.065
58.413
63.215
64.084
64.953
65.181
65.312
65.308
65.263
65.293
65.443
65.455
65.19
63.48
61.77
61.285
63.103
62.868
62.955
63.332
68.002
68.034
67.991
67.989
67.95
67.875
67.879
68.124
68.336
68.11
72.02
72.014
72
72.01
48.024
48.055
48.101
48.105
47.775
47.53
48.158
48.175
48.153
67.982
68.083
47.988
47.975
48.104
62.407
62.532
62.457
62.638
62.895
62.646
48.348
47.264
48.06
47.432
48.634
47.704
62.227
62.551
62.511
62.501
62.617
62.354
60.591
47.598
47.809
48.059
47.926
48.162
47.898
48.026
47.869
47.928
47.538
47.521
65.069
64.975
65.032
47.394
48.229
46.782
67.776
68.424
68.799
68.775
69.265
69.366
69.792
70.168
70.43
45.824
45.831
46.059
46.2
46.067
45.909
46.104
68.323
68.231
68.239
68.285
68.341
68.228
46.285
45.946
46.116
46.11
45.556
45.796
46.147
45.807
69.692
69.741
69.745
69.77
69.809
69.724
69.614
68.843
68.072
68.002
68.045
68.477
68.361
68.617
68.204
68.183
68.187
68.195
68.013
68.122
68.023
68.126
68.072
68.018
68.914
69.811
69.834
69.781
69.481
69.568
69.731
69.828
69.985
70.05
69.334
68.163
63.037
63.044
68.064
68.005
68.029
67.517
79.665
79.81
79.928
67.904
67.931
68.032
68.076
67.665
61.83
60.763
63.222
62.654
63.171
63.069
62.627
63.273
63.033
62.266
63.297
63.046
62.354
60.547
58.74
58.761
58.403
68.084
68.682
68.748
68.628
68.773
69.134
69.09
69.518
70.048
70.05
70.085
70.107
70.085
70.096
70.155
70.227
70.374
60.651
50.927
51.12
51.008
67.033
66.645
66.684
67.298
67.741
68.096
68.217
68.495
68.42
68.255
68.276
68.305
68.343
51.053
51.019
50.968
51.024
50.86
51.344
50.807
50.771
51.113
50.845
51.122
50.834
51.12
50.988
51.033
71.781
72.022
71.966
51.234
50.936
58.465
62.86
62.943
62.99
63.094
63.147
62.92
69.591
70.247
70.212
70.169
70.112
70.148
70.255
70.227
70.282
70.522
70.534
70.341
69.936
69.861
69.962
70.157
70.19
70.112
70.045
70.008
70.043
70.185
70.345
70.304
70.111
69.584
68.495
66.323
64.152
62.983
61.893
62.184
62.146
62.798
63.245
63.37
63.434
63.526
62.909
51.078
51.198
