74.002
74.011
65.664
66.032
66.009
66.025
65.798
65.757
65.744
65.897
65.886
65.743
65.203
64.663
56.851
56.9
56.849
56.797
56.8
56.803
55.819
54.836
45.138
45.26
53.216
61.192
61.292
61.801
61.623
61.343
61.467
61.345
61.636
62.03
61.827
56.739
56.964
56.895
56.771
56.748
56.792
56.7
56.76
56.613
56.83
56.759
56.481
57.034
66.226
66.309
66.316
66.437
66.27
66.195
66.196
65.928
65.507
64.897
63.8
63.363
63.549
63.716
63.856
63.911
63.634
63.736
62.451
63.591
64.285
62.309
65.058
65.784
65.762
65.792
65.89
65.538
61.754
62.344
62.2
61.962
61.605
62.306
63.998
63.534
63.798
64.145
64.482
63.87
63.154
66.123
55.245
62.095
68.944
69.089
66.224
66.305
66.3
66.251
66.17
65.944
65.885
65.935
65.948
65.928
65.932
66.042
65.885
65.997
65.962
64.155
62.348
62.078
62.006
62.055
61.95
61.957
62.019
62
62
61.912
62.059
61.818
62.177
59.476
56.774
57.329
57.037
57.025
56.851
57.112
57.775
58.733
57.779
57.478
57.027
57.124
57.605
59.836
59.114
61.836
62.339
62.356
62.671
62.755
62.816
62.641
62.698
62.792
63.006
62.875
62.595
62.944
63.2
62.862
63.207
62.641
62.074
66.055
66.152
65.997
66.135
64.83
64.682
64.544
64.63
64.651
64.896
66.959
69.022
69.117
69.075
69.121
69.141
66.141
66.365
66.298
66.115
66.093
66.075
66.029
65.962
66.004
66.086
66.168
66.129
66.116
65.982
57.167
57.152
63.901
63.854
64.18
64.507
62.546
62.257
69.553
69.557
69.561
69.436
69.312
69.22
69.23
69.201
69.185
69.134
69.065
69.038
69.074
69.152
69.183
69.035
69.022
69.075
68.884
68.944
69.167
69.212
68.975
69.307
68.63
51.479
52.49
52.028
58.427
55.263
52.099
51.915
52.047
52.179
52.313
64.328
64.584
64.839
65.085
65.25
65.558
65.516
64.884
64.726
53.496
54.944
53.617
54.265
53.879
64.218
64.409
64.354
64.125
64.159
64.568
64.395
64.424
65.088
65.358
65.879
78.334
78.227
78.066
77.998
65.916
65.175
65.562
63.096
60.63
62.399
64.168
64.03
63.793
63.762
63.67
61.261
53.471
54.021
65.713
65.857
66.007
65.886
65.972
66.062
65.992
66.004
65.912
65.908
65.852
65.776
65.906
66.087
66.255
66.379
66.233
66.038
65.827
65.925
66.069
66.088
66.009
65.992
65.964
66.064
66.005
65.822
65.665
66.637
67.61
66.732
66.136
65.884
66.045
66.13
