68.146
68.057
68.074
67.981
65.935
66.084
66.109
66.015
66.022
66.101
66.125
65.971
65.99
66.097
66.068
66.075
65.992
66.042
66.088
66.142
83.168
83.178
83.194
83.192
83.192
83.159
83.192
83.169
83.191
83.182
83.215
83.153
83.183
83.191
83.174
56.821
55.38
71.044
71.039
71
71.002
71.046
71.01
71.034
71.008
71.036
71.036
71.037
71.003
71.037
71.041
53.469
51.895
51.87
52.28
51.681
52.011
51.992
51.86
51.926
51.924
51.939
51.959
51.974
51.891
64.615
65.488
65.229
65.71
65.573
65.953
66.536
66.858
67.138
67.376
67.718
67.719
67.737
67.721
67.625
67.482
67.716
67.816
53.801
53.892
68.043
67.908
54.2
54.42
54.387
54.373
54.358
54.265
54.537
54.345
66.055
65.865
65.676
65.582
65.786
65.934
65.978
66.017
65.874
65.629
59.041
59.085
59.071
70.992
70.999
66.591
66.342
66.189
66.118
66.076
65.968
66.046
66.124
66.097
65.993
65.99
66.104
66.138
66.245
66.422
66.864
67.536
68.494
69.1
69.344
69.246
69.203
69.32
69.598
70.094
70.223
70.611
70.732
70.84
70.801
70.702
70.624
70.751
70.83
70.846
70.9
71.045
71.153
71.196
71.138
70.934
66.086
66.164
66.121
66.057
66.145
66.154
65.954
63.148
62.386
61.726
60.793
60.563
60.026
59.181
59.117
59.022
58.456
57.884
57.285
66.048
66.101
66.132
58.399
59.646
59.445
59.454
58.684
59.303
59.208
58.459
58.986
59.147
58.329
57.842
58.5
59.785
59.032
60.136
60.166
60.365
60.699
60.932
60.927
60.854
61.054
61.152
61.228
61.164
61.072
61.091
61.333
61.809
62.809
62.886
63.04
63.315
53.346
53.688
53.907
54.471
54.3
54.074
54.103
54.128
54.213
54.2
54.085
54.136
54.075
63.201
62.882
62.831
62.518
62.908
62.553
63.04
62.992
62.078
61.117
60.763
60.496
60.939
61.139
61.243
61.032
61.594
63.871
63.998
64.421
63.999
64.278
65.263
64.491
65.736
65.907
66.164
66.039
65.94
65.649
65.657
65.664
65.775
65.807
65.935
66.066
66.099
65.943
65.996
66.049
66.121
66.074
66.077
66.111
65.998
66.084
66.093
58.553
58.225
58.275
58.471
58.964
59.322
59.31
59.418
58.884
59.289
58.589
58.356
59.645
59.04
61.023
61.213
61.235
60.948
60.933
60.866
61.101
61.208
61.134
61.087
60.994
60.882
61.039
61.134
61.2
61.148
61.01
60.874
61.629
63.752
57.265
50.778
55.182
59.585
58.708
58.666
58.538
58.596
58.715
59.077
59.009
58.538
58.75
59.126
59.003
59.4
59.424
59.338
52.251
51.948
60.29
60.465
60.63
61.058
61.217
61.03
60.534
59.645
51.89
51.994
52.032
51.935
51.422
52.633
58.844
58.745
58.87
58.934
58.979
58.878
58.828
58.9
58.954
59.027
59.097
59.19
59.193
59.214
58.912
59.102
59.23
59.111
58.886
58.787
58.805
58.783
58.835
58.885
59.005
59.089
59.012
59.013
59.011
64.669
66.021
66.219
66.108
65.695
65.816
66.194
66.338
66.103
65.544
65.733
66.191
