51.999
51.936
50.854
49.773
48.809
50.443
48.008
49.558
50.481
51.262
51.618
52.011
52.758
53.698
54.218
54.027
54.787
54.854
56.024
55
55.362
55.535
55.096
55.336
55.263
55.347
54.891
54.223
53.973
53.724
53.296
52.961
53.081
53.34
52.919
52.007
51.64
50.844
50.337
50.093
50.069
51.402
50.665
50.538
51.988
50.179
51.124
54.929
53.13
51.332
50.757
50.763
51.439
50.134
51.227
50.91
50.575
51.902
50.371
51.866
55.092
54.731
53.702
53.874
54.471
54.036
53.703
54.151
54.41
54.668
54.835
54.735
55.715
55.136
55.221
56.644
56.324
57.006
57.311
57.126
57.176
57.353
57.353
56.916
57.066
57.372
57.388
57.097
56.465
55.741
54.195
53.102
52.009
51.88
52.042
52.913
52.69
52.681
53.94
53.585
54.272
54.901
54.069
54.352
54.883
53.962
54.139
54.602
53.619
54.569
54.202
53.283
53.814
53.259
52.429
53.083
52.356
52.273
52.332
51.917
51.124
50.381
49.536
48.853
48.85
49.533
50.216
50.456
50.464
50.218
45.197
47.814
50.431
62.186
62.028
61.87
49.705
50.249
68.826
68.983
68.955
69.09
49.995
50.049
50.603
43.755
44.986
44.658
44.377
44.314
44.686
44.449
44.313
43.852
50.519
50.518
49.987
50.101
49.274
49.86
50.311
49.938
50.232
50.278
50.232
50.546
50.705
50.712
50.665
50.621
50.617
50.462
50.577
50.467
50.779
50.578
51.324
50.91
50.495
49.878
48.986
50.877
73.123
72.808
62.035
51.261
45.54
46.258
51.523
52.284
45.676
45.967
51.452
50.942
51.713
52.485
50.781
51.78
52.78
52.46
51.853
51.358
52.218
52.395
47.419
48.193
52.056
51.888
51.163
51.617
52.07
50.961
51.172
51.382
51.899
52.001
51.765
45.143
45.019
45.693
74.977
74.706
77.805
62.288
67.62
72.953
72.825
62.458
52.091
51.777
51.467
68.898
69.034
68.978
63.491
57.145
49.865
47.067
48.812
48.94
49.068
58.182
53.536
55.436
57.336
53.278
56.135
51.479
50.796
50.113
58.637
58.129
57.622
53.299
55.458
57.617
57.272
56.928
44.701
45.31
67.611
67.349
67.125
66.901
67.319
67.474
67.629
59.52
51.411
52.045
72.738
72.913
65.814
58.714
59.816
58.698
57.58
47.01
45.963
45.87
45.777
46.466
46.561
46.656
46.616
56.775
57.049
57.479
57.258
57.037
57.032
57.426
58.754
60.082
59.697
59.312
52.825
50.664
48.503
48.322
46.407
49.491
48.514
47.538
45.318
45.752
49.462
53.107
49.003
44.899
45.337
45.56
47.017
48.475
46.116
45.027
59.016
52.231
60.59
68.949
69.139
63.032
56.925
46.989
47.611
46.622
45.634
46.258
52.082
57.907
59.382
58.306
59.724
57.805
56.48
57.429
56.44
56.716
57.287
56.469
57.179
56.84
57.194
57.225
