54.668
53.43
57.16
60.608
60.789
52.429
54.391
59.805
63.356
63.532
63.864
63.906
64.102
64.116
64.207
64.393
64.369
64.474
64.584
64.561
64.174
64.185
64.87
64.985
64.715
76.206
75.574
74.871
74.051
73.22
73
72.996
73.112
73.352
61.51
61.547
60.723
54.104
54.17
61.387
61.611
73.398
73.189
73.186
73.208
73.271
73.301
73.384
73.563
61.785
57.359
52.933
51.635
50.337
51.193
63.527
64.017
64.535
64.727
54.026
50.614
47.202
47.67
45.512
56.098
52.301
48.504
46.988
45.375
44.094
66.459
66.297
65.812
65.611
65.458
65.244
65.19
65.261
65.387
65.433
65.629
65.251
63.117
62.32
58.088
53.082
48.076
56.762
65.448
65.526
65.657
65.391
65.477
65.334
65.309
65.378
65.33
65.323
65.309
65.08
64.707
63.59
63.312
63.214
63.525
63.46
63.496
63.352
47.32
46.067
45.328
63.935
63.928
64.093
64.887
64.168
63.891
63.823
64.694
64.875
64.392
75.906
75.874
75.746
75.826
75.77
75.769
75.876
75.962
75.889
75.419
74.949
74.03
51.255
51.227
73.418
73.836
73.986
74.16
74.082
45.103
46.586
54.444
62.301
62.48
61.553
59.285
45.69
44.476
45.42
47.687
47.232
52.992
58.751
70.221
70.041
69.988
69.963
70.037
69.914
69.753
69.675
69.81
69.892
57.805
57.815
57.931
58.18
70.313
70.319
70.35
70.411
70.566
70.824
71.28
71.663
72.062
72.295
72.623
72.724
72.747
72.753
72.447
72.04
71.435
70.836
70.519
70.558
70.597
70.709
70.751
70.759
70.756
70.762
70.851
70.835
70.793
70.833
58.125
48.282
49.101
49.271
48.601
48.646
49.239
48.893
48.732
48.914
47.203
45.492
49.273
48.026
48.969
50.04
48.434
60.975
60.705
58.215
53.799
49.383
49.009
49.574
48.372
48.908
49.465
48.69
49.124
49.129
48.691
48.821
57.802
58.352
57.979
55.681
55.558
56.309
48.946
48.729
49.03
49.678
60.565
60.752
61.031
61.014
60.911
60.818
60.784
60.66
60.847
60.741
60.794
61.008
60.951
61.127
61.227
61.235
61.117
61.004
60.662
60.742
61.109
61.096
73.049
72.907
72.872
72.961
72.944
72.96
72.97
72.948
72.829
60.809
48.867
48.876
49.173
61.924
73.153
73.027
72.881
72.782
72.834
72.892
72.867
72.947
73.016
73.138
61.392
43.582
43.545
44.068
43.911
43.713
44.226
73.67
73.672
73.635
73.642
73.716
73.74
73.878
74.295
74.798
75.389
75.71
75.893
75.893
75.764
63.77
63.431
63.574
63.523
63.441
63.754
62.955
58.435
53.915
46.961
47.313
46.619
46.924
46.69
47.175
47.242
47.309
46.934
46.932
46.527
46.466
53.856
54.249
54.132
54.169
46.839
46.652
46.695
45.456
45.111
44.766
45.366
47.048
47.306
48.047
47.262
52.826
53.366
53.906
46.411
46.211
45.768
45.978
46.417
47.007
44.936
43.373
46.991
45.124
62.247
62.351
62.736
62.849
63.264
45.212
46.632
50.296
53.96
54.171
46.759
47.288
46.977
46.671
46.794
62.855
62.77
63.214
63.383
63.456
63.505
63.578
63.519
63.524
63.486
63.357
62.742
59.859
46.581
46.427
59.65
72.421
72.108
71.891
71.908
71.899
71.938
71.93
71.955
71.902
71.856
58.431
47.301
47.215
46.888
48.338
56.323
65.77
65.164
62.034
58.904
58.947
57.881
56.814
57.202
57.873
57.703
57.123
57.415
49.579
49.135
49.667
48.639
48.203
52.367
53.378
53.185
52.923
52.989
52.865
52.807
53.017
53.316
53.455
53.321
52.859
53.118
53.829
53.08
53.253
53.426
53.164
54.497
53.632
55.95
58.267
55.916
66.554
54.877
65.885
57.666
49.448
49.502
50.295
50.086
49.798
48.997
48.196
54.394
54.549
54.263
54.049
54.031
53.721
53.857
54.404
