48.287
48.174
47.954
47.706
56.724
69.773
69.525
63.447
57.37
57.388
57.41
57.383
57.478
57.566
57.425
52.127
52.526
52.897
53.721
54.546
54.762
54.979
54.984
55.555
54.414
55.335
55.516
56.094
56.352
56.892
68.968
68.844
68.595
68.376
68.33
54.747
53.488
53.901
67.607
67.799
67.397
66.812
66.773
66.733
66.764
66.684
66.601
66.451
53.925
54.783
55.642
47.134
48.033
53.342
65.084
71.983
71.659
53.06
52.291
52.324
52.402
52.91
52.984
52.826
52.47
52.571
52.631
52.719
52.806
52.819
53.59
54.243
53.377
52.51
52.439
52.456
76.555
76.653
76.808
53.035
52.629
52.753
52.703
53.002
53.455
54.768
54.766
55.37
55.517
55.574
55.264
54.878
54.493
55.024
54.493
55.408
54.926
55.022
54.967
54.93
54.929
54.881
54.933
54.996
55.09
55.051
55.057
54.963
54.884
54.823
54.83
54.826
54.856
54.368
54.093
55.507
55.39
55.273
55.107
54.942
55.018
55.093
55.015
55.066
55.078
64.562
64.419
52.956
51.689
53.51
50.8
50.145
49.945
49.746
48.96
48.867
48.774
50.174
48.598
51.491
66.205
65.598
72.242
72.275
72.43
53.521
54.375
54.713
55.241
55.676
56.17
55.776
54.969
56.058
55.341
55.414
55.458
55.44
55.4
55.329
55.425
55.149
55.319
55.384
55.356
55.329
55.074
54.593
53.874
52.467
51.715
63.185
64.079
70.941
70.686
70.655
70.929
71.203
71.476
71.374
71.188
65.095
59.001
58.841
50.279
49.822
50.217
49.702
58.837
58.684
58.988
70.871
71.01
71.265
71.736
72.365
60.883
60.502
60.346
60.189
59.689
57.544
49.538
50.76
50.099
79.047
78.93
76.644
74.357
73.762
73.491
73.556
54.798
54.985
55.169
55.28
74.349
74.404
74.524
74.545
55.371
55.593
55.331
55.4
55.35
55.269
55.233
55.238
55.809
54.905
54.953
55.597
54.095
52.592
53.896
55.639
55.548
55.217
55.484
55.452
55.504
74.538
74.493
74.514
55.44
55.492
55.248
55.191
55.273
55.256
55.227
55.254
55.355
55.48
74.714
74.727
55.545
55.314
55.371
55.368
55.297
55.31
55.034
55.081
55.128
55.523
51.845
53.143
51.825
55.582
54.448
55.371
55.871
54.516
54.302
54.088
54.743
54.344
48.735
47.98
47.92
47.859
48.431
48.565
48.948
49.33
49.553
47.389
47.701
50.36
53.822
53.519
52.1
52.524
51.533
51.731
52.638
52.91
53.182
53.424
50.951
50.766
49.793
50.199
50.751
49.537
49.914
50.527
49.979
49.887
50.178
50.47
49.785
48.718
48.447
48.177
47.801
46.555
47.03
47.505
47.091
47.43
47.345
47.26
47.38
47.786
47.603
47.42
47.574
47.768
47.963
47.177
45.176
43.176
43.466
44.246
44.865
44.834
44.706
45.134
45.321
44.284
44.905
45.423
45.435
45.073
45.078
44.371
61.878
61.974
62.097
62.221
62.024
61.826
43.344
43.163
43.204
43.246
43.138
42.991
42.958
42.99
43.135
43.279
72.293
72.101
72.063
72.097
72.13
72.134
72.162
72.119
72.004
71.923
71.823
71.747
71.549
71.348
71.006
70.663
70.335
59.29
52.917
53.242
52.371
53.454
52.559
53.498
53.484
53.469
53.205
52.689
59.891
59.996
60.098
60.273
60.079
60.14
56.231
52.323
53.138
54.148
52.673
52.178
52.434
52.893
53.105
53.316
