51.792
52.161
52.185
52.133
51.756
51.762
51.596
52.258
52.252
51.93
51.723
50.792
53.437
53.111
52.515
56.023
56.219
51.443
51.895
53.032
53.373
52.271
51.667
50.974
52.166
52.99
52.386
56.667
56.533
56.352
56.451
56.549
56.626
53.799
50.973
51.697
52.24
52.885
52.018
52.088
51.854
51.77
52.188
52.093
52.002
52.028
52.055
52.511
51.358
52.233
51.636
52.16
51.837
51.932
51.524
60.096
68.668
68.402
49.226
50.185
50.486
51.465
51.881
52.315
52.613
53.166
53.373
52.991
52.921
52.822
53.04
53.381
43.565
44.604
44.556
51.817
52.936
65.117
64.944
64.83
64.856
64.883
53.13
52.951
52.946
52.864
52.729
52.838
52.809
51.961
69.08
69.129
64.127
63.996
64.124
52.897
52.896
52.607
52.318
52.712
64.711
64.684
64.78
52.784
52.8
52.891
52.641
53.325
53.046
52.766
52.546
52.59
52.845
53.613
52.991
52.668
52.549
52.728
53.593
51.066
52.3
52.096
52.332
52.392
52.262
52.39
52.621
52.59
52.552
52.414
52.024
44.931
45.128
45.295
45.383
52.001
51.939
53.65
53.767
53.097
52.79
52.569
52.521
52.486
52.277
52.042
44.391
44.411
45.571
45.767
45.963
49.195
49.983
49.706
49.643
49.618
50.866
45.841
44.038
44.729
51.147
51.231
51.315
51.313
51.387
51.461
51.746
52.236
52.628
52.912
53.309
53.696
53.378
53.311
53.66
53.173
52.673
52.778
52.773
53.087
53.161
52.762
52.85
52.976
52.966
53.205
53.281
52.931
52.928
52.934
53.034
53.133
52.772
52.677
52.569
52.598
52.66
52.779
52.829
52.878
52.788
52.431
51.841
52.888
53.936
52.972
52.007
52.243
50.305
48.367
52.399
52.507
46.989
45.895
49.261
51.14
50.091
49.042
51.586
50.827
50.472
49.692
48.912
50.254
51.41
52.566
52.649
52.348
52.977
53.301
53.625
52.572
52.338
54.113
53.561
53.008
52.494
52.436
65.523
65.322
52.903
52.949
65.114
65.444
52.671
52.234
52.361
52.957
51.246
51.398
51.849
52.028
52.336
52.207
52.132
52.056
53.321
52.77
52.219
52.247
52.18
52.26
52.067
52.349
52.449
52.761
52.762
52.966
52.848
54.347
52.513
52.264
52.412
52.569
50.243
52.077
53.912
52.833
52.949
53.993
53.992
54.64
53.864
52.472
51.926
53.505
53.945
52.625
52.358
51.336
51.041
52.445
52.022
52.328
53.057
53.024
52.991
52.669
52.666
52.906
52.987
52.549
52.186
51.689
52.305
52.465
52.101
52.293
52.693
52.335
52.093
52.289
51.566
52.807
53.571
52.523
52.481
52.135
52.093
53.057
52.958
54.241
53.672
54.252
53.911
53.571
54
53.033
63.54
63.519
63.5
63.435
51.146
51.365
51.622
51.407
51.193
50.855
50.361
49.968
51.084
51.196
51.147
51.097
50.848
51.427
53.29
51.772
52.545
50.752
50.931
51.02
51.108
51.11
51.111
50.447
50.332
50.217
51.019
50.871
50.722
50.67
48.959
50.94
50.901
49.658
51.641
50.247
52.252
52.737
51.928
51.368
53.855
56.342
56.748
52.664
48.579
49.552
