47.673
48.513
48.812
48.492
47.181
49.936
48.868
49.569
49.523
49.394
49.38
54.251
54.027
53.982
53.937
53.9
56.422
58.943
59.421
60.437
68.412
68.756
69.276
69.803
70.495
71.34
72.075
72.68
54.212
54.639
54.397
54.864
54.531
54.666
54.635
54.684
54.749
53.549
53.59
54.065
54.185
54.479
54.852
54.662
54.49
54.727
54.4
54.721
54.361
54.816
54.15
69.045
69.029
69.023
69.072
69.03
69.164
61.033
60.976
54.66
55.319
55.979
56.072
55.216
55.34
55.464
55.189
56.901
56.28
57.263
57.818
58.02
58.074
58.033
57.879
57.707
57.653
57.682
57.626
57.505
57.814
57.938
70.012
70.3
69.654
57.898
57.804
57.808
57.846
57.738
57.654
57.522
56.971
55.381
69.129
69.016
69.075
68.962
69.059
69.055
53.736
53.438
53.14
54.424
54.787
54.605
66.847
66.84
54.889
54.705
54.307
54.588
54.879
55.379
55.036
54.832
55.11
55.178
55.244
55.068
54.876
55.188
55.729
55.082
55.074
54.401
47.821
48.962
48.618
68.91
69.088
68.959
69.053
48.865
49.164
55.754
55.645
55.536
55.608
55.659
55.686
55.924
56.504
57.265
57.938
58.105
58.217
57.485
57.568
57.651
57.576
57.47
57.183
57.363
57.486
56.941
57.849
57.237
57.18
57.653
57.305
57.562
57.124
57.333
57.141
57.254
57.24
57.901
56.799
55.698
57.701
57.164
56.415
51.516
60.313
69.109
69.093
69.018
44.808
44.634
56.906
69.177
69.095
69.097
68.945
53.329
52.747
52.986
51.66
52.751
52.96
52.741
52.47
53.436
53.408
53.414
53.697
53.648
53.484
53.661
53.992
53.342
53.669
53.938
53.13
52.657
52.413
52.17
52.113
52.056
51.94
61.141
70.343
70.323
70.068
69.812
50.784
51.053
49.784
49.931
69.163
69.249
69.194
69.202
69.056
69.024
69.014
68.914
69.083
59.302
58.292
57.79
69.402
69.087
68.797
68.895
45.45
45.464
45.017
45.002
47.741
58.048
58.197
46.097
46.264
44.431
44.608
44.784
44.229
45.847
47.466
46.799
46.273
47.361
48.581
48.671
48.761
48.712
48.662
50.608
49.496
49.413
50.529
50.785
51.04
46.945
48.467
48.164
52.036
52.316
52.519
51.397
50.011
49.518
49.024
49.584
49.516
49.448
48.015
50.262
48.353
48.283
48.212
49.474
49.803
50.132
49.945
49.758
49.635
49.512
48.098
48.001
47.904
50.546
49.705
50.093
49.291
51.915
54.539
52.968
53.088
52.249
53.628
53.25
52.827
53.528
