62.081
62.006
59.89
57.775
56.787
55.223
54.604
56.734
57.23
55.74
54.25
62.138
62.089
62.079
62.035
62.133
62.071
62.009
62.086
62.309
61.924
62.084
62.034
62.021
61.986
61.935
61.984
62.121
61.947
62.087
62.116
57.992
58.468
58.126
58.115
61.633
62.23
62.236
62.243
61.225
62.023
61.498
61.577
61.657
62.275
61.43
61.652
61.875
61.877
61.878
61.9
57.88
58.349
58.061
58.061
58.557
59.054
58.584
58.343
58.313
62.196
62.113
62.048
62.023
61.999
61.966
59.012
60.055
61.492
62.178
61.759
62.114
61.983
62.144
58.884
58.785
58.731
59.631
59.245
58.259
58.659
59.118
59.062
59.007
58.97
59.34
59.71
61.091
62.22
61.972
61.725
57.666
57.057
56.447
53.86
54.466
54.705
55.112
54.156
53.732
54.124
52.601
56.939
55.172
57.483
56.1
57.552
56.907
56.824
56.518
56.733
56.579
56.915
56.019
54.884
55.727
54.871
56.128
55.694
55.881
56.067
54.606
54.555
54.198
53.842
53.454
54.914
54.034
55.312
55.672
56.032
55.778
55.668
68.306
67.831
56.119
56.179
56.29
56.621
56.952
56.429
56.224
55.659
55.389
55.061
53.298
52.96
51.996
53.74
52.951
54.009
54.46
54.657
54.409
54.845
54.617
54.389
54.658
54.596
54.773
54.342
54.195
54.321
54.448
54.509
54.546
54.341
54.389
54.438
54.515
54.627
54.825
54.639
54.731
54.652
54.606
54.895
54.733
54.385
54.506
54.665
54.925
55.185
54.791
54.687
54.573
54.479
54.421
54.583
54.492
54.468
54.254
54.187
53.806
54.122
54.264
53.779
54.509
54.667
54.647
54.643
54.758
55.119
54.893
54.667
54.085
54.875
54.697
54.944
54.388
47.791
47.004
51.182
55.359
54.728
54.351
54.611
54.844
60.846
66.847
66.725
67.08
67.277
67.114
66.769
66.378
49.177
48.193
79.083
78.979
79.055
62.831
46.606
47.455
49.247
47.389
47.408
47.426
48.331
78.763
64.575
50.386
58.866
56.749
54.633
60.458
53.454
55.445
57.436
50.652
53.971
57.291
58.029
53.41
55.263
55.212
54.377
55.227
55.052
54.877
55.215
66.846
67.069
67.088
67.058
66.999
66.983
67.079
66.989
67.017
67.024
67.105
54.982
54.752
55.611
56.469
56.505
56.541
56.662
56.784
57.601
56.589
56.668
56.747
57.486
56.677
57.456
56.644
57.157
56.713
56.786
56.859
56.899
56.939
57.014
57.089
57.948
70.138
63.796
57.454
57.802
57.974
58.146
69.934
70.123
69.971
58.067
56.347
70.056
70.054
70.039
69.912
70.099
70.012
70.006
70.003
70.08
69.956
70.083
70.07
70.06
70.051
70.04
70.007
70.098
70.021
70.066
70.058
69.997
70.042
70.076
70.067
70.049
70.048
70.044
70.08
69.975
70.142
70.035
70.05
70.06
70.037
70.043
70.068
70.094
70.021
70.034
70.071
70.038
70.034
70.025
70.06
70.001
70.003
70.077
70.024
70.036
70.059
70.037
70.054
70.041
70.028
70.101
69.991
70.113
70.115
69.97
70.139
70.138
70.137
48.379
49.608
50.439
51.237
52.22
53.05
53.883
54.148
54.045
54.629
55.41
55.57
56.009
56.449
55.766
56.571
70.048
70.047
70.059
70.005
70.001
70.002
56.775
56.947
56.372
56.533
56.892
56.467
57.041
57.395
57.396
57.353
57.309
57.402
57.292
69.944
70.095
70.061
69.969
69.973
69.962
70.2
56.304
55.115
55.873
55.446
55.549
55.561
55.588
55.878
55.431
55.661
56.327
54.612
56.107
56.073
56.237
55.37
55.94
56.324
55.178
55.433
54.69
54.586
53.411
53.89
53.83
53.908
54.414
54.112
54.461
54.447
54.842
54.351
54.463
54.476
54.494
54.524
54.532
54.261
54.356
53.964
53.847
53.633
53.156
51.3
51.01
50.467
51.548
51.61
52.293
52.611
52.616
52.867
52.791
52.874
52.707
52.957
53.127
52.782
53.37
52.751
53.346
53.153
53.503
55.309
51.765
53.196
54.626
53.689
54.493
53.807
54.315
54.519
53.827
54.357
54.555
54.114
55.15
54.234
55.198
54.456
54.513
54.872
53.761
54.406
53.896
55.371
56.847
56.85
57.146
55.082
54.563
53.727
54.682
54.602
54.523
55.309
54.494
55.56
55.644
55.728
55.888
56.049
57.708
56.32
56.438
56.888
56.616
56.966
56.849
68.722
68.491
56.535
57.061
56.767
56.906
56.872
56.926
56.547
56.982
56.328
68.715
68.857
56.875
56.807
56.792
56.85
56.769
56.988
56.872
56.981
56.94
56.964
56.971
57.024
56.796
57.134
57.025
57.13
