54.519
53.791
54.386
47.074
46.691
52.818
57.498
58.45
46.411
47.116
47.511
47.106
47.73
46.938
46.324
44.772
45.804
46.406
44.626
60.972
60.91
60.567
60.691
60.724
45.577
47.467
62.039
62.392
62.369
61.734
46.876
46.664
47.04
47.403
46.969
53.791
61.556
61.842
62.068
62.146
62.279
62.527
62.509
62.482
62.464
62.379
62.091
61.576
59.922
58.268
58.163
60.367
72.458
72.286
72.132
72.11
72.097
72.116
72.032
72.121
72.083
59.635
55.878
46.792
46.832
47.893
48.954
55.492
54.953
54.415
54.698
54.982
55.517
57.048
57.258
57.388
57.103
57.404
56.982
55.127
49.156
50.94
50.555
50.894
53.451
52.143
51.558
52.017
52.028
51.629
51.648
52.331
52.363
52.566
52.701
52.397
52.563
52.124
51.972
52.071
52.797
53.056
53.315
53.468
50.978
52.238
53.498
51.068
43.165
43.972
52.136
50.484
48.831
48.924
50.019
60.904
61.063
61.074
61.161
61.174
61.156
61.24
61.041
61.003
60.97
61.682
57.145
49.331
50.296
49.51
50.411
54.2
49.912
55.309
52.216
49.122
49.656
49.234
48.812
47.42
46.027
43.263
43.956
47.042
47.679
52.22
54.836
54.079
56.291
56.935
50.418
44.034
43.625
49.491
49.626
49.561
49.384
49.763
48.96
49.411
57.809
56.412
55.015
54.221
51.057
50.842
50.628
50.741
50.854
49.919
49.727
49.535
49.777
48.807
57.503
58.543
57.963
62.768
67.573
68.022
68.58
69.322
69.972
70.726
71.62
60.065
59.985
58.415
55.459
50.309
49.818
49.326
48.848
60.316
72.271
71.994
71.75
59.201
60.041
71.858
71.9
60.139
59.944
60.268
59.917
56.66
53.403
52.203
51.003
50.055
49.108
59.179
59.549
59.567
59.743
59.732
60.031
59.943
59.708
59.162
56.827
54.492
49.948
49.588
49.735
71.46
77.824
77.704
74.521
71.337
61.391
51.444
43.536
43.676
43.837
44.307
44.181
44.449
44.467
44.215
44.223
44.617
62.714
62.995
63.046
62.911
62.834
62.801
62.815
74.802
74.744
74.704
74.716
74.677
74.731
62.742
62.66
62.767
62.756
62.934
62.717
62.744
62.795
62.86
62.879
62.956
63.015
62.785
61.364
61.398
42.995
43.774
44.302
46.201
47.008
62.954
62.765
62.847
62.805
62.888
62.919
62.927
63.127
63.226
63.233
62.249
60.861
44.372
43.937
60.772
61.061
61.243
61.552
61.567
62.011
62.536
62.948
63.396
63.601
63.665
63.637
63.15
43.89
43.663
44.258
62.535
62.878
62.927
63.011
63.151
63.154
63.173
63.192
63.186
63.286
63.249
63.118
63.05
63.02
62.888
62.827
74.627
74.278
74.166
73.873
67.784
61.694
62.067
74.258
74.508
74.677
74.915
74.93
74.872
74.717
74.42
62.123
61.199
60.926
61.129
61.332
60.756
47.186
45.293
46.095
46.896
47.033
47.17
60.879
61.105
61.638
73.178
73.119
72.973
72.893
72.695
72.726
72.751
72.721
72.822
72.892
72.94
72.948
72.844
72.831
72.896
72.899
72.887
72.914
73.034
66.987
60.939
48.833
48.967
49.116
49.028
48.508
49.349
49.452
48.901
48.349
47.528
48.125
48.722
56.171
56.508
57.873
48.738
49.18
49.616
49.272
48.929
49.029
49.149
55.777
55.808
56.205
48.677
49.332
56.212
56.944
55.403
56.163
55.684
53.684
51.683
51.948
53.819
55.69
53.775
48.85
43.924
45.656
46.087
46.402
47.772
47.222
47.984
48.434
49.288
47.299
48.707
47.475
48.707
46.647
46.92
47.192
48.66
49.027
48.795
