50.401
49.118
64.785
64.987
65.948
66.909
73.285
72.757
72.404
63.422
54.44
54.543
74.818
75.127
75.528
75.741
75.824
56.698
56.9
57.102
68.811
68.742
68.55
68.558
68.685
68.813
68.885
68.939
68.976
69.038
69.078
69.096
69.012
68.636
56.877
53.324
52.84
53.06
53.262
53.496
53.319
52.727
56.129
59.531
71.724
71.081
70.823
70.565
70.553
70.541
74.124
77.707
77.611
74.166
70.722
70.678
70.634
58.462
58.963
58.853
58.744
58.622
58.5
58.501
58.501
70.62
70.56
70.497
70.433
58.756
58.339
58.242
58.654
59.066
59.398
71.043
70.952
70.815
70.862
70.885
70.956
70.98
71.128
71.256
71.441
71.792
72.137
72.287
72.369
72.27
72.076
71.949
71.954
71.877
71.924
62.615
53.307
62.662
72.018
72.026
71.97
72.006
71.987
72.059
72.11
72.064
72.053
72.084
72.064
72.029
72.006
71.963
71.98
72.005
72.019
72.013
72.061
72.079
72.01
72.004
72.07
72.068
72.068
72.062
72.068
72.079
72.105
72.079
72.053
50.661
52.023
51.812
52.289
51.29
52.015
52.74
52.964
53.188
60.44
59.867
59.646
67.853
59.354
56.363
55.936
55.509
54.745
54.527
55.002
54.99
54.979
54.974
54.695
54.618
54.542
59.015
55.809
52.604
52.263
51.806
52.357
52.264
51.628
52.535
51.537
49.574
52.137
51.789
51.945
52.251
51.423
52.014
52.804
61.311
69.817
74.506
74.31
74.155
74.712
75.206
75.5
75.724
73.278
70.832
70.975
71.39
64.637
64.302
64.085
64.156
64.309
64.49
64.523
52.5
52.415
52.62
52.843
71.938
72.11
53.22
53.169
64.981
64.842
63.899
52.31
50.628
51.111
52.172
52.405
52.638
52.83
53.246
53.662
52.879
52.779
55.007
53.47
54.579
54.234
54.799
55.364
54.722
54.08
55.093
60.49
73.332
73.034
73.015
73.255
73.649
73.988
74.378
74.73
52.037
50.267
50.713
50.34
49.968
49.177
49.988
50.81
49.594
50.184
64.986
64.933
65.182
65.156
65.145
65.094
65.084
65.17
65.143
65.178
65.141
64.522
50.05
49.875
49.919
49.156
63.669
64.031
64.21
76.053
75.963
75.897
75.883
75.871
75.768
75.661
75.969
76.204
64.507
60.813
57.119
50.391
49.295
64.769
64.914
76.899
76.745
76.556
76.637
76.705
64.881
64.928
65.063
64.782
64.092
63.022
56.009
48.996
49.593
50.118
49.55
50.529
62.565
63.412
63.647
63.417
63.417
63.23
63.389
63.43
63.334
63.513
62.991
62.034
50.084
49.279
50.088
50.425
49.499
49.459
50.459
58.504
59.102
59.585
59.511
59.388
59.542
59.695
59.536
59.477
59.583
59.613
59.659
59.595
59.465
59.646
59.796
59.653
59.509
59.637
59.724
59.64
59.562
59.455
59.288
59.029
57.804
53.267
50.69
50.672
49.088
49.009
49.864
54.519
53.376
66.202
66.211
66.308
66.378
66.342
66.453
66.235
66.294
66.352
66.679
67.005
67.623
68.241
68.662
68.897
68.936
68.852
68.714
68.581
68.619
68.602
68.457
68.383
68.439
68.621
68.389
68.501
68.65
68.714
68.716
68.668
68.702
68.752
68.837
68.818
68.724
68.685
68.729
68.771
68.807
68.816
68.776
68.812
68.768
68.734
68.728
68.71
68.73
68.763
68.819
68.928
68.962
68.951
68.939
56.532
56.53
56.529
62.369
68.209
68.928
60.468
58.644
56.821
56.653
56.485
55.301
55.24
55.179
54.267
54.543
54.82
54.849
54.878
59.338
53.621
47.904
47.897
47.99
48.036
48.085
47.941
48.05
48.142
47.968
47.541
54.283
