53.47
53.54
52.47
61.367
61.33
61.693
61.873
61.837
62.031
61.849
61.981
62.267
62.081
62.387
62.352
62.031
62.125
62.05
62.204
62.656
74.409
73.848
61.253
61.028
71.806
71.41
71.213
71.286
71.277
71.379
71.203
71.316
74.193
65.236
56.279
57.52
58.761
71.053
70.601
64.484
58.367
58.634
70.76
70.917
70.923
59.599
55.476
51.353
52.576
49.579
48.7
49.189
63.029
63.74
63.87
63.461
63.645
63.874
64.103
64.552
64.637
65.138
65.619
47.207
44.617
44.615
65.192
64.776
64.293
63.913
63.965
63.914
64.173
64.247
64.076
64.301
64.283
64.448
64.363
62.77
57.379
51.987
49.967
47.947
55.631
63.316
64.091
64.073
64.262
63.814
63.825
63.85
63.923
63.921
64.002
63.96
63.72
62.801
61.998
61.742
61.776
61.777
61.69
46.251
47.615
45.979
62.282
62.508
62.776
63.665
64.9
64.002
55.373
59.138
62.903
62.59
62.207
61.821
62.012
61.826
62.095
62.015
62.14
74.023
74.125
73.954
73.537
73.014
46.631
45.79
44.825
45.709
47.098
60.469
60.683
60.346
60.112
59.878
72.18
72.25
59.955
60.763
59.692
45.023
46.685
46.296
45.778
45.261
55.892
57.151
67.926
67.604
67.497
67.639
67.754
67.882
67.876
67.807
67.689
67.468
67.563
55.896
55.755
56.334
68.051
67.899
67.836
67.669
67.664
67.71
68.165
68.664
69.402
69.822
70.151
70.431
70.508
70.465
70.239
69.857
69.342
68.828
68.219
67.889
67.696
55.869
56.119
56.164
68.299
68.409
68.363
68.369
56.327
56.194
56.031
56.176
56.085
56.17
56.208
56.448
56.769
57.09
57.015
53.307
49.6
48.918
48.81
48.703
48.695
49.034
49.331
53.51
51.054
48.599
49.64
48.935
48.982
48.997
49.005
48.819
49.04
49.513
48.691
48.729
56.34
55.062
55.274
55.503
55.466
55.729
55.864
56.176
56.198
56.442
57.009
58.176
57.967
58.549
57.907
58.447
57.997
58.511
58.003
58.384
57.881
58.478
58.324
58.088
58.173
58.189
58.366
58.303
58.21
58.407
58.949
58.409
57.869
57.805
57.085
57.687
57.913
70.094
69.925
69.859
69.885
69.978
70.039
70.195
70.166
70.204
70.013
69.201
48.435
48.448
50.934
60.839
70.059
70.01
69.8
69.771
69.75
69.781
69.798
69.852
69.849
69.712
57.443
57.61
57.642
57.674
57.895
58.409
70.802
70.467
70.417
70.42
70.475
70.662
70.94
71.362
71.933
72.506
73.078
73.011
72.944
72.819
72.673
72.666
72.782
60.805
60.988
61.14
60.99
61.293
61.045
61.038
61.273
60.874
61.188
61.33
60.632
60.433
60.234
53.894
54.059
45.896
46.99
54.223
54.066
53.698
54.336
