49.485
56.973
55.973
55.282
55.765
56.249
55.637
48.682
49.81
48.353
49.366
48.9
49.02
46.41
48.64
50.871
50.889
57.442
54.565
51.689
51.282
51.667
51.249
43.792
43.827
51.84
51.874
43.993
44
51.697
51.775
51.546
53.508
52.567
51.626
51.248
64.339
64.484
72.044
72.539
73.149
73.923
74.697
55.979
56.448
56.512
56.504
56.669
56.834
56.764
75.282
75.352
71.872
68.392
56.198
56.79
56.056
68.388
68.453
57.814
57.275
58.517
57.878
58.012
57.727
58.134
57.907
58.039
58.032
58.604
57.391
57.972
58.118
59.974
67.976
68.133
68.11
58.772
59.102
59.196
59.531
59.339
59.176
59.335
59.058
59.42
59.002
59.227
59.359
59.029
59.342
59.654
59.439
59.566
59.373
58.131
56.528
54.926
57.473
60.021
60.74
72.203
71.73
71.564
71.749
71.939
72.305
72.773
73.148
73.331
73.447
73.597
73.654
73.527
61.219
60.778
58.969
56.846
56.816
56.785
54.153
51.522
52.941
52.239
51.537
50.793
50.049
68.848
69.204
69.465
69.668
70.306
70.427
51.066
52.192
51.624
52.842
52.036
53.223
53.396
51.609
56.82
56.799
56.955
57.375
51.753
53.201
54.229
53.89
53.164
53.389
54.251
54.205
53.457
53.667
54.335
53.947
53.393
53.41
53.707
53.404
48.248
51.474
54.7
59.406
62.479
58.196
53.914
53.908
53.273
53.414
54.563
54.495
53.25
53.318
54.213
54.038
53.363
53.962
54.095
53.722
53.949
53.762
53.644
54.362
53.457
53.759
54.189
54.41
53.653
54.247
54.129
53.517
53.961
53.727
54.009
54.084
53.275
54.283
55.291
55.901
54.856
53.81
55.437
53.934
54.202
53.257
51.545
53.368
53.881
53.531
53.181
53.651
54.031
53.8
54.845
54.461
55.264
55.411
55.476
55.405
55.323
55.24
55.32
67.666
67.76
55.089
53.72
53.064
53.255
71.344
71.2
67.753
67.549
67.344
67.463
67.475
67.488
67.703
67.497
67.69
67.776
67.799
67.991
55.893
56.472
68.262
67.681
56.35
56.242
56.858
56.54
56.222
56.433
56.503
56.573
60.145
60.518
57.263
57.861
58.236
58.712
58.329
58.196
58.791
58.024
56.286
49.508
49.99
49.482
50.337
63.657
60.621
65.071
61.187
57.303
57.036
57.462
57.193
57.14
69.168
69.14
69.189
57.114
57.334
57.199
57.555
57.242
57.29
57.009
57.412
57.377
57.203
57.804
56.953
57.41
57.496
57.535
57.566
57.834
57.529
57.795
57.358
57.874
57.799
57.51
58.13
57.378
58.266
57.624
57.816
51.473
51.741
52.236
52.464
52.174
51.965
51.833
51.681
51.924
52.327
52.265
52.12
51.725
51.675
51.865
52.333
52.147
52.168
51.829
51.575
51.786
52.09
52.304
52.505
52.346
51.962
68.029
74.575
80.829
80.782
68.085
68.039
68.016
68.058
67.941
67.924
67.906
67.973
67.967
68.039
67.986
68.086
67.963
52.043
52.349
52.443
53.253
54.063
50.792
