56.791
56.857
56.898
56.962
56.877
57.173
57.215
57.108
56.998
56.906
57.015
56.836
56.964
57.177
57.115
56.991
56.728
56.866
57.011
56.97
56.917
57.051
57.012
57.007
57.026
56.985
57.159
56.683
56.717
57.172
57.2
57.178
56.812
57.247
56.874
56.827
57.139
57.115
57.059
56.906
57.048
56.947
57.112
56.927
57.004
56.813
57.023
57.041
56.971
57.011
57
56.944
57.065
57.052
56.864
57.022
56.927
56.599
56.52
56.389
57.246
58.103
56.628
56.872
56.725
57.201
57.009
58.237
57.196
56.73
57.3
57.488
57.084
56.792
57.05
56.906
56.761
57.239
59.401
60.162
59.985
69.148
69.016
69.005
69.031
69.071
69.061
76.088
76.054
68.965
69.001
69.066
63.097
57.127
57.163
56.894
57.049
57.039
57.125
57.11
56.989
57.019
56.884
69.036
69.526
70.051
70.036
57.545
58.088
70.01
69.986
69.996
70.007
69.915
70.059
69.942
70.092
69.911
69.888
69.866
70.122
69.884
69.956
70.027
69.909
70.13
69.926
70.061
69.939
70.085
69.926
70.047
70
70.001
69.972
70.041
69.962
70.027
69.949
70.061
69.963
70.041
69.943
70.042
69.993
70.019
69.987
70.053
69.975
69.934
69.893
70.057
69.99
70.037
70
69.962
69.999
70.027
70.057
70.009
69.986
69.999
70.006
69.992
69.999
70.006
70.024
70.079
69.907
70.006
70.048
57.813
57.941
58.034
58.399
57.936
55.618
55.676
54.526
55.737
55.134
55.078
56.453
56.372
57.465
57.761
57.948
58.066
58.14
58.162
58.263
58.348
58.483
58.618
57.967
57.905
70.09
70.106
70.05
69.915
69.938
69.832
69.891
69.903
69.921
69.989
70.061
69.985
69.873
70.071
77.006
77.018
58.04
57.974
58.082
58.013
57.944
55.785
56.639
55.95
56.264
68.167
68.041
68.283
56.615
56.347
56.471
56.608
56.526
56.459
56.368
57.037
56.547
57.263
56.188
56.457
57.314
56.933
56.551
55.435
54.319
53.938
54.196
54.352
54.131
54.344
54.477
54.9
54.786
54.853
54.91
54.685
54.931
54.808
54.949
54.439
55.111
55.784
53.926
52.327
53.254
51.699
52.676
51.48
52.008
52.054
51.402
51.997
52.37
51.769
52.494
52.124
52.032
52.656
51.531
52.213
52.698
53.754
54.81
55.182
54.692
55.245
54.145
52.151
50.158
51.241
52.325
53.065
52.345
53.045
52.813
53.166
54.208
54.595
53.845
55.121
54.416
55.642
54.373
55.826
54.888
55.899
55.67
54.624
55.621
54.116
54.615
53.963
52.507
52.89
52.108
53.73
52.502
52.984
52.488
57.06
57.158
56.941
56.83
57.023
56.789
56.478
52.98
52.74
52.833
52.929
52.456
52.918
52.615
52.967
53.046
53.274
53.489
53.485
53.318
53.042
52.922
52.5
52.774
52.483
56.925
55.135
54.16
53.497
52.762
57.28
57.243
56.976
56.734
56.665
56.669
57.133
57.439
56.958
56.477
56.558
56.693
56.816
56.808
56.65
56.942
56.782
56.959
56.89
56.865
57.042
56.99
56.953
56.852
56.987
