50.005
51.629
47.652
47.24
44.441
46.06
44.405
51.395
56.467
51.421
50.302
49.183
46.498
53.574
55.995
58.415
57.78
57.942
57.601
57.437
57.488
57.615
57.741
61.733
55.544
57.913
53.128
48.344
49.658
52.86
56.062
56.831
56.559
56.213
56.592
56.708
56.783
57.327
57.484
57.35
55.024
53.623
53.853
54.039
58.173
58.96
59.15
59.048
59.672
59.572
60.087
60.553
60.933
61.165
61.001
60.652
58.877
57.708
54.687
54.08
60.043
59.014
58.889
58.908
58.673
58.895
58.812
58.972
59.141
59.315
59.102
58.698
58.386
58.272
57.889
57.514
57.629
57.721
58.281
57.26
58.193
57.847
58.046
57.741
57.989
57.691
56.811
55.667
60.703
60.968
60.19
71.419
71.256
59.006
59.14
59.099
59.098
59.197
59.246
59.461
59.07
57.563
55.932
52.718
53.349
53.98
53.52
53.06
56.989
56.677
56.691
56.946
57.352
56.757
57.029
57.281
57.303
56.645
56.421
55.734
54.113
51.74
50.317
49.835
50.495
51.085
51.723
52.239
52.501
52.733
52.801
52.655
52.476
52.526
52.37
52.412
52.652
52.602
52.911
53.005
53.193
58.539
58.641
58.303
57.966
56.985
54.631
53.95
53.77
53.59
53.879
54.116
54.354
54.458
53.451
53.367
53.284
50.611
52.045
53.48
53.456
53.928
54.032
53.83
53.628
53.967
54.163
53.282
54.227
53.511
54.027
54.116
53.737
54.375
53.065
53.156
53.247
46.587
48.131
47.918
47.706
53.093
54.041
47.43
47.15
46.806
46.928
47.049
46.556
62.098
60.117
56.521
52.926
53.487
54.048
53.289
54.5
52.552
53.21
53.867
53.173
54.464
52.581
54.59
58.405
58.475
56.323
56.775
57.226
76.034
75.861
59.286
53.952
54.652
53.078
53.372
53.666
53.648
54.41
54.585
54.76
55.028
53.978
54.345
53.605
53.968
53.945
53.944
54.463
53.603
54.491
53.245
54.589
66.327
60.431
54.535
54.626
54.465
55.637
55.32
56.183
56.479
57.186
57.67
57.915
58.004
57.973
57.903
57.885
57.895
57.985
57.982
58.119
58.203
58.18
57.684
56.189
53.663
53.895
47.01
50.954
54.899
50.908
50.117
49.326
57.409
57.143
57.803
58.209
58.171
58.358
58.397
58.504
58.565
58.461
58.45
58.376
58.335
58.184
58.132
58.11
58.098
58.025
58.15
58.004
58.143
58.038
57.97
57.929
57.875
57.828
57.725
56.987
56.908
56.955
56.479
56.551
56.844
56.747
56.693
56.522
56.496
56.8
56.987
57.449
57.92
58.246
58.345
58.345
58.218
58.129
58.132
58.244
58.231
58.122
58.136
58.017
58.196
58.143
57.739
55.556
45.737
