59.924
75.959
76.114
75.988
72.246
68.504
69.147
69.078
69.519
69.829
70.176
70.457
70.759
71.134
71.096
71.489
71.532
71.436
71.398
71.413
71.47
71.282
71.051
69.912
64.545
59.179
60.273
59.502
59.427
59.352
59.273
59.315
59.266
59.583
59.658
59.102
59.496
59.401
59.305
59.44
59.439
59.613
59.687
59.694
58.02
58.814
58.633
60.687
62.741
62.942
63.089
63.563
64.15
64.306
64.868
64.864
65.786
65.722
66.181
66.412
66.474
66.567
66.466
65.369
63.279
60.474
60.405
60.335
64.452
64.865
65.125
65.252
64.915
65.012
65.152
65.06
64.795
76.517
76.726
76.853
77.213
77.349
77.619
77.889
77.501
77.224
77.163
77.071
76.978
76.963
76.948
77.154
77.048
76.943
65.515
64.564
64.21
63.856
63.928
63.536
64.222
63.131
63.253
62.67
61.146
77.085
76.934
76.881
76.828
77.167
76.829
77.021
76.87
76.718
77.057
77.045
76.963
77.095
77.035
77.053
77.001
77.024
77.046
77.027
76.983
76.929
76.951
76.99
77.026
77.052
77.069
77.063
77.031
77.044
76.995
76.998
76.95
76.935
77.041
77.038
77.033
77.046
77.004
77.082
76.972
77.075
76.93
65.833
66.752
66.884
67.071
67.144
67.441
67.763
67.73
67.688
66.59
76.994
76.9
76.96
76.977
76.918
63.927
65.684
66.452
78.598
78.75
78.68
78.665
78.717
78.933
79.15
79.429
79.326
79.384
67.438
67.521
67.604
67.438
67.57
67.33
66.717
65.711
64.723
65.151
65.412
65.528
65.199
65.37
65.5
65.487
65.351
65.23
65.448
65.454
65.417
65.467
65.479
65.464
65.689
65.78
64.496
64.265
63.826
63.98
61.736
63.323
63.725
63.597
63.177
63.278
63.113
63.2
63.028
63.76
64.2
64.495
64.634
64.606
64.511
64.762
64.852
64.562
64.12
64.093
63.562
63.031
62.889
62.452
62.039
62.094
62.348
61.998
61.808
62.509
61.96
61.497
74.083
73.987
61.469
62.151
61.737
61.058
60.199
59.571
60.718
60.423
59.846
60.55
59.496
60.603
58.206
58.35
59.311
59.045
59.373
59.195
59.821
60.111
60.862
61.443
61.044
62.028
61.786
61.81
61.733
61.725
61.949
61.643
61.457
61.776
61.524
61.116
60.396
59.989
59.937
59.464
59.976
59.899
60.02
59.746
63.953
63.612
64.404
63.823
60.395
59.363
59.772
60.4
60.188
60.22
60.151
59.971
59.941
71.991
72.079
72.264
72.252
72.148
72.09
72.031
71.92
59.893
59.982
60.076
72.141
72.248
72.122
71.911
71.884
71.849
72.263
72.085
72.097
72.104
72.091
71.901
72.094
71.965
72.069
71.906
72.183
71.667
71.882
72.056
72.229
72.045
60.014
60.448
59.563
59.939
59.863
60.071
59.23
59.762
60.294
76.327
77.111
77.002
