60.123
59.799
47.838
47.588
67.006
67.105
67.152
67.683
68.489
69.772
51.556
52.949
52.882
52.049
50.147
48.244
54.263
50.386
49.637
48.888
47.273
51.312
54.529
54.353
55.021
54.59
54.885
66.89
66.861
54.839
54.938
55.071
55.08
55.365
55.856
56.12
56.218
57.082
57.046
57.432
56.936
56.628
56.579
56.457
56.666
56.583
56.047
55.357
53.508
53.849
54.191
54.893
54.817
54.741
55.557
55.514
63.375
58.997
54.619
54.57
54.566
54.282
54.306
54.871
55.329
55.608
56.475
56.266
56.849
56.783
56.087
56.018
55.992
54.96
53.927
56.455
55.878
56.519
56.403
56.4
56.172
55.882
56.309
56.184
56.673
57.162
57.164
57.166
57.028
61.856
57.954
54.052
53.933
53.542
53.761
53.74
53.786
54.316
54.012
53.862
54.11
54.019
53.604
52.892
52.953
52.989
52.26
52.05
52.491
52.931
52.242
52.43
51.741
52.287
52.432
52.578
52.118
51.106
49.903
49.816
49.753
50.383
50.074
49.451
51.857
52.615
51.864
52.017
52.123
51.759
52.172
52.045
51.944
52.596
51.616
52.217
52.055
51.299
51.41
50.441
50.147
48.673
49.545
47.136
47.946
49.017
49.23
48.717
48.625
48.753
48.901
48.91
49.803
50.192
50.582
49.778
49.869
50.922
49.572
49.077
48.582
47.335
49.969
49.309
48.65
49.255
48.818
48.778
48.737
48.8
48.866
48.932
48.687
49.205
48.965
48.724
49.818
53.027
52.266
62.705
62.298
62.126
61.954
62.087
62.071
62.036
62.14
62.065
62.136
47.164
48.106
49.048
46.853
46.38
58.434
66.101
66.163
47.008
47.355
47.771
48.187
49.622
46.577
47.65
50.365
51.06
50.459
50.553
50.648
51.448
52.598
53.742
57.545
57.272
57.031
56.798
57.045
57.292
57.822
58.51
59.565
59.824
60.657
60.866
60.873
60.787
60.845
60.951
60.973
61.115
61.237
61.186
61.038
60.891
60.918
60.899
60.856
60.841
60.605
53.055
53.25
53.232
44.191
44.49
48.622
50.691
50.681
50.67
52.564
52.391
51.745
52.137
52.528
58.254
57.884
58.094
58.223
58.26
58.07
59.471
60.871
61.574
61.577
61.436
61.263
61.132
61.242
61.375
61.639
61.595
61.576
61.73
59.984
58.865
57.746
57.926
59.128
60.738
61.673
61.658
61.554
61.469
61.445
61.401
61.383
61.281
61.283
61.017
59.925
57.503
57.33
58.138
58.133
58.154
58.257
55.908
56.815
54.55
55.949
57.347
56.957
56.331
56.689
56.4
56.982
56.246
55.539
53.168
52.985
53.311
57.906
64.368
64.492
64.147
64.227
64.307
64.63
64.662
64.926
64.879
53.236
52.051
57.996
58.532
51.205
51.948
52.875
52.98
57.827
60.932
60.542
61.13
60.753
60.291
60.059
60.041
60.254
52.566
52.368
52.46
61.677
61.855
61.783
61.838
61.559
61.695
61.372
61.696
61.461
53.317
48.42
46.72
49.31
47.678
46.047
56.907
58.377
58.102
57.827
48.252
46.721
58.8
60.04
72.007
71.728
71.608
71.489
71.332
71.329
71.498
71.667
71.617
71.467
71.317
59.206
58.688
59.15
58.975
59.644
59.436
59.269
59.595
58.689
51.926
51.628
52.021
52.182
51.574
52.099
52.285
49.884
47.411
48.2
48.544
48.249
48.005
48.002
47.685
