52.988
52.612
53.003
52.583
53.138
53.363
53.293
53.223
52.931
56.841
54.33
61.174
57.414
62.679
67.944
67.887
65.101
65.022
65.036
55.307
55.516
52.791
54.28
52.617
52.782
52.946
52.775
52.959
53.34
51.253
48.775
50.055
50.546
49.264
50.53
51.797
50.936
52.833
52.733
52.7
54.063
54.902
54.413
55.236
54.768
55.377
55.059
55
54.946
54.804
55.421
55.33
55.027
54.699
55.592
66.702
66.472
65.722
65.272
52.611
52.866
52.906
51.28
52.525
50.154
50.11
51.626
51.462
50.31
49.158
49.431
49.837
50.408
49.933
49.19
49.1
49.524
49.948
50.111
49.425
49.288
49.237
49.65
50.105
50.246
49.725
49.564
49.567
69.023
68.924
69.076
68.879
54.946
54.289
53.58
54.844
54.697
54.549
54.613
54.678
54.09
54.289
54.663
56.92
55.466
57.148
57.268
57.156
57.008
57.488
57.423
56.961
57.001
57.383
57.36
56.091
55.773
54.85
54.477
60.144
65.811
65.039
65.05
65.061
53.173
53.689
53.523
54.579
54.125
54.407
55.046
54.294
54.119
55.06
54.377
54.095
55.196
54.864
53.509
54.189
52.899
52.637
52.375
52.205
52.019
57.861
54.816
51.772
51.27
50.557
61.827
61.233
49.653
48.382
49.213
50.043
50.029
50.151
63.166
63.32
63.08
62.501
58.747
63.848
68.949
68.826
68.836
68.804
68.764
68.603
68.615
68.682
49.71
49.684
49.74
49.636
49.571
49.452
49.25
49.458
49.281
49.234
49.934
50.549
50.291
50.033
50.129
50.098
50.067
50.044
48.525
48.324
49.726
50.618
49.81
49.936
49.337
43.639
43.809
44.498
51.166
56.524
56.98
54.138
51.296
48.425
49.771
50.881
49.116
50.044
49.261
50.319
49.184
49.824
50.464
50.573
50.682
45.866
45.544
50.745
51.505
51.978
51.774
51.931
51.715
51.498
52.083
54.889
57.695
51.709
45.723
46.602
46.373
46.145
46.129
46.353
46.577
46.953
48.296
49.639
48.052
46.465
47.163
46.732
46.301
45.066
44.86
45.955
48.261
50.567
48.391
56.318
51.21
51.22
51.231
54.446
50.83
59.893
68.956
69.083
69.131
69.017
47.179
46.716
52.78
55.511
58.242
58.658
57.879
51.025
44.17
46.036
65.539
65.2
46.623
46.473
52.311
50.706
48.243
57.203
66.163
65.402
57.723
46.123
45.924
49
47.54
46.081
45.308
45.815
47.81
58.953
58.081
64.375
58.136
51.897
54.937
50.454
45.971
47.403
57.823
58.576
52.052
45.528
46.251
51.329
50.557
49.785
50.395
51.005
45.491
46.357
48.655
50.953
50.856
46.836
46.539
45.284
45.413
45.541
47.376
59.067
52.616
46.166
46.363
47.154
47.945
45.265
46.547
44.594
44.623
45.181
46.162
56.745
57.129
44.501
45.183
44.805
46.11
44.483
51.351
52.187
45.991
45.863
46.704
68.729
68.857
56.93
57.005
56.861
56.716
57.541
52.687
51.459
50.231
49.072
47.912
53.465
59.018
59.297
58.698
51.525
52.326
50.994
51.783
51.671
52.026
51.676
52.276
51.842
