48.241
46.403
44.564
45.719
64.723
76.622
76.796
76.896
64.923
65.219
65.011
65.277
64.992
65.306
65.34
65.375
43.609
44.081
49.519
51.443
52.763
54.084
54.63
49.686
49.178
49.708
49.157
54.419
63.436
62.822
74.514
74.327
74.452
74.674
74.818
75.412
75.952
64.399
58.4
58.587
64.945
65.003
65.091
65.067
64.892
64.479
61.25
46.368
45.745
45.006
45.249
47.693
74.554
73.206
73.108
60.871
67.051
73.231
73.23
73.133
73.085
72.995
53.542
57.467
61.391
61.27
60.877
49.403
49.5
49.066
43.101
43.394
48.26
57.986
58.25
45.03
43.368
58.869
56.942
61.167
60.981
61.548
61.821
61.924
73.959
73.886
73.913
73.835
73.816
73.854
73.795
73.747
73.663
73.538
73.401
73.052
72.542
71.793
70.664
69.89
69.665
69.677
70.007
70.234
70.483
70.655
70.762
70.803
58.198
58.522
55.831
53.14
56.071
59.002
70.91
70.708
70.788
70.748
70.772
70.897
46.468
45.582
44.244
47.657
46.733
45.81
44.034
46.722
47.231
46.808
64.357
76.391
76.42
76.468
64.597
64.798
64.909
65.089
65.184
65.149
65.142
65.104
64.946
64.917
64.658
63.879
48.61
47.92
53.363
53.234
53.104
51.99
53.241
61.801
62.568
62.197
73.935
73.731
73.819
74.014
74.423
74.957
75.547
63.622
64.534
64.682
64.592
64.615
64.509
64.494
64.414
63.946
44.42
46.239
46.635
45.813
44.457
44.822
73.353
72.875
72.936
60.77
60.777
60.821
72.802
72.745
60.762
60.731
60.855
60.524
60.193
60.672
61.151
