77.126
77.111
77.089
77.168
58.206
56.525
55.515
66.277
77.038
77.177
77.057
77.027
77.021
77.127
77.092
77.089
76.963
77.082
77.026
76.97
76.997
77.026
77.006
77.033
67.009
56.986
57.353
77.015
76.96
77.037
49.002
47.322
47.502
47.507
47.671
47.787
47.866
49.608
49.194
49.227
50.671
49.788
51.197
50.949
51.012
51.875
51.927
51.743
51.791
52.374
52.335
52.38
52.244
65.049
65.038
52.884
52.477
65.134
65.037
64.94
65.625
66.31
54.375
54.525
53.586
55.369
54.195
54.663
55.479
54.986
55.525
56.077
56.05
56.241
56.027
54.719
55.052
56.382
56.601
57.098
56.885
56.484
54.992
58.778
59.531
59.216
71.584
71.6
71.827
59.738
59.806
59.874
59.39
59.626
59.609
59.06
58.908
58.757
79.032
78.973
71.953
71.918
66.103
60.288
57.725
59.555
59.281
58.591
58.876
59.16
58.42
58.865
59.145
59.249
59.284
59.319
59.212
59.418
59.625
59.487
59.327
59.378
59.43
59.281
58.61
59.089
59.343
59.104
59.087
59.076
59.655
58.759
59.062
59.235
57.674
58.087
56.73
54.307
56.157
53.788
50.589
52.057
51.995
51.36
52.192
52.496
51.892
61.931
57.059
60.984
56.642
52.301
52.158
51.958
52.044
52.06
51.818
51.577
51.706
51.894
51.982
51.943
51.905
52.154
52.343
52.446
52.531
52.503
62.018
61.737
62.203
61.888
61.845
61.985
62.075
61.86
61.958
61.956
62.079
61.873
62.012
62.027
62.074
61.862
62.017
61.982
62.031
61.971
62.003
62.029
61.878
61.956
61.9
62.083
61.911
62.149
58.865
59.482
62.171
61.957
61.981
62.262
61.57
61.503
61.175
61.434
61.693
61.727
61.833
61.678
73.473
73.252
61.6
61.473
61.195
60.918
62.06
62.101
59.252
60.789
60.725
59.234
59.139
59.462
60.06
60.844
61.628
59.18
59.126
61.964
61.263
61.444
62.096
62.126
62.004
61.981
61.811
62.147
61.983
59.442
60.174
60.041
59.115
59.085
59.276
59.914
59.586
59.393
59.13
59.534
60.867
60.231
59.128
58.901
61.859
61.658
62.355
61.947
61.651
62.203
61.78
61.489
62.074
56.028
56.42
56.573
56.808
57.054
57.071
56.848
56.86
57.016
57.189
57.01
56.987
56.952
56.373
56.013
57.408
52.184
57.061
57.257
57.453
56.324
57.688
57.91
59.03
57.63
56.67
58.388
57.337
59.063
71.456
71.589
59.843
59.803
59.521
59.436
59.651
59.403
59.155
59.059
58.964
59.418
59.465
59.438
71.094
71.529
59.672
59.683
60.054
60.076
59.491
58.934
58.298
59.033
54.46
54.911
52.011
51.396
50.738
50.687
52.146
53.053
52.634
52.739
52.585
52.84
52.78
53.037
52.867
52.94
52.816
52.438
52.271
52.349
52.427
52.511
52.986
52.749
52.67
52.582
52.669
53.059
54.93
53.171
53.486
59.941
59.936
59.89
60.114
59.969
60.194
59.936
59.988
60.054
59.928
59.947
60.029
60.077
59.997
59.991
59.885
59.794
59.825
60.144
59.905
60.027
59.987
60.106
59.979
59.982
60.05
60.062
59.736
60.08
60.243
65.364
66.807
67.979
68.943
69.612
70.21
70.808
59.587
60.108
60.072
60.549
60.734
60.919
60.315
61.07
61.351
60.552
60.478
61.165
59.607
58.962
59.678
59.827
59.681
59.719
71.542
71.315
59.41
59.526
59.629
59.733
59.665
59.681
59.796
59.817
59.838
59.746
59.699
59.623
60.816
59.39
59.29
58.37
59.09
59.313
59.332
58.449
59.366
59.112
59.157
59.202
59.674
59.829
60.689
59.834
59.758
59.808
59.921
60.629
59.606
59.64
60.382
60.343
59.984
62.995
58.395
53.795
53.842
54.017
54.129
54.479
54.58
55.113
55.657
56.024
56.326
56.524
56.784
57.25
57.57
57.114
56.549
56.011
54.855
57.92
57.002
55.969
54.936
55.442
56.171
55.968
56.038
56.199
56.362
62.1
68.749
68.719
65.389
62.058
62.138
56.724
56.335
56.329
62.054
62.064
61.924
62.03
62.135
59.205
56.274
53.858
53.944
54.194
54.444
54.377
54.42
54.021
54.198
54.375
54.376
54.446
55.16
54.893
54.626
54.641
54.564
54.515
53.409
53.832
54.656
54.718
55.447
55.132
55.311
55.489
55.344
54.791
55.064
55.013
55.246
54.751
55.437
55.76
54.726
62.025
