56.427
57.404
56.317
57.807
53.836
53.486
51.827
50.395
51.454
52.514
52.929
53.345
53.546
53.104
53.465
55.039
54.377
54.94
54.998
55.848
55.233
55.567
55.811
54.861
54.756
57.963
56.023
54.084
65.337
64.739
64.386
64.321
64.189
63.956
63.723
63.39
63.058
51.195
49.691
50.322
51.748
50.674
49.601
50.21
50.161
54.494
58.827
61.575
61.781
61.987
62.195
51.143
50.123
50.411
51.25
50.287
51.358
51.044
50.724
51.678
50.468
51.947
50.788
52.295
51.581
52.105
52.708
53.597
54.485
53.848
55.084
56.319
56.076
56.788
55.372
56.742
55.848
57.391
57.975
58.18
58.013
57.925
57.753
57.498
57.544
57.739
57.986
57.999
57.475
56.572
55.587
54.858
54.406
53.955
53.187
54.403
53.208
53.263
54.762
54.761
54.725
55.175
55.297
55.222
54.951
52.772
50.593
50.489
50.69
44.713
46.079
48.143
50.207
51.238
52.592
52.807
53.047
51.493
51.098
63.508
62.88
50.325
50.191
50.117
50.015
49.846
49.817
50.157
50.393
50.314
50.064
57.857
67.921
59.242
50.562
50.71
50.645
50.495
50.37
69.326
69.32
69.374
69.29
50.397
50.557
50.652
50.801
51.14
51.571
51.947
52.461
53.115
54.427
53.221
52.015
57.545
58.629
58.727
58.824
59.318
59.499
59.487
59.45
71.332
71.288
71.36
59.608
59.045
59.659
59.572
58.94
59.497
59.127
59.231
59.418
59.234
59.05
59.771
59.218
59.34
59.822
59.179
59.446
59.518
59.488
59.192
59.632
59.075
58.808
56.977
52.37
44.672
44.891
45.159
51.185
57.211
56.973
57.044
57.284
57.463
57.614
57.685
57.424
56.88
57.387
57.402
57.266
57.548
57.678
57.856
58.027
57.718
57.639
57.56
57.574
57.82
58.471
59.538
58.808
57.399
57.595
63.982
63.985
57.557
57.303
57.414
57.666
58.014
58.069
57.83
57.183
56.685
55.941
57.178
63.516
69.854
69.5
57.555
57.83
57.712
58.303
58.894
59.719
59.016
59.2
57.816
56.618
56.07
59.699
58.58
58.198
58.072
57.903
57.734
57.507
57.419
57.267
57.726
57.784
57.843
57.467
57.092
58.155
58.184
57.423
57.729
57.96
57.425
57.756
57.239
57.164
57.784
54.843
53.78
53.535
53.869
54.462
54.329
55.386
56.211
54.945
55.47
56.215
56.961
54.025
55.852
57.404
56.88
56.082
57.513
56.385
56.82
57.347
57.435
57.524
47.258
46.929
46.958
46.987
52.241
57.495
52.403
54.174
55.945
56.184
56.424
80.8
80.865
56.85
56.071
55.299
56.161
56.753
55.849
55.795
55.74
56.695
