60.861
60.073
61.193
60.087
60.982
60.16
61.243
61.261
61.28
61.32
61.361
62.521
61.638
62.199
61.762
62.169
61.691
61.775
61.859
61.921
61.932
62.167
61.821
62.313
61.885
62.089
61.929
61.926
61.78
62.077
61.91
61.987
62.071
62.156
55.367
48.579
48.4
47.674
48.813
49.953
62.454
63.625
51.992
52.208
53.227
52.72
53.458
54.168
54.183
54.54
54.205
53.873
48.534
51.36
54.187
53.866
53.74
53.825
53.275
53.598
53.988
53.766
53.57
53.93
54.283
53.899
54.128
54.324
53.93
43.095
43.049
43.131
43.13
43.129
43.077
43.087
43.246
43.405
54.421
56.317
56.094
56.061
56.759
56.749
57.412
57.092
57.922
57.294
58.056
57.948
56.807
55.637
52.695
49.753
50.438
56.141
55.769
55.894
55.985
56.061
55.706
55.79
55.786
55.725
56.248
55.965
55.928
55.934
56.264
56.001
55.251
51.874
50.632
50.331
50.442
56.858
57.13
56.45
56.736
56.327
56.556
56.947
57.153
57.929
58.139
58.374
58.352
58.731
58.38
57.993
57.606
57.704
55.343
49.745
53.112
56.48
56.81
57.168
68.707
68.507
68.481
68.456
56.314
56.368
56.415
56.631
56.245
56.007
56.555
56.454
56.093
56.326
56.193
56.06
43.104
43.013
56.973
56.751
56.53
56.327
56.72
57.605
57.094
58.131
58.353
58.604
58.259
58.335
58.403
58.482
58.539
58.218
57.159
43.116
43.554
43.223
57.463
69.124
68.623
56.408
56.439
56.661
56.423
56.375
56.41
56.518
56.143
56.353
56.936
56.39
57.166
56.628
55.793
52.235
52.086
50.843
53.733
56.623
56.817
56.285
56.528
57.084
56.447
57.696
57.582
58.203
58.553
58.619
58.662
58.543
58.234
58.101
58.356
58.344
57.611
57.195
56.371
56.579
56.274
55.823
55.809
56.176
56.469
56.104
56.265
56.783
56.294
55.764
55.945
57.235
56.046
55.823
54.482
58.272
58.977
58.813
58.889
58.89
54.857
53.664
53.194
52.725
53.084
53.763
53.653
53.07
52.65
51.316
50.765
50.145
49.982
50.077
50.14
49.978
50.847
50.491
50.508
50.835
50.41
50.464
50.724
51.129
50.934
50.852
51.149
51.254
51.716
52.013
52.104
52.513
52.884
52.275
53.63
54.21
54.241
53.847
53.812
53.893
54.003
54.035
54.013
54.298
54.208
54.001
53.544
54.03
54.168
54.439
54.205
54.381
53.417
53.542
53.667
54.653
54.37
54.835
59.251
59.595
59.58
59.565
55.391
51.838
52.19
50.886
52.838
59.435
59.911
51.924
51.376
52.065
52.754
52.092
52.024
51.955
50.308
59.085
58.786
58.576
