56.956
55.828
56.632
57.435
57.828
76.315
77.088
75.109
73.129
56.629
55.675
55.004
55.737
56.469
56.969
57.504
58.038
57.425
58.314
69.566
69.815
57.986
56.981
57.073
61.056
61.304
60.686
61.444
59.998
70
69.815
69.694
57.731
57.582
58.235
58.659
59.082
60.368
60.286
60.39
60.494
60.435
60.377
60.222
58.882
59.8
59.617
60.003
58.661
58.702
57.731
59.96
71.943
71.699
71.647
78.548
78.405
59.611
59.427
59.182
59.385
59.587
58.769
59.8
59.853
59.905
59.669
59.433
59.115
60.098
67.224
74.351
74.581
60.302
59.624
59.935
60.167
59.488
60.061
59.721
59.488
59.851
59.52
60.026
59.234
59.995
60.054
59.322
58.735
56.614
56.392
52.572
54.786
56.999
57.389
57.642
57.862
69.785
69.85
69.675
69.82
69.793
69.592
69.6
57.455
57.506
57.397
57.414
56.955
57.161
56.944
56.979
57.639
56.206
57.715
50.456
49.949
57.612
57.379
57.472
57.482
58.032
57.939
57.846
57.775
57.863
57.729
57.718
57.573
57.683
57.495
56.995
55.767
53.586
51.405
49.945
56.799
55.572
54.345
52.493
50.641
50.271
55.527
55.606
55.684
53.94
52.197
57.237
57.352
56.906
56.642
56.378
54.459
49.052
58.116
67.18
67.14
67.336
67.603
67.235
54.279
55.955
54.998
54.042
55.264
56.487
55.564
55.833
56.103
55.253
55.673
55.547
55.422
66.762
67.39
67.586
67.609
67.649
48.784
48.081
49.403
57.776
71.169
71.16
71.123
60.944
50.765
51.03
51.296
59.337
59.391
57.674
56.997
58.357
59.749
71.762
71.382
71.12
58.919
58.721
49.032
48.85
52.214
53.253
58.866
59.164
58.891
59.2
78.258
78.193
52.326
53.213
59.199
59.543
59.59
59.637
52.183
55.848
54.355
52.863
60.4
61.363
73.91
74.228
74.721
74.987
75.162
75.387
75.414
63.767
63.454
51.476
51.402
51.327
52.116
75.585
75.175
75.016
75.024
75.104
75.076
75.047
74.979
74.985
74.992
75.422
75.071
75.215
75.142
75.231
75.012
75.115
75.15
75.028
75.149
75.081
75.095
75.071
75.065
74.923
74.571
73.99
73.339
60.211
51.408
52.374
59.883
59.497
51.475
51.315
51.575
51.834
51.082
60.027
60.361
60.706
61.051
60.45
73.113
73.027
66.756
60.485
60.163
60.13
59.148
51.802
51.542
56.852
57.653
58.454
58.132
58.555
58.035
58.346
58.203
57.712
57.688
57.664
57.627
63.644
69.662
69.474
57.036
57.674
56.615
69.407
69.936
69.427
58.397
57.501
57.335
57.841
57.291
57.385
57.017
56.648
50.244
52.136
50.999
51.006
51.012
57
56.266
56.865
57.463
57.57
57.677
56.211
53.27
53.606
53.942
59.183
60.664
62.145
53.335
50.555
51.605
54.439
55.486
56.533
55.275
52.834
53.548
57.002
53.941
53.583
53.225
51.417
50.937
50.457
49.142
47.827
51.168
61.881
68.011
67.938
68.023
67.912
68.311
64.59
60.868
61.423
61.977
61.816
62.228
61.958
59.52
70.14
80.76
78.805
73.395
67.985
68.716
75.113
73.924
65.288
56.651
50.274
50.249
74.829
75.214
51.525
52.184
52.045
51.884
52.249
52.414
51.822
52.471
52.652
51.801
51.792
50.809
54.532
51.81
52.206
52.602
63.831
63.899
63.736
63.837
63.987
63.966
51.963
52.051
52.146
52.241
64.251
64.292
64.294
64.298
64.392
64.49
64.137
64.2
64.312
71.401
71.134
52.22
51.864
76.243
76.161
76.171
51.911
51.892
51.747
51.992
51.691
51.949
52.207
52.523
47.987
43.452
58.363
59.075
59.787
57.574
52.993
52.536
71.135
71.243
71.272
52.15
52.367
52.122
52.347
52.03
64.327
64.446
64.631
64.58
64.663
64.603
64.544
64.568
52.56
52.001
64.219
64.508
71.779
76.089
75.83
51.928
52.163
52.048
52.717
54.252
54.248
54.196
54.205
55.405
53.821
55.131
53.87
54.381
54.224
53.555
45.372
46.04
54.444
54.631
54.252
54.489
53.942
54.04
54.326
53.684
53.955
54.226
54.317
54.242
55.058
53.914
55.372
54.056
55.159
53.768
57.211
57.443
57.568
59.333
58.132
56.291
54.45
55.014
54.476
55.047
55.47
55.348
56.245
56.621
56.843
57.091
56.883
57.139
57.025
57.178
57.08
56.878
56.623
55.368
53.375
52.925
54.865
56.804
56.755
75.809
75.728
56.683
56.547
56.673
56.799
56.653
56.706
56.749
56.567
56.814
56.633
56.453
56.807
56.761
56.715
56.653
56.592
56.318
56.587
56.471
56.981
56.822
56.664
56.572
56.454
56.66
56.435
56.832
56.783
56.449
56.839
56.706
56.447
56.895
56.545
56.791
56.828
56.836
56.595
56.489
57.095
56.962
56.828
56.705
56.493
56.674
56.415
56.827
57.401
56.238
57.282
56.374
56.215
56.548
55.574
55.255
54.936
47.407
53.524
59.641
54.285
54.736
55.186
