56.351
56.828
57.304
52.146
51.115
50.084
49.233
48.382
49.4
49.68
49.375
49.42
49.266
48.893
47.877
44.616
41.356
41.966
43.102
41.228
53.802
53.962
54.322
58.183
62.044
69.187
69.018
49.492
50.072
51.545
51.421
52.509
52.994
53.108
53.103
53.347
53.371
53.452
53.747
53.681
52.728
53.213
53.058
52.468
52.904
53.341
53.513
53.461
53.434
52.899
53.428
53.477
53.281
53.126
53.09
53.032
52.996
52.627
51.6
60.942
60.906
60.94
60.961
60.866
61.017
56.619
52.22
53.116
53.259
53.401
53.141
52.133
52.924
52.737
52.518
53.048
52.458
52.414
53.315
52.898
51.587
53.106
52.992
51.056
53.371
53.461
52.734
54.169
51.431
53.282
53.137
53.431
53.343
53.02
52.364
53.191
53.367
53.004
51.977
53.389
52.938
52.693
52.846
52.999
53.724
53.837
53.374
52.911
53.039
53.047
54.079
54.017
54.104
54.461
54.715
54.443
54.263
53.675
51.942
52.474
49.499
49.025
49.256
49.501
50.355
51.939
50.041
50.131
50.498
50.383
50.268
49.974
49.408
49.274
49.276
48.905
49.093
48.215
42.945
43.721
44.751
43.557
48.772
53.292
53.555
52.859
53.659
53.76
54.067
51.369
50.211
49.956
50.364
50.606
50.118
49.87
50.602
50.939
49.977
50.256
50.588
50.799
50.33
50.509
51.202
50.566
49.98
56.328
57.571
56.843
56.832
57.751
51.361
50.528
51.994
51.13
50.447
50.878
51.397
52.173
52.014
53.161
53.245
53.184
52.835
52.73
53.302
52.872
53.376
52.776
53.085
52.62
53.084
53.409
52.878
53.417
52.858
53.052
52.112
52.442
49.446
53.29
57.135
56.988
55.331
53.674
52.472
52.628
52.564
52.492
52.716
52.67
52.679
52.641
52.996
52.845
52.991
52.903
52.982
52.955
52.922
52.937
52.903
52.72
53.117
52.734
52.981
53.155
53.088
53.195
52.408
51.35
64.032
63.946
64.329
64.711
65.194
53.636
54.009
54.382
55.099
54.81
54.677
52.185
51.49
51.811
52.132
51.385
51.924
49.96
47.996
50.21
50.07
50.543
50.68
50.009
49.881
50.458
50.683
56.319
54.096
51.874
51.529
51.185
50.377
49.899
50.088
50.709
50.301
49.563
50.809
49.787
50.291
50.446
51.043
49.075
50.879
50.257
50.623
49.76
51.177
50.126
50.379
50.632
51.304
51.885
51.962
50.895
49.829
51.475
51.836
52.073
52.311
52.257
52.204
51.114
52.209
52.35
52.037
51.725
50.698
50.697
52.21
52.39
52.004
51.618
51.63
52.177
52.063
52.201
