47.727
48.394
47.838
48.386
47.803
47.3
48.299
48.571
48.855
48.974
53.383
52.89
51.798
51.764
52.394
51.341
52.361
47.331
47.828
48.326
47.463
49.197
49.975
50.466
49.842
49.997
50.499
49.782
50.17
50.342
49.879
50.397
50.035
69.737
69.358
53.617
48.677
48.59
47.918
47.771
72.339
72.629
72.702
72.583
72.573
72.539
72.515
72.565
72.628
72.714
72.795
72.624
72.556
64.648
53.399
44.113
44.569
44.841
45.147
44.884
45.049
44.923
45.324
44.821
45.127
45.105
45.018
45.426
43.943
45.578
44.497
43.415
43.041
43.25
43.46
42.942
43.027
43.224
43.208
43.192
43.154
43.116
72.509
72.195
72.205
72.202
72.246
72.313
72.377
72.364
72.354
72.414
72.341
72.267
72.289
72.346
60.303
60.358
60.48
60.678
61.197
52.466
52.856
53.637
53.349
53.025
53.224
53.366
52.943
52.398
51.852
52.063
52.765
53.468
53.33
53.193
50.163
49.311
64.911
64.96
65.001
65.799
53.3
52.598
52.146
51.784
51.779
52.253
65.069
64.976
65.04
56.736
56.743
55.157
54.779
55.66
55.409
56.098
56.541
56.76
57.072
57.289
57.332
57.244
57.258
57.275
57.07
56.642
56.65
56.635
56.566
56.585
56.727
56.785
57.006
57.087
57.242
57.354
57.119
56.224
54.183
53.303
53.077
52.969
52.998
53.171
53.029
59.921
59.642
59.665
71.383
70.979
70.736
70.731
70.705
70.646
70.629
70.681
70.695
70.735
70.677
70.703
70.694
70.718
70.704
70.707
70.691
70.665
70.63
70.603
70.499
70.491
70.516
70.465
70.706
58.775
58.334
58.3
58.992
71.352
71.184
70.91
70.927
70.995
71.132
71.174
71.275
71.539
71.892
72.197
72.667
72.831
72.698
72.545
72.356
72.314
72.297
72.288
72.322
72.306
72.366
72.431
72.481
72.483
72.446
72.492
72.494
72.433
72.505
72.506
72.399
72.291
72.33
72.354
72.396
72.45
72.464
72.412
72.32
60.393
60.406
60.467
60.411
60.442
60.576
60.615
60.546
60.406
60.513
60.442
60.655
60.581
60.686
60.58
60.457
60.353
59.904
51.901
52.207
52.347
53.446
54.544
52.681
52.579
53.148
53.718
53.559
55.852
54.751
54.851
55.239
55.334
54.388
55.271
55.174
54.265
55.31
54.833
55.007
55.605
54.415
55.474
55.243
54.591
55.55
56.119
53.478
52.132
52.773
51.438
52.296
52.782
51.59
52.58
51.93
51.488
53.098
51.533
54.949
