48.987
43.551
44.693
44.009
43.326
55.301
55.819
66.982
64.436
61.889
62.127
70.628
57.527
53.913
50.299
46.238
46.339
44.934
43.528
43.363
43.199
43.316
43.432
43.981
54.352
53.292
52.231
53.802
55.373
55.273
55.172
43.695
43.251
43.814
43.301
43.485
43.179
43.384
43.198
43.355
43.088
43.306
43.002
43.339
43.22
43.1
43.005
43.168
43.054
42.995
42.976
43.137
43.299
43.46
43.219
42.977
77.995
77.999
77.996
78.073
78.149
66.784
55.419
56.939
58.459
56.494
54.529
43.377
43.01
43.579
43.652
43.221
62.063
71.067
71.02
70.992
70.965
70.944
70.924
61.753
52.581
52.197
61.677
56.714
51.751
52.685
53.619
54.117
54.615
54.705
43.687
44.141
43.234
43.708
43.947
44.187
43.17
44.159
43.195
43.324
43.453
43.56
43.668
43.585
43.502
43.507
43.511
43.464
43.417
43.42
43.423
43.48
43.538
43.329
43.12
43.23
43.34
43.28
43.22
43.266
43.311
43.246
43.18
43.194
43.208
48.74
54.273
54.92
57.874
50.588
43.301
43.602
43.752
43.902
43.965
44.027
44.06
44.092
43.953
43.814
43.699
43.583
43.675
43.766
43.748
43.73
43.653
43.576
43.618
43.661
43.656
43.651
43.618
43.585
43.686
43.788
44.206
53.059
51.438
53.382
55.325
44.151
43.443
43.746
43.091
43.826
43.674
43.522
42.947
43.209
43.088
43.088
43.088
43.096
43.103
51.306
54.943
54.353
60.75
60.995
60.804
60.613
60.561
60.34
60.386
60.432
60.885
61.338
60.888
60.991
60.876
60.516
60.616
60.591
60.577
60.535
60.524
60.282
60.518
60.195
60.58
60.359
60.588
60.317
60.047
60.316
60.584
54.896
57.184
51.039
44.894
44.242
42.986
45.241
50.07
46.777
48.675
50.573
50
49.426
49.105
48.992
48.878
52.291
51.2
50.109
50.064
50.019
50.105
50.996
47.776
47.894
48.706
49.518
49.828
46.6
43.373
43.948
42.979
46.279
49.579
47.542
48.225
48.909
53.898
49.779
52.792
55.805
67.682
67.461
55.16
55.833
56.117
56.402
57.981
57.643
58.109
58.382
58.671
58.959
58.897
58.835
58.719
58.365
57.14
43.084
43.991
43.037
46.4
57.97
56.92
68.982
68.99
68.954
68.946
56.908
57.33
57.161
57.299
56.761
57.301
56.684
55.666
58.729
51.246
54.819
58.393
57.09
69.079
68.774
68.955
64.947
60.94
58.03
59.187
57.961
59.409
58.181
59.564
58.648
59.018
57.138
54.877
56.262
57.647
69.226
68.835
68.505
56.301
56.443
57.036
56.514
57.014
56.756
56.404
57.196
56.519
57.038
56.387
50.007
43.223
43.047
43.087
44.537
43.199
57.361
69.329
68.91
56.69
56.81
57.065
57.674
58.446
58.468
58.772
58.928
58.944
59.18
59.377
58.962
58.424
57.936
57.038
53.931
56.031
58.131
57.221
56.947
57.171
68.961
68.977
56.647
56.839
56.26
56.696
56.707
56.51
57.256
56.598
56.899
56.899
56.618
56.266
57.851
59.437
64.199
68.962
68.744
55.669
55.727
55.784
57.456
57.149
58.029
58.07
58.11
58.256
58.402
58.282
58.335
58.161
57.987
58.28
58.019
56.791
56.469
56.317
56.287
68.628
68.588
68.519
68.545
68.653
68.792
68.736
56.768
55.271
54.243
53.255
68.143
68.502
68.28
68.012
63.487
58.962
52.893
54.541
54.657
56.284
57.912
58.187
58.25
58.262
58.374
58.297
58.558
58.698
58.627
58.55
58.132
55.544
54.668
53.057
53.784
54.511
54.914
67.586
67.558
55.303
55.469
55.512
55.654
56.024
55.925
55.698
55.887
55.663
55.578
56.121
55.587
54.439
55.257
54.002
54.454
53.41
53.07
52.928
53.355
53.522
51.829
67.423
67.732
53.36
53.659
53.595
53.359
53.662
53.382
52.731
52.98
51.725
50.531
49.138
46.88
48.295
48.86
49.425
49.486
49.781
49.636
51.064
50.003
50.89
50.518
50.324
54.728
54.31
53.891
53.758
53.626
53.601
53.541
53.19
53.4
53.611
53.701
53.754
53.665
54.177
53.541
53.738
53.968
53.376
53.743
54.184
54.066
53.737
54.591
54.427
53.822
53.217
50.664
52.217
51.798
51.379
56.503
61.627
62.307
62.064
61.821
52.704
51.548
50.907
52.514
52.236
51.3
58.913
55.963
53.012
52.473
