57.047
57.118
56.784
56.724
57.032
57.241
57.031
56.91
56.959
57.185
56.997
57.022
56.893
57.39
56.856
56.755
56.943
56.678
57.008
57.483
56.256
57.263
50.582
49.879
50.952
50.451
50.796
50.838
51.745
51.978
52.211
52.397
52.63
53.03
53.515
54.813
54.626
55.433
54.811
55.261
54.047
55.814
53.12
52.446
52.92
52.339
53.328
52.254
57.022
55.518
56.223
56.644
57.065
64.885
68.975
68.994
62.616
56.237
55.991
56.302
56.612
56.684
56.405
57.009
57.122
57.159
57.299
57.516
57.472
57.393
57.609
60.465
60.955
73.165
73.391
73.553
73.813
62.372
63.227
63.237
63.339
63.591
63.358
63.102
62.814
56.594
57.987
60.743
60.807
60.871
62.658
63.068
63.478
75.111
74.777
74.865
74.762
74.758
62.979
63.16
63.119
63.078
63.242
63.306
63.279
63.252
63.267
63.383
63.5
62.972
63.053
63.134
63.242
63.351
63.372
63.74
64.528
64.783
64.963
64.836
64.724
64.545
64.502
64.574
64.647
64.582
64.517
64.747
64.772
64.8
64.936
64.847
65.411
62.037
62.053
61.883
62.085
62.08
62.108
62.136
61.993
61.902
61.915
61.984
61.996
61.935
61.973
62.046
61.968
61.943
62.1
61.952
61.954
61.849
62.002
62.102
61.914
62.066
65.981
69.896
70.547
71.377
71.91
60.98
61.475
61.99
62.334
62.58
63.64
63.106
63.458
63.531
62.921
61.697
62.419
63.499
62.002
61.787
61.789
62.05
62.31
62.872
64.516
64.638
64.635
64.726
64.736
64.652
64.616
64.562
64.564
64.595
64.544
64.38
64.362
64.395
63.927
63.513
61.517
62.281
61.888
62.109
62.045
61.65
63.512
63.594
64.137
62.651
62.294
61.938
62.208
62.03
62.007
62.031
62.058
61.908
61.983
62.058
62.161
62.065
61.969
61.771
62.071
61.972
62.032
66.692
65.128
65.402
65.295
64.939
64.888
63.944
63.386
64.131
64.065
63.287
63.731
61.56
62.253
62.247
62.578
64.385
61.555
62.132
61.847
61.845
61.843
62.266
61.534
62.71
62.259
62.665
62.769
62.873
62.891
62.909
62.738
62.566
62.539
62.987
62.801
62.726
62.879
62.899
62.559
61.867
76.145
76.142
58.023
56.043
58.737
61.431
62.509
62.284
62.525
62.449
62.373
62.777
62.615
62.6
62.472
62.523
62.338
62.797
62.166
62.655
62.555
62.541
62.584
62.628
62.703
63.03
63.42
63.811
64.501
65.055
65.012
65.137
65.196
65.32
65.031
64.947
65.422
65.081
65.344
65.018
65.732
65.164
65.343
64.895
65.59
59.945
59.911
60.181
59.959
60.306
59.977
59.929
60.108
60.03
60.349
59.803
60.271
59.555
59.999
59.939
60.036
60.097
60.075
60.075
59.873
59.88
59.869
