61.673
59.281
52.006
50.497
51.574
52.651
58.537
59.155
58.685
58.502
59.648
60.795
60.499
60.516
60.639
60.224
60.895
60.036
60.826
60.058
59.727
60.94
59.605
61.373
59.569
61.068
59.599
60.582
60.538
60.493
51.721
51.512
52.935
51.072
61.487
61.944
51.349
52.152
52.063
52.825
53.587
50.305
50.841
57.779
56.402
57.245
57.022
57.583
57.417
57.318
57.373
57.428
48.624
47.143
49.131
48.027
47.536
48.643
48.069
47.782
48.048
59.605
59.274
47.8
48.252
47.742
58.337
71.064
71.077
70.758
70.526
70.619
70.712
70.749
70.786
70.744
70.679
70.609
70.573
70.532
59.027
59.326
58.12
59.202
58.645
59.505
60.365
60.778
60.636
60.637
60.459
62.099
63.739
61.984
60.23
60.319
60.489
60.205
60.699
60.2
60.506
60.012
60.703
60.515
60.327
60.252
60.176
65.452
70.728
70.39
70.336
70.401
70.525
70.625
70.71
70.778
58.509
59.053
58.393
59.374
54.445
49.516
50.85
52.185
49.781
46.47
47.5
60.127
59.668
59.521
58.922
58.323
58.625
58.928
59.364
59.406
60.184
60.962
59.745
61.093
47.445
48.123
47.833
47.177
61.304
74.064
74.029
74.09
57.14
58.906
71.323
70.99
70.723
70.796
70.764
70.771
70.879
70.957
70.961
58.736
47.902
47.979
47.78
47.918
48.119
47.868
47.596
60.669
60.624
60.802
72.604
72.331
72.251
72.172
72.185
72.192
72.306
72.311
60.667
60.018
60.423
60.157
60.352
59.97
59.48
58.99
58.751
58.433
58.471
58.732
58.784
58.836
58.893
58.949
70.745
70.832
70.818
59.183
58.664
59.046
59.435
71.404
71.425
71.011
58.957
49.752
47.9
60.479
60.433
60.299
60.166
60.63
61.172
72.951
72.48
72.372
72.292
72.389
72.37
73.183
73.997
74.008
74.019
60.643
60.289
61.011
60.61
60.798
60.717
60.486
72.643
72.542
60.862
60.406
60.821
61.1
61.379
61.549
61.924
62.3
62.535
62.861
62.751
62.29
56.613
57.322
62.166
62.044
61.868
66.077
70.286
69.717
69.727
69.746
69.766
69.589
69.608
69.648
69.726
69.668
69.76
69.818
57.387
54.629
57.192
53.63
50.069
51.23
52.391
56.058
55.229
55.126
55.072
55.025
55.189
55.47
56.043
53.433
52.943
55.248
57.553
69.666
69.58
69.693
69.587
69.39
69.231
69.165
69.15
69.26
69.394
69.395
69.348
69.309
69.229
69.154
57.368
57.272
57.466
57.39
57.453
57.194
57.165
45.584
44.164
44.304
44.392
44.726
45.687
44.423
44.871
44.919
45.305
45.514
44.147
52.485
51.218
49.95
51.187
61.971
62.335
62.204
62.072
62.027
62.194
61.943
