58.029
57.865
57.803
58.027
57.875
54.388
54.544
46.063
47.381
58.782
57.623
57.891
58.159
58.137
58.116
53.544
54.384
54.002
53.658
54.357
53.405
54.084
53.772
53.834
54.221
55.809
54.945
54.081
58.207
58.126
53.701
53.823
54.099
54.376
53.721
53.979
53.796
54.146
53.706
54.272
55.173
51.285
53.893
49.912
45.932
43.557
44.65
44.48
44.31
44.136
43.961
42.958
45.397
62.075
63.655
65.224
66.861
68.164
69.314
69.894
58.583
58.562
54.307
44.128
44.062
44.781
55.295
57.033
57.836
58.72
58.945
58.972
59.053
58.785
59.011
59.068
58.932
58.869
58.159
57.494
56.83
64.17
71.51
70.999
58.911
58.804
58.774
58.833
58.79
58.949
58.894
70.844
70.842
70.807
70.829
70.856
58.091
58.749
58.885
58.872
59.057
58.823
58.786
58.665
58.692
58.603
58.64
58.75
58.352
57.234
54.38
56.741
50.485
54.76
59.035
58.846
59.111
58.143
57.889
57.635
57.548
57.607
57.531
57.415
57.68
57.391
57.642
57.658
57.464
57.414
56.436
55.207
53.563
51.974
51.782
51.73
52.451
53.172
53.603
53.998
53.381
51.509
58.834
59.314
59.082
58.834
59.374
58.81
62.344
65.877
65.97
65.878
65.901
65.974
66.105
66.238
66.389
54.52
54.619
54.706
54.753
55.144
55.424
55.736
68.056
68.064
67.978
67.892
55.646
55.756
55.828
55.738
55.812
55.701
55.561
55.451
55.551
55.615
55.625
55.582
55.471
55.107
43.932
45.095
43.682
43.377
43.518
43.659
42.946
46.398
44.529
43.076
41.34
45.998
46.689
45.146
45.632
47.505
49.378
57.738
58.523
56.556
56.821
57.085
56.628
43.708
44.162
43.904
43.646
44.626
43.676
43.476
44.914
44.161
50.17
49.19
48.209
55.636
55.932
44.82
44.032
44.515
44.695
44.264
43.545
44.034
45.077
44.754
44.431
44.515
43.534
44.662
45.789
43.63
43.103
45.701
44.37
45.401
46.431
60.819
60.998
61.144
60.993
61.126
61.048
61.403
58.661
55.919
47.332
47.686
56.082
50.207
44.333
43.844
43.676
61.17
61.139
60.984
61.072
61.093
61.08
56.139
57.692
59.33
58.216
51.054
54.113
54.266
54.419
54.465
53.425
53.383
53.042
51.649
48.506
48.533
49.401
48.943
48.484
49.234
49.984
50.911
51.837
56.399
50.501
51.802
53.103
54.833
54.859
54.885
63.614
72.343
72.647
72.586
72.455
72.467
72.988
73.509
49.773
49.724
63.004
62.942
63.298
62.684
63.242
63.637
63.558
63.512
63.5
48.808
49.334
49.539
49.498
49.35
49.611
49.566
58.271
61.441
73.229
72.902
72.79
72.797
72.939
73.192
73.692
74.394
74.854
75.061
75.023
74.985
62.958
62.911
62.784
62.529
61.721
46.096
45.958
44.348
45.542
45.087
59.526
59.108
56.418
57.653
58.888
59.09
59.082
59.068
59.054
59.129
58.63
59.71
59.097
58.893
59.877
60.861
57.171
53.482
43.112
43.42
44.01
50.387
50.01
49.778
49.546
49.472
49.655
58.616
58.545
58.724
71.035
70.924
70.809
70.851
70.909
70.968
70.95
70.965
70.928
70.883
70.705
70.537
70.289
69.724
68.089
54.257
53.361
54.564
55.767
67.009
67.462
67.864
67.895
67.781
67.827
67.895
55.426
56.161
55.572
54.983
55.385
55.749
55.623
55.354
55.764
55.859
55.978
56.163
44.968
46.479
46.971
47.463
44.613
44.84
46.513
46.144
45.775
44.641
63.169
75.297
75.373
75.451
75.387
75.284
63.518
63.73
63.633
63.807
63.829
63.74
63.672
63.638
63.539
63.273
62.645
53.851
52.779
56.626
54.579
52.532
52.829
53.816
61.262
61.291
72.973
72.578
72.449
72.555
72.663
72.982
73.588
74.35
74.626
74.902
74.88
74.789
74.713
62.668
62.844
62.666
62.583
61.484
54.584
47.684
45.831
47.719
59.336
58.921
58.505
58.114
57.987
57.861
58.278
58.666
58.227
58.633
58.795
59.473
53.682
52.994
53.149
53.304
53.23
52.856
53.934
57.677
55.856
54.035
53.696
53.267
60.933
