46.731
46.99
54.034
52.866
52.698
53.473
53.308
53.1
53.228
53.114
53.267
53.283
53.289
53.41
53.297
53.364
53.168
53.159
52.935
53.165
52.944
53.324
53.335
53.363
53.408
53.415
53.295
53.188
53.228
52.863
53.02
52.591
52.907
52.641
47.82
48.82
52.327
52.111
52.152
47.097
49.072
59.817
59.335
56.387
58.351
60.315
60.175
59.183
59.352
60.009
60.311
60.364
60.447
59.836
59.836
59.836
47.485
48.111
47.938
48.097
47.818
49.783
51.747
52.973
52.351
70.97
71.04
52.217
52.543
52.831
52.892
53.854
53.578
53.853
53.928
54.072
54.228
54.198
52.301
53.142
53.716
55.064
56.093
56.185
55.45
55.746
54.606
54.187
53.769
55.926
55.317
55.801
54.986
56.626
53.749
52.813
53.664
55.003
57.436
57.867
58
57.917
57.862
57.714
57.414
57.605
57.741
57.636
57.484
57.578
57.455
69.247
81.038
81.014
74.823
68.632
71.881
63.82
55.759
55.033
55.123
55.214
56.326
55.999
55.363
56.737
57.097
57.342
57.464
57.436
57.279
57.403
56.898
57.347
56.969
57.003
57.179
56.795
51.329
53.195
56.065
57.89
55.837
54.238
56.16
55.993
55.827
55.71
55.593
55.134
54.938
54.576
53.932
67.204
67.369
67.384
67.465
67.399
55.331
55.288
55.213
55.253
55.164
54.286
55.48
54.908
55.06
55.054
54.983
54.935
55.989
57.044
52.782
52.469
52.812
53.156
52.656
52.279
52.124
52.355
52.602
52.848
52.776
53.03
51.752
60.085
59.983
60.165
60.025
52.999
54.208
53.711
53.389
53.068
52.83
53.012
52.883
52.888
53.36
53.183
52.942
53.935
53.791
54.094
54.233
55.686
55.551
54.851
55.388
55.171
55.382
55.028
55.125
55.408
55.246
55.166
55.58
55.319
55.241
55.347
55.295
55.371
55.335
55.826
52.674
52.043
54.946
55.771
55.767
53.959
54.959
55.619
54.648
55.341
55.457
55.199
55.222
55.326
55.289
55.25
55.15
54.291
54.392
54.493
56.004
55.045
55.462
55.268
55.438
55.156
55.132
55.085
55.128
55.734
53.229
51.886
51.234
52.985
52.209
51.063
55.622
54.073
52.322
51.469
52.079
51.812
51.603
52.495
52.272
51.971
52.82
55.713
54.338
54.397
55.373
51.666
51.835
51.231
55.172
55.383
54.764
55.178
55.103
55.091
55.205
55.09
54.964
54.947
55.197
55.221
55.213
55.027
54.841
55.068
54.957
55.281
57.697
52.342
46.987
