52.451
53.498
52.864
53.069
53.273
52.795
53.307
59.005
64.702
65.022
64.902
64.782
65.313
64.963
73.055
81.148
81.166
65.268
65.054
65.222
64.795
65.309
63.035
62.158
62.172
62.565
62.054
62.002
62.532
62.042
61.798
62.419
62.117
61.751
62.387
62.187
61.807
62.368
62.402
61.63
48.951
47.43
46.971
47.036
46.885
47.4
48.045
49.102
49.984
51.161
51.542
52.134
52.242
52.868
52.509
51.748
57.559
57.404
57.011
56.935
56.859
57.671
57.729
54.564
55.306
55.052
55.15
55.262
55.959
55.408
56.347
55.896
56.242
56.183
56.408
56.432
56.149
54.701
53.325
70.134
69.703
60.989
58.685
56.382
55.466
55.368
54.88
55.261
54.564
55.23
54.552
55.382
55.89
55.835
55.78
55.737
55.693
56.006
55.234
54.316
55.782
54.05
53.433
52.816
54.236
53.498
53.301
53.542
53.486
53.508
53.474
53.734
53.607
53.647
52.854
54.262
54.469
53.849
53.295
54.383
54.272
54.94
55.798
54.49
54.83
52.431
50.032
49.645
50.337
50.451
50.365
50.699
50.292
51.639
50.652
50.612
51.262
51.058
51.4
51.879
51.542
50.293
51.714
52.018
52.322
53.144
51.995
52.948
52.961
53.093
54.029
54.027
53.842
54.037
53.943
54.265
54.165
53.564
53.647
54.252
53.014
53.921
54.168
53.286
53.916
53.341
52.704
51.524
50.42
55.351
56.033
54.867
54.865
54.726
66.512
66.324
54.371
54.342
54.319
54.664
54.409
54.39
54.639
55.293
56.398
56.431
56.464
56.462
56.626
56.242
55.651
56.144
56.462
54.887
57.091
56.316
56.835
56.136
55.873
56.608
56.323
56.563
68.643
68.372
56.278
56.302
56.589
56.77
56.937
57.529
56.895
56.475
56.276
56.511
57.016
49.989
49.784
56.948
57.035
56.739
56.545
56.169
56.56
56.823
56.983
57.143
56.865
57.116
56.858
56.206
56.505
56.308
57.273
57.442
77.07
77.103
76.947
56.764
56.737
56.709
77.184
77.178
77.053
76.955
76.967
64.629
64.349
64.07
57.32
60.817
64.314
64.539
64.765
77.178
77.112
77.07
77.109
77.089
77.146
77.118
77.116
64.633
52.149
54.613
52.67
50.726
50.039
77.095
77.116
77.063
77.034
77.065
77.094
77.035
77.031
76.98
50.169
49.549
49.635
49.721
57.107
56.939
57.146
56.776
56.621
77.001
76.964
58.363
57.441
59.38
59.598
59.816
59.308
58.8
67.874
63.846
59.817
59.534
59.25
59.236
59.221
59.561
59.902
60.228
59.145
59.908
59.987
59.937
59.888
60.449
59.621
60.003
60.333
60.032
59.731
60.231
59.56
50.22
49.808
56.726
77.034
77.042
49.17
49.662
49.831
53.642
57.454
56.753
56.051
54.416
58.258
56.597
54.936
62.11
62.118
61.996
61.909
61.822
62.173
62.102
62.018
62.111
62.033
61.973
62.099
62.016
62.008
62.124
61.987
61.982
54.58
54.141
55.534
53.929
53.847
53.765
52.673
53.526
53.295
52.753
53.623
52.077
53.618
52.286
53.515
53.15
53.108
53.404
52.402
53.836
52.468
53.303
54.615
55.926
62.309
62.453
71.752
81.051
81.156
80.994
81.093
65.382
65.211
65.117
65.03
65.116
65.024
81.076
81.082
81.056
81.102
81.146
81.181
81.215
56.935
58.378
58.611
58.843
59.472
47.722
48.492
49.902
50.586
51.454
52.417
53.353
53.55
53.322
53.822
54.405
54.496
55.338
55.374
55.644
55.599
55.998
55.546
56.591
55.242
56.559
55.537
56.595
55.777
56.299
56.574
55.916
56.623
56.204
56.64
56.951
56.571
56.584
57.078
56.709
56.976
57.145
55.696
56.935
55.659
55.99
55.65
55.928
55.829
55.576
55.587
55.597
54.976
55.735
55.529
55.48
55.055
55.596
55.551
55.859
54.729
55.93
55.312
54.597
55.545
54.135
53.125
56.446
55.875
53.702
54.503
53.571
53.376
54.442
54.09
53.739
54.466
53.957
53.993
53.691
54.331
53.99
54.2
54.314
54.385
54.321
53.876
52.807
52.6
51.907
53.996
53.024
51.741
51.621
51.433
51.246
51.243
51.241
51.154
51.068
51.145
51.223
51.328
51.359
51.896
53.373
52
53.013
52.42
52.314
53.305
52.491
52.232
53.148
51.243
51.852
51.026
51.304
51.776
52.27
52.202
52.601
52.816
53.364
53.425
53.374
53.064
53.421
53.94
52.522
53.668
53.778
52.315
51.518
53.955
54.287
54.442
54.016
53.234
50.847
50.961
50.738
51.841
51.81
51.453
50.897
51.166
52.07
51.64
51.233
54.203
52.556
50.909
51.876
52.552
51.686
56.679
57.239
51.901
52.473
52.405
52.263
52.386
52.509
52.364
52.068
52.481
52.897
53.176
51.867
52.445
52.422
52.932
52.718
54.689
56.66
52.629
53.724
76.033
76.093
64.24
64.501
64.763
52.822
52.471
77.145
77.092
