60.048
60.168
60.215
60.262
60.305
60.347
60.364
60.381
60.505
64.084
53.977
66.519
55.373
67.223
55.41
67.227
55.617
64.822
54.307
58.036
61.766
61.258
60.998
60.774
60.663
60.693
60.481
60.571
60.383
59.917
59.452
48.801
48.642
48.482
54.88
61.277
62.36
62.543
62.653
62.955
62.926
61.213
59.501
53.982
57.894
61.805
62.819
63.088
63.157
63.226
63.093
63.1
62.042
60.187
61.939
63.69
74.802
74.621
74.468
74.547
74.346
74.353
62.173
62.233
73.648
72.718
71.639
70.668
70.364
70.981
59.531
59.09
51.127
56.636
56.09
55.545
58.458
59.21
58.99
59.012
58.678
58.534
58.391
60.189
61.988
60.55
59.113
59.497
59.881
59.47
59.058
59.02
58.982
43.35
43.074
43.521
71.513
71.405
71.407
71.376
71.287
69.456
67.625
77.89
77.718
77.368
76.856
76.282
75.674
75.52
68.344
68.246
68.155
67.96
43.801
43.44
43.419
55.252
56.435
56.722
56.945
42.948
43.551
46.95
50.35
69.506
69.257
56.247
56.118
56.206
56.101
52.489
54.058
55.628
56.684
56.989
56.467
69.183
69.084
69.059
76.062
75.869
75.699
75.466
75.267
75.045
74.692
74.188
54.651
54.239
53.362
65.213
64.755
64.881
65.008
65.047
65.085
65.517
65.795
66.083
54
55.032
54.236
54.791
66.563
66.511
66.289
66.467
53.919
43.089
43.034
43.091
50.492
50.088
46.611
43.134
43.224
43.037
43.1
43.159
43.219
43.259
55.348
54.661
55.731
56.052
56.372
56.75
56.801
56.852
56.721
57.179
56.12
56.422
56.725
57.736
57.396
58.228
59.06
71.053
71.137
71.151
71.129
70.992
71.032
70.874
70.736
70.685
64.768
58.851
58.875
58.95
58.799
74.099
74.071
74.073
74.015
74.001
74.105
62.513
