47.973
56.32
60.517
64.184
64.306
64.899
65.791
66.597
67.175
67.608
67.881
68.039
68.368
56.926
48.643
47.615
47.252
48.017
47.927
56.348
57.53
57.315
56.271
55.956
56.047
56.096
56.043
55.988
56.508
56.716
56.899
56.813
56.513
55.023
54.389
53.755
55.298
56.841
55.559
54.277
53.513
53.324
72.571
72.882
54.183
54.042
54.067
53.885
53.921
53.835
53.299
52.396
52.105
51.349
51.483
51.617
51.491
51.178
52.246
52.127
50.98
52.662
52.966
53.271
52.715
52.321
47.981
48.727
53.056
51.742
51.833
51.923
52.025
52.127
52.02
52.169
52.166
52.164
52.412
52.413
52.152
53.171
52.725
53.15
53.138
54.073
55.049
53.88
55.118
54.863
54.787
54.242
54.082
54.278
54.417
54.447
54.358
54.343
54.191
54.415
54.404
54.525
54.591
54.469
54.335
54.49
54.402
54.448
54.467
54.489
54.385
54.404
54.349
54.216
53.822
54.143
54.367
54.518
54.314
52.87
52.607
53.708
57.181
53.061
52.113
51.164
49.166
50.682
49.543
49.742
50.564
49.132
50.044
49.052
50.483
48.753
48.862
48.972
52.958
53.207
53.997
54.062
54.095
54.376
54.571
54.629
54.041
53.454
53.742
54.194
54.367
54.39
54.561
54.15
54.519
54.446
54.61
54.948
54.956
54.775
54.632
54.139
51.567
56.767
61.968
68.354
67.388
67.304
67.235
67.619
68.106
68.678
60.819
52.96
50.105
50.343
49.85
49.703
49.382
48.969
48.372
48.954
49.594
47.522
47.556
47.805
47.568
48.546
48.468
47.641
48.921
47.222
47.616
48.915
50.101
47.199
47.243
46.287
52.635
58.983
60.166
47.523
47.601
48.41
48.251
59.934
59.55
59.253
58.956
58.765
58.574
45.775
46.432
44.672
44.493
44.314
45.723
57.117
58.029
53.025
48.02
47.827
47.635
48.359
49.083
54.664
54.872
48.456
46.612
46.954
46.736
46.518
45.673
50.416
48.415
46.414
47.078
47.843
51.385
49.465
47.544
47.512
47.178
46.896
51.008
55.12
54.797
47.14
47.787
54.895
55.031
59.951
60.058
48.033
48.044
48.087
47.844
51.254
51.561
51.869
52.656
53.443
52.426
51.263
51.937
52.226
52.037
51.853
52.913
60.083
60.026
60.138
60.002
60.181
59.962
60.067
60.24
59.971
60.172
60.005
60.05
60.074
59.985
59.896
60.138
53.707
54.134
51.601
52.257
51.621
51.77
52.484
51.989
51.418
52.156
51.942
51.549
52.792
51.29
51.3
50.119
48.937
54.911
54.618
48.464
47.403
48.225
48.102
47.799
53.466
53.359
52.852
52.182
51.809
51.436
51.397
52.803
51.913
51.024
60.098
60.04
47.7
48.548
60.197
59.998
60.001
60.099
60.093
65.376
64.489
51.928
52.614
52.44
60.03
60.229
60.143
60.201
60.024
53.162
51.481
52.795
51.928
51.127
53.104
51.139
49.55
54.374
55.717
54.88
52.369
53.336
51.976
52.508
55.326
54.249
53.661
55.45
54.563
54.711
54.966
