50.462
49.869
52.019
51.747
51.512
51.933
52.334
52.413
53.486
43.992
43.849
48.364
52.878
51.852
52.781
53.367
52.086
52.389
52.794
65.447
65.227
53.316
52.961
65.172
65.151
52.911
53.464
53.456
53.448
52.863
52.095
50.658
53.849
52.911
51.973
54.431
66.929
66.223
65.839
65.618
53.534
52.8
53.31
53.82
54.225
53.997
53.768
54.868
55.407
57.032
57.516
59.369
72.809
73.422
73.942
74.281
62.49
62.732
62.629
62.903
62.603
57.916
53.228
52.79
50.404
50.176
49.857
50.199
49.723
64.634
64.913
76.886
76.798
76.768
76.748
76.81
76.844
76.839
50.175
50.137
49.637
49.928
50.414
49.824
49.587
64.477
64.239
64.118
75.916
75.913
75.903
75.925
75.872
75.956
64.26
63.965
64.204
51.805
53.026
51.308
50.243
50.063
49.728
50.082
63.522
64.361
65.058
65.068
65.158
65.221
65.202
65.245
65.363
65.477
65.654
65.83
65.368
65.446
65.48
65.251
64.818
64.576
64.46
75.541
75.07
75.033
75.028
75.082
75.106
75.161
75.233
75.27
75.35
63.49
50.494
50.102
48.954
49.755
50.32
58.47
58.736
58.897
59.378
59.467
59.532
59.788
71.827
71.73
71.661
71.689
71.71
71.761
71.727
71.691
71.731
71.713
71.607
71.633
71.659
71.744
71.843
60.004
59.295
50.308
49.984
52.128
52.971
50.247
50.861
48.816
50.353
50.024
49.811
54.789
66.748
66.411
66.387
66.528
66.407
66.538
66.486
66.347
53.663
54.586
55.185
55.783
67.92
68.039
68.242
68.259
68.383
68.383
68.294
68.293
68.365
68.405
68.477
68.542
68.478
68.44
68.413
68.386
68.403
68.342
68.472
68.395
68.412
68.486
68.515
68.381
68.452
68.418
68.41
68.504
68.428
68.437
68.554
68.531
68.493
68.62
68.725
68.72
68.544
68.537
68.621
68.706
68.385
56.502
56.662
56.332
56.687
56.684
56.681
54.731
54.014
52.973
51.843
51.893
52.454
51.253
52.093
52.765
49.104
48.756
47.534
48.098
47.921
48.502
48.147
47.962
48.711
47.771
48.008
48.006
47.947
48.217
48.058
47.981
48.022
48.202
47.444
48.238
49.222
49.564
49.906
50.397
50.382
50.367
46.914
47.678
47.561
50.108
49.343
49.299
50.154
49.976
49.19
49.766
49.51
49.51
49.572
50.444
49.359
49.234
47.344
45.454
49.127
52.799
51.968
51.809
52.149
51.627
52.966
53.181
53.397
53.758
53.631
53.504
53.211
52.917
52.791
52.037
51.472
52.191
51.418
51.3
51.182
51.334
51.487
50.211
50.953
51.695
50.152
49.155
49.166
49.177
49.567
51.255
49.321
48.843
47.035
47.97
48.188
47.384
48.815
48.23
47.102
48.526
48.585
47.227
