54.688
54.213
53.737
54.076
54.414
53.591
54.762
53.742
54.292
54.841
47.972
51.017
54.061
54.158
54.155
53.881
54.023
53.945
49.409
48.071
41.188
44.243
47.297
46.639
51.923
51.624
51.9
53.01
54.119
54.459
54.799
53.17
54.886
53.202
43.047
43.735
43.794
43.865
44.059
59.486
61.738
62.33
63.325
64.243
65.22
66.174
67.145
55.748
56.635
56.93
57.335
57.152
56.324
55.454
55.442
57.408
58.623
60.852
59.667
58.481
58.026
58.093
58.133
58.484
58.603
70.308
70.212
57.536
55.655
54.006
55.478
56.95
58.178
58.311
58.445
57.868
58.334
58.379
70.381
70.355
58.2
56.422
44.22
44.17
44.504
43.676
58.086
58.06
58.035
57.985
58.219
58.401
58.449
58.428
58.393
58.397
57.879
56.06
54.345
39.378
48.232
57.087
56.914
56.674
56.221
56.865
56.622
56.963
57.145
57.124
57.153
57.345
57.454
57.398
56.749
55.555
54.489
54.526
55.555
58.136
58.394
58.672
58.949
58.857
58.873
58.621
58.884
58.938
58.565
56.982
54.675
54.277
53.878
44.29
43.69
60.313
60.762
72.936
72.636
60.672
60.74
60.98
61.251
61.509
61.864
74.228
74.375
74.535
74.693
74.67
74.552
74.267
73.824
72.985
59.931
58.973
58.024
57.727
57.568
57.561
57.484
57.058
56.392
57.708
48.611
48.791
49.126
49.46
53.739
58.018
57.189
57.348
57.596
57.722
57.859
57.805
57.811
57.767
57.778
57.859
57.849
57.829
57.765
57.931
58.097
57.44
57.528
57.58
57.74
57.873
57.734
57.601
57.666
57.61
57.617
57.491
57.494
57.562
57.573
56.112
54.65
54.324
53.998
53.36
53.589
53.918
53.605
54.456
53.135
54.044
53.875
53.226
53.221
53.216
54.293
53.266
53.819
53.294
52.769
52.747
52.725
54.694
53.655
52.615
52.416
52.217
49.382
50.792
52.203
51.324
50.735
51.942
45.885
45.911
46.877
47.843
48.544
49.245
48.898
48.55
51.352
51.268
49.503
49.211
48.92
48.021
58.636
57.922
54.327
53.189
53.976
53.956
53.935
53.608
53.66
54.094
53.427
53.393
53.358
53.575
54.162
53.191
55.041
54.122
58.2
52.35
46.5
46.866
47.231
47.652
48.072
49.514
51.663
53.812
51.294
51.543
51.792
50.485
49.575
48.665
48.142
47.619
48.426
49.232
43.588
44.122
44.204
44.203
44.008
45.34
61.257
62.448
62.991
64.186
65.857
67.638
69.083
58.365
58.072
56.155
43.942
43.621
43.423
43.225
45.682
46.211
57.716
58.405
58.957
58.494
59.079
59.083
59.26
59.365
59.233
59.239
59.311
59.218
59.278
59.049
58.761
58.817
58.776
58.958
59.108
58.948
59.263
59.079
59.195
59.245
59.212
59.186
58.822
57.854
54.18
54.575
52.893
54.169
53.716
58.267
57.718
57.169
57.126
57.526
57.982
58.374
58.743
59.02
59.05
59.099
58.908
58.471
58.135
57.651
57.508
57.603
56.981
57.116
56.808
57.157
57.247
57.216
57.451
57.479
56.839
55.442
54.403
53.257
53.518
53.779
53.811
55.155
54.595
66.659
66.732
66.761
66.891
67.093
67.178
67.235
67.09
54.846
53.086
53.592
54.22
53.751
52.253
50.756
50.346
50.627
51.086
51.231
51.698
51.781
52.173
52.587
52.546
52.227
44.104
43.948
44.462
44.338
54.231
65.774
66.113
66.644
67.535
68.323
68.954
69.477
69.805
69.99
70.001
57.283
55.073
56.624
58.176
57.62
54.815
53.621
56.378
55.896
56.047
55.965
56.164
56.214
56.184
55.702
57.276
48.391
49.891
51.391
51.134
51.798
54.67
56.271
56.48
56.688
56.849
57.323
57.672
57.964
57.941
57.191
54.363
54.756
54.071
47.425
47.255
49.429
51.602
51.515
52.077
52.97
52.512
52.773
52.959
53.067
53.187
53.136
53.271
53.465
53.57
53.448
53.497
53.589
53.58
53.53
53.616
53.598
53.624
53.086
50.401
47.717
48.175
48.513
49.073
31.7
39.913
48.126
48.2
48.571
42.649
41.235
47.586
46.776
51.614
58.396
