47.109
56.204
57.843
57.713
56.633
55.747
54.86
55.004
55.529
56.055
55.669
56.267
55.852
56.149
55.344
54.026
53.492
48.582
47.7
54.584
52.825
52.682
52.977
52.91
53.052
53.342
53.492
53.3
53.548
53.622
53.79
53.261
52.663
48.196
52.753
57.31
56.459
68.35
67.991
55.945
56.026
55.338
55.793
56.078
55.621
56.381
55.621
55.592
54.772
52.977
51.181
57.79
58.127
58.248
58.285
58.247
58.184
58.275
57.994
57.87
58.17
58.132
57.802
57.153
56.092
54.833
55.246
56.719
68.784
68.553
68.479
68.453
68.428
56.466
56.199
56.603
55.613
53.611
53.769
54.025
54.368
54.196
54.975
55.94
55.661
56.501
56.398
56.667
56.462
56.432
56.439
57.019
57.367
57.548
58.034
58.205
58.282
58.028
57.889
57.764
57.703
57.611
57.656
57.579
57.331
57.188
57.168
56.805
50.103
47.55
48.92
50.289
47.566
48.532
49.499
48.073
49.043
50.012
48.947
47.882
54.994
54.207
53.645
53.911
54.176
54.054
53.931
53.71
53.504
60.935
60.954
53.556
53.696
55.946
58.195
58.856
76.031
76.147
57.645
59.15
60.655
43.341
44.139
43.629
43.119
48.392
53.665
54.029
61.102
61.108
58.189
55.269
54.886
54.503
53.497
54.207
44.05
44.755
43.103
43.711
44.205
44.167
43.736
44.482
43.973
43.303
44.223
45.143
49.466
53.79
57.906
57.799
58.075
55.176
53.956
53.962
53.969
55.092
54.607
54.122
56.035
57.948
57.272
56.596
57.588
61.154
60.976
60.639
60.591
60.385
54.171
53.608
53.044
51.089
49.134
48.809
48.483
56.805
58.237
58.916
58.423
57.93
57.023
59.394
58.417
57.836
57.436
49.27
49.533
49.796
57.359
56.282
57.074
57.24
57.892
57.646
57.974
57.833
57.314
56.697
54.918
53.14
53.177
53.215
53.851
53.585
53.434
59.584
59.776
59.889
59.633
59.625
59.946
60.081
60.461
60.719
60.651
60.103
58.932
57.861
59.343
60.824
61.241
59.921
58.874
70.993
70.854
70.849
70.905
71.026
71.145
71.227
58.827
55.697
46.064
45.147
46.001
51.465
51.36
57.394
57.818
58.394
57.115
57.249
57.536
57.841
57.972
57.974
58.07
57.604
55.284
53.669
54.201
53.894
57.921
58.92
59.345
59.221
59.169
59.016
58.926
59.165
58.96
58.882
58.633
57.397
55.92
54.9
53.881
53.743
58.278
56.685
57.366
57.262
56.959
56.746
57.298
57.055
57.122
57.059
57.189
56.474
55.738
54.118
52.105
50.355
48.73
49.357
50.573
51.402
52.018
52.754
52.931
52.822
52.623
52.551
52.411
52.272
52.46
52.648
52.97
53.431
56.009
58.586
58.436
63.572
64.013
65.101
62.535
62.419
62.303
62.895
63.487
53.956
46.173
47.243
46.888
47.607
48.326
47.106
50.921
54.736
