58.882
58.74
53.342
53.047
52.753
51.843
52.008
52.36
50.378
52.386
52.581
52.655
52.73
51.474
62.032
78.077
78.031
78.091
78.049
78.006
78.076
71.025
66.592
62.159
52.06
52.125
58.841
58.828
58.814
58.942
58.787
58.901
58.998
58.68
58.761
58.799
58.874
58.9
59.176
77.97
78.068
48.125
58.511
57.356
56.202
56.412
56.622
70.231
70.86
59.688
59.825
59.131
58.316
59.139
58.965
59.113
59.262
59.126
58.186
58.505
57.769
58.879
58.382
70.598
70.219
70.082
69.945
58.448
57.704
57.734
58.053
57.974
57.895
57.742
70.012
69.991
57.947
58.384
57.991
58.139
57.646
58.944
59.261
59.578
59.415
59.252
59.204
59.155
58.753
59.434
59.651
59.86
60.07
60.195
59.46
59.14
59.195
58.613
59.088
58.676
58.535
58.399
70.184
69.859
69.863
69.924
69.953
69.982
70.012
69.996
69.979
58.033
57.858
58.536
57.659
58.153
58.808
59.463
54.429
57.092
59.755
58.791
58.32
58.628
57.773
58.311
58.272
58.732
58.638
59.437
59.287
59.42
59.901
59.571
59.639
59.493
59.274
58.312
57.349
57.124
57.311
58.746
70.927
70.679
70.478
70.362
70.297
70.31
70.335
70.291
70.247
70.266
70.352
70.326
70.3
70.397
70.493
58.98
59.076
58.607
58.874
58.979
59.064
60.293
60.192
60.037
71.964
71.967
59.758
60.118
59.743
59.143
59.51
60.139
59.996
58.975
59.049
59.478
59.071
58.596
58.26
58.329
58.248
70.136
69.984
70.004
70.059
70.1
70.101
70.212
70.321
70.346
58.658
58.227
56.504
61.089
79.013
79.094
69.538
59.982
60.067
59.949
60.256
59.556
59.062
60.308
59.769
58.968
59.449
59.986
59.484
59.286
59.425
59.009
60.011
59.943
59.031
59.268
60.402
60.274
58.979
60.627
60.057
60.035
60.57
59.748
60.446
60.412
61.41
61.678
61.953
61.919
61.935
61.635
61.307
60.371
61.115
61.858
62.079
57.202
57.073
56.863
55.923
55.127
54.331
54.832
73.881
74.158
74.482
55.693
55.713
56.146
68.097
68.096
68.146
56.426
56.152
54.538
57.384
55.406
53.427
53.139
66.732
66.895
66.881
66.798
66.826
66.815
66.583
66.519
66.572
66.64
66.709
66.905
66.91
66.8
66.963
67.069
67.153
67.227
67.302
55.669
55.781
55.646
56.403
57.16
69.239
69.215
69.057
68.902
68.747
56.705
56.695
56.86
56.93
56.933
56.935
45.26
45.055
45.263
44.219
44.505
45.178
45.453
45.514
49.535
51.405
51.515
51.335
62
61.885
61.84
61.672
62.016
62.132
61.94
62.15
62.144
62.12
56.774
67.886
64.882
61.877
62.012
62.309
56.704
53.921
55.461
58.101
60.742
