53.091
50.866
51.084
51.856
52.417
52.999
52.61
59.36
68.279
80.744
80.887
80.819
51.908
50.897
50.708
52.084
52.754
53.617
54.48
53.095
51.709
52.433
53.079
50.511
47.942
49.418
48.099
52.645
60.464
59.162
74.65
80.743
80.868
80.773
80.793
80.762
66.936
53.111
53.606
53.97
54.812
55.021
55.116
55.313
55.644
55.652
55.698
55.861
56.058
56.038
56.963
56.024
56.532
55.12
64.058
72.995
72.968
72.746
72.766
73.021
59.344
59.233
71.565
71.453
71.368
71.291
71.245
71.292
71.376
71.407
71.357
59.808
59.139
71.265
71.364
71.598
71.66
71.607
71.676
59.93
60.052
60.239
60.585
61.039
73.236
72.983
72.814
72.971
73.248
73.674
74.476
75
75.362
75.419
75.325
75.262
75.252
75.318
63.341
63.237
63
62.637
61.649
61.3
61.349
61.925
62.006
61.835
73.827
73.752
73.659
73.619
73.64
73.722
61.76
61.651
61.77
61.825
61.664
61.53
60.875
55.837
50.798
50.639
65.918
65.888
61.616
61.66
61.68
73.607
73.945
74.227
74.472
74.925
75.249
75.202
75.235
75.241
75.262
75.314
63.19
63.173
60.416
50.469
48.403
47.873
59.122
61.009
62.896
62.75
74.719
74.623
74.602
74.555
74.568
74.573
74.554
74.406
61.984
61.227
60.165
60.418
59.971
59.858
60.331
60.089
60.789
60.482
60.877
61.272
61.123
73.163
73.023
72.816
72.783
72.798
72.792
72.775
72.735
72.742
72.748
72.78
72.793
72.9
72.933
73.091
73.279
61.312
60.714
60.034
60.029
60.498
61.026
61.23
73.202
73.148
73.083
72.984
72.9
72.909
72.792
72.771
72.842
72.872
72.895
72.998
73.061
61.181
60.44
63.262
57.01
50.758
56.092
61.426
61.501
73.598
73.341
73.108
73.337
73.579
74.133
74.33
74.562
74.804
74.924
75.039
75.069
75.005
62.841
62.478
61.583
61.281
59.914
61.283
62.045
62.553
62.747
74.625
74.41
74.296
74.141
74.137
74.136
73.845
73.53
72.759
60.557
59.854
59.99
60.418
60.172
60.479
60.053
60.087
60.487
60.215
60.967
72.739
72.696
72.689
72.63
72.666
72.671
72.685
72.709
72.707
72.639
72.722
72.699
72.692
72.712
60.721
60.683
60.672
60.333
48.231
53.87
59.51
59.841
59.723
59.604
58.958
59.466
59.435
59.404
59.734
60.096
60.624
60.46
60.846
60.731
60.777
60.487
60.296
60.105
48.474
47.252
46.203
46.417
46.632
60.651
60.985
49.119
47.158
60.717
60.541
60.505
60.469
60.331
60.332
60.332
60.332
58.543
58.301
58.059
49.643
60.419
60.384
60.35
68.234
63.227
58.221
58.697
58.836
58.944
59.153
71.202
70.841
70.96
71.079
71.149
60.957
60.08
60.083
60.086
60.748
59.786
58.862
53.559
52.378
51.197
70.972
71.061
74.296
65.718
57.141
60.398
58.894
57.39
57.31
57.23
49.992
46.942
49.013
47.609
46.206
46.645
48.155
49.664
49.12
48.576
49.486
49.242
48.997
48.375
48.514
46.903
49.209
48.461
49.3
53.068
56.835
58.997
80.882
80.795
80.697
80.968
69.77
58.573
58.854
56.309
57.561
58.814
58.63
58.752
58.875
58.528
58.961
58.87
58.779
58.85
59.131
58.953
58.738
58.984
58.955
58.926
58.453
56.127
57.234
58.34
53.728
53.932
54.235
