43.225
42.733
42.24
47.321
46.302
47.266
50.305
49.652
48.259
46.867
48.333
48.204
47.527
48.122
47.174
46.519
45.865
56.939
56.157
52.643
49.129
44.783
43.079
43.262
43.446
46.529
45.455
47.756
47.294
49.681
61.313
59.815
58.317
58.646
58.458
58.27
57.129
57.768
80.045
80.063
80.003
80.155
80.051
80.014
58.415
56.833
56.99
57.147
53.592
46.263
48.273
47.914
47.556
48.516
49.477
48.392
47.308
48.005
47.61
47.216
45.673
49.198
52.723
51.559
51.353
51.955
51.52
52.126
52.997
53.89
54.768
55.486
56.16
56.559
56.873
57.259
57.598
57.89
58.111
58.329
58.495
58.61
58.469
58.357
58.321
58.16
58.024
58.154
56.858
58.634
60.409
59.446
58.483
57.915
58.117
57.342
59.243
58.865
58.724
58.717
58.753
58.478
58.647
58.624
58.613
58.547
58.493
58.31
58.183
57.992
58.23
57.616
56.891
56.166
54.895
54.111
54.82
54.252
54.184
61.184
60.999
61.066
60.977
60.858
64.633
68.408
68.269
68.139
68.238
56.429
56.657
57.253
57.685
58.001
58.244
58.238
70.087
69.925
57.885
57.886
58.041
58.15
58.094
58.285
57.978
58.101
58.153
58.154
58.112
58.056
58.01
57.892
57.893
57.623
57.427
57.074
56.654
55.923
55.819
54.928
55.545
55.608
56.154
56.142
56.14
56.138
55.649
55.318
54.361
53.524
53.309
53.381
65.453
65.214
53.392
53.583
53.527
65.776
65.949
66.002
65.921
52.791
52.877
54.024
53.805
55.493
57.18
57.149
56.66
56.713
56.755
56.481
56.798
56.955
56.354
54.954
53.552
60.851
61.334
58.959
56.583
57.399
57.981
58.109
57.934
57.936
58.026
58.06
58.194
58.104
57.922
57.04
54.432
54.262
51.275
60.053
68.831
68.39
68.287
68.294
56.023
57.111
56.824
56.537
55.923
54.869
53.597
53.748
53.9
53.904
55.658
57.413
57.921
58.248
58.263
58.233
58.229
58.198
57.967
57.998
57.9
57.83
57.737
57.657
57.759
57.7
57.88
58.533
43.469
44.369
44.003
44.312
44.021
44.442
60.684
61.192
61.077
60.961
60.923
56.792
58.879
60.966
61.013
61.264
60.961
60.89
53.511
52.522
50.973
49.424
47.464
45.504
46.123
45.017
52.727
53.049
53.96
49.852
45.745
44.167
43.029
44.406
44.579
44.205
43.813
59.047
58.18
55.902
53.623
53.315
54.763
54.021
53.279
53.61
53.744
53.217
54.16
54.321
54.483
54.201
53.919
53.738
60.384
61.18
61.164
44.479
44.083
43.97
44.287
44.26
53.723
54.12
53.825
54.051
53.738
53.958
57.611
53.316
49.021
49.222
49.423
46.104
44.121
61.575
61.234
60.894
60.924
60.953
60.954
61.159
53.388
