50.462
48.538
46.614
46.756
46.898
48.661
49.736
48.065
51.285
50.945
50.605
51.106
49.276
50.813
49.619
50.54
49.91
50.961
49.64
51.13
49.229
51.254
53.278
52.098
52.197
52.017
52.366
52.667
50.681
52.211
53.415
52.89
53.052
54.021
54.149
54.277
52.157
54.01
52.807
53.028
52.556
52.084
51.819
51.669
51.696
52.466
51.957
50.053
53.455
51.556
49.942
54.501
55.083
54.743
54.403
54.961
55.435
55.908
52.178
54.292
56.407
68.576
68.2
67.232
47.93
47.554
48.865
48.052
47.441
58.459
58.69
58.837
58.746
56.384
54.023
46.778
45.277
45.685
46.093
58.411
58.558
58.632
58.706
58.752
58.798
58.659
58.633
58.608
58.716
45.734
46.366
58.951
58.654
58.702
58.861
46.17
46.007
58.948
58.929
59.071
59.132
59.464
60.816
62.577
75.12
75.175
75.333
63.283
51.232
52.685
52.72
46.414
45.929
46.226
46.204
46.182
45.814
46.15
45.962
45.946
46.129
46.007
64.623
64.382
76.209
76.145
76.038
75.961
75.983
76.064
76.231
64.372
64.415
63.994
45.945
45.829
45.952
64.316
64.244
64.23
64.215
64.318
64.552
64.818
65.406
45.879
46.136
45.874
46.02
45.843
45.883
46.166
45.831
46.137
46.034
45.93
46.027
46.327
47.006
45.949
47.713
46.419
45.125
46.195
45.776
46.156
45.743
46.139
46.204
45.703
45.61
58.222
57.925
46.092
45.887
46.045
45.453
46.203
46.239
46.093
46.092
46
46.059
46.113
45.97
45.68
46.035
45.902
46.155
45.901
46.151
45.996
46.363
45.937
46.153
45.99
45.842
45.993
46.117
46.022
70.134
70.089
70.054
45.809
45.911
46.322
46.057
71.878
72.248
72.354
72.245
72.109
71.85
44.711
44.349
44.379
45.154
44.529
44.973
45.071
45.174
44.923
45.044
45.166
44.772
45.258
44.879
44.9
45.099
44.722
45.221
44.827
45.094
44.916
44.961
45.181
44.717
45.121
44.843
44.892
44.963
44.922
45.239
44.724
45.12
45.711
44.835
45.075
44.69
45.344
44.848
45.235
44.952
44.854
45.245
44.654
45.292
44.573
45.323
44.917
44.91
45.325
44.725
45.408
44.545
45.266
44.891
44.678
45.333
45.243
47.09
47.368
45.346
44.461
45.437
44.535
45.049
44.931
45.026
45.057
44.84
45.298
44.528
45.358
44.691
45.052
45.113
44.671
45.328
44.576
45.285
44.856
45.261
46.094
45.005
44.234
46.228
49.16
47.105
45.051
45.365
52.522
52.622
52.473
52.716
53.123
53.57
53.733
54.698
67.295
67.381
70.931
74.482
74.134
54.277
54.121
53.965
53.947
54.206
54.149
54.093
45.025
45.327
45.121
44.916
56.661
68.998
68.973
68.88
68.802
68.752
68.796
68.84
68.828
68.813
55.189
45.715
44.058
45.402
44.987
44.765
45.242
55.474
55.897
56.32
56.004
56.165
56.325
44.008
45.231
57.414
56.732
56.792
56.852
56.664
56.565
56.466
56.628
56.791
57.158
57.524
57.854
58.219
57.973
57.894
58.197
58.278
57.891
57.65
57.983
55.974
42.952
43.003
43.091
44.354
52.91
69.786
69.476
69.513
69.555
69.529
69.45
69.386
69.31
69.302
69.239
69.288
63.643
62.801
61.959
43.02
43.085
58.12
58.362
58.413
58.446
58.479
70.501
70.447
70.375
70.308
70.242
70.127
70.044
70.175
56.76
54.775
54.587
54.739
54.89
69.049
68.781
68.68
68.694
68.631
68.661
68.665
68.683
68.605
68.383
56.242
54.306
54.38
54.453
54.359
55.829
55.616
68.79
57.634
53.333
49.032
48.378
48.768
49.158
48.408
47.657
45.486
43.315
43.506
44.566
49.811
49.583
44.175
45.496
49.202
49.59
43.079
44.104
47.188
50.271
49.997
43.044
43.525
43.543
42.946
42.997
43.048
43.02
43.054
42.977
50.15
63.45
63.628
51.622
51.201
52.022
52.02
51.45
51.705
51.96
51.733
52.089
52.445
43.806
43.622
44.119
44.704
54.583
54.744
54.607
54.473
54.564
54.527
54.354
54.636
54.704
54.801
54.036
54.713
53.48
66.581
66.454
54.523
54.524
54.688
54.594
54.792
54.671
66.743
66.785
66.818
66.716
66.585
54.565
54.828
54.668
54.769
54.571
54.507
54.42
66.622
66.645
54.703
54.793
54.809
54.704
54.73
54.678
54.73
54.967
54.908
53.853
51.502
52.212
52.921
52.438
50.564
49.655
48.745
49.136
47.473
47.606
48.202
47.932
47.934
47.611
