47.26
47.168
47.076
48.033
47.327
46.62
47.328
48.036
46.606
50.518
54.429
52.522
52.166
52.72
52.502
57.766
59.251
60.736
60.764
62.85
62.908
60.421
60.608
60.486
60.137
62.629
63.032
62.666
60.235
69.647
61.986
70.528
59.449
57.277
55.105
54.539
53.932
53.324
53.11
52.928
52.746
53.364
52.669
53.158
53.674
53.341
54.044
54.217
54.192
54.427
53.963
53.003
50.498
53.009
55.52
56.202
56.457
56.288
56.026
56.066
56.214
55.13
54.046
55.959
55.918
55.952
57.903
59.853
60.127
59.975
59.933
57.989
70.71
70.14
58.399
57.731
56.979
58.088
57.1
57.066
57.031
58.28
57.816
56.054
55.188
55.04
54.891
59.897
61.515
63.132
57.085
56.759
56.397
56.162
56.258
56.354
56.205
56.221
56.237
56.934
57.189
58.016
57.793
57.728
57.988
57.224
57.798
57.705
56.917
58.089
56.771
57.848
57.885
47.234
47.785
46.151
57.738
57.078
56.418
56.78
57.298
57
57.394
56.829
56.264
55.095
55.082
54.948
55.009
54.629
54.858
54.004
55.466
54.66
56.033
55.401
55.213
54.178
56.323
57.176
57.033
57.597
53.924
52.668
52.689
52.503
52.746
52.411
54.259
52.821
51.901
52.378
52.81
50.358
50.088
50.479
49.816
49.836
50.182
49.985
50.939
53.233
52.544
53.309
51.996
51.977
51.957
64.309
64.297
64.22
64.144
64.05
63.956
63.662
51.338
50.729
50.394
49.851
49.62
49.632
49.573
49.364
49.86
50.356
49.081
49.429
49.485
49.08
48.785
48.491
49.199
49.559
49.491
49.66
73.242
73.243
73.176
49.447
50.616
50.212
49.809
49.785
49.113
47.142
48.053
48.965
49.261
49.341
47.929
48.012
48.733
48.506
48.279
50.315
50.24
51.573
51.782
51.99
50.237
51.177
52.117
57.16
53.081
57.414
53.228
49.043
50.642
48.472
48.503
48.534
48.535
48.067
48.881
48.947
49.014
49.706
50.37
49.409
49.898
50.307
49.848
49.738
50.257
49.396
58.452
58.859
59.779
59.824
59.548
59.272
59.081
50.104
51.978
52.715
57.154
61.592
61.706
61.82
73.827
73.616
73.277
73.106
73.229
73.28
73.315
61.331
61.359
61.339
61.516
61.475
61.609
61.579
61.5
61.494
58.54
58.197
58.16
58.123
57.983
58.142
58.301
58.145
58.187
57.863
52.084
51.369
51.671
52.412
53.627
53.231
52.835
52.939
53.04
61.817
61.296
61.516
61.572
73.412
73.216
73.083
73.113
73.001
61.382
61.417
73.672
73.461
73.502
60.334
46.09
45.36
52.915
53.674
58.555
61.248
61.357
73.252
73.144
61.185
61.159
61.202
61.261
60.672
60.97
60.925
59.718
58.953
58.187
58.184
58.476
58.768
57.912
57.66
57.453
69.11
68.986
68.947
60.819
52.691
52.294
52.444
57.139
57.467
56.207
55.825
55.777
54.46
53.422
58.192
58.217
63.278
63.184
70.219
70.078
70.397
63.845
67.263
70.682
70.671
52.064
52.053
52.214
51.598
52.917
53.584
54.898
52.694
52.93
53.649
59.414
59.115
60.234
59.322
59.452
59.581
60.768
60.817
61.059
61.13
61.193
61.145
61.205
61.005
61.087
61.047
61.014
60.996
61.069
61.085
51.916
51.386
51.725
52.584
60.909
60.783
60.601
60.095
59.359
57.987
57.817
58.994
70.984
70.978
71.002
71.135
71.157
71.179
71.181
59.196
59.532
58.862
58.938
59.013
59.359
59.294
59.228
59.086
58.745
59.035
59.326
59.94
59.936
56.31
52.685
51.802
52.126
52.346
51.365
52.145
52.924
50.801
50.75
47.408
48.44
48.647
