47.716
53.223
51.005
57.524
64.043
63.791
83.078
83.107
67.594
52.08
51.985
51.666
52.137
52.514
51.844
52.132
51.726
52.14
51.844
52.042
51.852
52.09
52.152
52.213
51.696
45.198
44.741
45.002
45.226
45.049
45.307
50.128
48.321
48.381
47.11
48.046
47.705
50.386
51.088
51.73
52.179
52.483
52.537
52.616
53.079
53.146
53.132
53.198
53.603
53.764
52.614
53.022
65.291
65.078
53.061
53.168
53.314
53.443
52.938
52.896
53.303
53.582
52.964
52.165
56.561
60.957
61.125
60.743
61.033
60.807
60.894
52.509
53.842
52.817
52.861
52.728
52.997
52.848
52.705
52.622
52.651
52.775
52.883
52.928
52.974
52.723
52.569
52.516
53.382
53.17
52.376
52.109
51.145
49.879
48.613
51.311
51.226
51.36
51.553
52.263
52.623
52.817
52.737
52.757
52.805
53.321
53.286
52.87
52.296
51.768
45.012
45.464
65.281
64.854
52.716
52.757
52.775
53.104
53.026
52.432
44.611
45.309
45.44
50.871
50.392
49.913
50.978
51.078
50.815
50.552
50.058
44.941
45.173
44.559
52.603
51.302
50.002
51.46
51.367
51.408
51.646
52.27
52.499
52.736
53.045
53.031
53.017
52.89
52.903
52.864
45.844
45.152
45.262
44.49
54.392
53.076
52.88
52.897
52.451
52.982
53.44
53.381
52.968
52.142
51.704
48.098
44.493
44.624
46.021
52.622
52.925
53.374
53.583
53.39
53.247
53.365
53.178
52.415
47.915
50.258
52.601
51.753
51.171
52.107
47.804
45.934
52.257
51.291
50.014
51.411
52.193
52.086
50.275
49.933
49.592
51.094
51.139
51.183
50.497
51.628
52.945
52.514
53.05
53.204
53.243
53.402
52.817
52.554
52.715
52.085
50.652
49.519
47.71
51.832
52.116
52.573
52.838
52.645
53.825
52.948
52.521
52.245
51.575
52.004
51.825
52.041
52.381
51.984
51.995
51.98
52.948
52.701
52.513
52.802
52.394
52.566
52.659
52.712
52.369
50.919
51.52
52.996
53.197
52.804
52.41
53.246
53.192
53.139
53.207
52.696
51.922
52.322
52.864
52.98
54.221
53.282
54.746
54.245
54.909
53.943
54.449
53.449
52.616
52.062
51.256
53.049
52.113
52.437
51.957
51.126
51.27
52.902
52.534
64.646
64.451
64.458
64.423
64.386
64.44
51.781
51.133
50.485
52.339
52.56
52.64
52.72
52.577
52.548
52.887
52.674
52.358
52.133
52.419
53.723
53.101
52.955
53.902
53.861
53.74
54.889
53.017
51.993
51.196
51.463
51.534
56.721
61.908
61.801
61.749
61.698
50.776
51.812
51.604
51.396
50.916
50.372
49.828
51.338
51.6
51.862
51.109
51.035
52.073
52.421
50.663
48.921
49.845
50.066
49.502
50.736
49.853
48.836
50.626
50.915
50.376
49.837
50.414
49.059
48.639
48.219
53.474
51.579
49.866
47.684
47.18
52.06
55.374
