48.154
48.593
47.806
48.136
48.245
47.916
56.953
58.893
47.897
48.119
47.671
47.795
48.529
48
50.139
47.53
44.922
45.187
45.788
47.304
53.079
54.532
55.486
56.441
48.205
48.988
54.391
48.927
43.464
43.279
43.021
43.042
43.063
43.106
43.15
44.05
43.431
50.651
55.051
57.587
54.905
52.222
44.129
43.587
44.441
43.896
44.207
44.209
44.098
44.233
44.123
44.467
44.074
44.275
44.119
44.436
44.096
44.187
44.261
43.98
44.053
44.077
43.758
45.807
45.058
44.31
44.24
44.151
44.369
43.36
43.542
43.725
45.234
44.187
43.141
44.617
44.478
43.928
44.786
44.29
44.456
43.982
44.432
44.086
43.947
44.361
50.842
47.493
51.391
47.208
43.025
42.958
43.17
44.413
43.635
44.119
44.604
44.92
47.003
45.504
44.004
54.476
54.767
55.058
55.315
55.572
55.846
56.207
56.539
68.836
68.921
68.972
69.04
57.508
57.294
57.486
57.789
57.285
56.925
55.632
54.542
48.505
49.239
48.932
49.593
48.689
49.316
48.962
49.175
54.849
65.674
65.29
72.277
72.337
72.389
53.692
54.678
55.228
67.698
68.109
68.305
68.313
68.288
68.054
67.614
66.847
50.311
49.717
47.341
49.218
53.161
72.133
76.832
76.924
76.875
76.882
76.857
76.79
76.723
76.754
76.731
76.709
76.691
76.733
76.908
64.963
53.018
53.569
49.129
50.609
53.721
54.023
49.092
49.414
54.406
53.948
54.19
53.579
53.35
53.312
53.172
54.616
54.308
49.315
49.513
49.426
66.007
65.997
43.955
43.4
48.189
48.061
55.324
54.415
53.288
51.706
55.53
59.353
58.699
54.071
53.453
53.769
54.086
49.841
45.595
45.613
45.614
44.975
46.78
47.782
46.49
47.498
48.507
45.734
47.97
50.206
49.878
48.78
50.042
49.251
49.463
49.276
48.944
49.163
58.06
50.717
50.645
50.574
49.611
48.649
46.048
43.447
43.008
50.122
50.606
49.37
49.629
53.831
54.325
54.308
54.445
54.578
49.474
50.573
50.107
49.642
49.4
49.782
49.219
48.859
48.499
54.527
54.541
54.359
54.376
54.051
53.847
53.692
53.602
58.733
58.882
43.027
43.507
44.491
49.782
48.673
49.987
49.391
49.307
49.657
49.256
49.135
48.768
48.565
48.362
47.501
46.639
46.496
46.265
46.213
46.162
46.749
47.248
45.442
44.365
46.384
47.328
46.264
46.371
48.839
51.307
53.099
48.455
47.219
45.308
43.815
48.101
48.724
49.346
48.412
53.492
53.527
53.314
52.278
51.241
53.528
52.753
54.508
52.827
53.313
53.369
52.937
57.24
51.289
49.777
48.265
47.646
48.268
48.89
50.413
54.593
