54.062
54.078
54.03
53.903
54.183
53.21
54.348
53.565
53.942
54.319
53.15
60.838
61.322
60.705
61.127
61.007
60.788
60.719
60.649
60.912
61.174
60.915
61.217
60.779
60.91
61.042
49.171
52.815
49.029
51.608
54.187
54.166
53.867
54.235
53.562
54.398
53.634
53.921
53.985
53.399
54.567
53.588
55.689
57.789
76.277
76.191
76.188
53.991
53.77
53.965
54.164
53.849
54.038
53.534
53.918
53.491
53.981
54.134
53.753
54.2
53.739
54.123
53.911
54.159
53.613
54.276
53.874
53.761
53.623
54.156
53.698
54.259
55.23
53.328
54.745
56.162
55.421
54.68
54.093
53.505
53.607
53.708
54.143
54.507
53.069
54.515
53.358
54.286
55.572
65.187
65.349
65.615
66.061
66.788
67.63
68.342
68.864
69.202
58.08
56.504
56.03
52.196
54.016
55.835
57.788
58.451
59.422
58.137
58.061
58.511
58.52
58.724
58.699
58.734
58.813
58.711
57.688
55.353
54.745
58.055
59.092
58.903
70.74
70.655
70.712
70.737
70.754
70.691
70.637
70.634
58.487
58.403
58.398
57.994
58.102
58.744
58.23
69.816
69.629
69.783
69.938
70.131
58.591
58.86
58.882
58.845
58.807
58.723
58.483
57.384
56.975
57.264
57.797
57.412
57.604
57.398
57.549
57.42
57.423
57.41
57.626
57.698
57.648
57.315
56.036
54.843
54.682
54.905
55.649
55.744
56.641
55.058
55.192
55.254
55.396
55.66
55.93
55.982
55.308
53.353
52.156
51.301
53.151
50.322
51.357
51.219
51.801
51.967
52.267
51.957
52.268
52.465
52.428
53.048
53.337
54.127
54.1
53.923
55.019
56.115
56.309
56.99
57.285
57.316
57.588
57.692
57.676
57.634
57.406
56.789
54.915
52.699
48.047
52.052
56.057
55.767
55.923
56.058
55.947
55.937
55.676
55.791
56.002
55.985
55.963
55.815
55.649
54.411
51.807
51.952
52.097
55.419
57.691
57.604
57.352
57.192
57.294
57.287
57.344
57.411
57.112
56.05
52.938
54.14
54.184
52.914
54.132
51.816
51.155
49.981
51.278
51.25
51.119
51.608
51.473
51.587
51.839
52.012
52.053
51.804
51.851
51.826
51.985
52.253
51.995
52.055
51.8
59.069
55.083
51.097
50.658
50.219
51.162
52.068
51.488
50.656
51.509
58.111
58.087
58.098
58.376
55.415
48.35
48.33
48.309
51.174
54.038
54.098
53.745
53.921
54.097
53.681
53.266
54.161
50.371
54.323
58.275
58.476
58.628
53.593
54.009
