60.642
57.109
56.486
57.202
57.428
57.655
67.8
77.946
77.972
78.066
78.16
67.895
57.63
47.515
47.604
49.18
50.756
47.435
46.685
47.656
47.255
46.853
74.104
74.081
74.024
74.074
50.289
49.77
51.207
51.751
52.294
51.329
59.999
71.552
71.154
62.035
52.916
46.62
45.677
47.873
47.238
45.764
46.197
46.63
46.846
47.164
47.137
46.978
46.569
47.459
46.173
47.016
59.649
60.205
60.715
72.442
72.435
72.533
72.66
72.739
72.732
72.782
60.758
60.696
60.683
59.589
46.666
47.553
57.002
56.907
46.443
47.042
73.906
73.595
68.768
63.941
53.752
63.725
73.699
73.842
73.771
73.699
73.807
73.718
73.492
61.52
47.407
46.081
48.079
45.274
47.207
47.333
46.253
60.681
60.491
60.359
60.498
60.4
60.617
60.499
60.805
60.445
60.965
60.362
61.27
59.787
48.148
47.185
46.999
46.814
47.102
47.391
46.538
62.49
61.967
61.997
61.973
62.299
61.848
61.976
62.181
62.057
61.904
62.13
62.216
62.024
62.018
61.891
59.565
60.925
62.285
59.286
60.91
60.447
60.803
60.368
72.694
72.614
72.714
72.609
72.541
72.608
72.502
72.524
72.581
61.133
60.23
47.005
46.161
47.882
45.958
47.237
46.796
46.533
62.068
74.015
73.786
73.734
73.631
73.546
73.579
73.611
73.501
73.672
73.732
61.806
62.055
61.853
62.228
54.111
45.994
47.147
46.967
46.786
60.489
60.151
60.074
60.501
60.232
60.6
60.179
60.326
60.249
60.243
60.468
60.348
46.502
47.404
47.461
47.519
47.258
46.997
49.86
50.241
61.932
62.477
62.527
62.329
62.317
62.186
62.179
62.194
62.165
62.091
62.12
62.023
61.883
61.943
61.842
61.626
63.937
61.475
59.014
61.495
63.976
62.322
74.154
73.834
73.82
74.098
74.562
75.027
63.458
63.655
63.87
64.125
63.453
63.812
63.599
62.952
62.71
62.074
61.437
63.283
63.687
62.94
61.922
61.14
60.358
72.301
72
72.019
72.004
59.588
60.054
59.975
59.525
71.039
71.005
70.994
70.983
59.653
59.075
59.369
57.785
57.028
57.536
57.306
56.524
57.223
56.393
57.174
56.716
56.417
56.662
55.928
55.559
57.852
59.242
59.64
71.085
70.789
70.618
70.614
70.729
70.853
71.056
71.156
71.103
70.998
70.93
70.925
70.989
71.053
59.117
59.307
58.816
55.279
51.743
52.096
52.553
51.479
50.406
63.965
63.559
63.924
64.453
63.837
63.742
58.61
53.478
52.675
52.421
52.168
50.66
52.088
63.786
63.895
64.317
63.92
63.432
64.145
64.591
54.536
55.124
56.167
56.753
56.761
56.915
57.176
57.407
58.616
58.99
59.444
59.328
59.382
59.325
58.968
58.727
57.923
54.967
51.739
52.544
59.491
58.029
56.568
56.029
55.419
67.224
67.149
67.171
67.193
67.329
67.338
55.466
55.086
55.352
55.218
55.209
54.464
53.754
51.413
53.342
55.271
51.644
48.016
49.193
50.475
50.736
50.821
51.637
51.404
51.485
51.516
51.696
51.813
51.229
51.339
47.262
46.267
45.267
45.334
44.992
45.166
45.373
45.295
45.269
45.084
45.094
45.091
45.014
44.595
44.968
45.102
45.191
45.238
45.147
45.012
45.202
44.847
44.897
44.792
45.088
45.086
44.947
45.27
44.986
45.667
46.29
46.913
55.299
54.358
53.534
50.344
51.099
51.408
52.181
52.311
52.709
52.749
52.994
53.349
53.507
52.706
52.075
52.13
51.791
52.474
55.571
54.412
66.977
66.942
67.021
67.048
66.909
66.9
66.829
55.146
54.796
54.905
53.845
55.094
54.783
53.943
54.329
54.407
54.446
54.918
55.297
55.907
55.972
56.353
56.619
56.571
56.704
56.482
56.395
56.095
56.104
56.36
56.305
56.466
56.553
56.656
56.64
56.334
56.459
56.511
56.373
56.35
56.422
55.116
53.81
50.183
50.502
56.902
56.854
56.748
56.362
57.249
59.655
62.062
62.163
62.021
59.692
64.309
60.431
56.553
57.1
57.003
56.574
57.055
56.537
57.071
57.041
57.19
57.487
57.993
58.685
58.92
59.399
59.183
59.12
59.295
59.05
59.302
58.958
59.113
58.952
59.054
59.016
58.97
58.862
59.036
58.858
59.156
59.012
59.36
58.996
58.645
57.694
44.782
45.282
45.82
44.873
44.664
45.47
46.085
65.019
65.147
65.137
65.398
65.583
65.916
54.232
53.928
54.201
54.474
66.647
66.708
54.546
54.47
54.406
54.369
54.445
54.445
54.56
54.653
54.52
54.377
54.299
54.256
54.561
54.426
54.802
43.146
42.94
43.243
43.011
43.09
43.172
43.145
43.117
55.125
54.752
55.259
55.403
55.548
55.883
56.219
56.586
54.916
54.072
53.901
42.979
43.444
43.181
43.823
43.014
43.645
43.548
43.515
44.072
43.519
44.59
44.685
44.781
43.066
44.148
43.068
44.148
43.216
43.862
42.974
43.72
43.101
43.552
43.451
43.35
43.329
43.307
50.018
50.645
50.402
49.533
46.404
43.275
