47.463
47.728
48.468
47.954
47.713
48.334
47.65
60.527
60.246
60.645
60.239
72.327
72.11
72.084
71.926
72.077
72.06
72.064
72.21
72.151
72.143
72.116
60.268
57.427
51.539
51.924
57.474
63.023
61.816
62.657
62.348
62.444
62.305
63.111
63.056
63.298
63.754
63.863
63.862
63.982
64.1
63.928
63.88
64.085
49.993
48.924
49.981
69.218
77.195
77.238
77.311
77.377
77.347
77.385
77.406
77.412
77.506
77.686
65.823
65.329
65.295
65.291
64.761
57.088
56.83
56.869
52.012
64.094
76.176
75.828
75.556
75.529
75.573
75.632
75.709
75.706
75.657
75.643
75.608
75.636
75.534
75.426
75.397
75.251
75.088
62.745
62.152
59.547
58.959
60.464
60.571
60.456
60.48
60.689
60.712
60.648
60.603
60.025
59.29
58.875
57.805
56.559
61.35
58.098
54.845
55.196
55.444
55.68
55.401
56.319
56.303
56.608
56.271
56.382
55.986
56.582
56.435
56.573
56.336
56.345
55.978
56.053
56.127
56.489
56.122
56.35
56.167
56.822
56.542
56.769
54.216
54.94
55.664
55.664
55.665
56.66
56.349
56.7
50.551
49.885
57.072
57.533
57.134
50.114
49.826
50.015
50.845
49.709
80.984
81.134
68.622
67.989
67.357
74.175
80.994
81.075
54.38
53.54
53.368
54.186
67.549
80.912
81.07
81.014
81.063
81.044
81.028
81.009
69.094
65.572
62.051
62.355
62.514
62.328
71.667
60.88
70.896
66.123
61.35
61.062
61.715
61.916
61.906
61.77
60.994
59.946
58.898
62.235
74.497
74.417
73.963
73.706
73.642
73.484
73.573
73.353
73.417
72.916
71.973
71.188
70.571
70.243
70.136
70.703
56.868
43.307
43.333
43.283
44.088
58.179
58.908
58.747
43.702
43.421
43.573
43.214
43.634
43.106
43.409
43.021
43.076
43.021
42.966
42.954
42.958
43.072
43.186
58.529
58.754
70.833
70.908
71.022
70.862
54.744
54.073
77.753
77.718
70.388
57.959
56.963
56.381
55.798
67.925
67.925
67.938
55.762
43.368
44.037
43.071
54.198
52.462
56.785
56.704
56.612
55.611
43.149
43.6
43.054
43.67
57.662
57.191
56.72
56.525
53.39
50.255
53.163
56.071
56.712
56.48
56.248
57.108
69.095
68.916
57.044
66.439
75.834
75.704
75.758
75.411
74.673
73.694
66.403
65.719
65.915
65.792
66.339
66.566
54.29
54.177
54.27
54.019
66.241
66.51
54.901
54.213
66.712
66.639
66.562
66.718
66.659
43.424
43.262
43.792
43.409
43.687
43.402
43.313
43.298
43.126
43.583
43.13
43.207
43.284
72.89
72.708
73.127
73.546
64.87
67.129
69.387
69.645
69.663
57.965
57.241
57.149
57.056
57.74
57.417
58.093
58.484
59.312
60.139
72.029
71.797
71.811
71.697
71.616
71.605
71.502
71.492
71.465
71.437
42.94
43.386
43.909
44.182
43.711
43.24
43.343
43.778
43.175
44.592
44.521
44.451
53.916
53.599
52.431
52.71
52.1
50.983
49.518
48.053
48.281
62.771
76.202
76.187
47.9
48.518
48.062
60.081
61.578
62.523
63.391
75.332
75.042
74.843
74.817
74.937
75.3
75.802
76.136
76.54
76.981
77.103
77.286
77.321
77.218
77.256
77.245
77.164
77.153
77.102
77.139
65.305
55.55
54.652
59.538
64.423
75.192
73.3
71.571
70.567
70.381
70.573
70.864
71.339
71.767
69.395
67.024
69.452
71.881
71.737
71.717
71.824
59.579
58.02
46.834
45.862
45.092
47.125
47.93
62.179
62.356
61.895
62.237
62.196
49.593
51.096
62.289
62.093
62.203
62.011
61.662
61.743
62.013
62.036
46.069
47.497
48.351
47.283
46.109
44.935
46.972
49.009
61.444
61.504
61.95
61.876
61.865
61.888
61.751
61.784
61.702
61.898
61.782
62.325
62.082
61.84
52.297
50.562
49.643
52.439
60.058
58.784
58.623
58.96
59.139
59.317
59.317
58.594
47.617
48.196
47.909
45.453
46.983
48.513
54.687
53.926
53.166
51.548
52.891
50.302
47.713
47.689
46.78
59.432
53.285
47.137
48.395
48.357
52.233
57.433
52.645
47.857
48.269
47.624
59.35
58.761
48.504
