61.859
61.938
61.974
62.096
61.868
59.109
56.35
55.698
55.047
52.739
56.97
61.201
60.299
61.381
61.479
61.577
61.534
61.491
50.612
48.719
49.36
62.009
61.817
62.024
61.912
61.942
61.757
61.678
61.598
61.736
61.873
56.496
57.082
57.669
61.927
62.044
61.927
62.102
49.891
49.822
60.123
61.946
61.623
61.301
72.376
72.093
72.071
72.035
46.818
46.288
47.655
46.338
47.117
47.374
46.646
47.243
46.814
47.249
62.163
61.951
61.728
61.51
61.293
61.508
61.568
61.554
73.426
73.247
73.116
72.957
72.976
72.939
72.896
72.972
73.062
61.129
61.019
60.539
47.177
46.765
47.537
46.519
47.188
62.484
62.395
74.417
74.258
74.13
74.12
73.996
73.985
73.908
73.987
61.711
62.714
62.106
62.402
62.592
61.759
60.329
47.149
47.109
47.266
47.142
47.032
60.105
60.877
60.434
60.848
60.496
61.049
60.62
60.922
60.886
61.134
60.837
61.105
54.295
57.811
52.441
47.071
46.555
46.869
46.75
46.631
47.263
47.251
47.071
62.656
62.34
62.572
62.491
62.71
62.242
62.309
62.261
62.151
62.252
62.104
61.545
58.737
60.495
62.253
60.998
72.614
72.469
72.372
72.375
72.416
72.434
72.535
72.622
72.625
72.708
72.79
61.078
59.21
47.473
46.675
46.502
47.606
45.922
47.102
47.56
62.582
62.022
62.331
62.641
61.357
61.53
61.702
61.694
61.685
62.581
61.769
62.416
61.806
62.021
60.095
45.605
47.551
46.861
45.686
60.703
59.946
60.527
60.365
60.643
60.279
72.275
72.272
72.347
72.422
72.434
72.44
72.538
60.718
60.186
46.27
47.876
46.328
46.718
48.179
47.213
46.013
49.349
62.536
62.308
62.272
62.286
74.161
74.065
74.057
74.136
74.153
74.169
74.294
74.418
62.392
62.326
62.12
62.28
62.364
62.452
74.6
74.352
74.034
74.002
73.95
73.873
74.265
74.668
75.236
75.66
76.005
63.993
64.11
64.092
64.074
63.694
63.934
63.483
63.601
62.799
62.696
62.851
62.141
61.433
60.577
60.4
59.459
58.518
59.626
58.74
59.47
59.044
59.117
59.027
58.354
57.854
58.254
57.895
57.52
69.389
69.096
68.922
69.023
69.065
56.979
58.282
57.421
57.91
58.061
57.961
58.001
59.203
58.942
59.783
71.729
71.623
71.392
71.177
70.988
70.908
71.005
71.143
71.118
71.056
70.973
70.769
70.641
70.474
70.339
70.354
70.033
69.962
57.464
56.932
64.313
63.668
51.576
