76.616
64.283
64.329
64.375
64.463
64.368
64.273
64.088
64.053
64.372
76.427
77.085
76.828
76.571
63.988
64.194
76.194
76.268
76.109
75.951
57.416
56.942
58.11
58.771
58.987
59.463
59.768
59.588
59.706
59.961
59.9
59.94
60.174
60.006
59.653
57.758
58.586
59.414
63.884
64.375
71.927
72.072
66.589
61.107
60.238
72.08
71.846
71.601
71.581
71.652
71.753
71.805
71.872
71.886
71.964
72.005
72.003
72.014
72.054
72.221
71.939
71.935
71.948
62.269
63.095
62.725
63.031
63.195
63.104
63.014
64.602
65.109
65.3
65.49
66.425
65.497
65.539
65.582
66.498
65.991
65.967
65.427
59.947
60.395
59.354
61.64
63.926
64.347
76.342
76.251
76.481
76.468
76.429
76.627
76.689
76.741
76.623
76.111
62.542
61.214
58.015
54.662
54.178
57.422
58.641
57.066
55.816
57.09
57.569
57.893
57.92
70.449
70.279
70.177
70.108
69.871
69.706
69.834
69.84
69.961
70.068
70.175
70.23
70.335
58.934
58.262
59.573
59.491
57.772
59.335
59.905
60.475
76.878
77.045
77.082
57.95
58.329
58.294
57.899
76.998
77.067
77.131
76.996
76.989
77.015
77.042
58.534
57.94
65.063
76.98
77.058
77.063
77.023
77
77.034
77.079
77.023
76.993
76.963
60.566
60.901
62.33
63.758
64.729
62.772
64.089
64.215
64.556
64.747
64.996
65.102
65.324
65.454
65.447
65.53
65.27
65.538
65.301
65.247
65.051
65.387
65.355
65.583
65.605
65.336
65.159
64.638
63.953
63.248
63.466
63.813
63.636
64.032
63.927
63.61
63.966
76.066
76.12
76.096
75.869
75.836
76.017
75.716
75.48
75.698
75.547
75.265
75.614
75.317
75.628
75.338
75.535
75.58
75.709
75.487
75.805
75.904
76.002
60.941
60.868
60.795
57.273
56.576
64.446
76.328
76.294
76.324
76.388
76.516
76.589
76.705
76.75
76.807
76.892
76.895
77.063
77.041
77.126
77.114
77.113
77.141
77.152
77.281
77.259
77.341
77.692
77.866
78.496
78.755
78.962
79.131
79.202
79.155
67.211
67.24
67.359
67.368
67.301
67.013
66.136
64.708
60.567
60.901
61.235
61.03
60.657
52.669
59.547
66.425
65.843
77.881
77.879
77.904
77.857
77.999
78.211
78.384
78.421
78.547
78.654
78.703
78.81
78.748
78.791
78.893
79.001
79.004
78.965
79.048
79.07
79.246
73.535
67.824
68.674
68.709
68.894
69.024
68.722
67.44
62.737
61.764
60.792
56.685
56.786
57.313
67.512
68.355
67.787
67.65
67.5
67.383
67.461
62.804
58.146
56.824
68.413
63.498
70.207
76.917
76.968
76.99
69.153
69.329
69.473
69.458
69.443
69.289
69.401
69.744
69.224
69.286
69.265
69.245
69.235
69.208
69.227
69.245
69.35
68.963
69.179
68.965
68.726
68.757
68.788
68.84
68.892
77.061
77.047
76.967
77.076
77.039
76.986
60.046
59.462
64.207
59.494
61.493
63.491
70.212
66.708
63.204
63.602
62.728
63.142
62.789
63.209
63.108
62.802
63.235
62.67
62.771
62.872
62.949
63.104
63.007
62.707
63.221
62.938
62.823
63.298
63.104
62.952
63.178
63.043
63.039
62.988
62.937
63.076
62.938
63.002
62.849
62.706
63.037
62.898
63.015
63.197
62.935
63.085
56.32
57.727
57.113
56.739
57.677
56.941
76.976
77.058
77.051
77.09
77.104
77.117
77.112
77.108
71.761
71.621
71.855
74.517
77.179
76.903
77.003
76.98
77.082
77.071
76.89
57.257
58.812
58.678
58.543
65.079
76.995
76.951
