48.544
49.522
48.252
48.223
48.807
47.759
72.056
72.048
62.282
52.516
52.38
52.286
52.495
52.323
57.804
57.312
56.898
56.791
56.684
56.817
57.397
57.479
57.239
56.545
56.765
57.12
57.054
57.259
57.464
55.428
53.391
53.763
47.766
47.477
47.09
54.461
53.663
52.866
52.752
53.079
54.608
49.754
48.362
50.641
52.921
53.04
56.075
52.083
48.091
48.46
48.569
49.351
50.716
50.098
51.316
52.252
53.188
53.582
53.601
53.974
52.055
51.556
52.664
53.327
65.894
65.888
65.977
53.74
54.04
53.983
53.626
51.692
52.32
53.12
53.48
53.801
53.883
53.272
56.445
56.279
56.736
56.353
56.193
56.236
56.24
56.423
56.274
55.972
55.817
55.587
56.112
53.955
53.269
53.723
53.762
52.547
54.732
54.329
53.926
54.196
54.232
55.074
54.877
55.246
55.972
55.874
56.391
57.304
56.821
56.978
56.593
56.129
56.172
56.065
56.351
55.263
56.798
55.666
55.927
56.483
56.311
56.343
56.649
56.746
56.577
56.907
56.069
54.191
52.263
54.812
54.218
60.731
67.245
66.953
66.788
66.661
54.437
54.56
54.6
54.669
54.68
54.797
54.752
54.372
53.683
53.243
52.212
52.329
52.661
52.837
53.509
52.121
63.867
63.903
51.905
52.422
52.287
52.628
52.531
52.492
52.682
52.642
52.778
52.207
52.748
52.465
53.101
52.644
52.791
52.105
52.839
52.323
52.764
52.244
53.291
52.697
52.938
52.003
54.737
53.472
54.423
53.427
54.726
54.204
54.651
54.265
54.193
54.463
54.336
54.465
54.51
54.485
54.475
54.417
54.213
54.267
54.392
54.414
54.354
53.506
54.031
54.976
53.559
55.548
52.797
53.455
54.335
54.48
54.642
54.604
54.63
54.173
54.258
54.308
54.71
54.656
54.722
54.234
55.144
73.39
73.478
54.44
54.694
54.601
54.57
54.378
54.127
53.876
54.794
51.873
53.19
52.478
51.486
53.088
54.894
54.571
54.659
54.462
54.577
54.668
53.171
53.36
53.549
55.248
54.529
55.067
54.736
54.971
54.514
50.748
50.978
51.209
50.451
52.126
53.488
51.806
54.19
55.017
54.96
54.876
55.494
55.033
54.901
55.044
55.23
54.922
55.061
55.292
55.115
54.937
55.035
55.012
54.989
54.805
60.101
60.053
60.069
60.066
61.604
63.143
47.773
48.094
47.164
48.68
63.185
64.114
52.39
52.139
53.086
56.691
60.297
60.265
54.854
54.77
54.686
54.821
55.294
55.066
54.837
60.164
60.095
60.064
60.024
60.044
60.084
60.09
59.979
60.06
60.135
59.988
60.09
59.74
60.08
60.277
