52.181
52.549
52.026
51.502
49.605
48.228
59.16
59.714
61.05
61.7
61.926
73.985
73.962
74.021
74.139
74.343
74.645
74.995
75.443
75.998
76.347
76.634
76.741
76.719
76.682
76.944
76.95
77.016
77.013
76.922
76.95
76.944
76.803
76.738
76.672
76.236
75.546
74.415
73.035
71.7
71.331
71.341
71.479
71.878
71.878
59.526
58.465
57.378
71.744
72.017
71.861
71.819
72.121
59.87
58.478
59.377
59.032
59.068
59.072
58.98
62.755
62.49
62.426
59.002
58.923
58.844
59.012
59.179
59.037
62.426
62.162
59.139
59.114
58.958
58.929
58.901
58.794
62.539
62.174
62.341
62.209
62.276
62.267
62.098
62.295
62.312
62.333
62.552
62.25
62.428
62.284
62.237
62.22
62.072
62.197
62.322
62.078
62.374
62.762
62.673
62.585
62.544
62.503
61.794
58.842
59.285
47.38
47.779
47.419
58.725
58.955
59.159
59.02
58.881
56.651
60.327
59.592
58.856
59.125
58.53
58.946
58.857
58.981
59.238
59.141
59.044
58.229
58.384
58.539
58.606
58.936
59.035
59.192
59.428
59.452
59.598
59.984
59.567
59.396
59.141
59.217
59.283
60.906
59.386
59.794
60.303
60.522
60.749
60.818
61.844
62.215
61.938
62.061
62.224
62.238
60.72
59.203
63.876
64.435
64.733
64.386
64.546
64.241
63.643
47.375
48.356
47.934
47.512
47.786
64.104
64.733
65.756
65.855
65.922
65.995
66.295
66.243
66.391
66.284
66.286
66.398
66.107
66.081
65.005
63.483
61.842
47.498
48.086
48.436
47.702
66.948
66.458
64.714
76.703
76.574
76.401
76.429
76.457
76.203
76.275
64.191
47.434
48.114
64.343
64.173
63.503
71.253
79.003
79.035
59.869
61.139
60.476
60.829
60.776
60.951
60.992
61.033
72.98
73.123
73.382
61.405
60.385
63.463
55.027
52.015
49.002
47.563
48.08
57.686
57.788
57.889
58.212
58.055
57.963
58.243
58.59
58.539
58.807
58.408
58.47
58.457
58.441
58.936
58.662
58.798
58.949
58.647
58.694
58.862
58.633
58.789
58.77
58.701
58.798
58.569
58.882
58.522
58.77
59.018
58.422
59.061
58.837
57.966
58.84
59.071
59.302
59.558
59.521
59.384
47.748
47.924
48.216
48.164
47.815
47.797
48.15
48.52
64.027
64.043
53.727
53.746
53.765
47.886
48.424
48.041
48.247
