60.021
59.878
60.041
60.084
60.321
59.57
64.939
62.183
59.426
59.833
60.298
60.412
61.929
60.023
60.224
60.207
60.191
59.874
59.672
59.47
64.028
63.625
63.385
59.428
59.974
60.296
76.942
77.037
63.319
63.483
64.013
64.027
64.042
64.244
64.214
64.183
64.332
64.481
62.254
63.422
64.59
60.189
59.901
60.139
60.378
64.667
76.983
77.015
76.975
77
77.025
76.966
76.98
76.995
77.018
77.041
76.988
76.936
76.936
76.935
66.505
66.482
66.606
66.423
65.619
77.005
76.934
77.021
77.017
77.013
76.959
77.101
64.102
63.75
64.403
64.77
76.896
77.055
64.71
64.672
64.783
64.924
65.083
65.002
64.971
64.981
64.963
64.797
65.195
64.978
64.893
64.96
65.072
65.896
66.358
78.015
77.999
78.071
78.046
77.993
77.895
77.797
77.94
78.034
77.866
66.201
66.284
66.096
66.215
65.479
65.056
64.589
58.391
58.116
57.84
63.282
64.915
65.594
65.764
65.933
66.39
66.742
67.049
67.406
67.758
68.075
68.223
68.44
68.597
68.528
68.385
68.444
68.165
67.004
61.992
62.222
61.784
63.75
65.717
65.699
66.248
66.252
66.782
66.479
66.753
66.807
66.636
66.773
66.91
66.84
66.91
67.029
66.896
66.772
66.857
66.897
66.709
66.607
66.652
66.486
66.302
66.224
66.313
66.402
70.003
70.146
70.018
69.994
70.066
70.059
70.041
70.006
70.122
69.978
70.061
70.048
70.016
65.955
61.894
62.021
62.026
62.031
70.176
69.989
70.227
70.066
70.095
61.464
61.189
61.489
61.789
61.826
61.998
62.278
62.84
63.403
64.307
64.743
64.832
64.97
64.995
65.161
65.016
64.836
64.873
64.528
70.081
70.097
67.45
64.804
64.762
76.707
76.772
64.817
64.839
64.801
64.776
64.776
64.831
64.795
64.855
64.681
61.937
62.195
70.057
77.027
77.083
62.063
61.856
66.076
78.035
77.903
78.02
78.182
66.204
66.34
66.349
66.305
66.649
66.338
66.554
66.669
66.517
66.602
65.9
67.965
70.031
69.968
62.225
61.975
62.189
63.239
62.722
63.259
64.152
64.502
64.273
64.219
64.17
64.224
64.417
64.437
64.575
64.712
64.866
64.691
64.429
63.913
70.115
70.01
60.801
62.914
65.028
66.377
78.142
78.224
78.156
78.279
78.242
78.267
78.349
78.27
78.462
78.293
78.592
66.531
66.589
66.029
72.625
73.349
74.073
61.773
59.339
59.782
60.225
62.494
64.763
65.567
77.799
77.447
77.247
77.345
77.479
78.261
78.806
79.45
79.763
80.077
80.278
80.535
78.805
77.075
68.572
68.65
68.642
68.635
68.542
68.688
69.097
69.45
69.738
81.925
81.907
82.028
70.14
70.08
70.114
70.148
70.254
70.129
70.201
70.117
70.174
70.206
70.195
70.172
70.09
69.945
69.118
66.299
67.998
69.698
68.788
68.356
68.469
68.584
68.398
68.551
68.766
68.916
68.888
69.01
68.968
68.974
68.939
59.899
59.575
60.898
60.325
59.753
60.321
63.908
64.397
66.582
66.469
66.62
66.693
66.672
66.741
66.81
66.623
66.84
67.072
67.172
67.059
66.818
66.459
66.704
66.604
66.241
65.14
64.6
64.06
64.148
62.346
63.213
64.081
75.923
76.314
76.107
75.9
75.997
76.009
76.021
76.023
76.025
64.033
64.101
75.937
76.071
76.268
76.174
