47.64
49.013
49.739
49.864
50.267
59.23
58.632
53.629
59.942
55.281
54.513
53.744
54.263
54.781
50.393
46.005
47.319
46.477
44.36
44.663
47.945
46.041
44.137
43.192
49.308
49.382
49.476
49.591
49.29
49.305
49.302
66.109
66.368
68.262
58.672
58.251
53.783
57.459
53.608
49.758
50.005
49.856
49.859
49.442
61.085
60.674
65.433
70.191
70.307
70.64
71.154
71.737
72.312
72.851
73.253
73.34
61.121
60.015
58.203
50.137
50.016
50.677
61.244
61.269
73.175
72.929
72.842
72.786
72.749
72.713
72.982
61.345
61.368
60.968
58.469
51.034
47.627
45.264
45.321
60.072
60.718
60.775
60.766
60.94
61.034
61.335
61.374
61.253
60.963
58.4
54.649
54.694
43.076
43.49
72.95
71.911
57.586
43.261
43.213
72.323
72.827
64.223
55.618
51.53
50.773
43.649
43.288
44.242
43.843
44.157
44.236
44.098
63.718
63.712
44.123
44.339
75.294
75.218
75.122
75.08
75.13
75.138
75.111
75.159
75.171
63.323
63.312
63.318
63.261
63.283
63.292
63.232
63.283
63.334
63.449
63.563
63.59
62.939
43.339
44.118
44.352
44.575
50.413
50.484
60.936
62.577
63.112
63.084
63.478
43.274
44.236
44.509
44.617
43.915
44.204
43.969
43.89
43.857
43.948
43.929
43.949
44.018
61.181
62.259
62.113
62.415
62.717
44.995
43.99
43.619
43.248
62.984
62.888
43.822
43.959
44.177
62.605
62.621
62.783
62.984
63.029
63.023
63.071
62.977
62.964
62.877
62.831
62.536
67.631
55.823
44.015
44.073
43.787
43.988
44.189
44.472
45.641
44.677
43.714
44.067
43.938
62.212
62.351
53.251
44.15
43.939
73.801
73.231
72.517
66.671
60.826
44.284
46.005
46.857
47.485
46.493
47.119
47.092
47.605
60.563
60.227
60.868
61.078
72.908
72.719
72.618
72.493
72.53
72.627
72.665
72.67
72.724
72.766
72.768
72.704
72.739
72.799
72.774
72.743
72.718
72.702
72.657
72.679
72.688
72.663
72.668
72.649
72.661
72.676
72.681
72.686
72.667
72.594
72.656
72.669
72.682
72.668
72.652
72.6
72.592
72.584
72.677
72.662
72.695
72.759
72.694
72.757
72.71
72.74
72.682
72.657
72.69
72.675
72.639
72.639
72.613
72.722
72.674
72.714
72.712
72.686
72.618
72.598
72.629
72.686
72.661
72.643
72.66
72.663
72.666
72.596
72.597
72.573
72.637
72.66
72.667
72.648
72.657
72.707
72.634
72.581
72.646
72.727
72.739
72.781
72.783
72.79
72.777
72.868
72.917
73.061
73.085
73.474
73.86
74.348
74.722
74.851
74.913
74.914
62.893
62.992
63.193
62.392
63.21
62.863
62.971
62.916
62.741
62.793
62.345
61.477
60.915
59.746
58.8
57.808
57.133
56.831
57.086
57.759
69.401
69.076
68.677
68.515
68.573
68.653
68.808
69.016
69.255
69.35
69.601
69.628
69.596
69.452
69.165
68.879
68.464
68.153
67.842
67.803
67.834
67.914
67.905
55.448
48.091
48.524
48.228
47.932
54.944
55.181
55.244
55.341
55.505
55.403
55.437
55.532
55.9
56.299
56.105
56.498
56.533
56.134
56.058
55.982
56.009
55.321
55.318
54.543
53.987
53.93
54.059
54.31
54.202
54.256
54.244
54.06
54.178
54.343
54.219
54.17
54.229
54.449
53.6
54.647
54.22
53.67
54.111
54.337
54.401
54.251
52.891
54.236
54.328
54.491
47.956
47.776
54.553
54.731
54.789
60.661
57.528
54.395
54.491
54.563
54.356
54.149
54.511
54.324
51.139
52.925
54.71
54.794
55.182
56.347
48.632
49.797
49.028
48.258
48.301
48.104
47.984
