51.784
50.997
62.822
62.376
61.579
63.108
63.723
64.441
58.928
58.956
58.984
62.068
62.465
62.084
62.048
62.389
62.15
51.693
52.314
52.276
52.461
51.447
50.699
52.096
50.386
48.494
52.786
57.079
56.306
55.533
58.734
58.681
59.467
59.208
59.443
59.548
59.151
59.234
59.384
60.498
61.613
61.181
60.748
69.373
74.67
74.047
64.082
71.196
62.802
54.408
54.451
54.877
54.707
55.408
55.199
55.177
54.592
54.703
54.33
53.852
52.953
57.154
61.355
60.17
47.658
49.123
50.182
50.521
50.51
50.499
74.739
74.745
74.814
50.783
50.334
50.657
50.98
51.075
50.719
50.364
51.567
51.567
51.752
51.147
46.022
47.189
44.553
45.251
44.421
45.017
45.068
45.386
44.838
45.392
44.915
45.303
44.429
44.99
45.115
44.717
45.178
45.285
45.14
44.931
45.11
45.502
45.356
51.458
51.337
52.869
63.418
63.386
63.639
64.295
62.482
60.67
52.649
52.879
53.257
53.91
53.29
53.528
53.983
53.624
54.337
53.864
66.419
66.617
66.892
67.08
67.337
55.283
54.892
55.532
54.622
55.341
54.929
55.154
55.069
67.221
67.094
66.836
53.262
51.352
50.818
50.747
50.676
67.027
67.911
67.845
68.18
68.231
68.65
68.902
68.988
69.006
69.084
68.876
68.691
56.282
56.592
56.324
56.809
56.365
56.678
68.977
68.857
68.883
56.666
56.359
57.205
50.474
49.434
50.206
50.337
49.848
49.36
50.249
56.921
56.701
56.911
56.724
56.816
56.52
56.331
56.336
56.705
57.015
69.026
69.085
68.995
68.94
68.875
69.055
69.269
69.703
70.074
70.687
71.064
71.227
71.142
71.065
71.031
70.947
70.971
70.899
70.901
70.928
70.894
70.955
70.995
70.946
71.002
70.999
58.754
58.244
57.734
58.113
57.822
44.317
44.486
56.315
55.976
54.473
52.844
52.429
51.805
65.39
66.208
53.934
54.246
54.319
54.392
66.823
66.958
66.955
67.003
67.052
55.114
55.041
55.007
54.798
66.731
66.719
54.707
54.726
54.839
54.749
54.919
66.783
66.793
66.807
66.695
66.74
66.777
66.845
66.861
66.877
55.181
55.192
55.203
66.811
66.945
66.851
66.87
66.925
66.874
66.912
66.847
66.896
66.954
67.011
54.176
54.15
54.882
60.453
60.272
60.606
60.299
60.226
60.153
60.097
60.042
55.058
50.075
50.179
50.283
55.673
49.343
55.281
49.243
58.132
50.731
60.815
52.005
65.256
54.201
43.145
43.16
43.415
44.534
45.508
45.622
45.424
45.226
43.347
43.786
43.982
43.653
43.324
43.122
43.046
43.084
49.379
50.98
50.062
50.931
50.644
50.358
61.902
64.354
63.092
61.831
43.287
44.122
71.43
66.656
61.882
61.755
62.274
61.737
