46.184
46.096
46.307
45.58
45.849
46.138
46.076
46.142
45.875
45.919
45.964
45.963
45.961
46.669
46.82
46.972
46.35
45.955
47.739
47.038
47.362
47.977
48.592
46.097
44.178
47.779
46.949
46.119
58.89
59.513
59.917
60.321
53.89
47.459
46.463
47.038
46.548
46.394
47.238
58.624
58.907
58.625
58.313
58.401
58.488
45.941
47.132
45.505
47.045
45.689
45.693
45.696
61.24
60.961
61.113
60.946
61.424
61.903
60.493
53.146
53.149
48.625
45.696
46.712
45.953
46.322
45.433
46.61
45.819
44.845
43.87
52.756
53.009
52.905
52.882
54.782
50.37
55.177
59.984
58.354
58.058
58.08
58.014
57.702
58.305
57.809
57.537
58.098
58.118
58.343
58.558
58.642
58.726
46.206
43.94
44.786
46.453
46.769
47.95
47.97
47.478
47.928
48.165
47.892
48.028
47.873
48.069
48.489
48.996
49.219
48.559
47.353
52.868
61.093
61.236
61.713
53.488
53.016
52.995
52.975
52.714
52.746
47.833
47.841
50.849
47.83
55.224
62.618
62.211
63.027
63.844
47.653
48.665
48.898
48.977
49.056
48.659
47.145
48.043
48.94
49.268
49.392
58.071
65.128
65.142
65.226
65.114
65.083
65.052
58.137
57.979
49.812
48.33
47.913
47.495
47.659
47.886
47.477
47.068
47.364
47.852
47.399
47.868
51.914
50.687
49.459
56.112
62.766
61.084
59.464
59.903
59.786
59.668
46.894
47.15
47.14
47.129
47.672
47.485
47.298
48.194
48.233
59.844
59.954
48.463
47.56
47.583
47.606
48.437
47.963
48.336
48.773
46.869
57.192
75.282
75.179
75.063
56.31
56.312
64.904
66.469
62.237
58.004
46.108
45.168
57.623
57.505
57.842
58.522
46.166
46.407
58.558
61.24
59.437
55.661
55.564
55.467
55.257
55.048
49.282
48.657
48.032
46.529
47.743
47.835
47.871
48.081
48
47.907
48.002
47.843
47.575
47.87
47.698
47.785
50.587
49.162
47.737
61.531
55.132
48.732
48.442
49.454
47.793
48.373
64.724
65.031
75.364
75.396
65.043
64.94
64.829
65.111
64.996
64.903
65.059
64.928
65.009
65.024
64.906
65.021
64.976
64.976
64.976
64.892
64.808
65.061
65.028
65.037
64.723
64.409
66.177
65.527
64.878
65.415
57.284
56.772
57.537
57.05
56.252
47.289
51.973
50.543
49.114
53.966
55.385
56.805
56.851
56.896
47.877
48.832
46.92
46.413
45.906
46.04
49.747
51.096
48.697
48.004
46.492
47.847
66.453
66.248
59.297
46.536
47.209
47.626
47.914
47.006
53.508
60.011
60.589
60.099
60.499
54.849
49.198
48.329
50.037
75.416
75.285
63.373
63.44
49.792
57.069
51.137
49.465
47.793
48.572
48.514
48.593
60.287
60.076
59.605
53.766
47.928
48.057
48.195
47.08
45.684
46.664
48.253
48.726
66.844
66.528
75.2
75.207
75.161
47.992
47.727
47.324
47.748
48.031
48.1
48.136
47.402
47.294
47.464
47.896
48.174
48.318
48.322
47.296
47.821
47.792
47.847
47.903
48.558
48.342
48.151
46.07
44.102
56.23
56.222
75.287
75.501
75.147
62.843
62.566
59.116
52.925
47.999
49.917
50.324
50.443
50.279
50.55
50.828
50.772
50.796
50.846
50.837
50.971
51.056
51.212
51.278
51.281
51.202
51.178
48.608
49.211
75.39
75.239
75.463
75.466
75.469
49.219
51.06
50.113
49.658
49.17
49.097
49.419
49.533
49.467
49.225
49.216
49.156
49.023
48.343
48.53
78.246
77.999
55.552
51.778
52.439
78.061
77.837
77.962
78.087
72.259
66.431
47.267
46.785
77.879
78.165
77.945
60.232
47.347
