46.037
46.369
45.627
45.946
45.995
45.543
46.38
45.591
46.048
46.346
45.973
61.119
61.145
61.039
61.067
61.11
61.002
61.075
61.025
60.776
60.735
63.291
54.695
59.91
65.126
64.922
65.138
65.199
59.046
57.823
56.6
60.85
56.979
53.108
52.342
53.503
53.028
53.566
52.95
57.141
61.332
61.231
61.025
60.819
60.899
60.77
60.972
61.175
61.16
45.46
44.819
49.911
55.004
54.393
57.945
50.689
55.205
55.001
54.797
47.171
45.245
46.813
48.381
47.881
48.618
52.019
55.42
58.37
61.319
62.283
70.617
70.423
54.9
54.702
53.927
54.023
54.118
66.17
66.151
66.202
65.986
66.195
54.103
48.253
48.036
47.697
47.811
48.112
47.973
47.857
48.291
47.981
47.925
48.07
48.215
47.529
47.947
48.429
47.245
47.707
48.168
47.383
46.598
53.419
51.166
48.913
47.02
48.359
49.32
44.476
45.751
49.552
48.246
46.941
49.759
58.614
58.483
58.352
46.526
46.331
45.643
45.052
46.009
45.992
45.577
46.122
46.094
46.147
46.147
46.678
47.21
46.935
46.66
46.78
46.731
46.928
47.064
46.997
46.946
46.571
46.652
46.47
58.569
58.691
46.575
46.743
46.783
46.764
46.644
46.942
46.498
58.502
63.201
61.937
62.328
62.718
62.639
47.763
46.361
46.088
46.171
45.482
45.549
44.094
45.102
45.829
44.9
45.22
45.003
45.342
45.422
44.355
44.102
45.17
46.238
51.213
56.188
54.855
56.528
55.638
46.172
47.172
62.928
63.035
63.04
49.759
44.321
44.876
44.551
44.38
44.974
45.261
45.124
45.909
45.035
45.602
45.769
45.265
46.141
45.806
46.577
46.182
46.423
46.44
47.105
48.706
48.381
48.057
48.61
51.24
49.803
48.366
49.933
49.017
48.113
48.133
48.443
48.929
48.629
48.113
47.916
48.099
49.868
49.759
48.63
48.757
49.699
49.247
48.91
50.348
49.838
49.413
50.435
50.305
50.175
49.365
50.041
50.716
49.001
49.466
49.554
49.347
49.872
49.586
49.301
49.399
49.403
49.184
49.153
49.423
49.424
49.164
49.504
49.29
49.742
50.195
67.079
83.962
83.986
49.447
49.03
49.114
48.897
49.712
50.527
50.211
49.896
49.255
64.08
72.05
72.071
72.068
48.246
49.526
50.806
51.478
52.149
64.608
77.066
76.903
77.111
60.123
54.017
61.501
68.986
68.997
69.034
69.036
69.059
69.039
69.017
71.976
72.029
72.082
70.605
69.127
69.033
69.037
69.211
50.34
44.809
44.983
52.549
61.801
60.351
53.011
53.174
52.392
