57.615
55.774
57.773
55.646
44.869
43.662
46.441
49.22
49.555
49.891
50.096
49.646
49.811
49.635
74.153
74.051
74.064
74.053
74.075
57.057
56.424
58.459
58.514
58.986
58.71
58.143
58.324
58.352
58.597
58.961
59.179
59.278
59.029
59.484
59.536
49.206
49.095
48.984
50.195
50.536
61.049
60.583
60.171
61.192
61.102
61.452
60.543
61.58
61.846
61.73
61.457
61.422
62.165
62.101
62.266
62.509
62.602
62.658
61.909
60.992
61.019
61.103
60.704
61.861
62.039
61.858
49.744
49.588
59.646
58.952
59.867
59.476
59.085
59.2
59.314
59.973
58.745
59.553
58.382
58.722
59.063
58.881
60.349
58.698
59.408
58.479
59.099
58.618
58.628
58.639
59.757
60.978
61.482
61.987
62.09
50.087
49.532
55.517
56.001
56.422
57.036
57.409
57.79
58.328
58.053
58.491
58.353
58.796
58.747
58.863
58.961
59.158
59.123
59.728
60.491
60.3
60.793
60.965
61.552
61.951
62.188
63.177
63.219
63.371
63.025
61.874
62.123
62.372
62.518
62.161
56.236
54.575
53.304
55.75
63.359
62.904
62.58
62.409
62.449
62.373
62.263
61.917
61.587
61.603
62.156
62.673
62.572
63.134
63.601
63.803
64.123
63.648
55.002
55.078
65.161
65.656
65.927
66.255
66.505
66.374
66.218
66.144
66.271
65.975
66.167
76.156
75.969
75.992
54.805
54.853
54.925
54.771
54.893
55.15
54.022
55.189
54.771
54.947
55.126
55.167
55.076
55.273
55.313
55.275
55.097
54.924
54.71
55.181
53.613
53.05
52.487
53.276
54.066
54.33
55.394
54.266
55.015
54.376
53.737
60.21
59.739
59.794
59.76
59.684
59.886
59.756
59.573
59.427
60.011
59.903
59.64
60.048
60.07
60.092
60.316
59.876
60.507
59.892
59.953
60.386
59.964
59.685
59.355
59.917
59.894
59.308
59.259
58.887
58.786
58.48
58.268
58.068
58.609
58.529
58.322
58.683
58.372
58.171
58.136
57.63
56.857
56.723
56.466
56.202
56.592
56.371
56.117
56.731
56.651
62.252
62.123
62.831
62.817
62.872
62.927
56.158
55.93
56.433
56.558
44.49
45.145
45.037
44.919
44.86
44.974
45.046
52.443
59.84
64.07
64.04
63.925
64.082
58.379
58.715
58.057
58.737
58.054
58.619
58.195
58.709
59.029
58.614
64.013
64.019
63.216
63.275
62.789
62.304
61.761
54.687
54.657
62.261
62.218
61.972
62.486
62.999
59.165
61.008
62.85
62.007
61.624
61.159
60.694
62.501
61.59
61.894
62.198
62.197
52.337
51.634
51.738
52.015
