59.763
59.957
60.15
55.144
54.968
55.033
54.907
55.148
55.034
54.881
55.059
54.936
55.031
54.907
55.181
54.865
55.013
54.817
55.062
54.809
55.16
55.143
55.126
54.749
55.285
57.4
59.515
59.762
72.037
72.022
72.061
68.514
64.968
65.061
65.008
64.987
59.62
58.946
58.974
56.877
56.635
56.796
57.345
57.716
57.233
56.879
65.053
64.996
57.777
58.639
59.851
60.212
60.235
60.052
59.503
59.231
57.982
56.734
56.696
56.894
57.114
58.878
65.478
72.077
72.045
72.015
68.066
64.117
63.98
51.803
53.695
54.031
53.843
52.845
54.018
54.02
52.614
54.132
54.232
53.467
53.568
54.059
53.355
52.979
53.709
54.35
54.991
59.855
60.053
59.957
60.006
54.981
55.013
54.976
54.938
56.447
57.26
56.583
56.984
56.628
56.494
56.988
56.401
56.637
56.431
56.263
56.677
56.823
57.707
58.266
58.525
58.669
59.091
59.023
58.781
59.132
58.962
58.754
59.235
59.669
59.099
58.915
59.607
59.925
60.221
59.515
60.499
60.725
60.952
59.041
58.36
57.679
60.533
59.607
61.265
61.341
61.38
61.597
61.692
61.703
61.65
61.766
61.789
61.883
61.952
61.931
62.018
61.99
62.049
62.097
62.123
62.186
62.296
62.256
62.256
62.248
62.344
62.49
62.692
62.654
62.482
62.476
62.58
62.454
62.094
61.676
60.92
61.543
62.686
62.951
61.475
59.75
58.026
58.048
58.069
58.144
58.218
58.014
57.968
58.156
58.093
58.176
58.042
58.012
57.988
58.004
58.029
58.047
57.978
57.958
57.923
57.925
57.96
57.939
61.939
61.898
61.966
62.04
62.032
61.951
62.136
61.936
67.965
73.993
73.982
67.254
60.526
59.802
60.197
60.907
60.3
61.009
61.198
72.255
71.962
71.835
72.025
60.935
61.093
60.801
60.996
61.283
61.501
61.8
61.566
61.449
61.332
60.907
59.809
59.161
58.813
58.662
58.551
58.648
58.841
58.87
59.093
59.627
59.881
60.141
60.136
59.443
58.993
59.293
60.328
60.094
59.951
60.106
60.07
59.712
59.434
59.001
58.248
56.171
60.038
56.319
52.601
52.999
59.071
59.353
59.261
59.408
59.681
59.735
59.753
59.699
59.468
59.153
58.694
58.311
57.72
57.186
57.338
57.24
57.439
56.859
64.459
59.101
53.743
54.881
54.643
54.406
57.585
57.522
58.164
58.277
58.327
58.134
57.714
56.78
55.846
53.4
52.695
59.107
58.837
58.858
59.063
59.216
59.09
59.017
58.855
58.946
59.026
59.2
59.252
59.34
59.347
59.354
59.338
59.64
59.893
60.147
60.294
60.484
60.795
60.726
60.522
60.318
54.948
55.018
60.213
60.424
60.249
60.274
60.076
59.881
59.613
59.572
59.526
59.944
60.021
60.058
60.236
60.298
60.104
59.312
58.689
55.422
54.948
54.908
55.078
54.966
55.072
54.919
55.169
54.875
55.232
54.774
55.152
54.861
55.184
54.908
55.269
72.098
