84.058
49.836
49.18
48.638
48.095
48.211
47.417
48.285
48.15
48.015
47.611
47.988
48.146
47.83
48.141
47.963
46.772
47.905
46.348
47.411
46.539
46.724
46.445
46.165
45.715
45.536
46.252
46.052
46.719
47.948
49.177
49.836
50.211
49.47
50.446
51.422
49.825
48.403
46.981
46.446
46.562
46.334
46.418
46.612
46.187
46.961
46.051
46.133
68.005
68.033
67.785
47.961
46.65
47.749
45.331
45.624
45.433
44.905
45.632
46.169
45.744
45.319
47.187
53.873
60.559
59.915
60.062
60.102
59.706
58.724
57.742
57.774
57.683
57.681
57.662
57.838
57.873
45.632
45.703
44.65
50.321
51.839
53.356
53.613
53.871
53.976
54.614
53.567
52.52
43.081
43.075
52.972
49.076
51.917
54.758
55.372
55.36
55.904
55.923
52.208
54.515
56.821
57.269
56.685
57.424
63.614
54.695
56.143
57.59
57.745
57.9
63.722
54.555
45.388
45.486
45.356
45.553
45.751
45.698
45.812
46.285
46.06
45.692
45.762
45.559
45.903
58.213
58.519
58.695
58.944
58.98
58.932
59.072
59.224
59.349
59.481
59.586
59.707
59.903
59.859
59.804
59.681
59.384
59.311
59.354
59.422
59.328
59.161
58.793
59.103
58.776
46.711
46.974
46.825
46.733
46.469
46.389
46.326
46.337
46.272
46.216
46.522
46.731
46.882
46.955
46.766
46.793
47.032
47.199
47.464
47.558
47.527
47.633
47.589
47.623
47.622
47.541
47.532
47.434
47.549
47.582
47.619
67.044
67.969
67.986
48.035
47.955
82.987
82.959
48.023
47.862
47.885
47.709
47.522
47.344
47.157
83.003
82.968
71.37
59.772
59.992
60.258
59.718
59.886
65.461
71.036
83.029
82.938
82.927
82.957
82.927
82.977
83.024
83.063
83.052
83.044
55.269
53.228
53.582
53.936
53.847
54.38
54.103
54.088
54.228
83.015
82.988
82.965
82.946
70.92
70.963
70.996
70.976
55.957
51.266
50.919
50.571
54.652
82.929
82.918
82.97
83.013
83.026
83.042
83.037
83.033
82.98
82.925
82.928
82.98
82.987
82.994
83.048
83.088
83.012
83.067
83.01
54.92
54.947
55.231
54.503
54.989
55.112
54.929
54.998
55.228
54.896
55.075
54.926
62.971
71.017
71.04
71.029
40.053
38.525
37.689
36.852
43.386
66.999
66.964
66.922
66.968
66.961
69.284
69.366
78.983
79.013
55.241
55.789
55.156
54.848
54.945
54.983
54.609
54.873
54.998
55.456
55.551
61.341
67.131
67.02
67.071
48.008
45.212
44.686
51.176
57.665
57.79
57.914
58.116
58.212
45.624
46.719
46.684
47.126
44.832
56.443
68.055
68.048
48.791
47.523
47.763
47.43
47.21
47.352
47.565
47.191
47.274
47.612
48.257
48.27
48.81
65.891
58.722
51.553
49.41
48.472
48.357
48.651
48.369
49.006
48.113
48.933
48.974
47.956
48.441
48.633
48.824
48.562
49.08
49.598
51.074
52.551
50.045
50.255
50.991
50.566
50.166
50.451
49.75
49.684
61.36
61.108
49.133
50.581
50.683
50.971
51.949
50.37
48.791
50.616
52.441
52.674
52.415
51.95
51.409
52.026
50.768
51.542
51.359
50.982
50.972
51.012
52.005
51.084
51.91
51.992
52.093
52.459
52.813
52.7
52.631
52.786
52.356
52.072
51.573
51.455
51.343
51.281
52.012
52.096
52.863
52.821
53.064
52.424
52.334
51.594
51.755
51.653
51.467
51.837
51.665
51.913
51.787
51.74
51.888
51.857
51.777
52.213
52.478
52.602
52.317
52.665
52.616
52.732
52.177
52.358
52.216
52.202
51.618
51.741
51.822
51.549
52.052
52.165
51.881
52.233
52.61
51.839
51.8
52.236
51.81
51.537
52.054
51.565
51.718
52.147
51.429
51.813
67.046
67.019
66.907
68.077
68.033
67.739
67.651
67.564
52.359
51.759
84.112
84.022
71.919
71.992
71.981
50.671
49.662
48.229
47.835
47.431
59.972
59.992
81.029
81.064
81.038
