55.68
54.623
55.083
54.52
51.127
52.094
52.884
53.784
54.517
52.562
53.534
54.418
53.365
53.104
54.966
54.507
54.874
54.648
53.959
55.27
53.996
55.147
52.812
52.565
51.715
51.878
52.59
53.571
54.052
54.533
54.539
54.403
54.672
53.472
54.302
54.391
54.374
53.474
54.612
53.525
53.479
53.432
51.305
53.179
53.013
51.797
52.631
67.168
66.803
54.691
55.396
53.913
51.117
52.462
52.33
52.143
52.023
52.673
55.679
54.604
54.455
54.964
52.965
53.133
55.854
54.637
55.166
55.359
54.86
54.568
54.336
54.219
54.583
54.605
54.332
53.803
53.821
53.77
52.402
52.564
51.844
51.092
51.219
51.374
50.587
50.507
50.235
50.142
49.936
49.651
49.79
49.391
55.114
53.807
54.92
55.093
54.9
55.024
55.049
54.941
61.937
61.78
50.778
49.93
50.166
50.291
50.616
50.062
61.867
61.749
61.89
54.63
55.146
55.07
54.754
54.499
55.728
54.069
54.402
54.735
54.629
54.891
55.067
55.388
55.543
61.963
62.053
62.019
62.141
62.174
55.723
55.737
54.951
54.661
55.09
54.975
55.216
55.577
55.445
55.261
55.511
55.342
55.196
55.41
55.463
55.648
55.508
55.777
55.861
56.36
57.667
56.968
58.627
54.68
56.52
54.621
55.856
55.836
52.3
51.756
52.629
55.906
56.012
55.725
55.708
55.855
57.464
55.79
55.677
54.424
55.579
55.761
54.343
56.017
56.42
51.824
51.941
56.406
56.459
56.34
56.221
56.137
56.052
53.898
55.792
55.931
55.924
55.917
54.798
53.68
52.518
51.356
56.331
56.372
56.413
54.872
58.092
56.73
56.816
56.903
57.34
57.495
57.167
57.613
56.566
55.96
55.771
52.966
52.642
51.444
51.973
53.102
51.542
51.092
53.9
