48.067
53.794
53.845
53.992
54.385
53.683
48.882
48.788
50.314
51.841
55.466
59.091
58.416
59.058
58.777
56.264
53.491
53.412
53.334
54.481
53.854
52.235
50.613
50.1
48.948
47.62
48.105
48.589
52.368
51.217
52.816
52.994
53.172
51.969
50.765
51.163
50.881
50.599
47.548
46.614
47.326
48.039
52.558
50.604
51.174
51.744
51.686
51.741
51.71
51.68
52.384
51.726
52.026
52.207
51.807
51.97
52.034
51.676
51.79
51.973
51.982
51.869
52.186
51.929
52.271
52.614
52.414
52.214
79.114
79.035
78.928
78.822
52.511
48.971
44.977
45.886
44.42
43.607
54.951
54.527
54.13
54.326
54.042
54.65
54.347
66.682
57.002
67.995
78.987
79.056
78.986
78.985
68.01
57.035
56.944
56.952
57.075
57.099
57.01
56.922
57.264
57.452
57.918
57.792
56.946
57.055
57.523
58.044
46.19
45.958
46.022
46.07
46.123
46.202
46.282
46.397
58.467
59.282
53.582
53.066
52.551
83.087
83.061
65.946
58.876
51.806
48.964
47.617
47.455
47.497
59.28
59.21
59.408
57.364
49.473
51.651
53.829
53.994
53.815
54.522
50.35
50.601
50.822
48.904
49.525
49.583
49.587
49.595
49.574
49.622
49.46
50.891
56.693
53.039
49.385
49.572
50.279
50.345
49.949
49.496
49.458
49.739
48.899
48.82
48.772
48.407
48.341
48.237
51.721
60.378
66.193
72.007
84.079
84.013
72.301
60.588
60.341
60.888
61.457
61.381
61.291
61.031
48.642
47.932
47.213
48.218
49.108
84.106
84.065
68.502
52.939
48.96
48.743
48.509
48.313
48.273
48.301
48.44
48.338
48.039
47.873
47.91
47.795
47.83
47.475
46.582
46.75
46.917
46.602
46.517
46.419
46.221
46.266
46.426
46.63
46.872
46.046
46.437
47.318
47.938
47.139
48.358
49.576
49.885
50.194
47.433
47.249
58.551
58.543
58.256
46.668
46.56
58.552
58.878
58.34
58.195
58.051
57.638
57.45
57.214
56.978
56.579
56.344
56.302
55.875
55.148
43.364
42.988
54.691
81.032
81.025
59.805
59.937
59.989
59.999
59.919
80.984
81.007
80.99
81.006
81.003
81.037
81.044
80.977
81.033
81.011
81.004
68.437
55.87
48.912
45.607
43.742
47.428
47.717
48.163
48.008
48.086
48.081
48.666
48.516
48.753
49.068
49.528
49.648
49.643
50.087
50.532
49.347
48.162
48.749
49.323
48.43
48.603
48.255
47.001
47.102
48.428
46.525
48.036
47.679
48.182
47.713
47.244
49.529
48.196
49.155
50.114
47.528
47.495
47.464
47.039
47.325
47.418
47.555
47.813
47.082
47.26
47.521
47.779
49.256
