51.563
51.957
52.351
51.984
51.618
67.009
67.006
67.004
67.035
67.005
67.069
67.078
67.013
66.949
67.024
66.893
66.764
66.963
53.108
52.357
67.092
73.84
72.994
76.691
77.545
74.037
67.812
70.66
66.338
62.016
61.772
62.084
62.397
53.239
63.6
73.961
74.018
74.059
61.761
63.027
52.924
59.214
65.503
65.062
65.394
65.395
57.72
57.392
57.064
54.498
50.698
52.173
56.78
50.473
57.862
50.683
57.8
64.916
65.316
65.1
64.884
65.217
60.57
63.777
64.277
64.776
64.75
64.724
64.569
64.414
64.141
64.184
64.228
59.747
55.267
55.594
55.794
56.005
56.058
56.118
56.195
56.05
56.053
56.235
56.443
56.573
55.883
56.683
55.712
56.2
56.207
56.02
57.588
57.117
56.78
56.611
56.732
56.588
56.636
56.798
56.96
57.077
57.459
57.301
57.897
57.565
57.203
57.169
57.043
56.952
56.985
57.104
56.658
57.166
57.253
57.218
57.331
57.217
57.169
57.28
57.453
57.08
57.099
57.217
57.506
57.47
57.542
57.718
57.758
57.424
56.957
57.023
57.251
57.994
57.456
57.541
57.312
57.742
57.118
57.673
57.124
56.983
56.347
56.63
55.588
54.743
54.838
54.934
55.465
49.812
49.838
61.851
61.955
62.091
61.92
62.065
62.036
50.751
51.351
51.304
51.297
52.684
53.034
51.555
53.523
52.007
53.838
52.235
51.58
52.569
51.419
52.733
50.664
51.843
51.641
51.859
52.243
51.946
51.763
52.008
51.936
51.799
51.902
52.208
52.178
52.018
57.099
57.035
56.933
56.59
56.74
57.317
57.259
57.335
52.195
52.093
52.049
52.004
52.142
52.291
57.11
56.806
53.636
55.247
57.245
55.305
56.354
56.298
56.481
56.836
56.957
57.274
57.592
58.145
58.4
58.724
58.51
57.856
58.437
59.038
59.131
59.255
59.295
59.408
59.47
59.417
59.201
58.967
59.042
59.067
59.172
59.148
59.073
58.998
59.248
59.347
59.022
59.007
59.137
59.167
59.538
59.299
59.167
59.278
59.285
59.43
59.846
60.158
59.61
71.277
70.995
59.145
59.245
59.552
71.647
71.758
60.213
59.614
59.162
59.177
59.253
59.228
59.214
59.446
59.712
59.588
59.221
59.295
59.071
59.097
59.071
59.373
59.229
59.091
59.107
58.999
56.311
53.624
53.969
59.07
59.241
59.132
59.281
59.312
59.055
62.439
62.447
62.857
62.544
62.425
62.43
62.393
62.409
62.623
62.512
62.732
74.087
74.046
68.024
62.002
62.175
62.203
62.08
67.983
73.886
74.038
83.733
83.758
73.903
74.101
74.299
62.071
52.418
52.906
53.394
