77.868
77.941
47.751
46.828
45.015
44.118
45.268
47.614
48.204
48.787
49.083
48.634
49.436
49.14
48.556
49.225
49.244
48.726
48.877
48.745
48.942
57.507
59.507
48.326
48.685
48.964
48.999
49.559
48.404
47.457
46.51
46.918
47.84
49.096
47.805
47.783
47.989
48.519
47.697
48.889
49.016
48.17
48.42
47.901
46.828
52.391
50.624
48.857
47.92
46.982
46.624
46.1
47.125
46.891
46.788
58.649
65.432
64.198
46.547
46.683
46.436
46.561
46.589
50.386
48.872
47.357
43.427
43.646
46.511
46.272
55.887
55.763
55.639
56.776
51.248
45.72
45.696
45.463
45.432
45.619
45.318
49.136
47.94
46.743
48.126
49.509
50.353
51.198
60.632
55.583
60.275
55.626
64.834
58.381
60.335
62.288
51.779
52.448
51.211
51.717
51.58
51.443
51.766
52.09
52.083
52.077
52.967
52.208
53.37
57.812
56.534
80.061
80.058
80.072
80.062
80.056
80.181
80.136
80.092
80.007
65.703
73.833
81.963
82.02
81.981
55.38
49.079
50.672
50.548
65.011
64.839
58.197
55.287
66.218
77.15
76.722
76.856
76.989
64.945
49.606
51.169
50.054
48.939
43.289
43.32
45.66
55.5
55.58
55.331
54.577
54.871
55.165
54.944
54.723
64.347
67.646
61.998
56.351
51.628
51.709
53.785
55.861
55.639
54.72
53.8
54.505
55.21
70.574
70.426
53.932
54.462
70.2
69.944
50.873
50.965
51.304
53.34
54.253
54.852
53.153
53.962
53.32
52.677
51.344
50.159
52.323
51.682
50.795
53.521
56.248
56.159
49.909
43.659
45.567
45.432
45.591
46.116
46.377
46.208
46.059
46.266
46.529
46.13
45.376
45.251
45.466
56.507
55.844
55.686
54.242
56.056
57.871
57.729
58.08
50.788
51.39
48.502
45.614
44.335
44.671
44.684
44.697
44.481
50.915
52.716
54.518
45.431
50.603
55.775
55.705
43.457
43.479
43.973
43.66
43.451
49.58
55.71
71.956
71.992
71.99
71.981
71.967
66.114
66.033
64.548
63.062
63.045
63.109
43.468
43.536
43.772
44.776
44.18
44.454
44.502
44.242
44.337
44.131
44.525
44.034
44.078
44.466
44.188
45.421
44.591
43.762
43.94
44.118
46.363
48.609
60.178
56.106
59.375
51.832
54.085
56.338
55.019
44.441
46.199
62.832
63.284
53.486
49.022
52.342
55.661
55.051
54.201
54.897
55.06
54.061
54.436
54.952
54.746
54.54
55.026
54.44
53.854
54.428
55.003
54.986
54.969
55.296
55.227
55.159
55.309
49.107
49.261
49.113
48.964
48.491
47.697
48.358
55.2
55.052
50.317
49.473
55.585
51.498
47.41
49.399
50.113
50.035
50.507
50.058
49.944
48.378
46.812
49.78
48.728
65.025
64.977
64.977
57.117
55.206
53.939
54.223
73.196
73.075
72.591
66.468
60.345
59.715
60.64
62.839
61.714
60.588
48.58
49.299
54.282
53.018
51.754
55.317
57.255
59.192
56.968
54.745
54.285
54.349
53.905
53.474
54.471
55.467
55.752
56.301
48.484
48.159
56.936
58.416
52.147
45.72
46.473
47.226
45.584
46.942
46.706
46.109
45.513
46.432
46.229
