44.04
43.902
44.123
44.09
43.91
44.846
75.353
73.89
72.427
74.896
76.458
72.082
73.608
44.148
43.936
43.848
43.93
43.762
43.933
43.891
43.702
43.686
44.162
43.3
43.376
43.453
43.918
43.872
44.014
43.71
44.174
43.539
43.961
44.102
43.971
43.893
43.815
43.748
44.266
43.768
43.715
44.139
43.755
47.389
47.795
48.2
44.265
44.002
44.157
43.888
49.784
46.892
44
43.954
59.813
59.072
56.471
55.229
53.986
53.154
53.093
53.224
53.792
54.278
54.5
54.825
54.743
54.901
54.959
55.129
55.287
55.519
55.645
55.647
55.51
55.388
55.145
54.831
54.757
54.7
54.841
54.817
54.9
54.795
54.88
54.927
54.935
54.587
54.748
54.649
54.802
54.65
54.495
54.222
55.476
49.635
51.097
52.559
54.115
55.672
55.084
54.799
54.918
54.952
55.031
55.134
55.148
54.884
54.986
54.972
54.937
54.883
54.805
54.372
55.184
54.796
54.408
53.884
54.963
55.087
54.961
54.912
54.836
54.875
54.808
54.972
55.019
54.899
54.525
54.209
53.764
53.337
51.173
51.514
51.856
59.661
67.466
66.997
50.123
48.772
48.849
49.236
49.676
50.048
50.109
50.146
50.424
50.826
51.089
50.856
50.624
52.012
50.353
50.554
50.702
50.85
52.531
54.212
55.835
54.451
49.964
50.109
49.326
61.293
61.159
61.24
48.66
49.535
49.137
49.667
50.39
50.863
50.933
50.794
51.284
51.476
51.47
51.761
52.313
52.041
51.952
52.975
50.39
50.798
49.377
47.955
48.495
49.036
50.369
51.703
50.895
50.087
53.455
56.823
56.508
56.315
56.457
56.807
57.003
57.201
57.019
56.98
56.978
57.011
57.077
57.081
57.39
57.498
57.826
58.231
58.084
58.496
69.054
68.764
64.437
60.11
59.935
59.76
59.996
47.101
51.759
56.417
57.488
56.817
62.835
54.545
54.967
55.39
55.459
55.87
56.239
56.527
56.365
56.464
56.545
56.856
56.486
56.012
56.285
56.069
56.405
56.223
56.583
56.761
56.879
56.972
57.334
57.218
57.727
57.916
57.563
58.744
58.453
57.322
57.48
59.496
59.514
60.197
57.316
58.189
59.426
60.664
59.949
58.685
57.918
57.151
57.037
56.924
55.755
56.598
56.337
56.077
55.209
56.359
56.709
56.869
56.781
56.509
55.691
56.219
56.489
56.475
57.344
56.28
57.347
53.108
54.034
51.61
51.009
51.822
52.061
59.217
59.17
52.469
52.75
59.259
59.183
59.247
59.33
53.572
53.124
53.565
51.726
51.164
50.601
50.855
51.289
51.722
50.529
50.76
50.991
52.31
51.455
51.252
54.304
52.742
51.179
52.919
53.039
53.158
52.664
55.374
54.632
55.483
55.514
54.961
55.23
55.271
55.133
55.094
54.991
55.118
55.011
54.988
55.298
55.341
54.771
55.061
55.043
55.282
54.644
55.001
53.146
51.291
52.199
53.054
56.177
54.849
54.644
54.439
54.162
54.802
55.443
51.77
48.097
