61.284
61.179
61.006
61.205
61.316
60.943
61.121
61.497
61.071
61.24
61.409
61.326
61.078
61.097
61.371
65.997
66.019
65.988
65.957
66.134
61.326
61.41
60.923
61.207
61.362
61.013
61.101
61.188
61.059
61.096
61.396
53.668
55.28
61.374
68.95
68.991
69.077
69.069
69.097
61.444
57.19
59.324
61.459
61.163
60.835
58.267
60.126
61.984
61.822
61.861
61.866
62.051
61.902
61.947
61.966
62.018
62.018
62.029
53.439
54.129
51.403
50.54
52.723
54.905
55.326
54.095
52.865
51.59
51.937
50.83
47.017
50.431
53.845
54.259
52.15
50.68
50.051
51.094
52.137
44.466
43.437
42.99
47.76
52.529
50.98
51.082
50.807
51.44
51.551
51.495
51.62
51.851
52.42
52.698
52.611
51.416
51.653
51.89
56.835
55.093
54.766
54.431
54.341
54.141
54.203
54.272
54.202
54.357
54.498
54.81
54.893
54.841
54.686
43.864
43.699
47.79
51.881
52.862
52.295
55.417
54.189
54.129
54.037
54.062
54.379
54.338
54.32
53.998
53.959
53.522
53.144
52.492
51.362
50.231
51.17
61.372
52.392
53.883
55.375
47.119
47.968
47.82
48.405
48.728
48.725
49.209
49.399
49.43
49.54
49.475
48.26
49.457
49.494
48.904
48.314
48.615
48.474
49.556
49.326
49.096
49.404
49.472
49.597
49.472
49.775
50.023
48.797
49.155
49.513
49.195
49.579
49.698
49.816
49.364
50.996
50.961
50.401
49.952
50.147
50.152
50.024
50.062
50.088
50.189
50.159
50.204
49.865
49.222
50.036
50.089
50.282
50.219
49.326
50.597
51.869
51.255
51.618
51.364
51.354
51.146
51.189
51.214
51.41
51.66
50.947
51.444
51.494
51.492
51.397
52.298
51.884
51.223
51.067
51.78
51.691
51.819
51.504
51.712
51.673
51.579
51.724
51.783
51.928
51.763
51.33
51.851
51.853
51.04
47.571
49.919
52.267
51.749
52.218
51.672
51.484
51.937
51.817
52.011
52.029
52.009
51.741
51.864
51.85
52.004
52.113
50.374
51.573
52.319
54.247
56.176
51.691
50.271
49.594
50.123
49.85
50.153
50.399
50.527
50.812
50.707
50.75
51.277
51.776
51.82
52.693
52.541
53.078
52.298
52.23
52.483
52.779
53.136
53.911
53.96
54.065
54.258
53.93
54.127
52.739
52.941
52.175
53.816
50.913
51.954
52.995
44.046
43.931
44.233
47.792
51.351
53.165
59.154
51.393
52.192
52.99
53.202
53.989
54.777
55.704
56.631
45.855
44.169
