51.004
51.495
50.63
51.426
51.318
54.492
57.667
58.218
57.984
58.205
57.783
58.07
58.096
58.002
58.011
58.021
58.058
51.196
49.843
53.635
54.056
54.783
55.134
55.377
55.642
56.171
57.078
56.976
56.873
55.824
55.058
53.692
55.391
56.17
56.908
57.233
57.202
57.2
57.316
57.439
57.325
56.691
55.405
56.695
57.985
58.073
57.861
56.982
57.694
57.461
57.676
57.419
57.524
57.497
57.487
57.602
57.696
57.637
57.411
57.087
56.475
56.421
55.663
55.144
54.047
76.998
77.054
76.989
64.772
52.556
53.211
52.958
52.838
53.734
53.566
54.133
54.244
54.302
54.881
54.989
53.655
53.502
52.111
50.721
50.668
50.615
50.607
51.728
54.676
54.194
54.548
55.009
55.071
55.258
55.391
55.555
55.759
55.393
56.128
56.059
56.534
56.469
56.593
57.01
56.785
56.89
57.198
56.948
56.777
57.325
57.728
57.911
57.972
57.868
57.682
56.867
56.938
57.152
51.077
51.116
57.406
54.214
51.023
51.039
51.103
50.96
50.987
51.068
51.052
51.182
50.857
51.004
51.187
50.991
51.038
51.039
50.982
51.204
51.217
50.99
51.004
50.86
51.044
51.178
51.637
51.52
51.404
63.114
62.875
62.909
58.066
51.705
50.916
50.932
51.416
51.011
50.661
49.832
49.591
51.313
51.412
50.901
51.283
51.215
51.571
51.927
52.292
54.321
52.817
54.335
53.02
53.865
52.212
46.38
47.204
51.995
56.719
56.695
56.355
55.977
56.746
57.208
57.67
57.66
51.029
51.181
50.915
57.529
57.191
50.979
51.149
51.282
51.06
49.756
54.757
55.619
56.284
56.175
54.338
56.091
54.528
56.216
55.815
56.082
56.349
56.481
56.327
50.681
49.896
50.861
54.2
57.538
57.47
57.587
57.714
57.762
57.994
57.481
56.791
57.008
57.226
57.614
57.549
57.389
57.309
57.106
57.226
57.352
57.453
57.62
69.8
69.787
69.856
57.652
57.829
57.994
58.159
58.083
58.119
58.244
57.887
57.946
57.508
57.552
57.801
57.142
56.266
50.149
49.35
51.184
50.912
50.641
50.658
50.676
49.733
48.791
50.841
50.883
50.277
49.371
49.426
49.309
49.923
50.596
50.971
51.59
52.22
52.136
52.109
52.497
52.613
53.188
53.583
53.39
53.818
53.363
52.169
48.011
48.048
51.539
51.085
51.42
51.755
52.089
52.848
52.127
50.69
49.912
49.378
60.98
60.962
49.846
49.413
49.875
50.034
50.483
50.846
50.946
51.176
51.381
54.339
52.425
51.661
51.081
51.049
51.143
51.142
51.141
50.97
49.235
51.081
49.498
51.161
49.602
82.012
82.044
82.039
82.026
50.1
49.919
50.183
49.967
50.173
50.046
50.097
50.057
50.081
76.847
77.112
49.938
50.045
49.994
50
50.046
50.023
50.099
50.083
50.02
49.027
50.635
50.493
49.786
50.181
49.837
49.827
50.482
49.762
49.906
50.114
56.939
57.131
50.281
49.825
50.718
57.262
56.882
57.19
50.4
49.886
50.013
50.403
49.943
50.011
