81.106
81.085
81.089
81.094
81.038
81.063
81.099
66.978
66.941
66.996
55.789
54.48
49.036
51.473
53.91
54.034
53.898
53.763
76.049
76.038
76.009
66.957
48.54
48.214
49.165
50.116
53.721
53.778
53.834
65.929
78.023
78.029
47.244
47.809
48.654
48.194
47.416
47.804
48.462
48.068
47.549
47.465
48.322
47.977
47.701
47.979
48.431
47.928
48.053
48.137
47.989
48.524
48.598
49.239
49.879
48.475
47.072
49.273
51.038
52.803
53.319
53.272
53.649
53.813
53.854
54.085
54.367
54.557
54.568
54.57
54.377
53.705
53.456
47.822
48.042
47.858
47.234
55.481
55.339
55.402
54.928
54.871
55.036
54.863
54.971
54.908
54.812
78.994
79
68.886
69.012
78.987
79.023
56.469
56.212
56.149
56.068
55.948
55.937
56.108
56.418
56.688
56.812
57.303
57.794
57.943
58.508
58.582
58.89
58.806
58.691
58.778
67.835
63.369
58.903
58.728
58.929
59.168
59.271
59.302
59.441
59.53
59.681
59.827
59.889
59.826
59.595
59.335
58.72
59.432
58.042
58.999
58.738
58.694
58.903
83.096
83.084
83.082
83.02
82.965
82.948
82.984
83.032
68.715
62.257
55.8
53.831
53.846
53.861
47.025
47.645
48.323
49.279
49.275
49.832
49.659
49.181
49.238
49.518
49.798
49.748
49.698
51.167
52.636
51.78
50.924
52.266
63.155
56.364
65.206
58.431
51.655
51.615
49.917
50.887
49.493
50.068
49.436
49.887
49.744
48.968
50.535
49.628
50.936
48.902
50.43
49.412
49.775
50.137
47.255
47.621
46.919
46.677
47.423
47.803
48.014
48.225
48.321
48.56
50.313
48.448
69.065
68.983
50.597
48.668
48.885
49.102
50.551
49.007
48.538
49.717
51.026
51.021
50.384
49.747
49.395
49.032
48.481
48.865
48.857
48.849
49.503
49.965
49.772
49.86
49.553
49.733
49.217
48.968
48.031
47.497
47.049
46.18
45.849
45.554
45.421
45.386
45.107
45.13
45.423
45.571
46.148
46.201
46.431
46.525
46.643
46.9
47.336
47.694
47.702
48.617
48.327
48.741
48.893
48.979
48.896
48.91
49.289
49.301
50.062
50.348
50.702
51.116
51.808
51.81
51.812
51.938
52.166
52.56
52.787
53.077
53.454
53.96
54.672
55.265
55.788
56.182
56.507
56.857
57.099
53.973
53.838
55.351
56.864
55.375
55.661
55.169
54.802
54.809
54.835
54.903
54.781
55.006
54.986
55.452
55.795
56.13
57.426
51.844
53.936
56.027
55.964
56.011
55.833
55.883
78.974
79.028
79.059
79.079
79.048
79.058
79.101
79.103
79.049
78.999
79
78.933
78.91
79.028
78.975
79.233
79.072
79.095
79.072
79.113
79.1
78.935
78.985
78.992
78.916
78.939
79.051
79.2
79.102
79.085
71.025
51.807
51.817
52.806
44.295
43.53
44.02
45.089
44.154
43.828
44.485
43.52
44.108
43.525
62.405
62.507
44.147
43.956
44.163
43.982
44.081
44.187
45.214
45.144
44.942
45.097
45.089
45.036
45.098
45.603
45.437
45.598
45.635
45.584
46.09
46.051
45.49
46.441
46.516
46.406
46.381
46.349
46.418
46.199
46.686
46.906
46.496
67.924
79.033
79.084
79.074
48.1
46.442
48.014
48.434
48.601
48.459
47.978
47.82
47.654
47.453
48.094
48.511
49.564
60.013
60.036
76.014
76.065
50.791
50.046
50.055
50.276
50.312
50.406
50.012
50.036
50.04
49.835
49.809
49.803
50.869
51.934
51.788
51.642
51.5
51.735
51.726
51.427
51.472
51.33
51.673
51.079
51.384
51.063
51.337
50.908
53.283
51.797
50.31
61.148
71.985
71.838
65.663
59.488
59.498
59.509
48.18
47.628
49.168
48.387
49.453
49.185
48.88
48.654
48.428
49.185
48.284
48.936
47.856
48.485
48.158
48.052
47.947
48.205
60.104
60.11
60.216
60.31
60.259
60.337
60.571
60.477
49.039
48.734
56.641
57.005
57.053
56.995
57.164
57.334
57.1
56.866
58.199
59.533
47.29
46.979
46.453
46.653
46.829
47.274
47.277
47.467
47.525
59.706
53.695
47.684
47.203
53.302
50.277
47.252
47.219
47.131
47.215
47.508
47.356
47.247
47.2
47.064
47.328
47.592
46.846
46.1
45.758
45.936
45.64
45.362
44.904
44.984
46.3
83.961
84.013
67.943
67.991
67.888
67.574
67.26
81.068
81.112
81.027
81.043
81.073
81.038
81.047
76.485
71.922
71.97
71.962
71.95
60.077
60.014
59.807
