47.94
47.943
48.611
49.28
48.719
48.158
47.399
46.989
46.825
47.108
49.576
48.165
46.753
48.794
48.165
48.103
47.7
47.915
48.295
47.841
47.983
48.015
48.022
47.837
47.858
48.213
47.86
48.395
48.273
48.151
47.973
48.071
47.975
47.832
47.982
48.184
47.845
48.058
48.388
47.957
47.768
48.169
47.969
47.751
47.942
47.662
47.382
48.012
48.642
47.878
48.289
47.93
48.09
47.959
48.172
47.818
47.949
49.773
55.047
56.325
56.374
57.047
55.493
56.769
56.729
57.15
57.155
57.114
57.042
57.204
57.211
57.014
56.849
57.34
58.249
59.508
59.949
60.165
60.406
60.437
60.151
59.781
59.534
59.226
59.111
59.035
58.696
59.278
58.953
58.629
58.067
58.804
59.165
59.257
59.173
59.557
59.411
59.795
59.675
59.881
59.854
59.86
59.89
59.69
59.426
58.974
58.067
55.593
55.484
55.376
59.37
59.168
59.535
59.304
59.41
59.694
59.781
59.69
59.61
59.586
59.34
59.054
45.08
45.244
44.985
45.166
44.398
44.886
44.8
44.545
59.64
59.537
59.542
59.535
59.422
59.373
59.523
59.52
59.537
59.67
59.506
59.296
59.185
58.908
58.902
58.426
58.198
58.324
57.032
55.711
54.044
52.436
51.563
50.17
49
50.258
49.637
48.075
50.243
48.853
49.376
50.644
52.143
53.642
45.064
44.944
44.769
44.769
52.767
52.591
53.094
53.576
54.059
54.574
55.09
55.874
56.433
56.829
57.327
57.681
58.143
58.605
59.058
59.485
59.814
60.015
59.936
59.802
59.551
59.102
58.323
57.588
57.237
57.249
57.581
57.815
58.529
58.642
58.756
58.619
58.649
58.316
58.532
58.649
58.415
58.151
58.129
50.008
50.098
49.978
58.989
58.68
58.093
58.085
58.303
58.091
57.958
58.073
58.086
57.838
57.716
57.428
57.721
57.433
53.987
50.54
49.474
50.081
57.756
57.028
57.404
56.172
56.818
56.245
56.912
56.716
56.95
56.585
56.848
56.425
56.73
62.215
61.827
62.089
57.655
57.673
57.509
57.594
57.679
58.033
58.341
58.328
58.447
58.76
58.869
59.198
59.153
58.91
58.453
58.02
57.439
57.31
57.312
57.196
57.499
57.425
57.425
57.394
57.652
57.729
57.746
58.022
56.932
56.858
56.784
45.852
44.642
45.032
44.46
43.726
46.567
49.408
50.405
50.19
50.395
50.051
49.706
49.006
48.306
48.609
48.672
48.734
48.341
48.671
49.001
49.464
50.082
55.277
54.147
55.198
53.875
53.413
55.289
49.367
50.274
49.248
50.253
52.351
50.555
48.759
48.699
48.784
48.868
49.046
49.037
49.029
48.42
48.422
48.425
44.437
45.389
44.629
44.597
47.03
45.711
44.393
44.68
51.562
51.682
51.569
51.593
50.39
49.187
49.454
49.722
50.835
51.953
50.258
52.074
52.147
52.22
49.719
51.226
49.748
49.989
50.77
50.175
51.31
50.025
50.793
49.794
51.224
49.892
51.938
50.135
51.472
54.937
53.287
51.888
50.488
52.168
52.158
51.274
52.033
51.596
52.18
51.346
51.837
51.549
51.343
52.039
51.906
51.918
52.243
52.527
52.271
52.594
52.848
53.038
53.265
53.273
54.817
51.212
52.34
53.467
53.052
53.417
52.874
52.347
47.948
47.696
48.357
47.837
47.941
48.49
54.84
54.915
55.047
55.269
56.066
56.896
48.192
47.922
47.713
48.184
48.033
47.773
48.198
48.119
47.786
47.964
48.203
47.815
47.88
48.148
47.92
47.854
48.257
47.993
47.83
48.046
48.271
47.817
48.08
48.393
47.999
49.12
50.24
50.642
51.045
51.73
52.417
53.034
50.762
52.567
51.607
50.773
47.873
47.963
47.763
48.281
48.043
53.815
53.854
53.777
53.655
53.634
53.316
53.101
52.658
52.715
52.772
53.261
53.261
53.728
53.923
53.874
54.305
54.346
54.627
54.673
54.64
54.842
54.769
54.663
54.361
54.526
55.006
54.678
54.512
54.398
54.551
54.766
54.535
54.24
54.153
54.293
54.3
54.075
54.105
54.159
54.116
54.092
54.309
54.619
54.342
53.401
61.032
68.663
68.957
66.861
64.765
66.239
54.768
54.653
54.471
54.239
54.312
54.251
54.388
54.306
54.115
54.287
54.451
54.516
54.81
55.032
55.177
55.056
55.068
55.107
55.174
55.21
55.284
55.386
55.457
57.122
52.608
51.282
49.956
50.501
51.046
50.162
49.936
57.382
69.112
68.934
56.585
56.628
56.519
56.519
56.607
56.748
56.919
57.346
57.733
57.852
69.939
70.075
70.229
58.37
58.596
58.32
58.276
58.115
57.603
57.297
56.918
56.171
55.785
54.274
48.418
49.218
50.017
49.859
51.012
49.656
48.742
48.675
48.607
48.694
49.677
49.568
49.75
50.175
49.825
51.123
48.194
45.266
45.966
43.178
44.074
44.828
69.025
68.976
63.189
57.401
56.179
49.082
52.626
56.169
56.865
56.66
56.456
