58.179
57.322
58.466
58.314
58.163
57.711
57.641
57.869
57.104
57.432
57.43
57.427
57.572
57.709
57.811
57.89
57.993
58.341
58.042
58.02
57.816
57.615
57.388
57.161
57.021
56.214
57.131
62.899
63.139
63.529
47.841
47.372
48.903
47.227
47.794
48.595
47.255
47.965
48.674
46.289
48.455
50.621
67.737
67.775
67.599
67.599
56.063
55.339
55.965
56.184
56.782
56.505
56.415
55.759
59.417
59.932
57.697
57.637
56.513
55.873
53.392
53.441
54.156
54.138
54.901
55.026
55.309
55.819
56.008
57.148
56.976
57.156
58.94
60.299
61.658
60.844
60.031
59.359
59.649
57.012
57.571
58.294
57.771
59.534
61.297
60.461
59.624
56.691
56.478
58.274
56.829
57.034
57.239
56.791
57.34
57.265
57.176
57.087
57.147
57.208
56.631
56.079
55.527
56.312
57.096
56.946
56.785
56.981
57.346
57.115
56.566
57.184
56.318
57.132
57.037
56.956
57.262
43.42
43.16
55.48
58.839
57.836
58.085
58.255
58.39
58.18
57.814
58.751
58.592
58.63
58.238
58.141
56.136
52.273
50.607
48.942
43.244
43.442
55.455
60.004
61.544
61.09
61.547
61.091
60.836
60.762
60.956
61.098
60.858
61.377
61.249
60.085
61.468
61.847
62.226
58.893
59.334
57.192
59.553
61.914
61.606
61.427
61.43
61.449
61.469
61.608
61.346
61.101
61.627
62.246
61.923
61.975
62.04
61.919
61.952
61.843
61.928
61.817
61.961
62.105
49.405
50.021
49.969
50.053
49.904
50.112
50.009
48.843
47.594
46.345
45.044
43.742
43.584
55.076
55.587
56.54
57.006
57.32
57.92
58.47
58.76
57.293
58.219
58.336
57.485
58.259
58.492
58.599
58.813
58.724
58.569
58.974
59.121
60.358
59.648
59.812
60.042
59.948
60.19
60.294
60.693
60.686
60.478
60.93
60.64
60.577
61.747
61.6
62.553
63.506
62.884
62.179
62.158
61.854
61.518
61.81
61.568
56.647
57.612
57.831
58.324
58.818
59.697
49.93
64.001
65.019
66.037
66.097
65.997
61.883
62.072
52.53
42.989
43.88
57.68
74.09
74.003
74.031
74.04
74.026
74.011
59.855
56.741
53.626
54.108
54.231
43.277
43.384
43.404
50.98
58.556
58.704
58.884
59.266
59.565
59.832
60.405
60.665
60.441
59.943
60.251
60.466
60.681
60.736
61.228
61.275
61.785
61.32
61.535
61.342
61.576
61.809
61.963
62.117
62.11
62.004
61.867
61.672
62.507
62.68
62.439
62.617
62.831
62.336
62.949
62.75
62.42
62.224
61.981
61.867
62.129
62.276
62.032
62.109
62.41
62.257
62.329
63.114
62.772
62.43
62.956
55.272
55.612
52.253
59.14
66.027
65.805
65.906
65.6
65.419
65.105
64.722
64.614
64.466
64.265
64.063
63.98
64.253
64.79
47.271
47.736
48.277
48.135
47.896
47.977
48.264
47.776
54.348
64.501
64.435
64.738
64.564
64.62
64.758
64.721
65.396
59.187
59.186
58.905
58.755
58.931
76.07
