64.104
64.056
63.949
64.1
63.996
63.948
63.956
59.969
59.961
60.013
60.006
59.324
57.142
57.191
57.067
57.585
57.327
57.57
57.846
57.69
57.904
45.647
45.5
45.242
44.948
44.982
47.393
46.812
46.23
45.672
45.88
45.743
58.3
58.643
58.787
59.306
59.825
60.323
60.856
61.119
61.786
62.542
63.441
52.417
53.152
53.565
54.332
54.476
55.14
55.083
55.825
56.239
56.44
56.333
56.021
55.987
56.284
56.459
56.697
56.857
56.918
57.137
57.364
57.386
57.56
57.745
57.262
56.998
57.061
57.337
57.363
57.158
57.334
57.155
56.912
56.926
56.939
57.25
57.296
57.176
57.248
57.373
57.428
57.334
57.515
57.429
57.089
57.258
57.635
58.037
58.183
57.861
58.164
57.596
56.725
54.706
53.737
52.863
47.983
54.695
61.407
61.785
59.234
56.682
57.226
56.469
56.554
56.639
57.273
56.606
57.119
56.832
57.247
57.401
57.158
56.709
56.763
57.394
57.734
56.96
60.522
60.201
59.963
59.174
51.62
52.218
52.725
53.683
54.524
54.497
55.049
54.806
55.215
55.133
55.671
55.876
55.969
56.298
56.307
56.489
56.576
56.523
56.618
56.837
56.91
57.032
56.775
56.561
56.179
55.304
53.689
60.628
60.595
60.561
57.718
57.099
57.027
56.622
56.884
57.475
56.5
55.18
55.336
55.356
54.97
55.493
55.452
55.567
55.905
56.917
57.218
57.116
51.827
52.599
53.372
53.901
54.099
53.919
53.66
53.859
53.669
53.564
53.929
54.471
54.49
54.608
54.791
54.796
54.718
54.635
54.795
54.717
54.781
54.656
54.564
54.284
53.771
53.11
52.07
51.153
50.125
49.921
49.685
49.143
48.6
49.234
50.242
51.156
51.514
51.635
52.703
51.945
51.114
50.896
50.678
50.487
50.296
50.187
50.077
48.672
47.267
46.768
46.058
45.964
45.87
46.426
46.343
46.26
46.088
45.866
46.636
47.406
46.252
46.259
46.444
46.628
46.927
59.657
59.114
62.766
66.417
66.263
66.249
66.235
54.969
59.732
64.494
64.199
63.866
63.921
63.929
63.816
63.885
63.955
63.866
63.902
63.975
63.944
63.945
52.835
51.618
53.468
55.318
50.201
45.084
44.86
75.953
75.968
75.941
82.975
82.979
82.787
45.178
45.335
63.884
63.974
63.847
63.892
63.9
63.925
63.993
63.903
63.929
64.022
63.876
63.968
64.063
64.019
64.025
64.024
63.948
63.983
63.991
63.924
63.941
63.958
63.934
65.448
66.962
66.931
67.026
66.982
66.956
67.064
66.782
54.128
44.174
45.568
44.66
45.578
44.526
44.655
45.085
44.931
45.038
45.059
45.017
44.922
44.99
45.063
45.119
44.964
44.843
45.087
64.909
65.134
64.863
65.135
58.518
59.924
60.112
60.364
57.047
57.756
57.961
57.098
56.785
58.997
61.209
53.048
57.013
51.144
55.921
50.33
54.327
58.325
57.903
57.152
56.675
56.772
