80.987
81.024
80.99
51.597
49.044
48.967
48.878
48.704
48.776
48.827
49.142
49.666
53.58
53.053
53.275
53.496
52.783
54.746
50.022
51.056
50.133
49.944
67.026
66.96
66.982
67.019
67.086
67.258
61.845
56.432
51.729
59.362
66.994
67
67.056
66.951
63.567
60.184
59.887
59.776
59.607
47.836
47.68
47.593
47.59
47.707
47.442
47.631
48.481
47.709
47.937
47.839
47.733
48.672
49.611
48.389
47.167
47.547
47.598
47.543
47.592
47.705
47.88
47.925
48.117
48.069
47.799
47.541
47.37
59.406
59.135
47.123
47.09
47.05
46.868
46.651
46.687
46.669
46.896
46.714
58.685
58.423
58.722
59.022
59.14
59.259
59.029
59.031
59.034
46.525
46.713
46.649
46.586
46.732
46.879
46.78
58.997
58.798
46.864
46.921
46.719
46.787
46.666
46.643
46.462
46.277
46.294
46.112
45.993
45.874
45.814
45.765
45.648
45.959
46.27
46.32
46.044
45.434
74.821
74.993
75.064
75.076
73.55
72.024
71.967
76.501
81.034
81.05
81.046
81.042
60.113
60.012
59.982
60.04
81.036
80.993
80.99
80.987
80.993
81.017
81.029
81.006
46.522
45.749
45.278
44.871
45.185
54.672
52.791
53.131
53.47
53.472
56.954
57.398
57.618
57.838
57.832
57.673
57.421
57.459
57.651
57.843
57.901
57.974
56.281
50.552
50.674
50.796
50.113
49.663
50.463
50.072
47.543
46.55
46.859
46.539
46.196
47.005
45.964
47.11
45.988
46.841
46.144
46.631
45.946
56.951
56.954
73.975
74.002
50.783
48.192
47.84
47.917
47.86
47.758
47.847
47.74
47.432
47.668
47.368
47.194
65.771
65.866
66.055
66.063
50.618
49.224
49.113
48.882
48.847
48.658
48.483
48.663
49.243
49.489
49.793
49.592
74.04
74.003
74.024
74.014
50.42
49.838
49.626
49.333
49.132
49.058
49.007
49.108
49.378
49.59
49.822
49.805
49.818
49.528
49.558
49.64
49.477
49.476
49.674
49.654
49.812
49.872
50.345
50.492
50.639
55.024
54.123
54.636
55.165
55.562
55.897
56.135
56.574
57.185
57.931
58.431
58.832
59.025
59.152
59.041
58.965
59.011
59.092
59.097
59.466
60.128
80.996
80.986
81.005
80.972
80.996
80.981
59.688
59.146
58.872
58.894
58.895
58.986
59.042
59.17
59.13
54.916
52.046
56.013
59.98
60.174
60.392
60.614
60.67
60.789
61.173
61.282
61.612
61.917
61.906
61.765
61.707
61.935
55.174
49.634
56.348
63.063
63.013
63.162
62.553
61.825
60.928
59.627
58.107
57.603
57.32
57.652
58.555
60.282
61.708
62.553
63.144
63.381
63.769
64.389
65.056
65.581
65.944
66.178
66.137
66.254
66.224
66.168
66.216
66.113
65.896
65.815
65.774
65.273
65.051
64.579
64.745
64.434
64.491
64.372
64.336
64.58
64.542
64.745
64.574
64.432
63.822
63.372
62.523
61.587
60.797
60.115
60.325
60.657
61.13
61.378
62.189
62.181
62.343
62.804
62.992
63.408
80.983
80.977
80.999
81.076
81.091
81.105
81.097
81.089
81.054
81.02
80.921
80.962
81.056
81.092
81.091
81.09
81.086
81.054
81.039
66.853
67.656
67.615
67.574
81.124
81.108
81.091
81.121
81.017
80.984
80.95
80.992
81.013
81.063
81.112
81.092
81.159
81.069
59.968
60.066
59.956
80.933
81.024
81.1
81.127
81.094
81.093
81.028
81.081
80.98
80.909
80.989
81.069
76.03
54.84
54.619
52.477
53.192
53.908
53.904
62.955
72.006
81.028
81.129
72.053
72.034
72.088
76.542
80.995
80.991
80.989
57.766
54.416
67.769
81.122
81.081
50.707
49.48
50.389
49.844
50.125
50.153
49.851
74.066
62.326
71.673
60.974
50.275
49.974
50.043
50.093
49.944
50.392
49.678
50.303
50.031
50.245
58.509
66.773
66.224
65.287
66.132
69.033
68.992
68.943
68.904
62.268
49.85
50.155
49.851
49.939
49.927
50.001
49.78
50.132
73.968
73.956
49.821
50.182
68.222
67.867
67.605
55.874
55.237
54.599
54.002
43.506
43.632
43.938
46.243
45.571
44.9
44.067
47.759
47.506
47.253
52.331
52.803
49.779
50.025
50.184
50.344
49.317
49.021
