49.883
50.033
50.027
50.042
49.211
48.649
76.973
76.964
73.96
75.485
77.011
66.982
66.982
66.898
66.976
57.553
48.13
47.98
66.959
66.96
66.981
67.016
67.05
67.029
76.942
76.965
77.011
77.049
79.026
78.994
79.058
76.529
76.344
76.159
75.994
76.018
76.36
78.975
78.998
79.008
79.018
74.013
74
76.502
79.004
78.991
78.984
64.951
64.955
65.02
84.117
84.115
84.154
84.204
79.186
78.786
74.056
64.922
64.982
64.953
57.34
65.687
54.523
43.359
43.698
45.807
47.916
56.782
56.455
56.453
56.397
56.196
56.058
55.724
44.252
44.565
56.19
56.546
57.216
57.478
57.507
47.299
45.76
45.139
55.893
56.387
55.215
54.042
53.087
51.142
49.196
50.321
51.445
52.445
49.287
48.998
48.71
61.369
61.409
61.573
62.01
62.505
62.981
63.536
63.835
64.264
52.842
52.914
52.922
53.114
53.765
54.605
55.575
56.141
56.291
56.229
56.013
55.913
55.705
55.514
55.827
55.778
55.853
55.796
56.028
56.153
55.806
55.634
55.662
55.834
55.062
55.738
55.901
56.288
56.224
56.144
56.422
56.193
56.048
55.937
55.935
56.068
56.934
57.328
58.002
57.762
57.848
57.719
57.38
57.392
57.225
57.51
57.604
57.034
58.046
56.534
55.378
54.247
59.792
59.927
59.907
59.924
60.016
60.022
60.01
59.997
52.182
53.841
54.715
55.588
56.336
57.004
57.318
56.941
57.051
57.213
57.957
57.274
57.707
57.554
71.974
71.97
71.983
71.896
71.771
71.923
71.974
72.042
71.937
64.601
56.079
55.75
67.588
67.617
56.101
56.83
57.406
58.003
57.844
57.311
57.223
57.211
57.388
56.972
56.477
55.943
55.915
55.541
55.83
55.494
55.197
55.268
55.289
55.562
55.51
55.599
55.034
55.333
55.36
55.631
55.511
55.613
55.351
55.015
54.932
53.796
53.032
54.365
53.322
52.992
53.137
52.166
53.201
53.561
53.922
53.378
53.279
53.508
53.943
53.896
54.1
54.458
54.195
54.195
54.723
54.073
53.876
53.874
53.621
53.257
65.17
64.726
63.979
63.234
62.496
62.967
63.252
63.404
51.544
51.961
52.864
52.363
52.467
52.571
53.353
52.325
52.977
52.544
53.225
52.816
53.711
53.339
52.607
53.653
52.234
53.277
51.491
52.578
51.605
50.631
52.148
53.664
53.713
65.922
66.38
54.723
55.6
55.34
55.968
55.374
55.875
56.268
55.462
55.72
56.21
56.119
56.028
55.836
55.893
55.95
55.776
55.601
55.599
55.597
55.218
55.587
56.231
56.599
57.022
57.098
56.791
69.035
69.207
68.893
56.552
62.576
68.6
68.661
68.58
68.499
56.107
56.541
56.864
57.186
57.325
57.059
56.954
56.82
56.76
56.782
57.235
57.213
57.237
57.227
57.453
57.468
56.91
56.331
56.079
56.18
56.189
56.555
56.759
56.954
57.46
57.818
57.247
56.978
56.951
57.382
57.813
57.544
56.496
56.873
57.962
58.711
58.294
58.708
58.827
58.22
51.483
51.694
72.071
71.976
71.97
44.96
45.236
45.022
44.964
45.021
44.968
44.961
45
45.081
44.966
44.99
44.989
44.951
44.979
45.008
45.059
45.043
44.968
44.994
45.025
44.942
45.018
44.896
45.07
45.009
45.025
44.984
45.024
44.992
45.113
45.044
71.95
71.815
44.913
45.09
45.055
44.978
45.176
44.87
45.129
44.986
49.488
51.721
48.234
44.747
45.417
45.464
45.166
44.868
45.036
45.158
44.868
44.926
64.311
63.418
67.715
72.013
