59.148
54.806
55.605
55.639
53.767
53.722
53.678
53.297
54.356
54.864
55.653
56.561
55.64
55.18
55.359
55.365
55.094
58.958
59.156
59.26
59.142
59.274
59.139
59.269
57.308
54.643
54.55
54.844
55.802
55.591
55.239
58.83
58.693
55.092
54.715
54.924
55.011
55.321
55.105
55.399
54.975
54.267
54.993
53.547
54.55
54.937
55.144
55.226
55.234
55.053
54.85
54.996
54.889
55.39
54.857
55.25
55.195
55.178
55.065
54.912
55.323
56.279
55.66
55.474
55.119
55.385
54.994
54.378
54.669
54.484
52.803
53.565
52.843
47.507
46.747
47.792
54.769
54.568
52.56
50.552
50.044
49.092
49.059
49.026
48.916
48.807
48.589
48.371
47.899
47.428
46.73
47.091
47.203
47.089
54.911
55.049
55.181
55.313
47.251
47.322
48.329
48.577
48.825
48.33
48.716
48.749
48.783
48.946
49.11
49.482
49.766
48.642
55.112
55.053
55.142
54.976
55.107
54.927
49.351
50.626
48.67
48.538
50.141
48.934
48.937
48.858
48.779
49.369
49.003
48.637
55.301
55.211
55.36
55.162
54.964
54.453
54.116
50.191
50.596
50.46
50.744
51.374
51.312
51.364
50.884
50.99
51.096
51.874
50.62
51.397
55.118
55.124
55.025
54.97
55.907
53.853
53.985
51.057
50.754
62.376
62.377
62.261
62.095
49.917
51.059
50.698
51.066
50.805
50.863
53.067
53.63
55.434
54.918
54.856
55.077
55.835
52.569
50.717
50.268
50.259
50.703
52.547
52.244
50.524
55.316
53.753
54.267
55.457
54.26
55.355
55.002
54.748
55.243
54.945
54.287
55.808
54.284
54.506
54.81
53.881
53.961
54.393
54.537
56.414
54.937
55.321
54.331
55.396
56.751
56.651
56.72
56.486
55.681
55.29
54.623
54.051
54.249
54.996
55.194
55.722
55.782
56.315
56.939
56.905
48.081
44.115
44.334
47.392
51.9
49.484
47.068
43.085
43.935
47.623
45.903
44.182
45.537
46.891
51.446
51.857
52.267
49.703
52.389
50.615
48.84
50.955
63.982
63.672
71.405
63.849
68.762
65.494
62.225
55.928
55.906
55.845
56.333
56.345
56.209
62.746
62.511
62.834
62.656
63.077
63.019
63
63.266
56.894
56.592
62.933
63.009
63.189
63.126
63.129
63.097
63.1
63.109
63.101
63.205
63.177
63.37
63.207
63.295
63.438
63.371
63.201
63.043
63.114
62.614
62.561
62.269
61.45
62.354
62.405
62.468
62.423
62.286
62.203
54.947
55.569
55.443
51.649
52.729
64.379
65.024
65.38
53.892
53.55
53.883
54.216
54.504
54.647
54.957
55.158
55.315
55.763
56.212
55.012
54.925
55.057
54.906
55.04
55.24
55.407
54.815
54.959
53.392
53.499
54.013
54.288
53.983
54.029
53.79
54.477
54.108
54.426
54.31
54.648
54.606
54.227
54.25
54.037
54.045
54.002
54.176
54.311
54.13
54.135
54.468
54.208
54.492
54.738
55.537
48.791
44.925
45.45
44.918
54.571
55.146
56.294
55.261
54.725
54.696
54.671
54.753
54.868
54.81
54.67
54.423
54.385
53.957
53.627
53.614
52.678
52.65
51.751
63.091
62.911
50.114
49.374
61.338
61.472
61.529
72.652
62.07
51.488
52.81
51.099
51.506
53.627
52.134
50.641
51.556
49.517
48.972
48.757
48.995
50.862
50.299
49.699
49.292
49.351
49.143
49.275
49.379
49.399
49.338
49.172
49.249
49.163
49.412
49.476
49.645
49.676
49.81
49.869
49.704
49.69
49.579
49.779
49.75
49.586
49.421
49.55
49.6
50.025
50.455
50.65
51.304
50.817
51.333
49.803
49.503
48.93
49.961
48.413
46.866
49.541
52.216
52.034
51.922
50.95
51.175
51.583
50.997
49.739
51.024
51.79
53.854
54.999
53.684
51.899
52.891
51.61
50.329
50.474
51.091
62.8
62.422
51.593
51.497
62.963
63.009
62.895
51.953
51.205
51.279
51.894
50.469
47.74
47.392
47.043
49.393
51.743
51.621
50.469
50.814
50.254
49.622
50.814
51.66
53.095
55.247
54.095
54.268
51.441
53.284
51.285
49.178
47.071
47.664
48.257
48.591
47.894
47.902
47.91
46.536
47.542
48.549
49.945
50.229
53.486
51.607
55.433
55.259
53.487
51.888
51.603
54.355
55.645
53.815
46.197
46.204
46.736
48.63
54.599
54.853
51.497
52.069
52.164
47.177
48.285
49.76
51.236
48.225
48.733
