45.674
50.398
49.817
49.444
55.818
56.186
56.388
56.436
56.628
56.873
57.164
57.544
57.722
57.922
57.669
56.995
57.94
57.275
53.918
50.562
43.527
43.166
43.419
59.156
71.176
71.178
71.119
70.941
70.843
70.856
71.205
59.886
60.154
59.965
59.642
58.722
50.447
50.199
50.022
51.13
52.237
61.731
71.224
70.921
58.937
58.982
59.074
59.13
58.972
58.707
58.85
58.663
59.003
58.974
59.057
59.13
59.127
59.115
59.058
59.207
59.068
59.053
59.124
59.122
59.246
59.411
59.378
59.328
59.285
59.193
59.053
58.763
43.174
42.955
43.209
58.84
51.166
43.492
43.379
43.499
43.34
43.455
59.185
59.236
59.237
59.265
59.015
58.796
58.379
57.888
57.109
56.035
54.792
53.262
53.205
51.395
50.827
50.288
49.853
49.854
49.944
49.809
43.873
44.94
43.028
49.917
50.214
50.297
50.304
50.339
50.365
50.383
50.607
50.821
51.071
51.479
52.752
54.025
62.657
52.821
62.011
52.581
43.152
42.946
55.231
55.055
55.031
55.292
43.156
43.188
43.2
43.228
43.486
45.515
47.543
57.014
56.71
57.183
56.998
56.311
56.79
56.037
56.602
55.993
56.286
55.679
55.779
55.28
54.662
54.213
54.493
48.249
51.17
54.091
54.575
54.648
54.754
54.809
54.953
54.762
54.632
54.506
54.745
55.092
55.169
55.488
53.769
51.66
48.469
48.753
50.731
52.71
54.231
55.725
55.785
54.472
54.842
55.211
54.771
55.581
55.601
55.246
55.128
54.265
54.262
53.878
46.731
47.222
47.194
46.821
46.608
46.698
46.65
53.532
65.443
65.139
65.233
53.239
53.913
53.873
53.077
51.746
51.611
51.475
52.573
52.112
52.048
51.571
54.693
54.708
54.723
54.55
54.878
54.424
55.118
54.524
55.064
54.484
54.726
54.555
54.493
54.894
54.11
54.871
54.208
52.764
52.194
51.69
50.717
49.38
50.493
49.62
49.544
50.421
49.314
48.207
52.606
52.841
51.309
52.073
52.014
52.161
51.871
51.958
52.068
52.033
51.93
52.131
51.744
52.103
52.725
54.948
53.467
51.426
52.983
51.459
52.483
51.268
52.228
51.826
51.963
52.099
52.023
52.122
51.946
52.181
52.026
53.456
54.886
51.362
50.699
50.036
50.147
49.953
49.657
50.512
51.857
52.799
52.178
52.933
52.491
53.415
53.121
53.366
52.909
53.326
53.448
53.13
53.431
53.676
54.277
54.573
54.685
54.844
54.808
54.701
54.447
54.389
54.34
54.328
54.344
54.479
54.522
54.375
54.246
47.033
47.145
46.819
46.996
49.67
52.344
53.333
53.289
53.224
53.41
53.812
53.327
54.235
53.74
54.755
54.133
54.29
54.709
54.603
54.498
54.487
54.476
66.336
66.149
54.27
54.289
54.597
54.92
54.984
55.147
55.826
46.431
46.098
55.149
55.408
55.271
47.285
46.925
47.131
66.728
66.105
53.811
53.531
53.469
53.573
53.692
53.889
54.103
54.064
54.016
53.846
53.646
53.169
50.564
47.96
46.258
47.135
46.914
46.935
47.149
46.921
47.019
49.03
50.792
48.664
48.412
48.537
48.662
49.062
49.8
48.003
47.109
47.887
46.182
47.671
46.548
47.16
47.723
46.199
47.518
46.457
46.752
47.046
46.924
47.124
47.46
51.194
50.021
51.093
50.154
50.786
50.764
50.531
50.788
51.082
51.286
51.69
51.149
52.426
52.347
52.267
52.652
52.639
52.882
52.86
52.564
52.356
52.399
52.161
51.707
51.736
51.456
52.198
51.532
50.233
53.597
60.635
59.899
59.656
59.636
59.647
59.956
60.715
61.474
49.356
50.163
50.09
50.016
51.555
49.851
49.853
49.855
49.804
49.752
49.746
49.784
49.822
51.61
51.2
52.266
53.331
52.877
52.422
52.977
51.931
52.901
52.876
53.205
52.989
53.526
53.175
52.824
52.305
52.948
52.078
52.605
52.69
52.488
52.592
52.506
52.781
52.512
52.695
52.286
52.591
50.599
48.606
49.175
49.743
47.953
48.234
48.121
48.007
