63.003
62.161
62.465
62.335
62.258
62.314
72.014
72.022
71.986
60.401
62.073
62.564
60.971
60.689
59.122
59.433
59.743
59.803
59.34
58.15
58.933
60.099
58.523
58.567
54.132
54.692
59.449
60.076
59.935
60.289
60.184
60.157
60.117
51.913
56.066
60.219
60.327
60.196
54.086
54.662
60.429
60.236
60.07
60.051
59.902
59.765
60.182
59.219
58.659
59.034
59.333
59.808
58.948
59.161
59.558
59.342
59.414
59.263
59.338
59.404
83.03
83.023
82.934
83.048
59.064
59.425
58.156
52.953
51.786
52.769
52.329
51.658
54.405
57.214
56.39
56.384
57.143
57.903
57.551
57.2
56.677
57.719
58.435
57.011
57.448
57.577
58.17
58.217
58.596
58.291
59.048
58.376
59.313
59.589
59.098
59.119
58.846
59.249
58.895
59.146
59.145
58.423
55.209
54.71
54.211
53.661
59.201
58.548
58.728
58.295
58.489
59.204
58.658
59.811
58.309
59.317
58.172
58.134
58.096
57.545
60.311
59.815
59.712
59.184
59.36
59.537
58.791
59.279
58.892
59.465
59.034
58.99
59.165
58.136
61.002
62.047
61.71
61.645
61.579
61.854
62.129
62.215
61.173
60.347
60.872
61.154
61.352
61.606
62.12
62.331
62.102
61.924
61.784
61.775
61.756
61.858
61.481
62.415
62.596
62.101
61.419
61.619
62.265
62.423
62.545
62.585
59.161
58.855
59.026
58.87
56.334
57.351
58.367
58.706
59.045
58.564
58.839
58.997
58.971
54.607
55.747
55.946
56.293
56.014
55.919
56
55.616
56.129
56.278
56.612
56.794
56.97
57.768
57.906
57.574
58.4
58.132
58.008
58.242
57.604
57.879
57.999
57.901
57.701
58.222
58.463
57.737
57.631
58.224
57.923
57.22
57.693
57.019
57.247
56.687
56.984
55.971
56.839
55.194
55.692
55.492
55.244
56.067
55.428
55.126
55.193
54.632
54.776
54.562
54.08
53.579
54.026
53.835
52.089
53.461
53.851
54.113
53.809
53.637
53.946
54.813
58.793
59.381
59.744
45.454
45.491
55.363
55.253
55.853
55.885
55.916
56.1
56.613
56.077
53.645
55.257
56.182
56.354
56.86
55.883
55.984
56.085
55.44
60.051
60.005
59.977
59.991
60.1
59.829
45.561
45.742
50.497
59.745
59.668
60.022
60.168
59.932
60.176
60.2
60.229
60.156
60.083
60.061
60.039
59.92
54.9
54.972
60.076
60.191
60.244
59.965
59.961
60.098
60.134
59.743
59.421
59.1
61.531
58.711
55.892
57.75
51.898
51.921
51.914
51.658
52.074
51.731
52.186
52.978
52.407
52.824
52.648
52.796
54.118
53.75
53.7
54.194
54.154
54.913
54.556
55.735
59.895
84.085
84.05
84.047
84.049
84.051
71.72
59.389
57.57
57.727
57.568
57.018
57.092
57.139
57.196
57.588
57.476
57.184
57.428
57.602
57.682
56.786
56.519
55.596
57.381
57.092
57.488
57.23
57.586
57.151
57.205
56.949
57.033
57.274
56.945
56.239
55.725
53.668
55.136
54.59
45.254
44.019
46.684
45.226
43.769
53.672
53.014
53.321
53.586
53.812
53.988
53.889
54.356
54.03
54.48
54.5
63.247
55.361
47.475
44.692
43.635
46.273
54.903
57.419
56.416
62.508
62.422
56.069
57.494
62.626
62.564
56.566
58.217
57.497
57.84
57.905
57.97
57.641
62.912
62.886
62.767
62.986
63.015
63.248
62.953
62.808
62.552
62.861
63.17
63.188
62.935
62.843
