39.367
41.452
40.914
40.377
40.623
43.062
43.715
45.211
46.706
45.875
45.044
44.399
43.753
43.333
42.914
43.897
43.966
45.217
43.296
41.375
41.391
49.152
45.235
41.318
42.349
43.38
43.383
44.426
44.064
43.009
55.64
56.478
56.748
61.904
61.816
58.708
59.026
59.194
59.018
59.104
59.271
59.094
59.066
59.114
59.068
59.131
59.064
59.028
59.203
59.25
58.892
59.153
58.941
59.003
59.159
58.943
59.109
59.191
59.024
59.149
59.077
59.046
59.191
59.056
59.01
59.086
59.603
52.181
53.075
52.258
54.119
53.597
53.644
54.437
53.817
53.903
54.127
53.945
54.314
53.911
53.905
54.042
53.84
54.094
53.896
53.982
54.119
53.897
53.942
54.172
53.929
54.143
54.117
53.998
54.428
53.959
54.325
53.916
53.888
54.079
53.993
53.997
54.034
53.767
54.157
52.711
54.499
54.622
54.439
54.4
54.362
53.825
67.127
67.166
67.082
67.146
57.599
58.505
58.513
58.798
59.074
59.179
59.686
60.063
60.118
60.617
60.682
61.195
61.081
61.777
61.858
62.373
62.591
62.411
62.526
62.508
62.532
62.706
62.551
63.609
54.7
58.928
63.155
62.112
62.362
62.039
62.945
63.201
62.808
63.452
63.637
63.259
62.961
62.917
62.872
62.762
58.198
60.555
58.667
56.779
61.72
62.711
62.321
61.976
61.731
61.933
62.049
61.924
61.624
61.207
61.622
61.328
61.161
59.399
59.869
62.063
61.489
60.337
59.707
58.615
57.079
58.39
58.176
57.249
58.352
58.572
58.66
58.586
58.51
58.168
59.241
59.936
61.328
59.445
59.873
59.351
59.943
60.899
61.181
61.715
61.795
61.949
61.651
61.351
60.119
61.079
59.704
59.211
58.933
61.74
61.786
59.001
59.033
58.753
59.283
61.67
61.915
62.248
62.178
62.351
61.841
61.332
61.509
60.16
61.676
59.249
58.83
69.992
62.899
55.806
55.626
55.445
58.655
53.834
53.212
52.589
47.775
42.961
42.953
43.05
43.147
49.819
46.417
43.016
43.668
43.745
43.822
43.83
43.838
56.115
57.862
56.018
54.613
56.247
56.932
57.058
57.183
57.959
57.225
58.721
58.726
58.684
59.185
58.87
59.485
59.19
59.176
59.27
59.211
59.53
59.714
59.58
60.136
60.813
61.545
61.649
62.048
62.009
61.629
61.182
61.597
60.745
61.141
62.479
58.578
54.677
47.856
46.752
65.847
66.267
62.775
61.632
62.071
62.511
62.028
60.505
58.982
61.09
59.958
59.181
59.42
59.621
58.9
59.037
62.103
61.931
62.047
61.281
61.989
59.683
53.081
55.014
58.971
57.56
57.75
57.94
59.163
58.181
59.523
59.097
58.614
57.678
58.334
58.246
58.159
58.387
58.615
58.23
57.845
56.896
57.319
56.609
56.736
56.796
56.815
57.133
57.417
57.357
57.722
58.269
57.835
58.34
58.203
58.514
58.33
58.322
48.177
47.572
47.658
48.41
61.245
61.248
61.149
61.028
61.055
60.766
61.075
61.191
60.947
61.417
61.012
60.866
61.332
61.157
61.536
61.677
62.479
62.613
62.597
62.553
63.021
62.858
62.473
62.275
61.734
61.377
61.233
61.235
61.106
61.944
62.755
63.076
63.322
63.705
64.006
64.254
64.322
64.47
64.381
64.295
64.21
63.993
63.99
64.016
64.122
64.314
64.489
64.641
64.381
64.42
64.59
64.678
64.495
64.137
58.782
61.249
63.717
63.871
63.949
63.676
63.238
63.115
63.052
55.442
55.875
54.789
57.906
58.585
58.576
58.149
58.188
63.247
62.901
63.27
63.544
62.688
63.063
63.437
58.576
58.573
58.905
59.423
59.488
59.617
71.73
76.125
76.166
76.158
71.846
71.675
67.937
64.199
64.335
64.472
64.353
64.233
64.412
64.15
64.306
64.313
64.32
64.05
63.78
63.598
62.527
63.094
62.304
62.543
62.213
73.729
73.007
62.278
61.942
61.58
61.439
62.169
61.603
61.778
61.824
61.685
61.906
61.749
61.592
62.33
61.311
60.743
60.901
61.292
56.777
58.769
60.762
60.579
60.344
61.388
61.851
61.378
60.992
59.33
61.57
75.909
75.979
66.853
57.727
57.193
57.271
60.303
63.336
63.313
62.827
62.491
62.682
62.356
61.925
61.481
61.037
60.077
62.233
62.273
61.779
61.615
63.783
60.343
56.902
57.704
56.358
57.36
56.788
63.855
64.33
63.208
63.495
62.858
62.22
61.538
59.556
59.157
59.964
60.696
61.429
57.152
