52.845
52.864
52.884
52.891
52.868
52.846
58.126
58.423
58.41
58.398
52.839
53.064
52.954
52.981
53.128
53.025
53.046
53.053
53.046
53.039
53.001
52.966
52.983
52.913
52.949
58.33
58.081
58.636
45.777
45.944
46.137
45.851
45.946
46.302
46.011
46.317
45.825
46.07
46.061
45.859
46.108
45.763
46.096
61.96
62.118
62.032
61.985
62.108
61.882
61.849
62.285
62.476
62.501
62.526
63.24
63.378
64.072
64.156
64.39
52.843
52.531
52.458
53.335
46.018
46.054
45.741
62.216
61.95
62.933
63.915
64.021
64.349
51.763
46.904
45.78
45.898
45.845
45.966
45.75
46.207
52.854
64.738
64.246
64.043
64.024
63.843
64.035
64.227
64.19
52.461
52.525
52.687
52.662
52.721
52.569
52.418
52.402
52.598
64.747
64.765
64.796
64.748
64.684
64.294
63.904
64.305
64.503
64.432
63.453
60.793
61.52
62.248
62.4
62.276
65.479
68.681
68.554
68.361
68.77
69.64
58.096
58.249
58.196
57.905
69.34
68.929
69.006
69.658
61.869
61.031
60.193
59.103
53.047
52.914
52.888
52.862
61.96
61.991
62.05
65.168
68.287
68.068
67.886
67.919
67.969
68.277
68.729
69.475
70.48
70.279
69.732
68.833
68.418
68.197
68.289
68.617
65.274
61.932
62.243
47.655
45.764
51.647
57.53
56.954
57.614
57.835
58.002
62.038
62.082
62.173
62.134
69.985
69.512
67.288
65.064
65.027
65.065
64.96
64.832
60.512
58.486
57.617
68.869
68.584
68.281
68.705
69.188
57.622
58.245
69.444
69.06
68.96
68.727
64.736
71.076
77.416
77.041
76.765
59.275
53.7
53.56
53.35
60.465
60.248
59.909
59.57
64.99
70.411
70.066
70.585
71.104
75.384
75.254
74.482
77.772
77.074
77.054
76.926
69.024
73.409
64.46
55.512
54.485
54.637
55.616
54.817
54.695
55.456
54.646
55.304
54.309
55.635
54.463
54.602
54.74
54.537
55.396
54.906
54.311
55.745
54.502
55.378
54.402
54.489
54.901
56.44
53.718
53.138
52.679
52.826
53.47
52.022
53.724
53.917
54.11
54.045
53.979
53.763
54.034
54.304
54.423
54.669
54.934
55.357
55.911
47.935
48.038
55.132
54.851
54.716
48.261
47.932
47.637
55.49
55.612
48.309
47.849
47.718
47.588
56.517
52.236
47.955
48.053
47.991
47.93
54.644
54.998
55.067
55.022
66.321
65.015
68.203
71.39
71.318
71.183
71.586
71.751
68.387
65.023
64.866
64.449
64.546
63.798
63.448
69.428
68.229
71.987
71.232
72.747
74.262
74.193
74.123
62.85
62.927
63.004
71.153
71.754
72.155
72.206
71.991
71.894
59.772
59.831
60.134
60.437
60.423
60.824
61.345
61.866
67.23
66.9
67.134
67.089
67.045
67.06
66.992
67.039
67.086
66.901
66.953
67.075
61.874
60.642
60.431
61.142
62.962
62.714
62.883
62.97
63.036
62.708
62.904
63.081
62.86
56.568
50.276
49.809
49.785
50.228
50.081
49.934
49.931
50.114
49.859
50.329
50.086
49.843
51.403
50.936
51.796
50.534
50.903
50.967
51.279
51.107
50.776
50.737
50.697
62.74
62.608
62.639
62.67
62.652
62.652
62.651
62.576
55.754
54.652
54.22
54.862
55.693
55.012
54.33
53.937
53.062
