51.182
48.333
44.111
44.052
51.59
59.128
60.291
56.514
52.736
51.761
53.51
55.26
44.232
42.979
75.601
74.968
65.106
55.243
56.447
54.897
54.487
55.453
55.73
56.651
56.444
57.449
55.569
54.502
55.04
55.766
55.76
55.521
54.477
54.738
54.548
54.719
54.988
55.14
54.658
55.706
55.677
55.575
55.686
55.69
55.526
55.706
55.475
55.398
55.214
55.042
54.766
55.542
53.782
52.661
55.859
55.382
55.358
55.278
55.143
54.756
54.827
54.89
55.037
55.138
55.836
56.664
56.571
56.335
55.943
55.53
55.001
55.279
56.055
55.965
56.123
56.044
55.825
55.861
55.708
55.69
55.753
55.011
54.132
53.859
54.285
55.62
55.284
55.324
55.147
54.804
55.179
54.58
54.756
55.928
57.1
55.649
55.456
55.506
55.753
55.893
55.848
55.492
55.9
56.098
55.935
55.65
53.289
54.983
54.913
66.975
66.313
64.273
62.233
62.043
62.39
62.336
62.18
61.961
61.527
60.859
60.829
60.676
60.361
59.702
59.454
59.001
58.642
58.343
58.537
57.403
58.733
58.162
57.472
55.94
57.702
57.657
55.689
54.75
55.228
57.526
57.242
57.377
56.791
56.203
55.075
55.181
55.613
56.044
57.361
56.597
56.397
56.795
53.356
54.874
54.341
56.114
56.41
57.114
56.752
56.848
57
57.311
56.664
57.507
57.071
58.476
59.235
59.438
57.261
55.085
55.048
59.623
59.557
59.639
59.569
59.337
59.084
59.458
59.831
59.25
59.615
59.98
50.2
49.837
51.01
51.985
52.96
53.552
54.348
55.05
55.741
55.994
56.941
59.502
60.332
51.77
54.641
57.512
60.668
60.107
59.643
58.585
57.526
66.174
68.702
67.27
66.886
67.008
67.218
67.673
56.219
56.32
56.186
56.588
56.694
57.034
57.053
57.239
56.78
56.716
57.341
56.953
57.439
57.707
57.435
57.54
57.617
57.681
57.74
57.885
57.723
57.851
57.908
57.92
57.741
57.722
57.566
57.396
57.1
56.014
57.513
58.361
62.246
57.684
53.123
52.827
52.777
52.889
53.156
53.286
53.356
53.463
53.318
53.352
53.396
53.432
65.411
65.566
65.79
66.212
54.539
55.051
55.254
55.5
55.522
55.73
56.118
56.379
56.64
57.836
57.095
56.349
53.548
54.898
55.852
54.773
55.405
67.224
67.254
68.121
68.988
68.003
67.772
67.776
67.758
56.26
56.208
56.957
57.552
58.148
67.221
67.04
66.934
66.827
67.069
67.337
66.95
66.996
67.06
67.125
66.996
67.677
72.043
72.016
