44.081
44.006
43.559
44.157
60.448
51.952
43.456
43.904
43.591
44.065
43.778
43.743
44.114
43.732
44.054
44.046
43.561
43.8
43.917
44.029
43.573
43.841
44.124
44.07
44.165
43.662
44.203
44.172
43.866
43.952
44.066
43.346
44.374
44.038
44.225
43.659
44.017
43.993
43.912
43.994
43.632
51.145
70.739
57.452
59.466
61.479
61.632
61.681
61.952
62.003
62.025
62.12
62.037
61.955
62.071
61.645
50.808
51.637
52.441
52.713
52.988
53.145
53.4
53.256
53.239
53.399
53.782
53.92
54.288
54.513
54.837
54.954
54.809
54.717
54.512
53.961
53.824
53.781
53.725
53.029
53.557
54.229
54.388
54.489
54.64
54.613
54.661
54.54
54.521
54.5
54.479
54.506
54.578
54.789
54.806
54.936
55.11
54.919
55.025
54.786
54.624
54.606
54.711
54.602
54.588
54.639
54.662
54.777
54.786
54.694
54.471
53.561
48.568
57.353
66.137
66.578
66.761
54.699
54.479
54.705
54.818
54.953
54.712
54.667
54.503
54.27
54.494
54.618
54.384
54.434
53.903
53.455
54.825
52.09
50.323
49.278
48.462
48.138
47.538
48.299
49.539
50.02
50.263
50.267
49.424
46.476
45.35
47.971
69.037
68.871
69.08
68.928
68.776
55.749
48.895
48.732
48.959
49.032
49.646
49.379
49.505
49.883
50.158
50.066
50.476
50.326
50.464
50.51
50.2
50.322
69.031
68.668
60.043
51.417
49.464
49.887
49.948
49.914
50.175
50.053
50.142
58.513
61.762
62.32
62.078
61.835
50.581
45.151
45.002
44.97
44.782
51.426
51.44
52.025
51.556
51.482
52.313
52.079
50.526
43.663
43.518
44.052
44.586
45.82
47.054
49.661
51.439
51.987
52.772
52.099
52.699
51.843
52.063
52.432
52.105
52.085
52.322
52.381
52.083
51.886
52.291
52.114
51.558
52.322
52.798
53.274
51.466
52.193
52.921
50.727
51.249
51.157
51.773
51.392
51.796
51.729
51.054
51.061
50.507
51.614
50.864
46.226
49.576
50.16
50.744
51.805
51.794
51.419
50.726
50.034
49.765
49.259
50.455
49.556
50.753
51.016
50.596
50.729
50.994
51.778
51.995
51.655
51.336
51.374
51.411
53.222
53.007
52.792
51.649
51.929
51.979
51.802
52.325
51.82
52.958
48.182
49.416
50.649
50.197
50.185
50.171
50.157
52.111
52.566
51.4
59.205
67.01
66.77
66.96
67.015
67.07
67.08
67.016
66.984
64.203
64.017
65.554
67.091
67.107
50.339
44.328
43.603
59.478
59.471
73.968
81.073
80.952
69.234
63.632
58.03
58.044
58.059
58.35
58.64
57.532
56.423
59.316
51.248
43.181
44.127
43.71
43.293
43.707
43.132
64.991
64.977
65.115
64.863
65.058
65.056
65.044
65.032
56.787
60.946
65.105
65.007
65.045
65.084
57.414
53.721
60.683
56.453
61.726
52.84
43.955
43.373
43.859
44.004
51.486
47.873
54.081
54.952
55.824
57.686
59.549
44.1
43.874
43.874
48.37
49.658
50.946
54.283
54.724
54.28
54.322
54.524
55.021
55.486
56.074
56.592
56.124
56.267
56.404
56.39
56.16
56.027
56.017
56.399
56.396
56.65
56.512
56.772
56.571
57.08
56.28
56.52
56.286
56.189
55.954
55.976
55.987
56.163
68.814
68.872
68.889
68.906
56.669
56.32
55.763
56.03
56.267
56.417
56.028
56.26
56.271
56.401
56.447
56.276
56.18
56.441
56.595
56.686
56.644
56.542
56.854
56.498
56.324
56.71
56.699
56.437
56.278
56.059
55.984
55.663
55.258
55.01
54.671
52.874
68.954
68.88
69.248
50.449
50.499
51.968
50.2
50.583
50.181
50.154
50.562
50.258
50.403
50.582
51.085
51.232
50.92
50.459
50.735
50.573
50.887
51.431
51.976
51.46
63.476
68.532
60.684
52.835
51.59
51.794
51.646
51.76
51.879
52.119
52.133
51.755
51.587
51.274
52.451
52.185
51.92
51.999
51.998
51.731
51.994
52.284
52.371
52.127
52.25
52.138
51.97
51.908
52.056
52.072
52.037
51.635
50.31
51.962
52.583
48.411
52.099
51.532
50.966
58.046
56.959
57.311
57.425
57.442
57.532
57.601
57.65
57.624
57.97
58.085
58.432
58.865
59.215
59.411
59.395
58.883
58.442
58.558
58.223
57.776
58.3
58.534
58.595
59.137
58.893
59.13
58.742
58.317
58.044
58.191
58.533
58.366
58.694
58.569
58.515
58.73
58.865
59.254
58.767
58.914
58.951
58.966
58.925
58.931
58.892
58.941
58.816
58.944
58.811
58.847
58.955
60.024
58.68
59.388
59.501
59.828
60.563
60.413
61.862
62.771
65.035
65.061
65.39
65.117
64.588
64.645
64.082
63.555
63.027
62.764
62.859
63.009
63.153
63.122
63.093
62.938
63.633
63.069
63.872
63.421
63.133
62.791
63.523
62.679
62.935
62.996
68.579
74.163
74.171
73.918
73.666
81.121
81.308
81.233
81.073
80.958
81.107
80.908
80.741
80.89
81.184
81.098
81.012
81.049
81.086
