59.036
59.435
59.076
58.961
59.343
59.604
59.449
58.884
59.297
59.509
58.574
59.371
59.38
59.103
59.388
59.186
57.958
58.207
58.456
59.41
59.094
59.128
59.442
58.637
59.749
58.789
58.451
58.61
58.769
51.346
52.066
51.913
59.828
59.178
56.012
54.303
53.769
52.975
54.216
59.141
58.376
58.856
58.713
58.95
59.728
58.163
60.153
60.679
60.126
59.713
59.472
59.004
58.27
58.723
58.817
58.984
58.699
58.748
59.323
59.241
59.109
59.218
59.065
59.359
59.652
59.216
59.316
58.992
58.669
58.479
63.225
63.346
63.555
63.565
63.576
63.576
60.006
59.91
59.95
59.99
63.74
63.649
63.575
63.82
59.801
59.872
59.895
59.854
59.773
59.828
62.684
63.789
63.757
63.738
63.284
63.476
63.679
64.006
66.296
65.748
66.052
55.178
55.007
55.984
56.378
56.625
56.008
56.321
57.11
58.762
59.789
59.716
61.283
62.582
61.413
58.671
58.17
57.827
57.769
57.754
57.984
58.224
57.958
57.657
57.832
57.808
57.784
57.686
61.765
61.771
58.394
58.922
59.23
59.031
58.791
59.501
59.89
59.538
58.859
58.269
58.103
58.667
58.647
59.223
59.449
59.498
60.257
60.087
60.123
60.047
62.323
62.053
61.611
61.617
61.742
62.386
58.822
58.477
58.689
61.176
61.516
61.952
61.833
61.381
60.35
60.789
59.906
61.348
60.014
61.24
60.273
60.642
60.489
61.043
60.751
60.46
61.341
60.371
61.38
61.245
60.563
61.619
61.587
61.253
61.778
61.943
61.934
61.926
61.313
61.718
62.004
59.754
59.842
61.765
62.034
53.611
52.889
51.735
52.775
53.242
55.341
55.613
57.063
58.514
58.535
57.76
59.893
57.928
57.825
58.014
57.956
57.153
57.771
58.146
58.239
57.857
58.232
57.901
57.769
57.956
57.999
57.693
58.078
58.078
58.302
65.688
65.771
65.849
58.426
58.093
56.535
58.009
57.885
57.76
56.253
55.736
55.712
56.123
56.33
56.222
55.713
55.565
55.574
55.583
54.396
54.195
65.803
65.841
65.783
65.449
64.999
63.871
55.417
52.884
52.732
52.792
53.455
54.268
54.861
55.387
55.166
55.752
55.693
63.906
63.942
63.9
59.776
59.879
60
59.229
57.242
57.456
57.702
64.059
63.91
57.59
57.239
57.057
58.06
57.136
57.063
57.992
56.572
55.942
55.701
55.374
55.059
59.741
59.649
57.839
56.029
50.89
53.155
55.419
56.66
63.862
63.874
58.678
59.415
60.152
59.484
59.606
63.936
64.038
63.894
63.972
63.985
64.018
64.044
63.946
63.938
63.896
51.541
52.186
51.94
51.534
63.946
