59.811
59.913
60.217
60.077
59.936
59.928
47.577
47.522
48.678
47.652
47.794
47.937
63.971
63.919
61.857
59.795
50.26
49.36
59.355
60.013
59.859
64.929
65.002
65.019
64.961
59.743
59.308
59.679
60.234
56.527
57.052
58.164
58.254
56.883
56.807
65.042
65
59.124
49.298
49.856
50.258
49.626
50.17
49.972
50.277
49.371
50.293
49.914
50.199
49.088
50.456
50.036
49.996
49.306
49.649
49.992
49.118
64.731
76.878
76.922
52.295
47.419
44.163
44.744
77.744
78.07
49.618
47.318
47.046
47.606
60.246
60.68
60.786
61.165
47.725
49.198
50.722
51.504
64.104
64.087
64.391
64.636
64.772
52.947
53.423
53.683
54.308
54.519
55.219
55.23
55.33
54.74
54.49
53.724
53.84
53.883
53.778
53.412
53.939
54.16
53.803
53.716
54.217
54.273
54.673
54.433
53.033
51.633
46.044
45.938
59.676
52.95
56.09
59.229
58.405
57.58
67.92
67.565
67.149
67.075
67.081
67.033
67.601
67.95
55.657
56.01
56.703
57.118
56.6
56.627
55.911
55.713
56.228
57.221
58.078
58.419
58.132
58.312
58.041
57.893
58.78
58.423
57.985
58.195
57.56
56.62
57.33
57.093
57.437
57.337
57.358
56.343
57.907
61.491
65.075
64.921
64.863
64.899
64.906
64.861
64.811
64.956
65.027
65.067
65.097
65.091
61.102
57.113
57.848
57.38
57.653
57.926
58.005
57.667
58.007
58.348
58.145
57.51
61.975
64.939
65.043
65.084
65.087
65.065
64.947
73.923
73.902
48.811
49.703
49.32
50.584
51.848
43.477
43.617
54.649
53.452
53.533
54.418
54.848
55.656
56.494
56.655
56.466
56.871
56.524
56.353
56.469
56.183
56.008
55.665
55.954
55.756
55.921
56.028
56.44
56.348
56.609
56.841
56.638
56.829
56.693
56.518
56.678
56.621
68.429
68.076
68.155
68.197
68.125
68.017
67.496
66.629
65.738
65.432
53.612
53.362
53.557
54.774
55.392
56.266
56.774
56.365
67.982
67.758
67.463
67.168
67.055
67.074
67.049
67.058
67.2
67.308
67.416
55.553
55.691
55.797
55.902
55.623
55.343
56.161
55.049
56.028
56.508
57.072
58.17
65.122
64.962
64.801
59.993
59.454
60.214
61.199
62.149
64.387
64.867
65.346
65.097
64.755
63.824
63.133
62.352
62.23
62.107
62.617
63.975
63.357
63.39
63.412
62.464
61.478
60.313
59.645
59.76
60.047
60.773
61.171
62.081
62.267
61.99
61.472
61.284
60.394
59.423
60.077
60.731
60.582
60.846
59.398
58.984
59.061
59.139
60.438
59.151
60.138
60.339
59.845
61.426
61.782
61.683
61.409
61.135
61.004
60.653
60.381
60.292
60.09
59.179
58.717
58.532
58.593
58.82
58.793
59.581
61.32
61.518
61.917
62.149
50.649
56.384
62.119
61.455
60.618
60.689
59.53
60.037
58.948
59.626
59.465
59.602
59.561
76.852
76.93
76.995
77.007
59.95
59.492
59.035
59.055
59.074
60.372
59.895
51.352
51.356
50.838
60.875
77.039
76.985
76.976
60.643
60.533
61.154
60.492
59.83
44.223
44.018
58.779
58.017
57.803
57.518
58.066
58.615
58.873
58.913
53.431
56.452
59.473
59.354
59.378
59.403
79.002
79.001
79.013
58.731
58.947
59.122
79.013
79.025
59.649
59.599
59.482
59.445
58.741
59.025
59.31
59.51
59.27
57.745
58.134
56.907
55.68
79.042
79.02
78.97
79.004
79.039
78.999
79.007
73.009
67.012
54.74
54.805
54.405
66.98
66.929
66.911
54.735
55.054
54.545
53.985
54.611
59.338
64.065
63.539
63.631
63.722
56.717
49.712
54.831
48.936
54.531
54.821
55.11
51.759
55.538
56.175
56.813
48.508
47.306
46.506
50.963
55.42
56.253
48.002
46.969
48.285
53.918
59.55
