72.044
72.108
72.03
72.082
72.028
63.919
67.969
72.019
72.034
71.966
55.18
54.83
55.13
54.984
55.197
54.721
72.067
71.988
49.826
49.889
50.156
50.641
52.794
53.48
53.594
53.708
64.008
64.018
54.119
55.489
54.361
54.89
55.234
54.353
55.357
54.707
54.567
55.455
54.628
54.523
54.418
52.435
53.248
53.325
53.043
53.794
52.305
64.904
65.06
64.976
64.966
57.122
56.307
56.848
56.495
57.032
56.87
57.189
57.122
57.142
57.153
56.869
56.495
56.12
55.902
55.684
56.257
56.829
57.317
57.097
57.218
56.946
56.704
56.43
56.686
56.709
56.846
56.983
57.223
64.88
64.91
64.992
65
65.006
52.938
53.334
52.81
53.293
53.646
53.999
59.804
59.782
59.912
59.986
59.991
60.01
59.878
59.872
59.867
60.077
60.109
60.093
59.592
59.122
60.053
59.581
46.82
46.185
46.133
46.08
46.238
46.396
46.305
46.672
46.569
46.991
46.988
47.078
46.728
46.701
46.273
46.752
46.103
46.792
46.71
46.877
46.824
47.059
46.993
48.151
48.716
49.992
51.556
53.55
53.908
55.306
56.072
56.446
56.694
56.942
57.317
56.887
56.637
56.969
57.31
57.446
57.462
57.478
57.185
57.304
57.422
57.221
55.824
56.429
56.876
56.302
56.284
56.701
57.118
57.02
56.922
61.046
59.485
57.925
57.872
57.992
58.23
57.8
57.86
54.09
61.718
56.04
62.689
56.288
62.881
56.284
59.072
61.86
61.903
61.968
61.991
62.096
62.1
62.016
49.724
50.065
49.738
57.779
57.679
58.164
58.208
57.796
57.862
58.107
58.205
57.674
57.877
50.282
49.711
50.383
49.471
50.588
49.607
49.899
50.191
49.449
50.377
50.49
50.603
62.077
62.039
62.108
54.366
54.226
54.07
54.779
54.425
54.307
53.153
50.349
52.17
52.286
51.715
52.147
53.072
53.998
52.937
53.013
69.038
69.05
56.821
57.091
56.923
57.07
57.285
57.207
56.843
56.769
56.853
56.667
56.856
57.17
57.444
58.306
58.558
57.948
57.395
57.652
57.814
57.569
57.658
57.573
57.776
57.609
57.406
57.012
56.565
55.838
55.902
56.374
55.925
56.122
56.247
56.416
56.138
56.285
56.806
56.55
56.34
55.812
55.864
54.389
54.299
54.989
54.443
54.739
54.772
54.312
55.044
54.934
55.339
55.254
55.595
55.058
55.203
55.214
55.21
55.105
55.551
55.097
54.715
54.992
54.145
53.782
65.15
64.922
65.107
65.181
65.239
53.483
53.513
53.345
53.28
53.208
53.136
53.117
53.059
53.095
53.299
53.331
53.24
53.232
53.201
53.241
53.71
54.024
53.963
53.808
54.142
54.476
54.348
54.269
54.209
54.149
54.392
54.528
58.245
56.695
55.144
54.728
54.322
53.995
54.018
54.042
54.386
54.824
55.192
54.946
54.594
54.685
54.839
54.896
54.801
54.629
54.397
54.24
54.083
54.202
54.018
53.063
53.778
53.222
52.849
53.653
52.975
54.148
55.038
55.146
55.353
55.182
55.105
54.905
54.69
55.533
55.817
56.101
55.632
55.432
55.992
55.686
57.06
55.872
55.734
55.03
57.741
58.015
56.982
61.723
59.085
56.447
55.611
55.402
55.192
55.999
54.981
54.595
55.244
55.545
55.102
54.659
55.748
55.766
54.468
54.785
56.39
55.584
54.432
57.77
58.909
48.361
48.042
48.035
48.035
48.199
48.69
