53.218
54.597
50.669
49.875
62.387
62.182
62.215
62.249
62.207
58.652
55.096
55.531
54.294
54.688
55.507
55.298
54.915
55.643
53.683
52.443
53.417
52.995
52.845
53.417
52.548
53.445
52.759
53.203
52.994
52.846
53.316
52.81
53.192
53.085
52.795
53.07
53.067
52.885
52.999
52.904
52.868
52.988
52.934
52.87
57.878
58.317
57.604
58.193
58.182
58.171
58.045
53.128
52.765
53.01
52.993
52.924
52.867
53.159
52.808
53.056
52.992
53.015
56.215
53.719
51.223
61.567
71.911
71.668
59.158
59.172
59.185
60.389
59.167
58.96
58.753
58.634
58.368
58.094
57.82
57.603
59.023
58.112
58.353
58.593
58.837
59.081
53.043
53.105
49.287
49.416
48.719
67.26
67.045
66.726
66.672
59.544
59.81
60.337
60.101
59.978
60.061
59.659
60.188
59.851
60.333
60.147
48.606
47.702
65.007
65.064
65.07
52.991
54.427
55.862
60.621
65.38
64.554
64.279
64.037
63.895
64.176
64.347
64.47
64.382
64.595
64.767
64.902
64.781
60.236
60.386
57.787
57.705
57.655
56.681
55.879
57.837
66.276
65.759
65.455
65.283
65.277
65.385
65.423
65.251
65.024
64.994
65.125
65.283
72.493
72.729
72.427
65.278
62.283
59.288
60.077
60.188
59.424
59.179
53.928
53.465
53.192
53.355
54.146
55.901
67.057
66.895
67.04
55.583
55.162
55.906
55.508
55.797
55.248
56.054
56.29
56.505
56.721
56.842
56.898
56.775
57.205
57.638
57.506
57.716
57.925
57.867
57.955
57.932
65.128
65.104
57.942
57.609
58.39
58.165
57.939
57.452
57.31
69.675
69.698
57.71
57.443
57.32
57.217
57.164
56.93
56.763
56.136
55.729
56.646
56.306
56.795
57.301
57.902
57.9
57.826
69.782
69.45
69.394
57.093
57.658
57.313
69.47
69.374
69.44
57.874
57.478
57.925
57.93
57.337
69.792
69.772
69.561
69.351
66.138
66.461
66.783
55.024
56.271
69.091
69.539
69.703
69.601
57.532
57.588
57.546
57.602
57.68
57.885
57.959
57.481
57.646
57.563
57.111
57.15
57.339
70.011
70.449
70.29
58.495
58.841
57.845
59.088
59.05
59.013
58.863
58.714
57.592
58.944
59.477
65.576
71.675
71.807
59.906
59.748
59.53
59.253
58.604
59.278
59.517
59.515
59.262
58.997
58.943
61.929
58.017
54.104
45.965
46.009
45.901
45.793
46.428
46.083
45.724
46.191
46.251
45.567
46.24
46.198
46.07
45.987
45.736
45.997
70.204
70.345
58.158
57.94
57.713
57.649
57.373
57.404
57.436
57.605
57.668
57.566
57.351
57.135
57.453
57.182
56.491
56.917
57.343
57.11
61.89
62.122
57.731
57.382
56.815
61.994
61.92
61.966
62.011
56.591
57.154
61.943
61.99
57.419
57.539
62.023
62.197
57.4
57.494
57.223
45.044
46.577
57.371
57.488
57.494
57.351
57.328
57.753
57.772
57.947
58.035
58.187
58.046
58.33
58.646
59.048
58.848
58.619
58.613
70.321
70.104
70.214
70.382
59.136
59.427
59.98
59.444
43.959
44.084
44.1
44.115
45.623
46.385
46.98
53.882
60.784
60.538
60.669
60.581
60.492
45.913
45.709
60.936
60.475
60.431
60.386
59.98
60.017
59.98
60.163
60.346
59.993
60.074
60.151
60.006
60.064
59.936
59.737
48.414
49.785
46.584
