64.086
63.949
63.943
59.8
60.016
59.981
60.078
59.971
62.004
64.037
63.741
52.376
52.992
52.531
52.662
52.863
53.065
54.489
54.133
49.518
52.772
56.026
84.03
84.066
63.811
61.713
59.615
59.92
58.693
57.467
58.96
56.881
57.181
57.179
57.915
63.891
63.93
63.896
63.907
63.901
63.887
63.896
63.962
63.72
59.819
59.964
62.537
61.769
61.688
61.098
62.32
62.46
61.455
84.074
84.03
84.158
60.086
60.258
84.024
84.036
84.014
84.064
84.061
60.457
60.482
60.54
60.417
60.594
61.733
61.036
60.961
62.741
60.727
62.657
60.563
62.281
61.298
59.513
60.139
59.939
66.029
66.442
66.591
66.768
66.677
66.548
66.368
66.245
66.256
66.12
65.963
65.999
66.101
66.135
65.765
65.998
65.653
65.703
65.509
64.971
65.045
65.115
64.841
64.686
64.883
64.579
75.038
75.073
64.293
64.737
64.145
64.278
64.412
64.532
64.5
63.835
64.696
65.841
66.106
66.14
65.859
66.049
65.431
65.26
65.217
64.975
64.87
64.891
64.528
64.467
64.499
64.306
64.259
63.973
64.098
64.141
63.904
63.838
63.399
63.26
63.148
62.903
62.78
62.948
62.872
62.764
62.621
62.61
62.537
62.222
61.075
61.511
61.947
62.614
63.731
63.965
64.241
64.478
64.606
64.394
64.319
64.096
63.846
63.692
63.383
62.936
62.68
62.483
61.871
61.785
61.432
61.47
61.142
60.658
61.126
61.074
60.955
61.098
61.061
60.962
61.056
60.035
60.73
59.523
60.367
60.536
59.994
60.779
60.354
61.021
61.253
60.475
60.856
61.748
62.733
62.73
62.928
62.874
62.411
61.955
62.063
61.755
61.486
61.146
61.287
61.127
60.968
61.254
61.537
61.325
61.96
63.331
64.346
64.782
65.426
65.393
65.438
65.328
65.249
64.895
64.745
64.392
64.191
63.998
63.811
63.766
63.564
63.065
63.267
63.08
62.961
62.869
62.323
62.167
61.948
61.729
43.176
43.14
42.945
43.078
43.212
42.96
60.788
60.782
60.364
60.695
60.207
60.686
60.381
60.483
60.07
59.825
59.699
53.824
54.313
61.892
62.13
61.976
61.751
61.997
62.019
61.806
61.923
62.041
61.996
61.766
83.076
83.022
83.1
83.018
46.899
64.955
54.521
68.847
83.173
83.015
83.067
83.067
83.021
83.046
43.613
43.055
43.853
49.428
55.003
61.932
61.782
61.746
61.785
52.507
43.228
43.117
43.002
43.165
43.115
43.26
43.405
43.012
43.021
43.335
59.027
59.044
59.061
58.679
70.876
83.074
83.095
83.019
53.399
44.079
43.128
43.2
43.24
43.28
43.871
43.037
43.797
42.963
44.038
43.743
49.309
49.995
50.047
50.327
50.386
50.13
50.368
