79.08
71.938
71.984
71.983
72.017
71.958
55.104
54.976
76.074
76.048
76.008
75.949
75.765
75.945
76.005
76.143
76.093
76.115
76.019
75.961
76.058
76.113
76.099
76.064
76.017
75.884
75.823
75.915
75.968
75.974
75.98
75.986
60.546
60.587
60.798
60.752
60.706
60.444
60.455
60.454
60.464
60.378
60.348
60.297
60.45
48.296
48.479
48.803
48.513
48.687
49.186
55.142
61.098
60.437
72.053
72.068
72.049
72.022
76.027
75.982
74.028
72.074
72.04
51.901
51.675
52.261
52.735
52.916
53.453
54.116
54.015
53.394
55.223
64.95
65.147
59.586
59.577
59.567
60.342
56.46
56.478
59.561
59.291
56.592
56.66
56.809
57.06
57.703
57.211
56.643
56.651
57.105
58.738
60.304
60.053
58.841
57.646
57.273
57.714
58.272
57.941
57.002
64.927
64.987
65.033
65.004
64.969
64.944
64.887
56.645
57.942
59.239
60.136
60.123
60.068
60.075
59.864
59.782
59.921
59.959
60.17
60.18
59.921
58.634
57.901
56.984
56.77
56.728
57.299
57.831
57.38
56.752
56.592
56.864
59.506
58.965
59.761
58.16
56.558
56.813
57.085
57.227
56.953
56.902
57.027
57.261
57.065
56.693
57.127
56.929
56.846
55.495
54.143
54.728
54.969
54.689
54.816
54.876
54.944
77.014
76.99
54.979
54.802
55.26
55.428
55.597
55.928
56.125
56.244
56.287
56.262
56.338
56.372
56.406
56.271
55.929
56.169
56.406
56.336
55.545
54.641
52.955
52.261
52.175
52.581
53.207
53.451
53.721
54.004
53.97
54.621
54.688
55.233
54.81
55.503
66.627
66.332
54.982
53.678
53.655
53.708
53.581
53.301
53.366
53.43
53.454
53.584
53.76
54.002
54.22
54.401
54.596
54.669
54.691
54.709
54.709
54.689
54.482
54.229
54.344
54.104
53.83
53.758
53.464
52.455
52.194
51.874
51.913
51.931
51.709
51.774
51.95
51.695
51.656
52.111
52.566
44.388
43.217
50.115
57.012
56.784
56.767
57.087
46.915
46.125
45.555
57.512
57.261
57.531
57.234
45.743
46.086
46.258
59.276
59.391
61.685
63.979
63.963
59.804
59.625
59.845
60.066
59.745
59.93
55.191
55.001
55.138
55.117
55.095
54.889
63.991
64.045
64.084
61.828
59.572
60.013
60.009
59.863
60.121
54.943
54.849
54.867
54.884
55.032
54.914
55.02
54.931
55.126
54.814
55.264
54.858
63.993
63.97
63.979
63.935
61.912
59.889
59.806
59.808
60.043
60.058
60.032
60.035
59.948
59.888
60.076
60.04
59.926
59.943
59.811
59.959
60.106
62.049
63.992
