57.832
57.803
58.021
58.155
58.096
58.049
58.119
58.131
64.043
69.954
70.014
67.515
65.016
65.026
65.036
64.958
61.519
58.081
57.932
57.985
57.943
58.092
58.183
57.689
57.869
46.699
47.261
45.811
46.992
45.836
47.744
46.7
47.778
45.931
47.549
47.708
47.867
46.411
47.572
47.266
69.946
69.954
69.999
65.006
65.05
64.987
57.732
51.116
52.32
50.951
51.8
52.366
52.185
57.817
57.328
59.173
59.761
60.349
56.013
56.184
56.355
56.259
56.162
56.778
55.57
56.027
54.74
57.681
56.835
57.771
57.227
58.66
60.094
59.145
58.196
56.593
57.017
56.937
57.642
56.623
56.428
56.232
57.467
55.641
55.409
55.177
55.195
55.213
53.685
53.634
53.582
53.642
53.702
53.59
53.477
58.466
60.052
60.054
60.232
60.064
60.027
59.712
59.606
59.805
60.046
60.288
56.327
57.828
56.445
57.452
56.164
57.16
56.463
57.673
56.852
57.11
56.628
56.154
56.516
56.051
55.934
56.445
56.343
56.037
55.4
56.504
56.502
56.56
56.924
56.775
57.031
56.486
56.415
56.343
56.383
56.424
53.344
54.23
54.885
54.332
53.779
54.062
53.636
53.236
54.492
54.434
54.421
54.097
54.308
54.519
55.523
55.027
55.416
55.52
53.603
55.733
55.429
56.037
56.673
56.064
56.216
55.9
55.584
55.279
54.544
54.367
52.896
52.607
51.792
51.913
52.246
52.182
52.963
52.883
53.436
53.794
53.453
53.791
54.727
54.074
53.832
54.029
53.828
53.582
53.659
53.716
53.566
53.438
53.893
54.159
53.867
53.8
54.251
54.225
64.908
65.161
65.073
62.514
59.954
53.41
53.277
52.911
53.643
53.877
53.878
53.879
53.057
52.234
50.196
50.127
49.825
50.06
49.773
50.173
50.063
50.473
59.953
59.783
60.05
60.057
60.064
59.749
56.409
53.07
51.363
51.442
51.03
50.709
50.582
50.669
50.679
50.822
50.706
50.978
51.294
51.295
51.363
52.598
52.151
53.056
63.95
64.236
64.048
61.968
59.888
55.095
54.828
55.13
55.021
55.029
55.001
55.05
55.789
54.828
54.989
55.081
55.298
55.241
55.263
55.099
55.13
55.395
55.606
55.473
55.643
56.071
56.778
55.942
56.075
56.843
56.192
56.88
57.074
57.372
57.429
58.165
57.723
57.199
57.3
56.74
56.675
56.588
56.47
56.537
57.077
56.907
57.366
56.838
56.862
56.521
56.905
56.799
56.962
57.209
57.235
57.015
58.097
57.016
57.022
56.241
57.178
56.355
56.476
56.597
57.846
54.278
55.212
54.821
55.094
54.935
55.005
55
54.937
55.013
63.996
63.943
63.968
63.977
63.979
64.052
64.017
72.063
72.058
72.007
71.986
71.912
66.927
66.96
79.078
79.06
72.053
72.073
72.092
79.127
79.102
79.104
79.036
78.976
78.945
78.893
72.065
72.072
72.06
72.029
75.488
78.947
78.994
78.994
79.026
79.092
