68.943
56.964
50.714
51.55
52.385
50.364
48.342
41.795
42.85
43.905
45.747
47.59
49.563
50.634
50.231
50.202
49.891
50.209
49.574
49.725
50.477
49.529
50.283
49.456
50.423
49.862
50.382
48.662
49.849
51.037
45.824
45.199
45.198
44.44
45.41
45.638
45.034
44.873
43.742
45.25
44.46
45.073
44.36
45.546
45.664
44.981
44.298
45.955
45.149
49.907
48.161
46.415
51.823
48.43
45.037
46.194
53.685
54.419
55.055
55.895
55.711
55.618
56.738
56.95
57.357
57.818
58.018
57.578
57.304
56.983
56.389
56.017
56.269
56.485
56
56.033
56.463
56.584
56.522
57.121
56.842
57.346
57.122
57.524
56.612
54.194
51.776
51.365
58.222
59.155
59.027
59.175
59.254
59.358
59.386
59.045
58.021
56.807
50.688
43.259
43.453
57.754
58.839
58.63
58.578
58.754
58.917
59.083
59.245
59.189
59.048
58.777
58.239
58.336
58.564
58.792
58.722
58.723
58.688
58.717
58.809
58.906
58.962
58.989
59.106
59.061
59.12
59.043
58.727
57.549
57.525
58.77
58.918
58.813
58.809
58.829
58.723
58.666
58.698
58.809
58.849
58.841
58.891
59.055
59.021
58.772
58.522
58.159
57.68
56.717
55.267
53.658
52.228
51.736
50.601
49.898
49.898
49.8
50.271
50.442
50.446
50.729
51.199
51.669
51.029
50.839
43.025
43.03
43.173
43.151
43.257
43.073
51.209
50.683
43.057
43.071
43.025
43.091
43.157
45.27
47.384
50.358
54.371
54.195
54.36
54.474
54.646
54.888
55.226
55.636
56.149
56.589
56.978
57.271
57.23
57.119
56.835
47.265
45.603
57.166
56.924
56.393
55.872
55.427
55.012
54.781
55.043
54.912
54.78
54.983
54.968
54.679
54.984
54.45
54.842
54.266
54.805
54.548
55.016
55.272
55.149
55.718
55.196
55.07
54.14
45.657
45.805
46.88
47.252
48.464
54.665
54.778
55.184
54.981
55.063
54.933
55.166
55.251
55.388
55.242
54.943
53.327
79.074
78.97
79.005
79.069
57.729
53.406
52.761
52.117
52.566
53.127
54.13
53.618
53.836
54.443
54.006
54.711
53.467
52.005
51.301
51.911
52.03
51.969
52.127
51.673
54.263
55.128
54.94
54.662
54.989
55.035
54.956
55.33
55.199
55.212
55.191
55.399
54.934
55.107
54.356
53.382
53.138
53.166
51.132
52.784
51.601
52.155
52.032
51.793
49.305
53.972
58.639
58.346
58.474
52.566
51.929
53.934
54.684
54.194
54.769
53.719
53.162
52.606
67.071
66.858
52.62
52.584
52.548
51.615
52.359
51.9
51.63
51.774
49.917
48.059
49.39
50.721
49.372
50.157
50.603
49.083
50.732
49.701
51.308
49.658
49.706
50.765
51.943
51.959
53.607
58.041
54.429
50.817
50.62
51.923
52.149
52.412
52.789
52.311
52.354
53.326
53.847
53.901
54.105
53.789
53.96
54.131
52.193
53.916
53.782
54.001
54.045
53.974
53.584
53.553
53.506
53.894
53.778
53.821
53.884
53.997
53.882
53.685
53.779
52.699
53.649
53.353
53.934
54.133
54.206
53.974
53.9
53.815
53.936
53.625
53.494
53.414
53.3
53.529
53.693
54.087
53.626
53.842
53.987
54.102
54.158
54.348
54.304
54.317
54.42
54.721
55.224
55.582
55.448
55.736
55.329
46.784
46.922
47.121
46.946
47.407
47.056
47.031
47.958
53.622
53.605
52.693
52.448
52.581
52.875
53.103
53.406
53.939
54.178
54.034
53.741
53.289
52.929
47.579
47.463
47.163
46.6
47.394
46.686
47.22
47.172
46.681
49.017
50.656
48.255
47.645
48.022
48.566
48.544
48.521
47.393
46.734
46.997
47.497
46.378
48.204
49.187
50.598
49.823
50.773
49.657
49.718
52.21
52.923
51.745
50.567
48.989
48.194
50.004
48.517
48.634
48.555
48.477
50.467
48.506
47.925
49.191
49.233
49.275
51.636
49.343
50.264
51.185
51.606
51.758
51.129
51.592
50.869
52.468
51.853
51.579
52.241
51.716
51.094
52.2
50.489
51.132
50.311
51.107
48.707
48.227
47.864
48.166
48.4
48.893
46.883
46.93
46.977
49.993
49.77
49.746
51.626
52.135
51.225
54.627
53.283
53.093
52.903
51.661
50.418
52.451
52.343
51.753
52.36
51.735
51.813
51.929
51.923
51.415
52.196
51.62
51.044
50.043
49.043
49.086
48.756
48.426
49.261
49.235
49.209
46.984
48.788
47.858
47.324
48.899
47.601
47.816
48.329
47.856
47.923
48.165
47.919
