43.358
56.539
50.843
63.831
76.819
76.477
62.689
64.343
64.148
54.862
51.692
52.316
52.576
52.836
52.387
53.084
52.558
53.545
53.499
53.764
54.364
54.312
54.38
54.108
53.718
54.131
53.975
53.743
53.396
53.709
53.866
53.084
54.5
55.056
55.365
55.325
55.452
55.551
55.946
56.038
56.454
56.064
56.32
56.721
56.609
56.79
57.149
57.399
57.796
58.072
58.389
58.284
58.771
58.709
59.012
59.081
58.929
59.173
59.288
59.404
58.558
45.899
46.196
45.905
45.539
45.988
45.875
46.155
46.687
59.632
59.927
59.847
59.773
60.194
59.956
59.981
60.316
60.426
60.48
60.72
60.846
61.196
61.515
61.653
61.528
61.542
61.501
61.573
61.429
61.277
61.415
61.651
61.708
61.936
62.062
62.066
61.95
61.783
61.634
61.543
61.611
61.606
61.62
61.754
61.843
61.918
61.97
62.024
61.88
61.774
61.754
61.695
61.527
61.482
61.581
61.586
61.58
61.583
61.629
61.756
61.689
61.631
61.592
61.541
61.512
61.473
61.525
61.507
61.552
61.595
61.684
61.555
61.556
61.624
61.589
61.515
61.627
61.564
61.457
61.47
61.465
61.445
61.588
61.79
61.873
61.774
61.806
61.709
61.524
61.3
61.04
60.974
60.712
60.901
60.912
60.473
60.376
62.198
64.021
64.018
64.014
59.717
59.881
59.869
59.821
59.867
59.884
60.031
60.089
60.489
60.721
61.209
60.968
79.025
78.923
60.97
61.449
60.844
61.326
61.2
61.296
61.752
61.582
61.786
61.571
61.631
61.779
61.668
61.887
61.589
61.751
61.576
61.559
61.25
61.381
61.386
60.926
61.235
61.012
60.491
59.934
66.962
65.475
63.988
63.768
63.97
63.925
78.961
78.975
78.979
72.952
66.926
58.617
57.938
58.451
58.137
58.407
58.253
58.936
59.492
59.816
59.959
60.109
59.986
59.827
59.843
59.586
57.516
58.118
57.191
56.554
57.075
57.365
56.544
56.376
57.165
57.319
57.784
57.818
58.131
58.243
58.408
58.767
58.273
58.004
58.347
58.504
58.567
59.104
58.628
59.089
58.438
58.654
57.954
57.858
58.295
58.464
57.88
57.885
58.46
58.405
59.018
58.803
59.223
58.872
59.265
59.176
59.308
59.709
59.534
59.688
59.914
59.943
59.82
59.788
59.876
60.041
59.67
59.601
59.482
59.67
59.922
59.719
59.654
59.905
59.89
59.623
59.533
59.69
59.537
46.324
46.135
45.378
45.301
44.722
44.396
44.343
43.582
63.828
63.973
63.983
72.008
72.063
72.054
71.975
71.996
72.031
