47.873
48.129
48.041
47.858
47.891
48.151
47.983
47.775
47.901
48.308
47.727
47.976
47.986
47.946
47.95
49.565
45.915
46.402
54.101
54.559
47.016
47.009
47.185
49.688
48.226
46.765
47.511
48.258
48.14
48.014
47.818
48.258
47.959
47.963
47.886
48.181
47.703
47.942
48.08
47.832
53.989
54.641
48.013
47.868
48.032
48.148
47.958
54.395
55.585
55.523
55.387
55.344
55.016
55.193
55.379
55.786
55.953
55.185
56.486
55.79
55.093
54.795
54.541
54.961
54.811
54.949
54.932
54.857
54.998
55.031
55.125
55.261
55.242
55.297
47.539
46.99
45.68
53.902
52.501
52.789
51.453
50.53
50.084
49.802
49.625
49.528
49.301
49.712
50.122
50.062
49.643
50.491
49.017
49.531
50.045
49.514
49.274
49.039
48.828
48.073
50.506
50.035
49.563
49.611
49.856
49.495
50.328
50.451
55.068
54.406
50.269
49.77
49.696
49.161
49.001
48.967
48.798
48.878
48.946
49.015
49.206
49.018
48.837
60.726
60.936
55.073
64.558
57.341
65.671
57.713
49.754
49.55
50.014
49.707
50.074
50.005
50.141
50.723
50.468
53.535
52.346
53.254
52.037
51.653
53.034
52.422
53
51.846
51.746
52.116
50.997
50.421
49.98
50.372
50.357
50.699
50.992
51.074
51.627
51.166
53.364
52.856
53.606
54.481
54.51
54.612
54.011
54.168
54.639
54.387
54.82
54.426
49.784
51.291
50.871
54.018
54.931
56.269
56.073
56
56.586
56.815
56.837
57.353
57.261
57.766
57.611
57.293
57.286
56.962
57.208
57.609
57.5
57.994
58.163
58.273
58.119
58.251
58.596
58.535
58.777
58.653
58.763
58.428
58.277
58.725
58.248
58.41
58.423
58.189
58.172
58.203
58.15
58.161
58.337
58.454
58.571
58.66
58.788
59.035
58.799
57.734
50.98
51.22
51.109
50.841
51.412
57.294
59.224
59.479
59.526
59.452
59.621
59.571
59.747
59.67
59.635
59.777
59.721
60.071
60.378
60.679
60.344
54.65
54.444
54.161
58.83
59.251
67.1
59.223
51.346
50.21
53.435
56.661
56.793
56.793
56.867
57.189
57.622
58.31
58.864
59.124
59.384
59.304
59.235
59.325
59.16
58.877
58.578
57.96
56.604
55.378
55.141
54.27
54.862
54.688
55.385
55.897
56.477
56.855
57.23
57.702
58.22
58.466
58.923
58.18
58.215
58.251
58.028
57.997
58.009
58.058
57.568
70.316
63.646
56.976
50.808
50.056
49.379
50.577
49.398
50.142
50.381
49.69
50.292
50.126
50.079
50.085
49.994
49.807
47.661
50.638
53.614
53.978
53.983
54.125
53.872
53.737
53.933
53.866
54.02
54.133
53.427
47.104
46.993
47.081
46.621
48.98
51.338
56.705
59.003
58.821
58.476
58.3
58.476
58.824
59.093
59.313
59.642
59.828
59.69
59.3
59.15
59.167
59.344
59.373
59.195
59.566
59.542
59.746
59.679
59.475
59.199
58.385
57.398
45.081
45.155
44.685
44.795
45.478
44.064
58.839
59.593
59.192
58.955
59.063
59.158
59.271
59.376
59.316
59.339
59.362
59.036
58.573
57.939
56.747
55.644
54.622
53.652
52.942
51.164
50.467
50.319
50.05
49.907
49.958
50.111
50.335
51.365
62.844
63.315
52.27
52.873
54.079
54.424
53.934
53.612
53.774
53.711
53.574
54.389
54.041
54.227
54.303
66.581
66.938
55.247
55.531
55.815
55.917
55.646
55.375
55.759
55.425
55.172
55.276
54.902
54.695
53.848
52.355
49.34
49.572
50.812
51.267
50.645
49.638
49.753
55.573
56.197
56.004
55.785
55.662
55.613
55.637
55.323
55.349
55.02
54.914
55.277
55.701
56.425
56.993
57.194
57.174
57.025
55.957
56.028
56.1
56.778
56.003
56.729
55.973
55.809
56.126
56.66
56.888
57.238
57.701
57.477
57.321
57.166
57.12
54.057
45.005
46.653
47.448
51
49.825
49.491
50.4
53.966
54.171
54.028
52.707
53.835
54.962
56.102
55.867
54.668
56.445
56.184
55.924
56.063
56.824
56.898
57.206
57.646
58.224
57.922
57.425
57.759
57.01
56.924
56.229
56.046
55.748
55.188
54.444
53.701
53.604
53.82
53.871
54.061
54.6
55.136
55.479
55.825
56.018
55.878
55.395
55.301
55.124
54.924
54.894
54.922
54.878
54.844
54.761
54.807
54.665
54.247
54.222
54.474
54.44
54.388
54.315
43.046
43.02
42.985
43.024
43.304
43.195
43.085
43.185
43.192
43.196
43.325
43.387
43.2
43.296
43.209
54.181
54.833
55.452
48.217
47.465
46.171
51.287
49.38
47.037
46.718
47.693
48.667
52.015
49.64
47.265
45.657
47.115
49.026
