75.926
64.812
63.892
62.972
62.459
63.09
62.698
62.661
62.736
62.92
62.539
62.962
63.465
62.955
62.708
63.334
63.128
63.318
63.221
63.23
63.057
63.184
63.384
63.427
63.495
63.964
63.779
63.792
63.547
63.622
63.438
63.051
62.244
62.6
62.393
61.656
61.697
61.403
61.011
61.267
61.789
62.023
61.925
61.76
61.643
61.527
61.075
61.187
60.711
60.696
60.093
60.163
59.736
59.676
59.123
59.228
59.412
59.855
59.21
59.44
59.391
59.045
59.138
59.066
59.221
59.153
58.983
58.992
59.465
59.685
60.069
59.878
59.627
59.879
60.71
60.492
60.265
59.725
59.906
61.573
60.66
61.501
61.134
61.797
61.944
60.926
61.717
61.92
60.57
58.627
59.184
59.74
58.745
59.226
58.706
60.508
62.31
62.369
61.17
61.722
60.133
61.218
60.822
59.23
59.649
58.765
59.158
58.949
58.116
57.283
59.39
58.622
58.477
58.438
58.399
54.362
50.325
49.568
50.066
49.932
49.92
49.731
49.65
49.641
49.905
55.628
74.168
74.089
74.052
74.001
74.118
73.987
60.276
60.988
60.283
60.607
59.931
59.772
59.269
59.154
58.51
58.817
58.461
58.529
58.964
59.122
59.596
59.676
60.305
61.645
62.339
62.391
62.765
62.922
63.08
62.002
61.916
62.709
61.975
61.966
62.066
62.011
62.295
62.194
61.175
61.297
74.122
74.097
62.092
63.643
63.296
62.782
62.642
62.377
62.113
62.023
61.787
61.18
60.858
60.536
59.711
59.636
62.243
62.395
61.676
59.987
60.665
61.343
59.978
59.269
60.584
72.944
72.769
73.717
60.432
60.237
60.262
60.534
60.806
62.473
60.68
60.441
59.265
62.133
62.233
62.186
61.877
61.843
61.441
63.893
62.338
61.975
61.225
59.618
59.267
58.983
58.863
58.695
57.812
59.002
59.271
59.159
58.991
58.809
59.338
59.959
60.515
61.075
61.424
61.515
61.841
61.453
61.551
61.496
61.965
61.948
62.808
63.279
63.351
63.543
47.251
48.277
48.087
48.121
47.562
65.044
63.601
63.434
63.454
63.152
62.749
63.145
62.934
62.824
62.762
62.113
62.103
62.112
61.562
61.519
60.962
62.164
63.365
64.206
65.28
65.926
66.164
66.22
66.044
65.659
65.709
65.551
64.981
47.071
47.965
47.382
59.33
59.636
61.306
62.976
63.174
62.761
63.071
63.236
63.4
63.485
63.505
63.433
63.469
64.11
65.117
66.176
67.334
68.493
67.3
54.899
54.834
62.738
61.232
60.155
59.875
59.962
59.395
58.988
58.731
58.48
58.685
58.55
58.346
58.885
58.806
58.718
59.093
59.493
59.357
59.165
59.177
59.495
59.725
59.675
59.729
59.682
59.811
60.029
59.97
59.925
60.064
59.431
54.751
54.874
59.934
60.053
59.584
59.938
59.647
59.259
59.113
59.091
59.148
58.611
58.237
57.766
57.549
57.334
57.052
57.173
56.65
56.73
56.49
56.9
56.962
56.775
57.002
56.738
56.24
55.498
54.889
54.949
53.716
55.249
55.095
55.487
53.989
55.58
50.248
44.916
45.396
57.201
55.927
55.938
50.458
54.32
58.182
57.634
59.339
58.953
58.157
58.127
56.281
57.005
56.274
55.901
56.892
56.922
57.878
57.271
56.664
56.443
54.263
54.143
54.065
54.98
59.882
60.072
60.033
59.981
59.148
59.716
59.106
59.07
58.56
59.172
59.342
59.356
58.559
