50.543
50.055
43.323
43.243
43.283
43.324
43.239
43.154
43.607
45.467
47.327
51.327
51.681
59.163
59.247
59.119
59.13
59.091
59.023
59.167
59.139
59.063
67.01
66.938
48.351
49.61
49.365
46.499
47.821
46.129
45.711
49.357
51.094
49.39
49.781
48.271
46.762
46.054
46.362
46.691
46.371
46.096
45.933
45.332
44.767
56.043
55.455
54.853
54.712
54.697
54.693
79.053
79.028
79.042
79.02
79.051
79.083
78.993
79.015
55.172
55.225
55.392
55.527
55.491
55.731
43.897
44.226
44.694
45.131
45.244
45.384
45.469
45.335
45.317
45.524
45.716
45.882
46.042
45.94
45.88
46.031
46.128
46.061
45.956
46.07
46.047
46.093
46.219
46.077
46.056
46.355
46.368
46.558
46.803
47.121
47.187
47.213
47.324
47.392
47.448
47.42
47.269
47.714
48.19
48.176
48.227
48.241
48.303
48.336
48.401
48.405
48.475
48.54
48.746
48.938
49.346
49.463
49.521
49.54
49.77
50.03
50.078
50.215
50.379
50.51
50.776
50.95
51.813
50.771
49.729
49.531
49.334
53.924
52.006
51.898
50.25
48.602
48.846
49.089
48.942
48.795
48.958
49.256
48.686
48.704
48.951
48.869
49.199
49.443
49.879
50.473
50.805
51.399
51.688
51.824
51.587
51.382
51.585
51.663
52.207
52.561
52.64
52.43
52.267
51.921
51.309
51.169
50.563
50.71
50.36
50.493
50.315
49.831
50.347
50.355
50.644
51.216
51.554
51.733
52.235
52.05
51.407
51.547
50.808
51.199
50.926
51.385
51.193
51.62
52.03
51.748
51.889
52.037
52.29
52.5
52.58
52.34
51.846
51.922
52.004
51.412
51.739
51.42
51.477
51.78
51.424
51.863
52.156
52.153
52.389
52.239
51.61
68.143
67.921
52.306
52.501
52.762
52.941
52.562
63.927
63.839
64.006
64.01
64.056
63.925
63.992
64.03
63.987
64.484
59.91
60.016
60.06
59.939
59.854
47.708
47.986
76.025
75.948
75.981
79.535
69.698
68.357
67.015
66.924
66.984
56.282
54.767
49.935
51.856
53.776
53.962
54.126
59.902
59.922
59.851
60.193
59.658
49.565
49.855
49.109
48.363
52.907
53.524
54.142
56.845
55.435
54.025
54.37
52.184
50.426
49.361
49.875
51.597
53.32
48.451
49.545
48.972
48.399
55.776
54.405
53.894
59.954
66.014
65.844
49.788
55.868
61.949
61.894
62.175
61.977
61.991
62.195
61.842
65.364
57.19
49.016
48.294
46.875
49.319
81.032
80.985
47.914
46.864
49.02
48.427
61.301
69.061
69.072
61.729
61.865
66.05
66.008
65.53
69.157
77.904
78.102
44.416
44.046
43.809
43.449
43.397
43.344
43.391
54.505
54.677
55.084
55.491
43.843
43.656
65.8
66.008
77.958
78.065
78.028
78.038
78.05
78.015
46.857
45.594
46.024
45.978
45.851
45.539
45.515
45.652
45.806
46.092
67.957
67.938
68.09
68.241
81.111
81.058
81.077
49.199
47.791
47.644
47.586
47.436
47.352
47.355
47.23
47.125
47.184
60.011
59.738
59.796
47.805
48.129
48.207
48.068
48.109
48.125
48.037
47.924
47.879
47.887
47.888
47.888
47.821
49.507
48.956
48.404
53.393
54.125
54.112
53.994
53.491
52.767
57.11
61.452
61.242
49.672
49.38
49.733
61.953
62.168
61.941
53.246
57.853
53.894
49.936
51.185
51.364
51.543
51.424
51.721
51.311
51.112
51.039
50.487
50.339
49.993
49.597
49.254
49.229
48.621
48.747
48.759
48.641
49.071
49.064
49.291
49.365
49.585
49.45
48.898
48.658
48.73
49.123
49.298
48.768
46.979
47.613
47.432
46.192
45.873
47.595
48.71
48.088
48.558
48.712
49.089
49.697
50.073
50.507
50.391
50.532
50.158
50.088
50.021
49.988
49.928
49.759
49.625
49.675
49.733
49.733
49.633
49.748
49.678
49.813
49.906
49.797
49.793
49.77
49.691
49.692
49.858
49.803
49.455
49.241
49.26
49.295
49.468
49.486
49.429
49.224
49.013
49.167
49.482
68.815
67.963
68.014
68.098
71.019
73.94
74.009
74.006
74.033
74.178
74.125
74.036
74.045
74.062
73.998
73.973
73.929
61.149
59.924
59.918
60.13
60.011
60.232
60.625
62.201
61.618
61.989
61.924
61.737
61.989
69.043
68.947
68.954
68.902
