49.992
50.029
50.039
49.864
50.108
49.855
50.031
49.798
50.028
49.853
49.048
48.244
47.83
48.068
49.305
49.956
50.065
50.007
50.033
50.006
49.832
52.08
54.329
54.932
55.234
47.944
48.086
54.832
55.094
55.033
54.976
55.152
54.991
55.085
54.989
55.037
55.064
55.127
54.962
54.97
55.612
55.957
55.029
54.102
54.696
55.415
56.411
57.628
57.834
58.04
57.994
58.415
57.984
56.501
54.611
54.954
55.166
55.1
57.017
58.933
57.447
58.266
58.222
58.267
58.082
57.939
58.007
57.851
57.752
57.746
57.732
57.95
57.803
57.925
57.771
57.696
57.943
57.476
57.596
57.386
57.223
57.015
56.449
55.964
55.147
54.416
53.855
53.485
53.789
53.599
53.803
54.456
54.598
54.741
54.676
54.734
55.098
55.169
55.01
54.98
54.946
54.806
59.598
59.973
60.057
60.004
47.771
47.993
45.483
47.831
50.178
56.311
56.293
56.044
55.937
56.212
56.593
56.291
56.318
56.327
56.363
56.587
56.811
56.994
57.177
57.326
57.559
58.029
57.738
57.505
57.276
56.945
57.21
57.385
57.667
57.765
57.634
57.344
56.577
56.696
56.239
56.709
57.121
57.03
58.149
46.268
45.785
45.827
45.941
46.343
45.846
45.569
45.857
46.016
46.206
45.892
75.097
75.01
46.117
46.083
62.812
63.078
63.375
62.734
58.047
60.581
57.369
54.157
54.001
53.846
53.89
53.935
53.341
54.023
54.493
54.424
54.354
51.936
51.358
50.492
50.813
51.26
51.707
52.156
52.238
52.518
52.552
52.976
53.152
53.327
52.299
50.513
48.727
62.877
62.888
63.199
57.028
56.686
56.572
56.411
56.584
56.586
56.642
57.304
57.614
57.765
57.274
56.291
55.307
43.074
43.504
43.484
43.463
58.585
58.401
58.1
58.396
58.349
58.509
58.216
58.722
58.317
58.98
58.963
58.651
59.065
58.886
58.979
59.183
58.936
59.016
59.25
59.622
59.84
59.871
59.648
59.553
59.506
59.651
59.71
59.832
59.86
59.914
59.954
59.879
71.707
71.729
71.464
59.463
59.861
60.041
60.074
59.834
59.702
59.593
59.517
59.512
59.166
59.195
59.485
59.642
59.755
59.745
60.123
58.825
59.502
59.485
71.817
71.744
59.474
59.55
59.945
59.9
59.864
60.082
60.481
60.592
60.742
60.489
60.188
60.409
60.303
60.627
61.178
61.355
61.806
61.609
61.691
61.562
61.644
61.318
61.109
61.31
61.092
61.076
61.129
60.833
60.409
59.97
59.631
59.473
59.302
59.646
59.947
60.196
60.27
60.081
60.159
60.004
59.838
59.69
59.735
59.695
59.127
59.134
59.141
58.885
59.4
59.39
59.874
59.896
59.897
59.857
59.822
59.942
59.949
59.993
60.11
60.13
60.065
60.193
60.185
60.024
59.952
71.945
72
72.034
72.057
72.019
71.947
71.874
71.82
71.613
71.62
71.443
71.452
71.675
72.05
59.935
60.838
62.185
62.328
61.666
61.774
60.412
71.058
70.454
70.366
70.417
70.743
60.543
59.216
59.562
60.862
59.235
59.848
62.074
60.38
62.367
58.835
60.465
59.942
61.115
60.664
60.214
60.518
60.821
60.574
59.893
60.732
60.674
60.439
60.203
60.433
55.992
51.55
55.833
50.627
45.42
46.953
47.116
47.28
47.989
46.791
47.149
48.813
51.153
51.589
46.277
49.44
46.62
49.67
52.72
54.891
54.793
46.794
45.087
54.303
53.481
50.994
51.602
52.21
52.842
53.736
52.648
52.587
53.414
53.399
53.384
52.223
53.097
54.016
53.695
53.374
53.02
52.402
53.571
52.714
53.227
53.591
53.956
70.033
69.951
57.468
58.145
57.731
58.197
58.362
57.442
69.847
70.143
58.053
57.637
57.865
58.094
57.565
58.147
58.318
58.427
57.288
70.063
70.032
69.914
70.307
71.228
72.149
71.17
70.19
70.032
46.98
45.05
44.153
