61.903
58.523
58.513
58.503
77.061
77.071
77.03
77.009
77.015
77.036
77.034
77.04
77.065
77.052
77.047
77.042
77.028
77.079
77.111
67.635
72.293
76.952
77.015
58.418
57.058
59.045
59.422
59.799
60.444
61.089
61.161
61.233
62.059
49.612
50.076
50.572
50.58
50.626
50.708
50.803
50.328
50.324
61.927
61.944
61.96
57.188
52.415
51.996
51.74
51.373
51.177
51.138
50.055
50.904
51.204
50.374
50.325
50.407
51.401
51.279
50.27
51.187
51.421
51.395
51.396
51.226
50.294
51.809
52.101
51.422
51.025
51.024
50.536
51.109
51.804
52.164
52.508
52.751
52.942
53.037
53.025
53.076
53.145
53.103
53.083
52.706
52.35
52.26
52.725
52.766
52.341
52.014
51.763
51.608
51.304
51.343
51.002
50.206
50.105
49.332
49.408
49.484
49.906
50.343
57.452
57.372
50.083
50.285
57.202
57.353
49.823
50.372
49.863
49.94
50.723
62.027
62.159
62.08
50.2
50.323
50.904
50.42
50.343
62.114
77.025
76.982
77.017
76.946
51.954
51.351
51.223
51.059
50.773
50.661
51.188
51.328
51.409
52.072
52.408
52.654
52.814
52.887
52.717
52.825
52.786
52.87
52.879
52.993
52.975
52.765
58.187
58.32
64.994
65.083
58.908
56.921
61.791
62.286
62.043
61.846
62.189
61.751
56.851
57.1
57.3
57.499
56.869
56.826
57.011
56.935
56.694
56.453
57.337
55.56
62.468
61.57
54.563
55.633
55.583
55.532
55.531
55.53
55.668
55.806
55.307
54.808
56.234
59.784
60.368
59.954
59.735
60.108
59.771
59.98
60.188
56.406
57.478
57.962
57.863
57.115
56.956
49.28
49.347
50.256
49.916
50.11
50.505
50.113
49.472
57.199
57.249
57.278
57.314
57.349
52.38
51.728
51.463
51.224
51.021
50.962
50.559
51.01
51.097
50.882
51.523
51.322
51.121
51.25
51.338
51.426
51.665
51.389
51.897
52.048
51.726
51.129
51.006
51.135
51.287
51.438
52.185
52.441
51.951
52.355
52.45
52.965
53.693
54.382
54.067
53.12
52.794
52.609
52.733
52.139
51.863
51.552
51.342
51.153
50.746
50.19
50.162
48.902
50.241
48.749
49.759
50.569
50.088
49.9
50.378
69.126
69.09
68.988
68.968
68.996
69.024
69.036
68.895
68.862
68.803
68.984
62.183
62.002
62.039
62.314
50.065
49.939
50.691
57.417
62.468
59.974
57.48
57.523
54.304
51.085
51.055
50.793
50.638
50.995
51.025
51.416
52.033
52.339
52.57
52.631
52.714
52.75
52.646
52.675
52.776
53.098
52.969
53.284
52.179
54.63
57.08
57.652
70.245
69.899
57.458
57.723
58.286
58.242
57.418
59.689
61.96
59.72
66.844
73.967
