59.25
60.07
60.124
56.707
57.463
57.818
57.668
57.229
56.773
56.344
57.268
57.294
56.606
56.8
57.147
57.044
56.717
57
65.078
65.035
64.97
65.013
64.914
64.946
64.928
65.023
64.993
64.911
65.041
65.017
64.994
64.956
64.969
65.066
57.083
56.925
56.997
57.15
56.927
57.469
56.15
57.38
56.987
56.573
56.639
56.984
57.015
57.033
57.236
57.163
56.358
56.911
57.28
56.537
57.069
65.123
64.728
65.079
64.802
58.066
57.514
50.974
50.728
51.224
51.088
51.016
51.178
52.033
52.396
52.662
53.011
53.295
53.391
53.548
53.318
53.005
53.01
53.037
53.524
53.303
53.359
53.458
53.224
53.452
53.207
53.317
53.125
52.876
53.117
52.913
53.198
53.154
53.266
53.451
53.128
52.71
64.807
64.953
64.978
55.07
57.753
54.453
51.153
50.981
50.787
50.919
51.609
51.411
51.643
52.549
52.336
53.011
52.573
53.214
52.818
53.129
52.275
53.479
59.922
60.113
60.304
60.657
61.009
53.542
51.566
51.116
50.879
51.102
69.698
69.379
50.373
49.943
50.082
49.534
49.564
49.616
49.454
49.292
49.588
49.547
49.815
49.672
49.529
50.027
49.579
49.853
49.753
49.905
49.73
49.258
49.67
49.095
48.52
48.621
48.666
47.293
48.771
48.283
47.067
48.286
48.766
48.734
48.701
60.076
54.084
48.092
47.268
47.622
48.087
47.329
48.344
47.955
47.628
48.307
47.594
47.398
48.357
64.868
65.066
65.017
64.991
65.032
64.843
65.449
58.259
56.057
56.116
56.174
56.637
57.099
52.793
48.486
47.225
47.836
47.269
46.702
57.59
56.761
56.677
56.553
60.042
58.69
59.417
59.907
60.034
59.829
59.625
59.467
59.808
60.149
47.384
47.436
48.067
47.243
47.866
47.585
47.764
48.246
47.153
58.528
59.914
60.017
60.207
71.978
71.563
60.291
59.706
59.535
60.077
60.007
60.003
60.016
59.073
59.071
60.246
49.053
49.414
49.736
49.647
49.486
49.579
49.632
49.494
56.785
56.842
57.783
58.078
56.478
56.202
55.926
49.619
49.782
49.775
49.666
49.421
49.378
49.362
49.237
49.844
49.796
49.905
49.973
50.103
49.941
50.06
50.026
49.769
49.512
50.279
50.08
48.972
49.736
50.321
49.466
49.005
50.156
50.021
49.21
49.768
50.21
49.724
49.466
50.186
50.198
49.251
49.438
49.888
49.305
59.205
60.152
60.178
60.296
60.218
60.135
49.618
49.819
49.786
49.319
49.872
50.008
49.17
48.83
65.121
64.722
64.713
64.704
64.721
59.769
59.935
62.106
62.138
62.283
61.979
61.935
62.15
62.088
61.949
62.06
62.057
62.265
59.154
59.494
59.263
59.029
59.059
