44.198
44.002
43.752
45.017
46.282
48.41
50.538
56.351
56.341
55.703
55.065
55.429
55.794
56.026
55.874
55.972
55.984
55.996
55.935
56.085
56.254
53.317
53.672
52.45
53.15
53.982
54.156
54.331
52.768
54.232
55.239
55.582
55.558
55.782
55.721
55.891
56.057
55.997
55.371
59.997
64.623
64.771
64.921
55.093
55.431
55.639
55.828
55.948
56.012
56.117
55.767
55.015
54.623
53.302
53.428
52.542
52.39
52.55
52.887
53.197
53.695
53.365
52.209
52.727
50.475
51.942
51.062
50.682
51.708
50.687
51.333
53.108
53.713
54.491
55.268
65.085
64.912
57.123
49.333
49.159
49.084
49.009
49.796
64.842
65.017
65.204
65.194
64.752
64.735
61.116
51.749
52.44
51.586
51.473
50.882
51.524
50.873
51.391
51.514
51.057
51.747
50.99
52.322
51.315
52.203
51.132
51.926
51.211
51.433
51.06
50.728
51.561
50.937
50.91
49.713
48.515
46.756
50.222
52.592
52.217
52.346
52.79
52.392
53.61
52.94
53.135
53.75
52.764
53.744
53.121
52.717
53.179
52.361
53.106
52.891
52.9
53.468
53.446
52.99
52.376
56.176
59.977
59.868
54.361
51.413
51.671
51.187
51.358
52.387
52.145
51.996
51.958
59.773
55.931
52.088
52.087
51.354
51.91
52.067
50.224
50.717
50.827
50.518
49.97
48.65
49.005
48.566
49.156
50.003
49.086
48.543
49.197
50.49
49.164
48.146
48.784
48.336
48.801
51.192
49.238
49.731
48.868
44.938
43.052
44.233
43.67
43.54
43.657
43.774
43.86
43.945
44.485
48.105
51.724
59.339
60.233
60.3
61.449
62.598
59.692
48.934
48.588
47.054
45.52
45.721
45.921
45.396
46.392
47.066
47.359
58.25
58.159
59.508
58.794
46.578
46.695
61.167
61.184
60.709
47.751
48.314
49.081
49.091
49.116
48.921
49.733
49.026
49.218
49.439
49.554
48.766
49.594
48.871
49.415
48.429
50.322
48.455
65.239
65.113
64.992
46.22
46.034
44.634
46.179
46.167
46.028
45.832
55.759
58.586
58.068
60.295
62.522
62.068
55.151
48.234
49.179
48.021
48.288
49.192
48.122
48.842
48.593
48.352
49.762
47.991
48.28
48.568
50.59
49.056
50.985
50.957
50.639
50.38
51.103
50.986
50.533
50.872
50.875
51.241
50.597
50.714
51.043
50.868
50.837
50.818
51.271
51.486
51.028
51.029
51.045
51.456
49.384
50.97
51.136
51.55
51.71
51.911
52.012
52.395
53.235
53.225
53.58
53.164
53.327
53.072
53.115
53.148
53.193
53.305
53.1
53.385
53.015
53.409
53.075
53.1
53.161
53.24
52.867
53.283
53.164
53.065
53.42
52.996
53.056
53.686
53.118
53.714
53.123
53.249
53.474
53.036
53.449
53.129
53.174
53.202
53.453
52.708
53.318
53.157
53.297
53.363
53.544
53.329
53.671
53.205
53.611
53.157
53.349
53.233
53.46
53.379
53.255
52.914
53.636
52.719
53.705
53.118
53.617
53.203
53.791
68.023
67.949
68.126
67.969
68.018
67.918
56.003
55.995
55.669
67.996
67.936
65.53
63.124
56.083
55.737
55.959
55.736
43.581
43.323
