67.966
68.011
68.03
68.017
67.994
68.003
68.037
68.009
68.004
44.162
44.02
44.518
44.179
44.381
44.527
43.98
44.284
44.229
44.173
47.58
45.919
44.257
44.303
44.55
44.059
44.01
44.453
68.065
68.083
44.036
44.177
43.833
43.858
44.103
43.527
56.672
56.833
56.883
56.682
56.577
56.256
55.785
55.471
56.509
55.922
56.377
57.022
56.049
56.281
55.934
56.14
55.782
55.931
56.081
56.35
55.711
55.634
55.997
55.048
55.042
54.997
54.913
54.342
54.105
54.047
54.218
54.089
54.048
54.013
54.185
54.264
54.328
54.525
53.919
54.41
66.209
65.996
66.134
66.448
66.762
54.814
54.853
54.661
54.652
54.381
53.551
53.748
53.944
66.016
66.003
65.995
65.976
65.868
54.872
54.428
54.212
54.149
53.964
53.74
53.735
53.711
53.825
54.079
65.942
65.942
66.016
65.918
65.907
51.175
50.845
50.516
49.027
48.725
48.18
48.968
50.009
49.455
49.309
49.163
48.965
49.258
49.518
47.966
54.878
54.726
54.863
54.887
54.878
54.605
54.282
44.895
44.56
43.009
44.571
43.557
44.212
43.391
44.857
43.585
43.68
43.756
43.663
43.774
44.443
54.717
55.056
44.511
44.638
47.929
47.956
49.644
49.834
49.643
49.532
49.161
49.17
49.179
49.218
49.535
50.013
50.203
50.351
50.056
53.328
48.309
52.396
48.112
57.109
66.105
66.047
65.926
43.675
43.978
43.901
43.874
43.987
44.101
44.045
48.564
48.85
49.396
49.206
48.864
49.088
49.049
48.759
49.008
48.761
46.935
43.725
43.911
44.549
50.349
49.356
48.176
48.366
48.198
47.395
48.855
45.68
43.411
45.287
45.206
45.125
45.506
45.426
45.346
45.252
45.464
45.675
45.55
45.148
44.746
44.206
44.354
44.148
49.533
47.753
47.867
48.126
48.227
47.585
48.7
46.848
47.85
46.651
46.182
66.528
65.672
62.013
58.353
46.488
46.736
46.418
46.62
46.763
61.076
61.078
60.949
61.064
59.043
57.021
56.946
56.723
56.651
56.561
56.663
44.548
43.942
56.74
56.42
56.188
56.585
46.167
44.812
46.902
50.462
48.979
48.776
49.252
48.893
68.07
68.187
48.88
49.356
49.789
50.223
52.807
51.486
52.252
51.268
52.395
50.884
52.912
52.076
52.809
53.328
53.398
53.189
53.37
60.746
60.842
60.817
53.901
52.981
56.913
60.844
60.712
60.889
61.066
61.168
61.009
61.083
60.871
61.011
60.922
61.13
60.867
61.432
61.264
60.722
61.259
60.912
60.683
61.123
61.455
60.692
60.842
43.765
43.292
44.014
44.736
43.1
43.158
44.682
43.796
43.452
44.071
44.65
43.485
43.917
44.506
43.848
44.122
45.212
55.101
64.99
84.007
84.005
77.003
76.973
76.971
76.922
76.93
76.92
76.942
65.122
65.066
48.459
49.45
64.826
76.877
76.979
76.984
77.033
77.073
48.58
49.437
64.48
65.171
65.305
48.576
48.242
48.994
68.074
73.089
76.927
76.923
77.042
76.901
70.914
64.926
64.998
64.997
66.562
68.127
68.038
68.024
68.231
72.876
73.02
72.87
73.094
73.029
73.075
73.004
68.125
68.13
68.135
72.467
76.799
77.05
65.024
64.98
65.034
58.699
63.324
67.949
68.191
52.457
52.681
53.562
56.66
67.911
68.039
