43.509
43.263
62.13
62.16
54.967
54.361
70.075
70.046
66.005
61.965
61.943
62.039
62.136
69.898
69.841
69.844
69.833
69.941
64.882
61.901
61.943
69.987
69.864
69.909
69.878
69.808
69.738
64.039
58.34
58.663
47.55
48.462
48.805
49.008
49.267
49.172
49.046
49.47
49.726
49.829
50.159
49.771
49.946
50.156
50.337
50.728
50.784
50.367
51.032
50.191
50.891
50.096
50.793
50.527
50.611
51.045
50.819
51.123
50.941
50.409
48.918
80.937
81.027
62.056
62.066
62.075
62.084
61.976
62.07
62.163
51.208
51.433
51.496
51.499
52.041
52.614
52.738
53.052
52.93
53.093
52.864
52.833
52.365
52.268
51.602
50.841
50.349
50.581
52.113
51.725
50.97
51.2
51.419
50.906
51.125
51.105
51.153
51.324
51.225
50.895
51.074
50.49
50.213
49.643
49.835
49.296
49.694
49.666
49.572
50.125
50.117
50.108
50.092
50.077
50.212
50.175
50.223
49.846
49.837
48.691
69.809
69.924
45.41
44.456
57.461
57.696
69.888
69.865
57.088
57.766
51.388
60.641
69.893
69.904
63.794
57.683
69.33
63.597
57.865
58.249
46.053
46.298
54.19
54.681
55.172
65.046
64.987
57.861
58.012
65.316
65.438
65.146
65.08
61.945
61.963
61.91
62.081
48.021
48.227
48.194
48.324
48.456
48.115
57.396
57.164
56.932
56.878
56.727
57.295
57.223
52.232
48.012
47.625
47.658
47.548
47.487
47.742
47.989
48.184
48.005
47.584
47.394
47.326
47.816
48.019
48.262
48.318
48.217
48.09
67.162
67.434
57.625
47.815
47.882
48.238
48.192
48.278
48.295
48.006
47.895
47.767
48.06
48.473
48.707
48.485
57.008
56.789
56.806
69.143
69.115
69.173
68.623
68.861
69.099
48.925
48.316
48.013
48.303
49.41
49.622
49.089
50.307
49.576
50.265
49.884
50.289
50.281
50.439
50.344
50.37
50.276
50.225
50.02
49.949
56.942
62.26
62.004
62.174
62.018
56.958
57.1
57.337
57.295
57.375
57.454
57.393
57.282
57.171
57.342
57.021
69.829
70.139
69.903
67.884
65.866
67.933
56.937
57.387
57.837
57.973
58.11
57.817
58.103
57.878
57.653
57.679
70.032
69.892
57.774
46.419
46.067
46.366
46.282
45.761
46.349
57.238
57.307
62.248
62.127
61.984
62.012
62.06
57.49
59.748
52.653
55.199
50.683
46.167
45.869
45.781
45.694
46.046
45.813
45.58
46.652
45.741
46.012
64.839
65.032
64.972
64.951
64.914
64.998
65.068
65.005
65.035
65.09
65.071
65.067
65.017
65.092
65.015
65.094
65.151
65.205
53.107
55.82
58.533
58.186
58.088
57.99
58.034
57.954
57.874
57.888
57.911
57.934
57.95
57.952
57.956
57.973
58.063
57.882
57.677
59.463
61.249
61.579
68.678
69.076
50.132
50.067
50.653
50.894
51.194
51.609
52.447
52.143
52.539
51.989
52.341
52.29
52.015
52.83
52.786
52.791
52.924
53.289
53.136
53.164
53.187
53.135
52.976
52.819
52.271
51.846
50.688
49.899
48.681
55.316
56.448
57.58
57.992
57.906
57.82
66.903
66.95
66.944
66.952
65.774
64.597
60.74
56.883
60.134
58.139
56.144
56.265
56.386
46.387
45.436
44.866
46.028
55.953
59.351
62.749
66.921
67.246
67.075
67.189
66.288
67.133
67.079
64.704
62.329
46.37
46.384
46.142
45.842
46.532
46.562
66.885
66.904
64.558
62.212
61.789
66.732
66.892
57.867
57.879
56.981
57.07
57.159
57.609
57.266
62.033
66.881
66.868
56.725
57.618
62.328
67.038
66.992
66.886
58.1
66.063
66.48
66.897
66.695
55.819
61.36
66.9
66.85
62.4
68.218
65.161
62.104
62.09
62.075
57.237
58.009
73.999
73.991
61.988
62.105
57.882
57.752
57.95
58.344
57.991
57.639
58.008
58.001
57.715
57.776
45.569
45.716
46.114
45.69
45.347
45.824
45.752
45.7
45.647
46.15
46.407
46.25
46.015
45.93
66.366
66.785
62.553
62.548
62.543
62.574
58.644
58.102
57.642
62.136
62.092
61.934
62.003
61.918
61.939
58.076
