63.869
63.854
63.881
63.907
63.951
63.982
59.034
58.257
45.508
46
46.363
46.394
46.361
46.56
46.857
58.594
58.724
58.779
58.819
58.505
58.773
58.875
58.986
58.993
59.169
59.174
59.163
59.099
59.645
60.19
49.598
49.827
50.075
50.322
50.075
49.854
50.877
50.868
51.183
51.352
51.615
51.556
51.85
51.93
51.341
51.866
51.487
51.188
51.639
51.339
51.662
51.756
51.68
51.791
51.73
51.507
51.623
51.593
51.645
51.524
51.522
51.463
51.41
51.614
51.733
52.006
51.677
51.616
51.765
51.462
51.676
51.601
51.485
51.658
51.393
51.588
51.589
51.562
51.689
51.615
51.617
51.596
51.726
52.065
51.392
52.071
51.892
51.323
51.229
50.654
50.75
51.12
50.983
69.701
69.561
69.571
50.654
51.928
51.409
51.386
52.746
51.705
52.307
51.937
51.955
52.056
51.559
51.651
63.836
63.983
63.973
64.067
64.108
64.2
64.257
64.491
63.46
69.477
69.214
49.742
49.571
50.308
49.345
49.625
50.035
49.776
49.926
50.045
49.828
50.173
49.955
49.828
62.164
62.034
62.022
62.324
62.302
62.174
62.091
62.077
61.933
62.042
62.042
62.006
62.044
50.108
50.203
50.17
50.249
50.286
50.242
50.062
50.091
52.369
57.414
54.368
61.856
69.344
69.309
69.157
69.108
68.99
51.206
50.851
56.462
62.073
62.058
62.092
62.06
62.003
62.105
62.202
62.636
62
63.057
64.317
62.89
61.463
61.282
61.102
61.078
54.992
59.483
63.974
64.211
63.991
63.955
63.961
63.967
63.768
64.103
64.171
64.051
63.982
63.939
61.645
62.04
62.412
62.675
55.681
58.671
53.559
48.447
48.304
48.232
48.316
48.45
48.316
48.265
48.307
48.025
47.568
46.781
46.889
46.872
46.97
46.786
46.922
46.787
46.545
59.182
59.072
59.108
59.111
59.166
59.084
58.986
58.967
59.025
59.115
59.006
52.842
61.957
54.344
46.731
47.177
46.542
54.66
56.845
59.03
58.98
59.067
59.68
59.539
59.112
58.988
58.967
59.188
59.43
59.182
59.144
59.037
59.085
59.093
58.979
58.956
58.927
58.887
58.891
58.919
58.885
59.001
59.128
59.268
48.466
48.337
48.208
46.251
46.505
46.759
45.936
47.363
59.043
59.044
59.022
59.113
59.22
59.194
59.077
59.047
59.016
59.158
59.171
59.117
59.136
58.799
46.754
47.429
47.507
46.31
47.482
46.69
46.924
47.696
45.751
48.121
59.626
59.287
59.064
59.067
59.282
59.411
59.126
58.98
59.054
59.056
59.08
59.116
59.049
62.859
62.904
62.877
62.812
62.813
62.768
62.719
62.73
62.82
62.708
60.876
59.043
59.041
59
59.023
59.082
59.181
65.782
65.843
59.118
59.144
