62.179
62.493
59.489
59.048
59.486
59.445
47.898
47.752
48.008
48.688
49.367
49.5
49.614
49.64
49.695
61.554
61.562
61.533
61.44
61.346
50.032
49.238
49.483
49.417
61.769
61.836
49.387
49.455
49.344
49.647
49.772
49.409
61.823
61.858
61.922
62.026
52.878
52.057
52.017
51.653
51.357
52.025
51.654
50.851
49.505
70.863
70.889
70.846
58.788
60.417
62.045
61.77
62.831
44.113
44.454
64.296
64.138
61.093
62.614
64.135
44.837
44.748
64.037
63.944
57.483
51.022
49.328
54.512
51.895
49.278
48.861
49.041
49.076
49.021
48.671
48.622
48.552
48.991
48.938
48.909
48.922
48.997
49.065
49.314
49.396
49.38
49.049
48.589
47.944
47.543
47.632
58.215
68.799
68.863
69.408
69.953
63.978
58.003
45.573
47.312
47.179
45.747
47.664
45.813
46.722
47.876
45.693
47.056
46.226
44.803
48.26
46.88
47.167
47.965
47.796
47.387
46.955
46.842
64.88
82.919
83.01
63.949
71.299
65.32
59.342
59.067
63.875
63.892
63.856
59.015
59.157
59.126
59.045
59.242
59.104
58.969
58.56
55.722
55.867
55.871
55.874
56.234
56.184
56.373
56.866
56.243
56.544
57.405
57.099
57.841
46.333
51.4
56.467
57.81
45.097
45.068
43.524
57.584
57.329
57.68
57.353
59.158
60.962
61.495
62.027
57.479
56.922
57.171
58.519
47.303
46.434
46.909
47.384
46.4
66.41
66.059
49.281
48.685
57.87
60.413
58.934
58.992
56.494
57.837
59.18
59.143
59.129
59.101
59.454
59.118
59.117
59.074
59.056
58.799
54.307
53.923
53.932
53.232
52.586
51.939
53.268
54.596
54.504
54.542
60.308
57.447
54.586
54.79
54.942
54.807
54.955
55.359
50.143
55.018
59.893
59.49
59.993
59.723
59.777
59.827
59.876
59.815
55.254
54.845
55.039
54.88
54.817
54.79
54.973
54.856
54.865
54.949
54.96
54.817
54.935
55.119
54.902
54.853
75.987
75.894
69.805
72.853
63.872
54.891
55.223
59.504
63.784
63.816
64.078
63.911
55.209
55.091
55.146
55.084
55.243
54.798
55.346
54.738
54.934
55.166
54.822
55.193
55.286
55.127
55.281
54.145
53.008
54.958
55.09
55.092
55.264
54.855
55.299
47.014
48.338
47.351
47.99
47.588
47.186
48.428
55.053
55.129
54.912
55.067
54.982
54.771
55.242
53.677
59.773
59.298
58.824
60.328
61.833
61.217
61.344
61.465
62.311
58.692
58.491
58.289
58.848
55.644
54.587
58.861
58.63
59.163
58.738
59.014
58.618
59.069
