64.27
50.354
50.461
62.19
62.506
56.185
49.864
45.542
44.225
44.064
56.355
56.475
44.15
43.865
44.052
44.648
44.34
44.031
44.084
44.654
44.515
44.376
43.712
50.551
50.517
50.512
50.382
45.602
47.206
44.822
44.731
44.946
44.877
44.808
45.147
47.331
46.579
47.356
47.536
47.12
47.177
46.674
46.97
46.884
46.74
47.219
46.758
47.826
48.893
43.347
43.738
56.239
55.428
55.133
53.194
51.156
51.347
52.195
53.033
51.164
49.662
48.161
46.513
48.596
52.422
52.674
52.317
51.884
51.404
52.159
52.54
52.22
51.763
51.097
55.317
67.572
65.635
51.912
52.435
52.261
52.072
51.805
52.163
54.459
56.754
76.443
70.566
64.688
52.413
52.308
51.943
51.931
51.862
48.803
45.744
45.298
43.501
43.467
43.432
56.834
56.618
56.635
56.718
56.801
56.894
56.987
57.389
57.682
45.216
43.495
52.724
52.971
52.093
52.083
52.073
52.177
49.967
66.462
56.26
46.058
47.195
48.15
47.921
47.165
46.335
46.381
46.957
48.442
48.447
47.233
45.596
44.349
52.654
50.732
51.069
46.894
47.789
48.273
47.536
47.582
48.012
47.353
47.519
47.313
47.585
48.308
49.842
48.997
49.205
50.721
49.627
50.566
48.96
49.236
50.009
49.09
49.412
49.853
49.38
50.682
49.576
47.807
50.979
48.701
51.388
54.075
54.352
54.26
54.344
54.363
53.843
54.263
76.968
78.657
64.46
53.769
54.376
54.256
54.332
52.63
60.683
54.931
49.178
49.328
49.74
49.535
49.756
50.099
49.567
50.096
49.778
50.2
50.193
50.01
50.003
49.251
51.624
53.998
54.309
54.253
51.262
50.384
49.913
49.442
49.744
49.576
50.684
50.974
51.721
52.388
52.393
52.271
52.087
51.969
52.262
51.963
49.849
46.864
47.306
47.065
47.372
47.092
47.559
46.64
54.717
55.336
53.233
51.131
53.092
50.842
48.592
51.9
49.963
48.025
47.242
45.181
48.028
50.876
50.823
48.823
46.823
52.312
52.376
52.16
51.273
51.612
52.22
52.384
52.334
52.284
51.806
51.49
52.036
52.221
52.068
51.836
52.295
52.981
52.586
77.354
78.654
51.824
52.216
52.537
52.569
52.254
51.467
53.164
53.899
52.569
50.898
50.875
52.142
52.37
52.266
52.331
51.888
64.304
64.273
64.371
64.318
64.261
64.31
64.255
64.144
64.292
64.221
63.28
62.339
54.571
55.448
53.634
53.994
54.353
54
53.647
53.006
52.853
53.889
55.159
54.267
55.218
53.573
55.457
45.181
45.309
46.786
48.004
47.997
56.468
55.97
55.811
55.652
55.982
56.313
55.915
45.611
44.333
44.267
44.202
45.074
45.769
45.304
44.824
44.703
44.861
44.938
45.599
45.608
45.43
44.934
44.839
44.744
45.126
45.18
44.506
52.277
52.236
44.81
45.358
45.411
45.024
45.089
45.384
44.819
44.655
76.83
61.225
45.62
45.23
44.909
45.379
45.374
45.065
44.665
45.076
44.604
56.037
56.18
55.966
56.632
56.8
57.13
57.407
57.684
57.454
57.196
57.216
44.846
45.036
45.31
45.694
45.425
44.904
56.557
55.79
44.21
44.235
43.948
55.679
55.048
43.999
43.776
43.213
43.547
43.881
44.1
44.191
44.281
56.147
50.373
44.599
44.367
52.007
48.162
44.317
45.436
44.251
44.874
44.74
46.072
47.403
47.687
48.548
49.409
51.925
50.023
48.121
54.462
55.042
55.123
54.978
55.118
55.315
55.018
55.354
55.279
54.896
55.436
48.069
48.21
48.672
49.808
50.944
46.999
48.411
50.202
47.482
48.294
48.807
47.652
48.44
48.72
77.001
