58.943
58.637
61.423
61.471
61.446
50.506
50.413
49.607
50.323
49.202
49.573
49.943
50.072
50.202
49.554
49.991
49.783
50.403
49.401
50.135
49.639
49.299
48.958
59.108
58.623
54.193
58.318
53.719
49.12
50.457
49.293
49.859
49.088
48.969
50.211
49.263
62.034
62.51
62.374
62.238
62.101
62.208
62.172
51.129
51.897
51.881
51.824
51.9
51.854
51.671
51.803
51.885
51.708
52.021
52.335
51.054
52.729
53.841
67.609
68.111
55.184
54.953
54.671
54.682
54.552
54.715
54.287
54.492
54.281
54.669
54.592
54.681
54.679
54.809
54.915
54.812
65.392
75.972
75.905
67.162
67.009
54.836
54.887
54.845
54.872
54.81
54.756
54.793
54.765
54.871
54.886
54.824
54.698
54.676
54.595
54.592
54.479
54.561
53.92
52.585
51.446
51.332
51.456
71.171
71.078
71.001
70.924
51.686
51.614
51.5
51.738
51.602
51.531
51.672
51.863
51.593
51.777
51.961
51.787
51.906
51.073
63.565
76.056
76.096
63.981
64.258
63.184
61.333
64.912
68.492
68.455
68.585
68.692
68.684
68.811
68.791
68.772
49.196
49.714
49.803
50
50.485
54.742
54.706
61.98
56.009
62.539
56.58
50.622
49.161
50.907
50.487
49.796
50.339
49.679
49.936
50.13
49.919
50.197
49.502
49.831
50.245
49.955
49.8
49.798
49.572
49.758
55.707
61.692
61.944
69.203
69.111
65.564
62.018
49.528
50.359
51.088
50.303
49.992
49.377
50.293
50.109
50.583
62.095
62.186
62.005
62.273
62.541
49.825
48.859
49.428
50.091
52.221
51.796
51.628
51.408
51.188
50.933
51.355
52.011
50.913
50.865
51.776
51.416
51.056
51.149
51.132
51.115
50.475
49.789
49.103
48.973
50.63
49.887
65.127
64.084
49.471
48.145
48.649
49.153
48.154
48.076
47.998
47.915
47.833
47.714
47.596
71.167
70.733
48.097
48.2
53.57
58.941
59.202
58.641
59.246
58.706
59.217
58.643
59.223
65.167
54.889
51.994
49.098
49.059
49.02
59.963
52.116
61.534
52.878
50.925
48.973
59.844
52.013
55.509
49.974
54.349
58.724
58.745
58.954
59.081
59.288
59.1
59.062
59.169
58.904
59.011
58.807
58.828
58.804
58.921
58.965
59.014
59.241
60.284
61.425
70.855
70.894
61.671
61.66
58.636
58.814
58.831
59.102
59.373
59.118
59.028
58.966
59.289
59.611
58.914
58.882
58.905
59.056
59.584
59.234
58.884
52.45
55.681
58.911
60.112
59.525
58.938
58.838
43.126
43.594
43.443
43.292
45.164
47.035
47.744
45.094
44.473
44.187
43.902
59.109
58.879
58.951
56.014
53.077
50.19
48.48
47.884
48.439
58.312
59.26
58.796
54.707
50.618
51.132
50.553
53.564
51.516
54.849
58.182
53.942
49.702
48.956
