43.495
43.279
43.063
43.54
49.844
56.148
56.077
55.872
56.106
56.098
56.651
56.143
55.635
55.606
55.577
76.689
66.083
55.477
55.497
55.523
55.556
49.655
43.754
43.249
43.001
43.583
43.69
43.019
43.454
43.336
43.582
43.828
43.328
43.237
43.639
43.469
43.017
76.608
59.974
43.34
43.492
43.37
43.081
43.794
43.252
43.234
43.652
43.321
43.108
43.63
43.254
43.181
43.731
43.242
43.231
43.549
43.501
43.201
43.762
43.423
43.378
43.654
43.528
43.464
43.918
43.508
43.167
44.014
43.962
43.661
43.36
43.947
43.539
43.132
62.293
62.338
62.37
62.403
43.577
42.974
43.309
43.774
42.971
43.23
43.653
43.991
43.079
43.394
43.527
43.66
44.429
45.452
56.035
56
55.953
56.073
56.044
55.302
46.385
45.172
44.56
44.605
44.673
44.74
44.294
44.262
44.943
45.773
45.58
44.824
44.935
45.782
46.866
43.827
43.207
44.718
43.907
43.095
43.792
44.666
49.438
48.298
47.628
47.291
57.414
56.155
55.895
55.682
47.254
47.731
47.194
47.587
47.168
47.626
47.018
47.03
45.289
44.63
43.947
43.94
43.932
48.284
55.205
54.075
55.564
54.885
54.691
54.908
55.336
55.087
54.922
54.757
54.755
43.134
42.998
43.328
43.069
43.092
43.116
43.36
43.23
43.51
43.185
43.707
43.979
44.069
43.577
43.258
43.039
43.295
43.478
43.4
43.11
43.294
43.409
43.409
43.348
43.333
43.456
43.47
43.663
43.466
43.401
43.395
43.278
43.524
44.67
44.905
45.141
45.694
47.383
46.018
47.065
45.903
45.486
47.09
45.309
45.501
47.262
45.293
45.546
45.061
44.577
43.619
43.028
43.71
43.629
46.071
48.512
47.843
47.097
47.461
46.807
47.348
46.645
47.169
46.663
46.829
46.929
46.871
47.261
46.995
47.38
47.006
47.08
45.936
44.985
55.233
49.55
58.262
56.264
54.266
54.649
54.78
54.775
54.834
54.764
43.059
43.014
43.221
43.028
43.549
43.464
43.541
43.579
43.417
43.573
43.73
43.094
43.088
43.083
43.788
43.473
43.311
43.178
43.645
43.334
43.377
43.503
52.508
52.301
52.45
52.6
52.314
52.176
52.26
52.344
52.21
52.354
52.437
52.52
64.244
64.218
64.392
48.089
46.369
45.624
45.878
46.132
45.472
45.641
46.09
45.303
45.32
46.995
45.997
45.59
47.256
45.459
45.332
45.364
45.396
46.244
47.19
46.831
47.935
48.366
48.279
48.447
48.356
47.886
48.154
47.366
47.848
47.928
47.535
47.995
47.313
48.145
47.554
47.73
47.026
46.864
48.523
50.182
43.278
43.747
43.469
48.784
47.744
48.341
48.132
47.913
48.82
49.217
49.126
49.85
50.152
50.226
50.195
49.885
49.895
49.76
50.012
50.33
50.175
50.565
50.16
50.528
49.803
57.093
51.004
57.616
51.305
55.301
49.684
54.453
59.222
59.184
59.223
59.262
64.296
54.503
61.879
69.256
69.232
69.207
69.215
69.222
50.273
48.712
48.749
49.095
49.419
49.298
49.407
49.785
49.665
49.576
49.749
49.54
49.616
49.96
49.824
49.453
50.109
49.258
49.884
49.492
49.383
49.467
49.475
49.372
49.534
49.847
49.234
49.463
49.882
49.632
50.665
51.257
52.331
52.92
53.143
52.958
53.214
52.759
56.335
56.226
56.157
56.168
55.96
55.773
55.827
55.737
56.582
76.996
78.703
77.24
54.774
54.765
54.143
54.533
54.922
54.833
54.743
43.58
43.049
43.098
43.146
43.193
43.24
43.343
43.445
44.13
44.404
43.504
44.291
52.243
52.654
52.285
52.331
52.353
52.066
52.442
52.386
52.337
52.34
52.32
52.242
52.373
52.346
