44.715
66.719
67.325
67.059
67.005
67.005
66.964
66.997
66.965
49.979
48.731
49.24
47.695
48.951
47.533
48.516
47.451
48.924
48.118
49.772
48.406
49.939
49.077
48.937
49.667
48.726
49.23
49.835
48.836
49.781
61.764
61.853
61.891
61.477
68.341
67.709
48.372
48.173
48.194
49.886
54.883
51.001
61.441
54.11
46.779
48.182
47.635
47.291
48.657
46.95
46.844
47.226
48.429
47.659
46.755
48.116
46.415
47.901
47.465
46.597
46.221
45.844
59.44
59.118
55.798
60.936
54.483
48.03
46.2
47.879
48.422
48.39
47.825
48.031
48.051
48.051
48.317
48.186
47.56
47.675
48.293
48.113
46.898
48.324
60.026
60.005
60.17
60.005
59.822
48.642
48.546
68.894
69.016
48.568
48.537
69.014
68.913
68.974
68.936
69.009
68.935
68.992
68.946
65.458
61.969
62.17
49.844
49.883
50.127
48.863
51.047
61.701
56.747
62.849
68.95
69.363
69.028
69.003
68.978
69.012
69.047
68.882
69.033
68.948
69.023
68.944
68.963
68.947
50.131
49.644
50.329
49.989
49.729
50.06
50.133
50.078
59.125
58.075
58.148
58.153
58.158
60.073
61.987
59.703
64.233
55.61
62.295
58.863
55.431
56.856
57.329
57.392
57.455
57.255
56.331
56.668
56.978
56.317
57.85
57.199
57.935
57.221
51.617
51.771
51.396
50.975
52.01
49.9
51.418
51.369
51.935
51.43
51.655
51.479
51.877
51.893
51.962
51.913
51.596
51.629
51.957
52.654
52.858
63.55
64.189
64.461
64.127
64.098
54.602
54.223
53.984
53.899
54.345
54.114
54.647
54.716
54.85
54.874
55.077
54.837
54.761
54.241
53.691
53.389
53.408
53.266
53.324
53.208
53.146
53.104
52.703
52.577
52.508
53.173
53.202
53.147
53.03
53.224
52.342
52.604
52.71
52.725
52.867
53.097
53.257
53.14
53.355
53.335
53.347
53.479
53.164
53.375
53.033
52.773
52.281
52.366
52.451
52.875
58.028
63.181
63.101
66.084
57.71
49.335
50.386
50.341
50.106
51.445
51.259
51.606
51.968
51.176
51.952
51.934
51.681
52.342
52.207
51.645
57.884
64.123
63.607
63.66
63.554
52.738
49.844
49.187
50.272
48.63
47.957
47.283
49.296
49.589
55.746
52.206
48.667
48.647
48.626
48.534
48.442
48.52
48.599
47.959
46.724
48.262
47.806
59.877
60.235
60.104
60.287
48.804
47.561
47.206
47.405
47.25
47.339
47.429
60.295
59.663
59.627
59.669
47.33
48.114
47.746
47.664
48.503
47.461
52.528
67.336
67.039
48.288
49.01
48.25
46.601
66.993
67.007
66.916
67.022
67.119
66.906
66.882
66.859
66.992
66.994
66.997
59.991
59.885
66.942
66.854
66.984
66.967
67.019
66.894
59.473
60.028
60.582
59.641
59.556
59.891
60.54
61.19
48.181
47.714
48.081
47.711
48.127
48.273
48.544
49.017
49.3
49.787
49.93
49.711
49.365
48.071
47.753
48.275
47.836
47.81
48.044
48.18
48.317
47.99
48.09
48.198
48.054
47.851
60.488
59.979
59.47
59.832
47.993
48.082
46.775
47.093
47.41
49.247
49.227
49.207
47.518
47.901
47.997
47.89
47.988
47.382
49.064
47.282
47.297
47.312
49.359
47.801
48.356
47.886
48.584
48.123
48.399
48.316
47.664
48.992
48.026
48.239
48.451
48.395
48.003
48.472
47.601
48.879
47.598
59.746
59.893
54.043
60.551
54.151
47.751
48.591
48.129
48.11
48.599
59.679
59.842
59.995
60.332
47.718
49.562
59.785
59.841
48.067
46.962
59.67
60.073
53.694
47.315
48.669
47.263
48.465
47.742
47.178
53.645
60.113
59.898
60.123
59.778
59.617
59.975
59.804
59.633
59.645
50.611
55.22
59.829
59.871
65.433
56.5
63.734
70.969
70.967
70.95
70.932
59.849
59.815
60.153
45.26
44.827
45.733
46.027
46.321
46.478
46.636
46.807
46.978
45.962
46.501
47.04
48.806
60.444
59.49
60.51
60.76
60.394
60.028
60.316
60.39
60.558
60.727
60.643
58.764
56.884
70.991
71.017
70.971
71.025
70.983
71
71.005
70.974
70.989
70.939
70.982
62.207
59.85
60.212
59.896
59.868
60.377
59.566
60.007
60.478
59.657
60.095
60.452
62.598
64.744
64.897
65.343
64.986
65.104
64.993
65.031
64.942
65.119
65.013
64.985
65.002
65.016
65.029
51.182
52.987
53.115
56.649
60.182
59.956
59.972
60.185
59.79
60.018
60.179
60.244
59.692
59.545
72.058
71.961
71.95
71.935
71.999
71.949
71.938
