60.301
57.815
44.609
46.115
52.214
58.031
57.066
57.792
58.518
57.891
57.264
57.427
57.589
51.056
55.423
56.248
57.073
56.342
55.611
56.324
60.337
61.426
59.725
60.514
60.236
59.969
59.825
60.578
60.122
59.247
60.154
61.062
60.407
56.018
56.45
56.883
45.614
43.645
57.094
56.719
56.743
57.101
57.072
57.011
56.797
56.979
57.077
56.304
56.105
55.906
55.893
55.88
55.88
55.88
55.735
55.591
48.578
44.97
44.599
52.191
59.783
59.755
59.984
60.189
59.818
59.842
60.097
59.821
59.588
60.14
59.985
59.417
67.136
67.13
67.003
67.042
67.018
67.035
67.006
66.977
66.961
66.98
66.976
66.864
58.476
58.774
57.906
58.709
57.592
58.319
58.323
58.327
58.205
58.541
58.876
66.966
66.982
66.99
59.439
59.737
66.922
66.999
67
67.003
67.048
66.924
48.933
49.041
48.71
48.221
48.151
59.987
60.003
59.916
59.938
59.94
59.951
59.959
47.887
47.743
47.89
48.036
47.765
48.096
67.107
66.971
67.025
67.029
67.045
66.966
67.049
60.994
48.577
48.067
47.675
45.84
44.006
48.271
46.944
47.92
47.311
58.799
57.874
56.457
55.436
54.23
61.9
61.978
61.97
62.12
61.846
61.819
53.101
52.485
52.925
52.855
53.007
52.455
52.912
52.239
52.887
56.493
60.098
59.774
60.38
59.873
60.235
60.596
60.129
59.661
60.457
59.856
59.255
64.186
65.274
64.986
65.026
65.029
64.893
65.128
65.091
65.222
65.353
47.679
47.893
47.985
48.629
49.019
49.24
49.404
49.23
49.408
49.407
48.836
48.832
49.285
49.252
49.214
49.652
49.638
50.02
50.053
49.878
49.881
49.467
49.626
49.622
49.437
49.726
49.485
49.801
50.198
50.066
50.251
49.774
49.906
49.811
50.709
59.971
59.799
60.135
59.989
59.798
60.182
65.098
65.193
65.058
64.973
65.026
64.942
65.048
64.978
64.971
65.041
64.996
65
64.89
65.026
65.162
64.857
64.551
65.062
65.226
64.882
64.681
65.033
65.235
64.838
64.265
64.957
54.964
51.923
51.79
52.07
51.886
51.599
52.268
56.967
56.97
57.34
57.536
57.536
57.758
57.683
57.653
57.623
57.458
58.009
58.024
58.624
58.858
58.855
58.851
46.386
46.895
64.246
64.199
64.022
63.881
64.147
63.773
64.203
60.304
59.713
47.243
47.318
47.414
47.854
47.213
47.476
47.908
48.548
47.747
48.524
48.002
47.821
48.264
48.048
47.828
48.164
48.291
47.775
48.443
48.109
47.921
48.258
48.112
48.079
49.082
68.619
68.792
49.157
49.507
49.273
49.834
49.953
49.641
50.305
49.729
49.66
49.931
49.468
49.984
49.39
49.832
49.587
50.594
49.698
50.19
49.413
64.033
64.018
64.062
64.018
63.096
65.961
57.618
49.275
47.699
51.66
50.11
50.031
49.952
50.444
50.283
50.127
50.034
50.083
49.919
49.866
50.044
50.12
49.337
54.559
55.226
54.757
55.253
54.607
55.65
67.609
67.411
47.839
48.359
48.047
48.056
48.334
47.951
47.767
47.583
47.659
47.734
47.741
48.174
47.854
60.076
60.158
62.172
64.186
63.991
64.089
63.972
