53.516
56.839
50.58
53.727
56.873
56.865
57.962
56.266
57.855
57.081
56.886
57.041
56.97
57.261
57.198
57.2
57.245
57.175
57.045
60.73
52.289
43.847
44.951
56.118
54.412
52.707
52.687
60.667
58.654
56.642
58.063
55.99
52.493
52.968
51.877
52.313
53.361
57.474
56.928
54.403
51.878
45.037
44.493
45.539
45.299
45.058
47.287
46.439
45.59
45.09
47.024
48.958
49.574
50.191
49.258
50.108
50.613
50.57
50.108
49.414
50.017
50.607
50.11
49.408
50.002
50.556
49.8
50.19
50.145
50.149
50.037
50.321
50.161
50.304
50.184
50.261
50.287
50.273
50.216
50.407
50.324
50.461
50.442
50.354
50.338
50.212
50.342
50.195
50.241
50.246
50.205
48.956
48.889
48.823
48.507
48.192
49.39
49.028
50.437
49.247
66.231
66.093
66.317
66.274
66.311
66.462
47.929
52.744
50.047
47.349
46.675
50.019
48.525
47.032
48.629
49.536
48.256
46.976
49.738
48.963
50.137
50.662
50.255
50.024
50.315
50.781
51.06
48.285
48.345
57.386
66.426
66.343
50.521
50.367
50.659
50.518
50.236
49.758
51.236
49.94
50.041
50.31
50.144
50.245
50.311
50.319
50.408
49.997
43.655
43.658
44.012
44.142
43.78
44.736
49.415
51.021
50.491
50.171
49.895
49.105
50.341
49.792
50.071
50.338
50.298
50.563
50.551
50.631
50.743
50.536
50.727
50.238
49.935
71.232
71.292
62.586
54.004
50.952
50.748
50.529
50.118
51.194
50.555
50.234
50.028
50.252
50.296
50.35
50.524
50.151
50.287
56.42
52.67
48.92
60.058
71.196
71.2
70.931
70.663
50.584
50.518
50.758
50.732
51.632
52.185
51.67
52.435
51.597
50.809
50.543
50.123
50.357
50.299
50.166
50.138
50.985
50.646
50.535
50.425
50.698
50.554
50.411
69.241
69.236
69.238
69.24
49.626
50.225
50.5
50.042
50.528
51.013
50.31
49.886
49.836
51.354
51.899
50.087
50.34
50.395
41.251
43.137
43.165
52.71
52.401
83.146
83.06
81.212
54.717
54.237
54.352
54.346
54.381
54.407
54.23
54.369
54.239
54.245
54.487
54.577
54.472
53.875
53.679
52.318
52.236
51.459
51.284
51.553
51.312
52.109
51.967
52.104
52.28
52.281
52.303
52.47
52.859
51.929
51.732
53.779
54.326
54.225
53.959
54.27
54.197
53.193
54.579
54.416
54.247
54.152
54.261
54.226
54.337
53.81
54.074
53.932
54.032
53.976
54.097
54.103
53.886
53.839
54.158
51.397
53.22
53.857
53.956
54.201
54.107
54.014
54.038
54.597
54.281
54.7
54.64
54.53
55.247
54.278
54.945
53.778
52.725
52.009
52.199
51.999
51.985
52.054
52.628
52.716
52.807
53.152
52.785
52.517
71.083
71.094
51.864
51.974
51.946
51.894
52.091
52.274
52.481
52.394
52.368
52.361
52.323
52.456
52.434
52.191
51.668
50.905
50.865
51.206
50.996
49.151
51.206
50.828
50.734
51.291
52.054
52.46
52.531
52.872
52.742
52.672
53.007
51.37
51.634
51.898
52.226
52.39
52.328
52.522
52.481
51.209
50.828
51.052
51.276
49.079
50.744
50.665
49.209
50.788
49.292
52.842
52.522
47.799
47.156
46.79
46.708
48.748
50.174
51.599
52.691
52.726
60.065
67.404
67.083
47.029
46.866
47.399
47.169
47.801
47.242
47.323
46.831
47.103
47.037
47.414
47.199
47.439
47.274
54.244
54.422
54.066
54.205
53.969
54.284
54.336
54.243
54.401
54.558
54.183
54.255
54.336
54.37
54.149
54.307
54.164
54.267
54.416
54.167
54.194
