61.999
61.91
61.955
49.526
48.087
47.542
47.755
47.47
64.338
64.073
63.874
63.875
64.204
63.967
63.633
63.998
64.285
63.601
48.299
47.725
46.807
46.863
46.919
46.71
46.502
47.502
47.758
47.471
49.544
48.982
48.974
49.246
48.194
48.076
47.957
48.927
49.648
50.786
50.04
50.666
51.113
50.974
50.319
50.661
51.013
50.951
50.742
50.527
50.719
50.539
50.219
50.834
49.254
50.953
50.798
50.643
50.037
50.648
50.613
50.342
50.599
51.177
50.357
50.285
50.82
50.676
49.872
50.762
51.108
50.644
69.766
69.65
69.853
50.618
50.704
51.026
51.071
50.778
50.455
50.734
50.443
49.852
50.096
48.923
50.009
50.11
49.921
50.636
66.962
67.008
49.32
49.726
50.025
50.177
50.33
49.708
49.763
49.749
49.15
50.055
49.528
50.103
48.733
49.145
47.896
60.268
60.218
67.047
66.929
66.783
66.958
59.757
60.018
59.792
59.806
60.023
59.96
59.944
59.924
59.974
59.551
50.482
50.666
49.085
47.505
47.425
47.346
45.788
47.152
46.68
47.909
46.546
46.939
44.211
45.916
50.05
49.639
49.228
50.339
49.445
51.215
50.843
50.589
51.055
52.519
48.718
49.425
49.343
49.261
49.336
49.41
49.442
49.473
49.756
50.038
49.814
49.59
49.762
49.934
49.876
49.818
49.793
49.768
49.645
49.521
49.37
49.219
49.47
49.72
60.523
67.54
67.031
67.428
67.825
48.913
47.753
48.719
48.499
48.498
48.776
48.971
49.166
49.194
49.222
48.208
49.578
49.035
48.492
49.339
49.455
49.571
49.791
50.01
49.873
50.237
49.899
49.484
50.068
49.877
49.884
49.605
49.108
49.744
50.025
49.814
68.728
68.872
49.89
50.106
50.069
49.942
49.244
49.725
50.233
50.244
50.245
50.299
49.948
50.154
50.442
50.289
50.409
50.261
51.075
50.582
50.088
50.512
50.658
50.934
51.451
52.471
52.63
52.727
52.359
52.085
51.447
50.443
52.492
51.126
51.69
52.237
52.327
52.197
52.093
51.923
52.063
52.15
52.278
52.128
51.802
51.613
51.662
52.023
52.153
52.157
52.039
51.986
52.179
52.232
52.39
52.328
52.216
51.905
51.595
52.028
52.257
52.378
52.47
52.271
52.127
52.111
52.066
52.234
52.315
52.325
52.261
52.218
52.136
52.181
52.228
52.264
52.217
52.2
52.22
52.115
52.147
64.282
64.169
64.23
64.305
64.291
64.17
63.951
63.947
64.18
64.182
63.936
63.99
64.234
64.245
64.095
63.988
64.193
64.488
52.505
52.47
52.277
51.777
51.552
51.967
63.754
63.99
64.192
64.394
63.268
63.993
64.282
61.567
62.965
62.985
61.526
61.805
62.199
62.159
62.029
50.012
46.488
46.839
47.367
46.35
47.274
46.825
46.963
47.047
46.899
46.789
46.95
46.768
48.497
59.798
71.099
71.025
71.027
71.043
71.059
71.033
71.043
70.991
71.047
51.954
52
51.975
51.911
51.86
52.134
52.007
51.873
52.114
51.976
52.25
53.369
51.622
51.09
51.082
50.13
50.187
50.739
50.855
51.929
51.583
51.405
51.747
63.658
63.989
64.028
52.191
52.113
52.313
52.513
52.101
51.914
50.151
62.379
52.98
43.581
43.465
44.847
48.839
49.385
49.93
49.924
49.485
50.972
49.124
49.012
48.599
48.187
49.579
55.738
50.511
55.833
50.531
55.499
51.29
47.082
47.674
47.958
47.282
48.191
59.28
60.794
59.986
59.528
59.069
59.51
60.146
60.015
60.046
59.638
59.783
53.984
48.185
48.046
59.621
71.779
71.641
71.797
50.161
51.404
52.647
52.646
52.058
