59.253
59.518
59.311
59.097
58.798
60.432
62.067
58.591
58.601
58.597
54.704
54.469
61.963
61.976
61.991
62.05
62.022
61.746
61.516
61.081
52.82
59.852
59.488
59.124
58.798
63.069
67.341
67.556
48.56
48.885
48.879
48.888
49.328
49.725
50.072
50.415
50.933
50.869
51.11
50.853
50.877
50.652
50.837
50.76
63.02
62.12
49.692
49.766
49.804
49.83
49.507
49.662
49.901
49.689
49.555
49.716
49.929
49.671
49.773
49.983
49.428
69.912
69.839
66.897
66.881
66.764
66.666
66.862
66.816
50.714
50.698
50.462
50.218
50.259
50.342
50.417
50.511
50.548
50.626
50.295
49.892
69.815
69.789
69.724
69.77
69.887
66.879
66.952
67.33
67.708
48.489
48.473
48.639
48.794
49.11
49.352
49.437
49.863
50.242
50.24
50.35
50.292
50.077
50.218
50.059
49.87
50.138
50.104
49.987
50.325
50.125
49.789
49.267
48.675
48.14
47.895
47.689
47.931
48.181
48.089
47.997
59.395
58.516
57.637
62.474
67.31
67.163
47.889
47.962
48.058
48.042
48.06
48.075
47.919
47.726
47.8
47.709
47.832
47.809
52.803
57.798
59.294
59.819
59.688
57.122
57.135
59.04
58.314
57.587
57.995
57.469
57.372
57.275
57.852
57.48
57.738
58.323
58.043
57.802
57.623
58.349
60.851
59.05
57.249
70.019
63.658
57.297
57.622
57.543
57.464
57.105
56.919
56.019
55.119
57.329
56.971
44.774
45.524
57.439
56.953
63.452
60.591
57.73
57.024
58.488
52.345
46.202
45.955
58.259
57.723
55.768
59.031
60.083
57.431
58.703
64.879
55.66
46.44
45.797
46.296
45.202
45.945
46.688
52.005
57.321
59.133
59.696
58.795
63.652
62.808
69.736
69.958
69.927
69.896
45.016
45.379
45.059
44.717
44.376
45.64
56.884
56.934
56.564
69.962
59.943
62.613
56.185
63.031
54.42
45.808
46.225
46.735
47.246
59.609
59.572
59.534
53.18
56.365
59.549
59.293
59.037
69.965
70.071
65.013
64.963
64.933
64.91
65.044
65.059
65.075
65
64.976
51.809
51.266
51.388
51.51
50.97
51.184
51.398
51.17
69.814
69.853
67.365
64.878
52.129
52.945
52.267
52.191
52.115
53.116
52.116
53.058
51.944
56.011
60.078
60.127
59.755
60.587
52.848
53.131
52.963
52.794
52.834
52.873
53.801
53.83
53.957
53.943
59.88
59.401
58.921
65.099
64.948
46.442
47.165
48.04
47.351
47.682
47.111
47.73
48.24
48.514
49.232
49.795
50.249
50.522
50.309
50.071
49.628
49.458
49.837
50.221
50.312
50.542
50.228
58.619
57.541
59.653
59.978
60.307
59.281
60.583
59.247
60.023
59.83
59.237
57.308
58.639
57.501
59.744
