44.265
44.031
43.634
44.205
43.831
56.28
57.069
58.482
59.894
55.962
65.507
75.052
75.08
75.036
72.08
72.046
43.673
43.569
43.545
43.607
43.666
43.938
44.026
44.151
44.115
44.333
44.024
44.314
44.189
44.152
44.069
44.153
43.939
43.989
43.81
44.094
43.629
43.782
43.884
43.849
43.653
43.9
43.719
43.928
44.028
44.025
43.89
44.084
44.004
44.034
44.1
43.942
43.953
43.981
43.836
43.831
43.941
43.639
43.965
55.868
68.293
67.953
67.987
48.747
49.158
47.981
46.804
46.664
46.525
43.469
43.467
56.374
56.461
56.473
64.914
64.957
65.062
46.185
46.546
46.637
56.772
56.527
84.073
84.113
56.376
56.231
56.315
56.27
56.241
62.162
68.084
68.081
55.964
56.001
55.924
55.847
56.229
58.625
61.022
61.093
68.113
67.955
68.051
68.168
68.025
68.076
68.079
68.04
68.016
68.004
64.829
52.834
51.281
51.718
50.953
52.647
50.674
51.516
52.359
52.745
53.701
53.929
53.801
53.851
53.164
52.851
53.768
49.092
48.98
49.096
48.971
52.775
56.58
55.502
55.544
55.585
55.606
55.53
61.798
63.404
65.009
64.928
49.815
48.324
48.148
48.036
47.886
47.88
47.523
46.896
68.095
68.145
68.057
68.111
67.935
63.046
58.157
58.385
58.612
46.759
47.102
46.82
47.582
47.824
47.749
47.409
47.557
48.066
48.26
48.233
50.044
64.895
65.037
60.147
60.123
51.559
49.117
48.659
48.333
48.212
48.506
48.585
48.429
48.771
46.29
43.809
51.99
60.171
65.07
65.056
64.957
56.748
56.172
55.85
55.488
55.388
43.661
43.796
43.387
43.928
44.702
43.827
44.221
44.938
44.234
44.56
63.128
63.129
63.025
62.922
62.804
63.087
63.465
63.075
48.751
48.925
49.005
48.844
48.972
48.912
49.23
48.832
68.023
68.037
68.003
68.058
68.059
68.059
67.984
56.278
56.039
56.07
56.222
56.271
55.941
55.177
60.663
60.569
60.813
53.556
54.381
54.568
54.933
54.888
54.705
54.521
54.672
54.746
55.7
55.436
55.171
54.955
60.424
57.248
54.071
54.201
53.792
54.217
52.498
53.56
53.094
53.183
53.705
53.62
53.604
53.436
53.739
53.602
53.638
53.749
53.636
67.882
67.864
67.836
67.872
41.786
41.896
42.232
41.847
41.461
41.577
41.692
54.61
54.208
54.089
54.001
54.185
54.289
54.035
54.46
54.232
54.264
54.601
54.48
54.255
54.354
54.288
54.371
54.584
54.275
54.309
54.447
54.186
54.04
54.483
54.408
54.214
54.428
54.146
54.488
54.694
54.381
54.052
53.206
54.238
49.593
52.53
55.467
55.304
55.384
55.614
55.455
55.09
50.993
57.09
63.187
62.86
63.067
63.001
63.149
52.459
51.933
51.272
51.459
63.036
63.022
63.079
63.132
63.084
53.68
52.553
52.425
53.23
53.244
51.894
47.857
43.82
43.757
43.698
43.986
43.87
44.174
51.853
50.582
50.745
50.902
50.993
51.091
50.659
51.04
50.811
51.216
50.486
56.012
56.075
62.046
68.016
68.191
68.182
68.173
68.067
68.029
68.104
68.043
44.105
44.063
68.107
68.054
68.01
43.565
43.689
43.227
