62.042
57.74
57.782
58.009
58.236
49.351
50.091
50.198
50.369
50.688
50.886
51.018
51.242
51.679
51.796
51.922
52.062
52.223
52.402
52.51
52.425
52.34
65.111
65.106
65.224
59.146
53.068
52.677
52.842
52.63
52.566
52.548
52.394
52.329
51.818
51.279
50.807
49.5
48.194
53.085
57.975
57.69
57.559
61.858
62.211
57.722
57.995
57.729
57.622
69.698
69.64
63.553
57.465
57.6
57.753
57.504
57.421
51.582
45.742
46.774
46.367
45.959
57.835
52.526
47.217
46.462
57.602
57.732
46.602
45.878
46.68
45.896
45.607
45.759
44.896
57.642
57.663
59.807
61.951
61.99
62.098
61.849
61.93
59.834
66.937
62.291
57.645
57.291
58.108
57.927
57.182
56.886
56.59
57.477
56.905
57.019
57.133
57.798
57.55
57.302
57.974
58.114
57.923
57.822
57.944
58.125
58.182
57.973
57.82
58.043
57.845
57.648
58.001
57.63
57.258
45.566
44.993
58.04
57.602
57.819
58.035
57.857
57.853
57.85
57.725
57.913
57.677
57.441
57.916
58.21
57.797
46.883
45.973
45.532
46.403
45.463
58.091
57.826
57.818
58.032
57.49
57.754
57.699
57.644
57.114
57.54
57.966
57.359
57.672
57.986
77.083
77.144
58.033
58.23
58.426
77.102
77.096
77.103
77.192
77.144
77.14
58.314
57.749
58.356
57.937
57.976
57.846
58.043
58.321
56.978
58.284
54.607
46.835
46.986
47.161
67.299
67.771
48.495
48.372
48.556
48.647
49.219
49.588
49.838
50.218
50.174
50.357
50.581
50.967
50.815
50.466
55.651
56.007
56.362
57.074
54.557
52.04
51.367
50.811
69.553
69.535
50.275
50.566
50.525
50.805
51.023
50.951
62.904
63.003
63.103
63.146
63.166
63.121
63.072
63.023
62.98
49.134
48.326
48.103
47.993
48.087
48.289
48.674
49.106
49.383
49.474
49.479
49.561
49.811
49.737
49.963
49.312
63.129
63.099
62.96
63.037
63.114
63.37
65.852
57.42
48.988
49.02
49.07
49.276
49.246
49.884
49.997
49.476
48.514
69.963
70.011
70.106
70.095
70.083
70.015
70.012
66.673
63.335
59.019
46.946
46.923
46.952
46.98
47.296
47.613
48.18
48.28
48.424
48.299
48.268
48.095
48.189
63.282
63.292
63.187
70.035
70.019
63.366
63.254
62.947
49.335
48.328
47.948
47.768
47.85
63.306
63.282
63.256
62.868
62.944
63.244
63.163
60.66
65.301
69.941
69.948
69.97
63.26
63.481
46.43
46.285
46.107
45.921
46.031
45.972
45.855
45.738
46.251
50.748
55.244
55.154
59.593
57.68
55.768
46.818
46.428
51.066
55.703
64.64
63.083
64.095
64.244
64.392
63.153
56.314
57.413
