56.878
53.883
54.577
55.217
55.743
54.927
53.995
54.089
54.184
54.205
54.226
57.163
55.364
53.565
50.617
49.402
49.424
49.859
48.922
49.779
50.142
50.089
50.686
50.683
50.816
51.389
51.1
51.274
51.36
51
51.19
50.508
50.286
48.985
48.071
49.346
49.777
49.674
49.596
49.463
49.445
49.888
49.871
49.932
50.129
49.846
50.679
50.642
50.991
50.299
50.056
48.526
47.697
47.322
45.795
46.128
46.782
47.436
47.47
47.379
47.293
47.583
47.46
47.421
47.464
47.679
47.686
47.834
47.776
47.06
47.24
46.709
58.113
57.913
62.477
60.02
57.564
57.525
64.289
54.996
45.703
45.969
57.811
57.867
58.351
57.903
57.597
57.781
58.284
57.986
57.307
58.093
58.219
58.289
57.946
57.671
54.234
52.204
53.24
53.207
52.881
54.564
54.072
53.579
53.977
57.927
57.421
58.355
58.079
57.802
57.691
58.029
57.917
58.112
58.11
57.961
58.439
57.665
57.244
57.258
57.272
56.753
56.867
56.981
44.013
45.972
44.657
46.667
44.819
45.918
45.769
44.863
47.034
45.585
46.051
45.268
44.909
44.149
43.39
44.493
45.597
45.082
46.777
45.69
46.5
46.772
45.324
46.323
46.184
45.907
46.416
45.275
46.356
45.629
45.855
46.708
45.408
46.121
46.196
46.05
46.421
44.852
46.604
46.132
45.459
57.703
69.948
73.984
74.016
73.966
46.083
45.894
46.018
46.077
45.977
46.036
45.885
46.017
45.895
45.924
45.968
45.989
46.02
45.782
45.985
45.885
45.628
45.372
46.041
45.761
45.81
45.693
45.732
45.721
45.73
45.749
45.953
45.898
45.879
45.995
46.084
45.897
45.909
45.994
45.71
45.494
45.731
45.908
61.983
62.142
62.122
62.044
61.963
61.922
61.941
61.948
62.065
62.1
62.029
62.011
61.926
62.031
45.742
45.409
45.902
45.962
46.021
74.766
75.019
75.015
75.045
64.977
65.002
64.904
64.953
64.942
64.967
65.024
64.974
65.002
65.01
64.999
64.94
64.988
64.932
64.953
65.007
64.997
65.071
64.985
64.966
64.981
65.018
64.927
65.013
64.992
65.033
64.967
64.99
64.958
64.968
64.9
64.987
64.976
65.017
64.957
65.007
64.938
65.023
64.989
64.956
65.015
64.949
64.964
65.036
64.987
64.981
64.973
64.999
64.989
64.956
65.002
64.985
64.963
64.956
64.959
64.984
65.001
64.984
65.027
70.139
69.954
69.995
69.99
69.965
69.984
69.969
69.983
69.99
69.938
69.972
