59.226
59.242
59.284
59.124
59.019
59.038
59.04
59.026
58.997
59.016
59.016
59.054
59.078
59.02
59.053
58.873
58.931
58.918
59.128
59.057
59.227
59.328
59.43
59.154
59.11
59.045
59.047
59.036
59.06
59.009
58.921
58.691
65.638
65.584
65.623
58.464
58.481
58.547
58.626
58.612
47.435
47.245
46.59
58.995
59.136
53.311
57.479
61.647
61.136
61.28
61.786
61.92
62.194
61.701
61.208
49.521
49.449
59.574
59.199
59.018
59.009
51.289
50.922
51.823
52.292
51.087
51.762
52.369
51.623
51.779
52.151
51.515
51.566
51.855
51.502
51.862
51.666
51.42
51.759
51.671
51.601
51.977
52.006
51.842
51.905
51.819
51.511
51.743
51.846
51.703
52.085
52.134
51.89
51.979
52.201
64.065
63.993
51.762
51.859
51.815
51.832
52.083
52.066
51.955
52.058
52.21
51.893
51.897
52.314
52.436
52.334
52.247
52.71
64.217
64.052
64.028
64.074
64.092
64.417
58.091
51.766
51.465
51.658
51.72
51.503
51.956
51.774
51.818
51.856
51.779
52.099
51.689
51.782
52.116
51.324
51.67
52.096
51.381
63.995
64.013
64.167
53.211
52.502
53.18
52.408
52.644
52.428
52.933
53.558
53.264
53.839
53.992
53.946
53.988
54.035
54.029
53.976
54.097
54.021
53.945
54.07
54.251
66.15
65.999
65.996
53.059
52.633
51.242
49.952
48.997
48.724
66.065
66.185
48.533
48.487
48.609
48.47
66.064
66.151
66.135
66.113
66.076
66.081
66.114
66.169
66.004
66.085
66.061
66.054
49.624
49.391
49.073
48.873
48.877
49.259
49.977
50.266
62.091
62.083
62.018
62.015
49.781
49.497
49.496
62.232
62.072
62.147
56.409
56.911
56.845
56.779
56.651
57.019
56.985
62.058
62.101
62.075
62.032
61.858
61.959
61.856
62.066
62.027
62.091
62.071
61.997
62.047
62.082
62.006
62.369
62.108
61.937
62.104
61.971
61.839
61.674
49.041
49.177
49.147
49.195
49.374
49.55
49.66
49.848
49.189
61.939
61.8
61.932
62.028
62.045
62.151
62.171
62.14
62.169
62.162
62.108
62.18
62.109
62.173
62.305
62.265
52.203
52.587
51.688
51.747
51.764
51.373
51.673
51.996
51.505
61.915
62.015
62.013
61.981
62.204
62.118
62.032
62.451
63.214
64.325
63.755
63.77
64.142
64.152
63.972
64.177
64.382
64.111
64.514
60.574
56.634
57.097
56.795
56.962
57.129
47.198
47.981
48.682
49.046
49.102
49.033
48.973
48.717
57.038
57.136
57.232
57.246
57.091
56.905
59.393
61.88
61.947
49.379
49.608
49.668
55.491
62.193
62.118
62.099
62.174
54.729
47.285
46.499
47.089
46.319
46.94
47.242
46.438
47.188
46.513
46.586
46.49
58.787
59.01
59.249
59.382
59.222
59.162
59.146
59.152
59.104
59.025
59.026
59.065
59.017
59.123
59.034
59.049
59.042
65.05
62.018
58.986
59.204
59.043
59.115
59.223
59.183
59.133
