73.985
73.994
61.694
62.229
58.644
55.059
54.43
54.142
54.195
54.356
54.379
59.816
65.253
77.117
77.101
77.118
43.333
43.115
42.996
42.975
42.954
42.956
42.958
76.983
76.983
49.711
48.602
47.564
48.411
48.554
48.501
48.954
49.656
49.64
50.21
50.023
50.503
50.527
50.893
50.778
50.389
50.291
50.304
50.6
50.863
51.737
51.809
51.658
51.289
51.131
51.039
51.078
50.949
51.141
50.84
51.173
51.228
51.309
51.396
51.174
51.153
51.469
51.101
50.513
50.986
50.385
50.845
51.456
50.948
51.06
51.172
51.238
51.643
51.717
52.675
52.544
53.188
52.959
53.602
53.258
53.366
53.376
53.208
53.411
53.172
52.724
52.069
51.554
51.56
51.29
51.096
51.221
51.395
51.274
51.125
51.575
51.802
51.604
51.328
51.806
52.167
51.251
51.061
54.087
57.114
57.013
56.912
77.01
77.106
77.117
57.088
48.304
47.862
47.828
48.334
58.305
57.864
48.999
49.739
49.595
49.68
49.765
49.924
50.148
50.071
50.059
53.732
57.404
58.104
58.368
51.704
45.041
44.335
57.131
50.897
44.663
44.681
57.93
57.542
44.849
45.049
46.434
44.917
45.049
47.108
45.185
44.381
43.671
42.961
42.965
44.811
46.658
46.185
45.712
46.321
46.096
46.224
47.255
47.244
47.233
57.97
61.654
54.842
48.029
47.7
47.371
47.098
51.906
56.714
57.036
56.907
57.114
57.078
48.787
47.894
48.044
48.187
48.199
48.202
47.534
47.527
47.642
47.779
48.101
48.347
48.17
48.39
48.104
47.637
47.662
74.115
74.1
74.08
74.156
70.736
67.316
67.069
48.142
48.281
48.157
47.849
47.406
54.853
62.3
61.874
48.01
48.03
48.036
47.892
65.095
64.954
65.117
65.137
57.152
62.645
55.517
48.39
48.24
48.351
48.525
48.846
49.378
49.649
49.437
50.134
49.644
50.184
49.685
49.927
49.816
49.938
50.094
49.772
49.838
48.895
48.511
57.366
57.37
56.916
57.006
57.211
57.278
57.006
57.162
62.13
62.114
61.899
61.975
57.319
57.529
57.588
57.646
57.643
58.159
57.883
57.607
57.672
57.946
58.22
57.707
57.834
58.28
58.052
57.571
56.915
46.105
45.434
46.083
57.465
57.315
46.303
45.345
57.607
57.663
57.75
57.837
57.62
46.488
45.537
45.682
46.159
45.211
57.56
56.36
57.014
62.334
62.158
62.075
57.241
57.179
57.222
51.008
54.087
57.166
56.924
56.999
57.017
57.401
57.544
56.931
56.368
56.541
56.328
72.155
72.155
72.073
64.986
65.042
65.096
65.132
65.179
64.913
65.224
72.01
72.037
72.169
72.141
72.114
72.098
72.049
72.013
71.954
71.959
72.005
72.066
67.235
62.404
61.802
62.092
62.186
61.903
61.925
61.898
61.87
62.147
61.918
61.795
48.763
48.411
49.838
50.398
69.355
69.199
50.228
50.499
51.28
51.541
52.114
52.273
52.495
52.44
52.733
52.679
52.377
52.464
62.21
62.361
62.512
53.367
52.853
53.01
53.121
52.859
52.54
52.899
52.678
52.441
51.719
51.959
50.892
49.824
49.138
53.6
58.062
58.03
58.066
66.774
66.834
66.85
66.92
62.145
57.933
57.647
51.375
45.103
45.149
46.384
46.02
45.656
46.104
48.62
51.136
51.81
51.28
50.769
50.528
51.076
52.175
51.776
49.823
49.773
51.32
46.01
46.615
46.311
45.572
45.141
44.71
57.534
57.663
62.055
61.981
61.977
62.169
62.13
62.091
57.158
57.414
57.669
57.421
57.173
57.075
56.977
56.746
56.601
56.457
44.906
44.791
44.67
44.55
50.449
56.348
54.615
55.049
55.483
56.013
54.958
53.902
55.137
56.372
62.163
62.15
62.124
62.097
46.245
45.759
45.746
45.734
45.313
44.892
61.979
61.747
62.297
62.17
61.69
62.12
62.05
57.92
57.978
57.734
59.985
55.517
51.049
51.291
54.304
57.317
57.686
57.617
57.784
57.95
57.489
53.701
49.912
50.247
51.115
51.359
51.261
49.829
50.046
48.653
47.26
48.456
52.647
51.105
50.54
54.135
57.729
69.268
69.057
57.282
57.293
58.651
57.9
57.776
62.171
62.1
57.522
57.713
