70.91
70.914
70.928
70.918
70.988
71
70.907
70.947
70.987
70.966
64.129
64.223
64.146
63.99
64.378
51.895
51.931
71.025
71.044
71.03
51.834
52.035
52.01
52.115
52.106
52.079
51.896
71.016
71.098
46.958
48.755
50.584
52.414
52.265
52.115
51.806
51.732
51.957
51.974
52.152
52.24
51.235
50.038
61.237
62.224
62.442
62.971
63.535
66.664
59.888
53.112
52.826
53.239
53.16
52.529
63.537
63.424
63.504
63.584
63.189
54.525
53.932
53.321
55.224
63.547
63.761
63.927
67.257
67.152
66.574
56.097
54.88
54.774
54.456
54.817
55.035
54.431
55.026
53.861
54.607
53.787
63.336
63.595
63.188
67.034
67.347
52.296
52.887
53.53
53.928
54.327
47.093
47.041
47.044
46.39
45.391
46.203
45.636
45.068
45.608
46.906
46.318
45.781
46.408
46.913
47.007
46.491
46.762
46.734
46.783
46.609
46.511
58.834
59.482
58.956
58.864
58.911
46.853
47.478
47.204
58.972
58.881
58.836
58.837
47.901
47.035
46.042
45.984
46.961
47.954
50.754
49.601
47.558
53.134
54.655
56.176
56.507
56.577
56.667
44.612
44.597
44.847
44.737
44.637
59.248
58.884
59.344
58.848
59.422
47.133
48.115
47.357
47.718
47.689
46.919
47.549
47.255
46.48
47.181
47.648
46.762
47.665
47.529
46.735
46.855
46.975
46.871
48.236
46.782
46.744
46.978
47.213
47.595
48.048
46.924
60.277
60.092
60.179
60.117
59.873
59.861
59.9
60.095
59.757
59.955
59.965
52.465
44.966
44.548
63.762
64.047
64.491
62.342
60.193
60.067
57.154
54.241
53.903
53.462
59.966
60.046
60.093
54.603
54.979
55.204
55.288
55.182
55.714
56.589
56.163
55.683
55.849
57.015
55.997
56.428
56.665
56.417
57.447
56.446
57.501
57.642
57.783
58.082
58.381
59.462
57.647
57.635
57.623
45.109
45.773
45.696
45.618
56.484
57.03
56.968
56.634
56.696
56.757
46.664
46.995
46.854
46.962
48.179
47.895
57.393
57.93
56.572
54.945
55.884
54.36
55.526
55.584
55.643
55.828
58.226
56.397
57.694
56.292
57.252
56.676
56.496
57.148
58.056
57.316
55.112
61.158
54.059
46.96
44.832
46.234
54.112
54.263
54.588
54.728
54.868
54.376
46.069
47.516
46.359
47.156
46.814
47
46.828
46.878
46.955
47.22
53.82
52.493
51.028
51.709
52.445
53.181
58.889
58.898
59.011
45.875
46.581
58.745
58.758
55.698
52.638
55.663
50.088
44.514
46.196
49.552
52.907
52.54
51.889
51.899
51.909
52.021
52.202
51.916
51.92
51.924
63.972
63.745
58.769
52.59
52.367
53.36
64.045
63.85
63.733
52.151
52.078
52.046
52.226
52.266
52.057
51.883
52.221
51.892
58.588
58.498
58.585
63.572
63.788
58.66
58.765
58.779
71.013
71.032
70.942
63.721
63.771
63.821
63.822
58.222
58.245
58.268
58.644
58.86
