57.771
48.085
48
48.26
47.907
47.64
47.825
47.669
47.459
47.307
47.237
47.121
46.929
46.737
46.555
46.578
46.295
46.342
46.39
58.673
60.384
59.875
60.37
60.448
59.109
58.918
58.728
47.233
46.118
46.059
45.732
45.819
58.814
56.976
51.354
45.733
44.968
45.195
57.617
57.842
56.776
58.443
60.11
59.804
57.305
57.253
57.199
56.806
56.854
56.947
57.282
57.393
57.098
56.895
56.986
57.393
45.222
44.458
59.965
59.846
60.923
62.001
61.92
62.151
61.923
57.481
58.133
57.9
57.946
58.164
58.347
46.541
48.039
47.471
47.53
48.037
46.986
47.957
47.433
47.368
48.281
53.353
58.424
62.106
61.951
61.973
62.039
57.825
48.42
47.563
47.98
46.865
47.76
46.998
47.364
47.296
47.121
47.855
47.158
47.535
47.098
61.67
61.72
61.987
62.087
62.128
47.752
47.485
47.272
47.181
47.091
47.604
47.677
47.75
47.414
47.078
62.024
62.066
57.704
57.528
61.957
61.844
62.079
57.909
57.828
57.531
62.031
62.003
54.057
46.111
45.851
46.063
45.547
45.712
45.652
45.592
57.624
57.535
57.398
45.13
45.683
45.618
58.114
58.109
57.965
58.01
57.93
57.968
58.04
57.941
57.993
57.998
57.926
57.854
57.816
57.929
57.872
57.883
57.996
57.971
57.913
57.93
57.832
58.225
57.905
57.946
57.873
57.933
58.009
57.953
58.064
57.861
57.885
57.885
58.045
57.932
58.007
57.954
57.932
57.929
57.981
57.937
58.016
57.756
57.713
58.442
61.855
62.191
61.849
61.506
58.468
53.085
53.194
57.527
57.838
58.149
58.42
58.69
58.445
58.2
58.003
57.807
58.128
58.449
64.992
64.781
63.338
61.895
61.871
61.848
58.768
49.957
48.642
48.169
48.307
48.598
49.111
49.284
49.295
50.424
50.112
50.732
50.006
50.834
50.205
50.685
50.357
50.42
65.078
64.83
64.78
64.876
56.392
47.909
48.122
47.849
47.853
47.54
47.75
46.924
46.97
57.987
57.919
57.771
46.132
45.779
45.659
45.448
46.253
46.73
64.826
64.905
64.975
65.046
61.188
57.329
57.814
58.086
57.596
57.791
46.623
46.363
45.93
45.497
46.488
47.708
64.959
64.893
64.964
65.137
65.046
64.942
64.97
65.046
48.717
45.779
44.985
45.19
45.921
45.748
45.356
45.883
45.681
45.452
45.561
46.351
46.209
64.8
64.855
65.49
55.625
54.756
54.744
47.452
46.429
46.039
45.644
45.265
45.802
46.051
45.808
45.809
45.868
46.069
45.983
45.722
45.651
45.572
45.634
51.866
58.098
58.177
57.692
57.951
58.029
57.801
63.146
63.071
62.87
62.857
63.077
63.241
62.922
62.834
63.046
63.226
62.947
62.802
62.973
63.094
63.263
62.868
54.757
55.764
55.35
54.456
54.788
55.879
55.369
54.613
54.906
55.495
54.964
54.763
55.286
55.597
