75.942
75.906
75.873
75.911
75.935
75.97
75.93
75.938
75.897
75.869
75.904
75.923
75.95
75.945
75.945
75.916
75.915
75.923
75.939
75.946
75.933
75.926
75.954
75.93
75.95
75.926
75.948
75.879
75.96
75.937
75.967
75.971
75.926
75.994
75.941
75.938
75.938
75.886
75.871
75.918
75.938
75.946
67.987
60.028
61.164
62.256
51.607
51.675
51.98
51.781
51.768
52.177
53.256
54.334
60.991
60.893
60.321
60.689
61.008
61.327
60.836
57.509
58.98
60.45
57.459
59.447
61.435
57.778
59.489
61.2
61.287
61.114
60.857
61.343
61.274
61.205
61.993
60.667
59.274
58.996
58.718
58.746
58.83
58.723
58.788
58.566
58.344
59.102
59.119
59.074
59.029
52.305
51.431
51.783
52.136
48.638
52.247
55.856
55.997
51.491
51.484
53.337
51.43
51.458
52.563
51.565
52.015
52.557
54.87
54.242
54.26
55.072
56.983
55.048
54.228
53.844
54.856
54.849
54.582
54.45
54.582
55.205
56.14
55.691
54.879
54.996
54.773
49.648
47.799
47.374
47.199
46.695
46.815
46.988
47.201
46.921
46.614
46.611
54.811
55.001
47.023
47.142
46.926
47.075
46.55
47.585
59.321
59.176
59.356
58.922
58.982
46.616
46.591
46.766
46.745
46.823
46.592
46.864
46.835
46.936
46.859
46.757
46.678
46.825
46.89
46.577
46.29
58.136
59.64
57.797
56.799
56.527
56.665
56.697
56.295
56.877
56.931
59.75
58.348
56.19
58.021
59.517
59.143
58.815
59.586
57.921
56.589
57.086
56.995
56.822
57.127
56.785
49.175
48.647
48.638
48.312
48.354
47.787
48.049
47.96
48.04
48.272
48.152
48.522
48.164
48.469
47.971
48.536
47.75
59.75
60.258
60.106
59.934
59.89
59.852
59.662
59.525
59.826
63.861
63.81
63.873
72.093
72.054
56.987
57.116
57.03
56.788
57.528
56.033
54.537
59.511
59.941
60.269
60.252
60.11
60.139
60.082
60.064
59.991
60.326
55.913
55.675
55.591
55.781
56.535
56.089
56.347
56.749
56.164
56.322
56.48
56.6
56.719
57.698
56.896
57.682
56.423
58.042
56.303
56.261
56.218
54.325
56.14
57.142
57.039
56.932
57.16
56.657
56.84
56.544
56.87
57.085
57.112
56.907
57.038
56.996
57.7
55.852
56.802
57.241
57.934
56.837
57.034
58.012
55.549
55.307
55.864
54.694
56.058
57.487
56.607
57.128
56.965
56.852
57.215
56.957
56.783
57.522
56.362
56.911
56.276
55.642
54.664
55.174
55.13
55.133
54.858
54.582
54.674
54.689
54.529
54.37
54.648
55.176
55.82
55.054
55.145
54.88
55.28
54.912
55.105
55.112
55.287
54.497
54.242
53.921
53.499
53.077
53.688
54.482
53.961
53.492
53.814
55.053
53.805
53.499
53.296
51.912
53.062
52.612
52.226
52.907
52.305
52.435
52.817
53.199
52.499
52.213
52.334
51.886
51.783
52.03
51.906
51.783
51.66
51.799
51.782
51.441
51.977
52.012
52.127
51.995
66.865
66.747
63.908
51.788
51.933
51.955
51.994
51.992
52.032
52.008
51.966
51.94
51.876
51.882
51.903
55.415
53.708
52.002
52.12
52.284
52.385
52.213
52.26
51.956
52.003
52.01
52.154
52.217
52.284
52.17
