59.21
59.179
58.946
55.501
55.702
56.491
57.08
56.348
57.497
56.895
57.195
57.367
57.314
57.246
57.543
57.123
57.581
45.469
45.639
45.269
57.302
57.461
57.175
57.594
57.44
57.286
47.821
47.007
47.177
46.899
46.87
46.841
46.955
47.069
47.106
47.143
46.617
47.464
46.944
47.322
47.303
46.622
48.837
58.776
59.172
58.04
55.21
54.628
53.957
54.128
54.054
54.433
54.853
54.671
54.569
54.664
59.095
59.309
59.2
58.984
59.153
54.662
54.729
54.888
55.07
55.059
54.994
54.946
54.918
54.916
55.071
55.112
55.085
55.111
55.075
55.017
55.139
55.143
55.156
55.292
55.303
55.305
55.325
55.165
55.149
55.146
55.115
55.203
55.224
55.177
55.344
55.222
55.122
55.22
55.151
64.67
54.448
54.758
55.068
43.223
44.459
55.121
55.229
55.391
55.21
55.348
55.417
55.368
55.334
55.182
55.211
55.185
55.153
55.376
55.398
55.49
55.737
55.582
55.426
55.216
55.249
55.197
55.283
55.326
55.264
55.505
55.469
55.433
55.186
55.219
55.225
55.192
55.354
55.252
55.456
55.433
65.664
55.204
65.568
75.932
75.907
75.942
75.911
75.916
75.954
75.945
55.067
55.064
55.026
55.021
54.937
63.912
64.013
63.959
63.909
63.983
63.946
63.916
63.961
63.861
63.929
63.985
63.945
64.08
64.058
64.037
63.963
63.904
64.028
63.895
55.045
55.012
73.954
73.933
73.845
73.872
73.901
73.901
73.967
73.954
73.941
73.918
63.681
55.789
55.632
55.624
44.236
44.087
55.718
55.707
44.445
44.332
44.919
44.821
44.723
56.187
56.176
56.695
57.214
44.194
45.233
57.526
56.529
57.299
56.671
57.543
56.79
46.763
46.988
46.668
46.578
46.409
46.1
46.071
46.042
46.349
46.366
46.367
46.588
46.536
46.693
46.634
47.007
46.796
46.884
58.958
59.053
59.121
58.982
59.14
59.161
59.06
58.69
59.137
58.691
58.932
58.813
59.185
59.41
51.988
52.407
52.448
52.5
51.781
51.68
51.683
52.067
52.267
52.183
63.947
64.021
64.089
59.008
58.915
58.851
70.955
70.964
58.852
58.95
52.463
52.35
52.221
51.984
51.843
52.096
52.219
52.292
61.747
71.202
70.84
70.802
70.862
70.889
70.855
70.881
70.906
71.088
71.112
65.015
58.918
58.955
58.949
58.885
64.086
63.849
67.405
70.96
71.041
52.272
52.199
51.983
51.729
52.11
52.312
52.712
61.843
70.974
71.006
70.929
70.888
70.854
70.971
70.995
70.946
70.923
70.909
70.915
70.952
70.971
70.933
70.897
70.861
70.886
71.019
70.92
70.912
70.86
70.869
70.911
70.962
70.976
71.005
52.073
52.108
52.192
70.934
70.925
70.911
70.922
70.968
70.98
70.974
70.93
52.152
52.005
70.98
70.984
70.985
70.994
70.94
70.984
70.968
70.949
70.967
70.866
70.904
70.932
70.951
70.941
70.963
70.926
70.95
70.943
70.86
70.857
70.938
70.991
70.93
70.854
70.857
70.898
70.937
70.989
70.907
70.887
70.939
71.032
71.05
70.981
70.938
52.182
52.037
51.882
51.843
51.975
52.056
52.179
52.302
52.336
