53.963
54.247
50.769
50.521
50.473
50.451
51.095
51.589
51.315
51.619
51.449
52.121
50.39
51.315
51.797
51.385
52.19
52.268
52.239
52.211
51.683
52.11
66.177
66.196
54.031
54.103
54.162
54.319
54.476
54.856
54.749
54.454
54.099
54.107
53.971
53.907
53.8
53.773
53.768
53.753
53.752
53.917
53.971
53.955
54.116
53.791
53.548
52.861
52.968
53.76
54.151
54.207
54.253
54.287
54.006
54.907
55.389
55.611
55.469
55.491
55.504
55.233
55.059
55.623
55.55
55.107
54.481
53.363
53.039
52.773
52.175
51.56
53.07
52.529
52.586
64.642
64.432
52.599
52.496
64.081
64.016
64.069
52.365
52.385
52.486
52.258
52.314
52.072
51.83
51.603
51.909
52.908
52.733
52.209
51.892
51.983
51.821
52.158
51.336
64.615
64.1
64.174
64.231
64.494
64.708
52.745
52.613
52.04
51.452
50.865
64.224
63.957
64.28
64.271
64.36
52.145
51.204
51.54
51.499
51.458
50.988
50.517
50.599
50.68
48.975
50.511
48.278
46.044
47.2
48.356
48.382
49.94
51.498
52.491
51.931
52.181
52.228
52.21
59.483
66.809
66.165
46.922
48.167
48.509
46.153
48.064
47.881
47.698
46.069
48.472
48.164
47.004
46.757
47.673
48.521
48.68
48.839
49.585
50.135
48.424
46.712
45.728
48.712
51.696
50.777
50.49
50.203
49.695
50.469
50.469
49.941
50.273
50.167
50.716
50.389
50.109
50.213
51.532
55.652
59.771
59.558
44.23
43.528
57.604
57.867
55.845
46.943
45.919
47.275
46.479
47.075
46.233
47.051
47.125
47.084
47.306
46.163
47.823
49.021
50.22
49.726
50.114
50.402
49.179
47.956
46.285
45.655
45.025
49.134
50.452
50.279
50.392
50.016
50.081
50.038
49.877
50.225
50.146
47.892
49.514
51.136
45.242
42.368
41.284
45.322
45.235
55.308
55.095
52.16
49.225
48.842
48.458
55.247
55.25
55.195
55.14
55.309
55.181
55.117
55.458
55.375
55.292
55.494
55.369
55.399
55.167
55.143
55.322
55.044
55.683
54.932
54.181
54.747
55.313
54.396
48.915
47.72
48.04
48.832
47.83
55.299
55.989
52.639
54.09
55.54
55.938
55.915
55.892
55.365
55.311
55.258
55.616
55.125
55.134
62.467
62.432
64.658
63.458
64.226
64.204
64.145
64.131
58.953
53.775
55.75
54.883
66.786
66.74
68.63
70.519
69.864
50.399
51.194
51.672
52.338
52.107
52.198
51.981
51.026
50.907
50.206
50.965
50.501
51.055
49.953
49.626
49.087
48.549
48.029
47.92
48.444
49.336
50.227
50.965
50.045
49.612
49.179
49.128
49.076
50.843
49.396
49.253
49.109
49.682
50.255
50.043
48.175
46.308
46.823
47.337
47.444
46.998
47.351
54.22
54.275
56.759
55.429
54.099
59.159
59.437
59.273
58.977
59.282
59.286
59.13
59.249
59.424
59.146
59.481
59.527
59.205
59.163
59.244
53.227
55.75
50.596
54.425
58.254
57.023
58.581
47.035
46.039
58.973
58.958
59.099
59.075
59.192
59.208
59.461
59.072
59.47
59.633
59.157
59.448
59.693
59.465
58.843
58.54
58.238
56.601
57.978
58.069
58.16
60.269
58.097
58.608
59.12
59.208
58.945
59.079
58.995
47.721
46.698
48.161
46.314
48.033
46.789
47.52
45.957
62.28
62.561
56.661
54.43
52.199
52.954
51.962
52.473
52.984
57.282
57.015
57.365
56.527
56.796
57.065
44.489
44.83
45.3
45.332
45.225
45.169
45.008
45.375
45.764
48.981
52.198
52.285
52.267
52.169
45.397
45.266
57.487
56.897
57.18
44.881
45.447
52.704
56.104
