61.884
61.904
61.95
61.996
61.995
61.989
61.978
61.827
65.403
68.979
68.983
69.078
69.03
69.014
69.023
69.07
68.989
61.937
62.04
61.954
61.622
64.91
55.728
46.546
57.282
68.018
68.035
68.074
50.044
49.433
49.362
49.977
50.279
50.887
51.309
51.804
52.352
52.179
51.828
68.116
67.923
68.111
59.56
51.008
49.876
49.752
49.789
49.876
49.804
49.646
49.666
49.352
49.011
48.315
47.35
46.969
46.797
47.071
47.346
46.071
44.795
46.905
46.912
46.997
45.685
61.917
61.928
61.994
61.787
48.225
48.333
47.845
48.012
48.093
48.396
48.669
48.919
49.023
49.209
49.212
49.483
49.506
49.444
49.583
50.321
49.613
50.653
53.789
56.925
69.112
69.01
69.117
68.98
47.67
47.435
47.465
47.334
46.837
47.146
47.455
47.44
47.316
47.486
47.59
47.638
47.585
47.48
47.625
47.415
47.572
61.775
59.8
59.86
60.021
59.801
59.791
47.653
47.752
47.938
48.123
47.923
47.86
47.225
47.174
47.984
48.793
46.968
48.734
47.373
47.881
48.389
48.05
48.526
48.413
60.159
60.049
59.998
59.921
59.928
60.054
59.981
60.085
59.981
59.93
59.969
60.006
59.992
60.042
59.693
59.891
59.987
60.058
60.016
59.928
59.98
60.069
59.987
60.015
60.032
60.049
60.138
67.219
67.08
67.036
67.029
67.064
56.124
55.991
56.109
56.369
56.546
56.219
56.276
56.189
56.511
56.833
56.733
66.957
66.977
66.992
66.979
66.983
66.986
57.041
57.769
57.984
57.22
60.261
59.518
59.748
60.062
60.002
59.938
60.068
60.234
59.236
59.031
58.825
57.558
58.992
58.996
59.001
58.927
58.853
59.05
59.247
46.379
46.525
46.615
46.705
47.479
48.254
51.685
67.044
66.757
47.417
45.951
67.01
66.973
66.997
67.038
60.096
60.027
54.188
48.35
48.352
48.354
46.887
47.897
47.593
47.564
47.536
47.724
47.269
47.748
47.591
47.335
48.202
47.868
48.02
62.025
61.914
61.964
62.015
64.133
66.251
64.372
53.918
53.062
53.032
52.433
60.16
59.754
60.101
59.995
59.636
60.568
52.108
52.831
52.351
52.935
52.5
52.786
65.412
65.004
64.982
65.041
64.881
64.943
64.923
60.235
60.272
59.823
59.987
48.151
48.174
48.862
48.996
49.603
49.649
49.726
49.786
49.575
49.593
49.284
49.142
49.213
49.216
49.259
49.706
49.708
49.742
49.643
49.527
49.695
49.515
49.556
49.887
49.626
49.841
50.082
49.58
60.044
59.74
60.209
59.894
50.199
50.401
59.822
59.926
60.035
59.903
60.084
65.168
65.174
64.989
64.967
65.019
65.063
65.079
64.997
64.948
64.943
64.971
64.99
64.94
62.264
63.522
64.78
64.664
64.946
56.258
55.523
55.813
56.103
56.271
52.202
48.132
