54.195
51.988
51.93
51.603
52.045
52.986
54.343
53.88
57.216
57.173
57.21
57.444
58.077
45.275
45.599
58.334
58.554
52.511
61.675
54.148
46.621
47.382
46.839
46.296
46.533
64.276
64.281
64.168
63.859
63.944
64.095
45.994
46.562
47.597
47.758
48.182
47.978
48.921
47.788
47.98
48.599
47.708
48.227
48.387
48.041
47.869
48.612
47.734
48.075
48.507
47.681
48.483
48.182
47.875
48.197
48.227
47.079
48.65
49.024
49.956
50.03
50.104
49.591
49.292
49.653
49.381
49.969
49.588
50.101
50.163
49.714
50.161
49.793
49.804
49.748
49.925
51.203
64.175
64.042
63.552
64.015
64.273
63.581
63.24
64.312
63.899
48.426
48.953
50.201
48.535
49.402
50.397
50.609
50.298
50.057
50.126
50.399
50.491
50.155
50.197
50.119
50.271
55.151
55.073
54.841
55.164
54.734
55.248
54.746
55.166
54.499
55.547
46.91
47.777
53.837
59.897
59.841
59.806
59.905
59.833
59.925
59.905
59.946
59.869
59.87
59.785
62.038
64.29
64.053
64.012
64.059
64.041
63.872
64.088
64.137
63.93
63.773
49.934
49.219
49.178
48.207
49.405
49.966
49.728
49.584
49.319
49.968
49.664
49.517
49.652
49.652
49.93
50.016
50.108
49.652
49.121
47.666
47.859
48.675
50.346
51.748
52.693
52.459
52.498
52.037
51.903
51.859
51.988
53.118
60.201
59.693
60.065
60.204
59.596
60.332
49.141
48.732
47.739
64.219
64.083
64.063
64.059
63.862
64.119
64.036
63.854
43.744
43.834
63.798
63.889
61.863
59.838
60.118
59.997
60.052
59.995
59.938
59.92
59.901
59.7
62.349
64.999
64.39
64.519
64.648
64.703
58.959
53.214
59.14
51.806
44.471
44.157
64.815
64.898
64.818
64.739
56.371
56.69
56.859
56.718
54.812
52.905
52.606
52.628
52.649
52.826
53.003
53.363
53.719
64.429
64.192
63.714
64.293
64.105
64.224
64.344
53.381
59.251
65.121
65.621
65.056
47.117
47.123
47.333
47.508
47.476
47.61
47.8
47.874
47.95
47.903
47.801
47.984
47.985
48.208
57.127
57.179
69.065
69.089
69.105
69.095
69.114
53.073
50.813
49.475
49.487
49.036
48.815
48.417
49.445
49.474
49.013
49.942
49.717
49.318
49.948
49.249
49.654
50.68
49.975
57.001
64.027
64.035
64.038
63.913
64.158
63.917
63.473
50.042
48.819
48.261
48.402
50.4
49.448
48.496
49.769
50.037
50.061
50.369
50.193
50.199
50.28
50.275
50.374
50.588
50.383
50.092
49.519
48.768
61.693
62.555
62.54
61.684
60.118
48.056
48.059
47.64
48.076
55.824
55.923
56.115
55.877
55.79
55.976
48.118
48.217
47.971
48.382
48.554
48.296
63.67
64.207
64.045
64.017
64.028
63.905
64.221
57.087
49.954
49.378
49.389
49.359
49.618
49.704
49.79
50.221
50.108
50.085
50.174
49.756
49.865
49.884
49.987
50.224
50.193
49.988
49.825
50.04
49.369
49.416
55.766
55.888
54.488
52.247
52.031
51.925
51.626
51.533
51.597
62.044
61.98
61.98
61.892
62.105
61.984
61.77
61.843
61.573
61.384
61.195
48.582
48.351
48.244
48.137
62.771
62.528
62.286
56.501
55.919
55.507
62.688
62.682
55.264
56.057
50.93
53.605
56.28
56.755
43.499
44.978
45.317
45.639
56.984
56.4
56.423
63.798
63.895
63.832
63.768
55.828
54.083
55.942
55.152
55.78
55.904
56.64
56.282
56.943
56.97
56.449
59.515
59.507
60.238
60.027
59.645
59.704
45.086
45.26
45.223
45.348
45.218
45.343
64.263
64.168
64.046
63.821
63.996
63.946
64.047
63.956
63.977
64.085
63.991
64.026
63.96
54.309
44.658
44.62
63.984
63.939
63.953
64.061
63.979
64.056
63.974
64.04
64.003
64.052
64.049
54.791
55.037
54.947
54.751
55.379
54.516
55.441
55.356
55.27
55.532
55.793
57.887
59.981
60.002
59.924
59.991
59.924
59.874
60.049
59.948
59.893
59.939
59.898
60.212
64.616
64.007
64.075
