63.96
52.154
50.901
50.746
50.325
50.112
50.037
47.078
49.478
51.877
52.209
51.982
52.642
51.802
52.165
51.93
51.532
52.109
51.959
51.645
51.942
51.996
52.298
51.7
52.395
51.709
51.827
52.108
51.613
51.943
51.908
51.781
52.409
51.905
52.598
51.946
52.021
60.169
59.836
59.881
60.144
59.782
60.045
60.339
59.734
64.138
64.188
63.99
64.002
64.078
63.943
64.053
64.02
63.854
64.044
64.054
63.935
64.008
61.947
59.887
60.325
59.927
51.894
55.984
60.073
60.01
59.946
64.404
64.483
64.478
64.472
58.811
53.151
53.019
52.823
53.078
52.774
53.368
53.572
53.775
54.144
54.512
55.417
54.742
56.342
56.119
49.707
53.03
56.353
56.115
56.721
56.976
57.006
56.804
57.088
56.373
64.788
64.155
64.085
63.946
64.117
63.896
64.061
64.001
63.979
64.024
58.224
57.95
57.657
57.558
57.459
57.544
57.688
57.703
57.985
57.781
57.576
57.862
57.778
57.862
58.075
57.997
58.401
58.105
58.436
64.201
63.925
63.958
64.173
63.767
64.159
53.838
50.194
48.398
47.579
47.958
47.934
48.238
48.321
47.842
47.339
47.031
48.15
50.504
52.859
51.092
49.326
47.378
45.429
49.653
49.526
49.541
50.142
49.797
50.619
50.673
51.354
51.749
51.628
51.34
51.718
52.049
51.787
51.512
51.456
51.216
50.604
51.041
50.718
50.21
50.024
50.355
49.718
50.197
50.677
69.206
69.041
69.114
69.045
69.098
69.174
51.295
50.727
50.179
49.595
50.673
49.801
50.307
50.288
49.665
50.391
49.805
49.985
50.314
50.081
50.16
49.829
49.684
49.736
49.626
49.849
49.517
49.941
49.764
49.883
49.811
49.839
49.823
49.48
49.566
48.933
48.705
48.476
47.771
47.518
47.625
68.968
69.01
69.063
69.023
69.076
68.981
69.057
68.976
69.082
68.943
69.082
68.935
69.003
66.693
67.043
47.71
47.838
47.907
47.819
47.874
52.386
50.157
47.928
48.283
57.388
57.128
68.837
69.094
69.086
69.078
68.908
51.46
50.707
50.54
50.373
50.292
50.338
50.58
50.821
51.194
51.503
51.771
51.871
51.785
51.708
52.02
51.195
51.706
51.86
51.893
52.021
51.861
51.74
51.804
51.644
51.601
51.519
51.418
51.869
50.707
52.876
50.981
52.872
52.894
51.122
52.82
52.76
51.092
52.719
51.613
52.312
52.416
52.462
52.508
51.98
51.773
52.655
51.46
52.481
52.105
51.808
52.352
51.587
52.495
52.236
51.976
52.341
51.748
52.355
52.274
51.973
52.412
51.952
51.954
52.095
51.662
52.257
51.422
52.138
52.038
51.786
52.213
51.618
52.152
51.913
51.914
52.206
51.584
52.126
51.429
51.784
52.158
51.715
52.715
52.835
69.045
69.033
69.036
69.044
69.046
69.003
68.987
62.463
61.988
62.029
