53.752
54.375
53.938
53.914
50.959
48.003
48.179
48.259
47.249
47.527
48.204
54.392
53.67
54.114
53.929
53.93
53.931
54.303
54.675
61.264
61.135
60.41
54.042
54.363
51.324
48.284
48.8
48.863
49.046
48.747
48.957
48.568
48.044
47.58
48.259
47.978
47.697
47.475
47.254
47.423
47.593
58.809
56.994
55.179
62.223
62.299
62.376
62.438
63.195
50.11
49.98
49.608
49.526
49.663
49.453
49.247
49.326
49.373
49.035
47.693
52.273
52.93
53.586
55.626
50.118
54.05
48.942
52.395
47.978
43.561
44.858
45.847
46.804
47.761
53.883
53.938
54.324
47.371
49.286
51.591
53.896
53.506
53.822
54.222
54.503
49.36
50.542
51.724
50.954
51.269
49.803
49.412
49.021
50.068
50.622
51.44
52.055
52.638
51.729
52.409
52.234
51.704
53.158
53.358
53.266
52.914
52.907
52.716
52.349
52.615
52.816
53.043
53.078
53.005
52.507
52.721
49.586
50.181
50.776
49.797
48.819
48.062
49.08
47.447
47.968
49.063
46.758
50.052
53.345
51.96
52.221
51.349
50.477
49.596
60.353
61.013
67.824
67.575
48.634
48.246
49.092
48.079
49.057
49.022
48.446
49.254
48.648
48.573
50.221
49.113
47.555
43.207
44.29
50.107
55.925
57.154
57.247
57.485
45.861
46.871
45.113
43.595
45.487
51.168
50.533
50.885
49.479
46.554
46.164
45.774
46.895
44.104
44.397
45.943
57.7
56.658
56.676
56.695
56.485
44.816
45.088
55.975
56.117
55.938
55.906
56.18
56.339
45.329
45.444
45.482
46.455
46.62
45.847
45.886
46.262
45.761
45.432
45.982
45.652
45.322
45.444
46.269
45.836
45.404
45.28
47.372
46.064
45.013
54.833
55.988
52.135
48.283
46.378
45.741
47.542
46.914
45.459
62.911
63.078
55.846
55.463
55.719
56.288
55.928
55.848
55.884
56.226
56.031
56.098
56.039
55.851
55.945
56.094
55.927
44.96
44.381
44.136
51.954
51.77
44.142
44.851
44.167
44.178
43.838
43.909
44.049
44.103
44.281
55.799
55.859
50.13
49.414
48.699
50.294
51.444
56.238
56.232
50.181
44.13
44.146
44.055
43.964
56.115
55.115
54.725
54.335
55.156
54.729
57.591
60.454
58.484
56.514
62.982
63.224
62.868
44.398
44.691
43.658
44.285
44.023
44.232
44.244
44.286
44.288
44.11
43.968
56.098
63
62.698
65.153
63.928
62.703
62.915
63.202
59.619
56.037
55.448
57.621
59.794
53.771
47.747
46.768
46.997
47.227
65.281
66.107
66.043
65.878
67.116
68.355
68.254
68.126
68.028
67.973
79.995
79.954
79.964
65.754
