62.116
61.918
57.814
57.367
59.783
58.607
57.431
57.692
58.432
58.281
58.129
57.381
54.11
53.023
52.708
52.941
53.174
55.36
57.547
57.812
54.58
58.276
58.038
57.8
48.328
47.583
47.625
48.323
47.55
48.424
48.911
48.69
48.913
50.355
50.009
50.821
50.257
50.605
50.176
50.533
50.745
58.226
57.859
58.01
57.878
53.239
48.6
48.46
48.489
48.224
48.229
48.232
48.135
47.568
47.274
58.405
58.07
58.048
57.913
57.929
57.959
58.149
58.338
56.301
55.526
55.836
56.146
58.011
58.23
57.953
57.372
46.088
46.154
46.095
46.035
46.29
44.94
45.935
46.471
46.298
58.146
56.532
57.594
58.655
57.384
57.268
58.027
58.255
46.283
46.423
46.282
45.459
46.002
46.362
45.817
46.115
46.413
57.967
57.948
58.003
58.096
57.881
58.21
56.765
57.283
54.59
55.165
56.938
51.651
46.365
46.246
46.069
58.203
58.098
58.218
58.312
58.42
46.853
47.057
47.454
47.98
48.254
48.225
47.997
58.076
58.022
47.246
47.344
47.658
47.832
48.006
47.778
47.313
47.202
47.393
47.739
48.086
48.271
48.254
48.067
47.842
47.614
47.843
48.032
48.203
48.237
48.041
47.644
47.5
47.673
47.917
48.107
48.295
48.215
47.997
47.763
47.562
47.558
47.76
48.135
48.184
48.034
47.782
47.354
47.475
47.643
47.976
57.246
65.036
64.956
64.936
57.391
57.115
64.975
65.003
57.299
57.216
47.305
47.324
57.308
57.11
64.988
65.009
57.118
61.065
58.974
56.883
57.299
65.01
64.972
57.024
57.178
64.996
64.946
57.158
57.079
64.996
64.962
57.16
57.019
56.98
56.941
57.173
57.019
56.774
56.529
57.687
57.851
62.108
62.008
57.707
57.773
61.904
61.966
57.816
57.902
57.992
58.035
57.931
57.916
57.98
58.011
57.929
57.927
61.985
61.94
61.748
61.779
61.809
59.904
57.999
57.9
61.338
64.775
65.286
65.95
66.5
47.754
47.698
48.261
49.271
48.362
49.091
49.546
49.845
49.484
49.987
55.814
61.64
61.969
62.121
62.101
57.907
58.043
57.889
57.987
50.039
49.002
48.577
49.07
48.746
49.196
49.369
49.588
49.251
49.94
49.519
49.721
49.506
49.727
49.692
49.619
49.669
49.661
49.67
49.488
49.546
49.387
49.288
49.211
49.177
49.42
49.403
49.022
49.376
49.244
49.381
50.391
48.893
57.741
58.012
58.015
57.956
57.984
57.753
58.2
58.322
58.424
58.525
58.343
58.162
48.618
49.845
49.479
50.048
50.253
49.886
50.343
50.254
49.462
57.55
57.935
