43.65
43.625
43.682
43.584
43.737
43.157
51.27
50.916
51.005
63.057
63.065
63.024
63.117
63.075
63.083
63.06
63.149
63.053
63.075
63.159
51.322
51.047
55.731
55.67
55.576
55.611
55.633
55.515
55.273
55.369
54.962
54.556
55.163
55.243
55.324
55.941
55.608
55.465
56.444
55.358
53.921
53.596
54.125
60.941
61.128
73.08
73.008
69.505
66.002
66.032
65.982
66.059
66.024
65.992
60.982
60.937
60.966
60.993
61.031
61.069
61.194
61.143
61.046
60.872
61.084
66.085
65.966
66.02
66.025
66.045
66.057
66.072
66.31
72.169
66.453
66.315
66.177
60.054
53.93
53.922
53.769
53.64
53.611
53.733
53.833
53.994
53.761
53.709
53.639
53.54
53.256
52.972
54.453
55.934
61.045
60.62
53.053
53.286
53.457
53.385
53.293
53.143
53.009
53.373
53.412
53.396
53.235
53.076
53.313
53.56
53.551
53.744
53.766
53.697
53.696
53.658
53.59
53.442
53.469
53.579
53.559
43.5
43.523
43.961
44.174
44.034
43.461
44.096
61.551
60.664
60.956
52.035
50.704
50.391
49.897
49.619
49.461
49.52
49.328
48.818
49.391
49.18
48.563
49.065
49.438
49.293
49.082
49.459
49.431
57.65
50.914
44.178
44.063
44.076
43.714
43.812
43.909
44.276
44.022
44.017
44.012
53.482
62.952
61.774
54.97
48.166
48.29
48.083
48.273
48.279
48.459
48.293
48.235
48.039
47.964
48.046
47.733
47.951
47.531
48.015
47.78
48.2
47.023
65.996
65.984
65.877
65.916
47.644
46.017
45.659
45.563
45.84
46.114
46.36
46.014
46.403
47.631
47.673
47.669
47.39
47.534
47.283
47.139
47.238
46.414
60.557
60.796
61.036
61.135
61.234
55.869
56.434
56.377
55.949
56.13
56.085
56.407
56.608
56.808
57.297
57.786
46.309
44.364
45.747
45.469
46.614
46.163
45.578
44.993
49.93
54.866
55.065
55.181
54.971
55.283
55.594
48.175
49.503
63.928
64.274
62.228
59.009
60.884
62.758
55.933
49.052
46.355
51.176
48.025
44.874
44.31
42.973
44.293
44.768
43.256
43.972
44.738
43.295
43.442
44.674
43.436
44.502
45.098
43.275
44.657
45.119
43.532
44.067
44.968
43.737
44.118
55.701
68.057
68.016
68.018
67.968
56.007
55.963
55.886
44.032
44.075
44.744
55.854
50.167
44.481
44.435
43.054
44.185
44.733
43.503
44.119
44.699
43.655
43.334
43.939
68.099
67.959
67.981
67.943
67.985
68.027
67.943
68.106
55.99
55.828
55.955
55.854
55.928
44.088
44.259
44.101
44.428
44.3
44.229
44.361
44.176
44.776
44.315
44.139
43.339
43.313
53.118
54.32
55.522
56.023
79.918
80.012
55.753
55.952
55.774
59.317
51.4
43.482
44.047
44.329
67.989
68.017
67.935
62.083
56.231
43.8
43.056
49.58
56.104
56.025
50.145
44.264
44.011
43.902
44.172
44.311
43.991
44.457
44.389
60.822
61.029
60.941
60.865
61.227
50.131
50.593
51.069
50.898
50.823
50.408
51.247
50.95
51.152
50.9
51.217
51.117
51.094
51.144
43.723
43.314
44.097
43.368
52.925
62.482
73.044
73.007
