67.828
68.058
68.066
68.018
68.101
54.475
54.293
54.112
54.777
64.89
65.136
65.085
65.016
60.411
59.781
71.898
62.722
53.546
53.13
52.91
52.375
53.328
53.192
53.093
52.994
53.537
59.264
56.413
60.71
57.151
53.591
52.531
56.109
59.687
62.309
62.598
62.864
67.961
67.809
67.813
61.025
61.813
62.115
62.934
67.91
68.043
62.478
53.36
52.367
47.456
47.668
48.095
47.785
47.284
47.448
48.165
48.57
48.523
48.612
48.884
48.584
48.35
67.87
67.917
68.001
68.085
67.9
67.799
60.035
52.27
48.614
47.888
47.592
47.212
47.266
47.488
47.585
47.374
47.668
48.104
47.979
47.743
47.598
47.942
47.976
48.026
47.949
47.949
47.932
47.88
47.976
47.655
47.623
47.524
47.818
48.046
47.996
48.213
48.041
47.982
48.166
52.933
53.201
52.966
52.741
53.368
53.143
52.48
53.84
52.85
52.463
53.582
52.763
53.197
53.645
52.934
53.164
52.877
52.894
52.995
52.743
52.95
59.898
59.956
59.943
60.046
60.173
59.722
60.142
60.11
60.005
59.902
59.959
60.237
60.515
60.04
59.663
59.991
60.004
59.778
76.934
77.017
76.98
76.942
65.03
64.969
65.187
48.711
48.018
47.979
48.062
47.938
47.732
68.125
67.97
56.833
45.696
43.821
68.019
55.663
50.991
50.376
49.761
54.985
59.829
60.121
67.982
68
52.596
47.971
47.988
48.122
47.667
47.375
48.151
45.591
52.467
59.342
54.213
49.083
49.364
48.353
47.866
47.924
47.933
47.488
47.39
47.829
48.32
48.561
48.622
49.28
48.859
48.73
49.143
48.766
49.299
48.887
49.651
48.963
48.948
48.923
59.394
69.991
69.892
60.876
61.03
61.164
61.396
60.79
60.184
60.601
50.609
48.936
48.556
48.198
48.081
48.249
48.04
48.018
48.141
47.816
47.613
47.526
46.888
46.777
46.177
46.123
46.192
46.261
46.336
46.459
46.538
46.397
46.612
69.917
70.068
70.037
59.536
46.447
46.094
46.081
46.085
46.218
46.266
46.16
46.243
46.312
46.308
46.545
60.577
61.329
57.539
59.495
61.45
60.229
58.421
56.614
56.53
56.447
55.333
44.955
44.714
51.035
57.356
56.152
56.39
56.106
56.549
44.314
44.434
56.431
55.841
44.166
44.451
44.561
57.097
50.982
44.867
45.4
45.331
46.653
46.501
46.887
46.837
46.3
46.12
46.222
45.982
46.304
46.435
46.469
45.761
45.764
46.09
46.064
46.038
46.028
45.65
46.77
47.12
47.14
46.96
46.781
47.09
72.882
73.105
46.869
46.977
69.882
70.163
70.037
47.535
47.25
69.98
69.842
72.2
71.989
71.99
72.256
72.586
72.917
73.085
73.023
73.002
73.121
73.002
73.059
49.233
49.061
49.659
72.894
72.978
72.952
73.038
73.047
73.007
73.115
73.075
67.972
67.914
67.884
67.898
67.925
67.879
67.921
67.782
67.938
61.439
54.941
56.526
48.527
46.977
55.938
55.526
55.114
53.152
52.372
53.529
52.731
53.245
53.759
53.158
52.524
53.438
53.519
53.6
53.681
52.889
53.46
52.054
53.933
53.396
52.859
54.225
60.348
60.904
60.32
60.214
60.108
60.609
60.39
60.114
59.997
59.846
59.828
59.811
59.986
57.804
63.053
59.301
55.549
55.568
56.066
55.123
76.997
77.069
62.58
62.808
63.036
61.507
59.978
60.012
60.589
46.604
46.459
46.344
46.396
46.531
46.882
47.092
47.584
47.939
47.989
47.602
47.392
47.56
47.807
48.055
48.145
48.194
48.241
48.006
47.839
47.67
47.74
47.746
47.757
47.79
47.725
47.762
47.851
47.907
47.908
47.913
47.474
47.781
48.051
48.127
48.314
48.199
48.108
48.097
48.179
48.057
47.737
48.258
48.147
48.035
47.847
47.743
48.195
48.122
48.228
48.541
48.289
49.068
48.326
47.905
49.277
50.649
53.168
53.503
53.218
52.932
53.505
52.892
53.521
52.967
52.861
53.159
53.111
53.173
52.951
53.445
53.148
52.971
53.216
53.045
53.052
52.885
53.32
