62.35
61.82
61.843
62.05
62.141
61.747
56.261
55.834
56.017
56.201
56.823
55.931
54.124
54.974
54.443
55.627
56.81
56.128
55.996
55.863
56.377
56.64
56.845
56.955
56.855
45.481
45.036
44.317
45.939
44.765
43.548
57.136
57.59
46.775
47.297
46.457
46.77
46.713
47.141
56.502
58.681
58.966
58.478
58.867
58.427
58.915
58.538
46.965
46.881
47.229
46.82
46.215
46.698
47.181
45.94
51.902
57.865
62.041
62.116
45.649
47.112
48.539
47.064
46.128
45.193
48.436
47.745
48.04
45.162
43.806
59.885
59.922
59.943
48.2
47.726
46.848
46.573
47.037
59.602
59.949
60.087
71.938
65.63
68.781
56.311
70.229
71.101
71.974
72.006
71.949
55.681
55.884
56.019
55.845
55.973
56.45
56.242
56.035
55.918
55.871
55.944
56.042
56.014
55.949
56.036
56.105
55.93
55.825
56.335
55.569
57.011
57.089
57.855
58.621
57.306
52.124
46.942
47.92
49.84
48.384
48.251
48.444
48.23
48.022
47.724
47.579
48.157
48.132
71.98
71.942
71.947
71.985
72.065
72.03
71.855
52.759
51.545
50.209
49.973
49.737
50.208
49.802
49.471
49.293
49.476
49.837
49.534
49.852
49.767
49.853
49.957
49.759
49.45
49.098
48.747
48.706
62.009
62.034
61.969
62.883
66.041
57.877
49.712
49.193
49.084
50.429
50.16
49.583
50.172
50.188
49.918
49.902
49.946
49.99
48.757
48.815
48.873
46.49
44.107
43.489
49.22
50.1
50.979
51.447
51.915
51.937
50.543
50.848
50.504
50.407
50.525
51.026
52.291
51.79
51.627
51.784
63.874
63.993
64.043
63.99
64.18
52.563
52.737
51.384
50.486
49.587
57.099
50.122
55.748
51.166
46.584
47.84
48.987
47.375
46.88
49.183
48.725
54.237
59.75
59.947
60.361
49.972
48.606
48.881
50.072
60.143
60.089
48.664
49.98
49.782
49.938
50.162
50.163
49.511
47.84
61.455
60.291
59.87
60.047
59.958
60.065
60.172
59.966
59.76
59.719
59.922
59.816
59.71
59.603
59.893
60.184
59.512
59.785
54.952
58.629
62.305
62.241
61.409
61.712
62.015
61.671
53.868
56.322
58.776
57.838
57.602
57.78
57.751
44.179
46.02
45.428
44.836
46.163
46.307
46.324
46.34
46.304
46.267
46.714
46.808
46.901
45.007
45.557
44.606
46.078
45.286
44.493
44.995
44.397
50.002
48.788
55.007
61.226
60.399
49.12
48.741
48.642
48.542
49.7
49.307
49.193
49.884
49.782
49.713
49.802
49.755
49.709
49.326
50.244
49.991
62.172
61.578
50.735
51.137
51.843
51.818
70.658
70.305
51.652
51.422
51.479
51.792
51.645
51.892
51.878
51.749
51.718
51.787
52.231
53.165
60.001
76
75.816
68.061
70.052
72.043
59.882
59.901
54.455
54.122
53.812
53.533
53.407
54.957
54.488
54.836
54.791
55.001
54.907
54.283
53.478
53.259
52.924
53.331
53.269
53.451
53.152
53.196
53.681
52.877
53.231
53.067
53.096
53.125
53.1
53.058
53.061
53.279
52.482
53.523
53.36
53.162
53.248
53.026
53.07
53.241
53.124
53.323
53.157
53.278
53.324
53.253
53.578
53.591
53.636
53.981
54.207
52.642
52.149
51.793
51.438
70.939
70.91
65.776
60.642
59.966
60.162
59.818
59.824
59.921
60.003
60.144
60.08
59.868
59.659
60.113
63.921
65.024
