52.268
52.367
51.732
52.697
63.929
63.996
64.176
60.804
57.432
57.793
57.823
57.816
46.131
46.138
45.957
58.266
58.33
58.642
47.382
46.891
48.844
50.135
51.426
58.951
53.232
60.689
54.664
48.639
49.862
49.273
50.133
50.373
49.158
50.733
50.793
50.577
50.907
51.184
51.216
51.222
51.282
51.346
50.866
50.849
50.833
51.781
51.104
51.415
51.388
51.81
51.77
51.607
51.763
51.596
51.763
51.91
51.567
51.594
51.668
51.194
51.729
51.812
51.486
51.637
51.503
51.832
51.968
51.768
51.833
52.152
51.035
51.089
51.142
63.885
63.924
51.163
52.12
51.457
51.337
52.027
51.432
51.686
52.209
51.599
51.733
51.899
51.31
51.761
51.676
51.576
51.89
51.874
51.682
51.48
51.637
51.054
51.379
51.362
51.217
51.072
51.334
51.686
63.966
64.118
64.126
52.161
52.314
51.946
51.84
52.314
51.896
51.565
63.98
64.194
64.037
64.052
64.052
64.121
64.235
57.002
49.769
47.978
50.527
50.265
49
63.947
63.931
64.01
63.895
63.78
49.633
49.682
48.789
49.817
50.414
49.687
49.816
49.721
49.457
49.85
49.825
49.8
49.56
49.797
49.98
49.722
49.886
49.717
49.807
49.732
49.897
61.937
61.911
62.091
62.081
62.092
62.076
62.091
62.023
62.097
62.286
62.496
61.993
49.954
49.923
49.921
49.915
49.651
49.893
49.822
49.769
49.815
49.82
49.935
49.782
50.017
49.818
62.198
61.732
61.711
62.81
65.381
64.563
63.744
64.281
64.41
64.018
63.626
64.943
48.473
48.649
64.728
64.075
64.12
64.165
62.543
62.055
61.903
62.937
61.877
64.972
65.583
66.194
65.982
65.77
66.135
48.434
48.222
47.943
61.908
62.039
61.781
62.113
62.203
61.922
61.972
62.082
62.157
62.012
62.387
62.193
58.57
50.963
52.793
54.623
54.765
54.992
55.105
55.212
54.96
54.978
54.997
62.987
53.772
56.472
59.172
59.264
59.06
58.949
58.9
58.964
59.155
59.249
59.086
58.946
58.911
58.971
59.03
59.141
59.251
59.264
59.277
59.185
58.841
58.668
47.46
47.583
47.706
47.692
47.679
47.943
48.208
48.335
48.462
53.899
59.336
59.186
59.155
59.058
58.928
58.989
58.995
59.064
59.121
59.153
59.35
70.909
82.467
82.535
82.526
65.476
69.647
64.341
59.034
59.026
59.568
59.991
82.68
82.702
69.663
64.429
59.194
58.788
59.437
58.792
58.994
59.162
58.732
59.378
59.4
59.286
59.171
66.276
73.381
82.767
82.55
45.978
46.125
45.909
46.601
48.15
49.699
56.084
62.469
62.573
62.998
61.131
59.264
58.928
59.257
59.152
59.048
59.298
59.382
59.466
59.031
59.267
59.028
59.086
59.063
59.128
59.005
59.044
58.802
58.987
58.754
58.883
58.823
62.87
62.73
47.024
46.993
46.972
46.952
59.107
59.022
59.139
59.055
59.192
59.122
59.265
59.287
59.37
59.081
59.047
59.1
59.076
47.194
46.409
62.433
62.292
58.619
58.349
58.299
58.249
58.684
58.67
58.649
46.087
47.389
45.951
47.007
47.257
46.106
47.748
47.571
45.689
48.615
47.141
45.667
54.458
58.968
58.958
58.881
58.968
59.006
50.83
49.631
49.767
49.832
49.638
50.168
50.022
51.04
50.616
51.784
51.238
51.564
51.647
51.363
50.997
52.067
51.133
51.89
50.994
51.637
51.546
51.242
51.82
51.368
51.655
51.97
51.447
52.03
52.286
52.116
51.759
52.031
51.739
51.159
51.827
51.377
51.672
51.937
51.376
51.714
51.871
51.684
51.936
52.214
51.784
51.561
51.944
51.428
51.416
51.934
51.623
51.865
52.084
51.505
51.791
51.802
51.195
51.726
51.302
51.609
51.753
51.582
52.056
51.507
52.244
52.981
71.257
71.05
51.686
51.768
51.644
51.608
51.765
51.677
51.843
51.872
51.869
51.875
51.819
51.899
51.823
52.136
52.45
51.28
50.662
64.08
64.019
63.941
64.103
52.006
51.633
51.829
51.93
51.978
52.762
53.935
53.009
53.755
54.209
53.954
54.199
54.009
53.9
54.023
53.677
53.853
53.916
53.979
54.031
54.187
54.491
54.547
54.48
54.274
53.848
53.391
53.085
50.75
49.327
65.653
66.5
66.388
66.277
66.161
66.156
66.101
66.063
65.927
66.061
66.06
66.101
66.341
58.015
49.688
49.229
49.358
49.488
49.362
49.563
49.571
49.667
49.542
49.253
48.864
48.769
48.674
48.881
49.323
49.453
49.339
65.596
57.319
49.043
49.104
48.796
68.762
68.768
68.848
68.91
68.972
68.875
68.755
61.86
61.998
62.282
62.143
62.076
62.15
62.066
62.01
62.086
