64.968
65.078
64.967
65.11
51.073
49.137
49.107
49.223
48.651
49.62
48.084
60.739
60.172
60.477
49.671
49.871
51.071
49.675
50.244
50.324
50.004
49.685
49.874
50.146
49.589
49.911
49.717
49.659
48.854
48.706
48.557
48.996
48.732
48.934
48.9
49.011
48.878
48.531
48.429
60.504
59.978
59.333
60.212
59.753
59.574
60.158
59.539
62.57
55.002
57.434
59.867
59.566
47.245
47.889
53.802
59.716
59.762
59.643
44.531
45.844
48.019
47.106
48.92
48.97
49.02
48.781
48.543
53.734
51.69
49.645
46.237
45.326
48.049
46.193
48.42
46.489
59.012
59.23
59.343
59.122
56.145
53.168
54.543
67.1
67.234
54.578
54.873
54.396
55.035
55.022
55.872
56.344
56.52
56.606
56.718
56.587
56.408
56.843
56.687
56.947
55.804
55.766
65.088
65.05
65.082
64.985
64.935
56.237
55.959
55.81
55.846
55.849
55.547
55.539
55.788
55.411
55.083
54.616
52.403
52.052
50.756
49.46
49.393
49.587
49.645
50.18
50.228
50.364
49.941
49.446
67.034
66.843
50.154
50.212
69.162
68.732
68.463
68.591
68.834
68.905
68.846
68.787
50.15
50.179
49.965
50.084
50.053
50.113
50.287
50.246
49.941
49.867
60.184
60.328
60.112
52.032
52.14
52.249
51.06
50.632
50.547
50.769
49.919
51.018
52.118
52.566
52.625
52.471
52.938
52.428
52.351
52.33
52.539
52.337
52.134
52.024
52.975
51.93
53.319
52.268
53.277
52.408
52.828
54.275
55.722
54.384
54.873
57.447
60.022
59.926
59.981
59.994
59.937
59.873
60.041
60.059
59.928
59.844
60.007
59.996
62.734
61.969
61.899
62.663
62.208
56.976
51.744
49.765
48.873
48.697
49.287
49.388
49.084
49.014
50.445
49.277
50.52
49.746
50.704
50.518
50.059
49.888
49.718
51.182
50.152
49.719
48.767
47.678
46.588
62.16
61.784
61.502
64.593
67.684
67.405
47.892
47.933
48.145
48.112
48.078
47.863
47.228
47.22
47.362
59.503
60.18
59.641
59.57
59.566
47.199
47.451
46.043
45.929
45.815
45.903
45.991
45.96
45.061
44.163
44.459
44.756
44.687
44.618
48.337
52.056
59.649
60.047
59.828
59.609
59.775
47.563
48.846
47.013
46.755
46.496
46.265
46.035
46.073
46.111
46.655
47.198
48.827
47.322
45.08
45.242
45.071
45.076
44.99
44.933
44.902
44.898
45.035
45.021
45.03
45.12
45.153
45.211
44.848
44.779
