58.079
58.131
57.232
56.664
56.704
56.768
57.627
57.594
56.708
56.582
56.969
57.013
56.931
56.85
57.114
57.014
56.968
56.881
56.85
57.018
57.097
57.038
56.945
56.881
56.919
56.905
57.04
57.046
57.018
56.672
57.255
57.551
58.119
57.849
57.646
57.502
58.709
57.736
57.59
57.65
58.455
57.918
57.502
57.724
58.849
57.602
57.599
57.457
59.031
57.514
57.13
57.68
57.838
62.265
62.196
61.919
61.982
61.866
61.878
61.969
61.914
61.952
57.922
57.879
73.976
73.953
58.024
57.876
61.972
61.925
61.962
62.016
57.457
59.725
61.993
61.926
62.047
52.977
52.834
53.109
52.701
51.905
48.765
50.233
49.433
49.782
50.488
50.095
51.24
51.508
50.768
51.31
51.055
58.083
57.962
62.12
62.147
57.946
57.937
57.919
58.179
50.257
49.174
49.917
49.662
49.321
50.183
49.011
50.182
49.692
49.929
50.112
49.346
50.139
56.08
62.02
61.927
61.953
61.995
61.847
49.805
49.985
49.291
49.077
48.523
49.501
48.487
49.491
49.038
49.612
49.144
50.1
48.925
49.609
48.865
49.934
62.111
62.125
62.03
62.107
48.426
48.184
47.782
47.38
47.506
48.67
48.744
49.281
49.332
50.186
49.609
50.221
49.702
50.085
50.235
49.794
51.177
62.154
62.032
61.99
61.986
61.921
57.998
47.593
48.934
48.214
47.865
48.348
48.176
47.874
48.003
48.134
47.817
47.791
48.061
47.655
47.19
46.726
57.099
59.223
59.572
58.225
56.877
57.139
57.402
58.433
58.171
57.909
57.238
56.973
56.709
57.556
57.836
45.716
45.499
57.068
57.003
57.324
57.427
57.036
56.736
56.698
56.824
57.121
57.381
57.066
56.75
56.677
56.714
56.919
57.086
57.145
56.961
56.876
56.973
57.232
57.422
57.249
57.413
57.578
61.989
62.203
61.883
57.675
58.091
58.021
57.95
58.043
58.197
57.693
57.718
58.176
58.353
47.781
46.241
46.546
46.85
48.223
48.508
47.211
47.95
47.76
46.973
48.483
47.512
47.617
48.171
46.826
47.884
47.306
47.249
47.963
47.099
48.137
47.931
47.664
48.361
48.018
47.408
48.268
47.016
62.208
62.159
62.062
61.874
62.049
61.98
56.871
57.842
57.949
57.783
45.42
47.261
46.901
48.264
47.986
48.065
48.342
47.8
47.953
48.125
46.414
61.912
62.038
62.033
62.06
62.016
62.044
48.001
46.692
46.494
46.507
46.391
46.82
46.112
46.417
45.88
46.006
46.559
46.2
46.861
46.013
46.745
45.785
45.411
45.521
45.632
58.327
58.304
58.098
46.12
46.021
46.808
45.069
45.137
45.205
45.028
44.851
43.268
58.043
62.02
61.686
57.403
57.544
57.685
62.027
61.896
61.937
62.013
62.089
62.118
61.904
62.058
61.915
53.133
52.947
53.105
53.262
52.717
53.136
52.649
53.173
52.723
55.459
58.196
58.212
58.228
57.873
57.985
57.994
57.861
57.897
57.856
57.815
57.906
58.263
53.598
53.411
57.852
57.689
58.156
53.696
53.728
53.745
53.241
52.965
57.869
58.088
57.854
58.124
58.558
58.992
59.071
59.151
47.935
48.266
48.452
48.483
49.23
49.836
49.261
50.222
49.821
50.21
50.107
50.239
50.349
50.904
62.177
61.993
62.027
50.542
49.168
48.323
48.737
48.107
48.226
48.372
47.65
47.839
47.117
45.219
44.983
46.31
46.679
45.322
45.968
46.48
62.307
62.394
57.881
58.054
51.669
46.244
46.863
46.513
45.275
44.558
57.779
57.825
57.739
57.851
58.099
46.722
47.207
46.165
44.537
57.865
58.045
57.957
57.957
57.934
57.91
57.941
58.033
44.199
44.974
58.035
57.741
57.817
57.819
57.873
57.859
57.88
57.912
57.996
57.856
56.385
54.913
55.741
55.106
54.608
55.164
55.838
54.802
54.358
57.794
57.257
46.549
45.627
57.62
57.506
46.721
46.304
45.376
45.627
46.505
46.711
56.776
58.098
64.96
65.074
65.048
58.095
57.999
57.835
64.998
64.969
57.996
57.915
57.911
58.093
58.162
57.894
57.918
58.092
57.937
57.759
58.129
58.035
58.014
57.803
58.017
57.962
57.927
57.94
58.127
54.571
51.014
51.044
51.099
50.886
50.899
51.03
51.123
50.827
50.968
51.158
50.869
52.021
