54.409
54.516
56.016
55.198
61.818
62.189
62.067
62.079
61.87
62.16
62.032
61.904
62.133
57.616
57.961
57.895
57.83
57.767
57.837
58.342
57.52
57.345
58.035
58.122
57.348
58.135
56.926
45.399
47.085
47.107
47.304
47.918
47.738
48.449
48.455
48.851
49.379
49.555
49.795
50.076
50.277
50.118
50.021
49.868
49.342
49.158
54.369
59.581
59.801
60.764
59.637
59.486
59.334
46.961
48.213
47.1
48.285
47.549
48.233
47.674
48.548
58.259
58.893
58.976
59.059
60.356
59.267
59.205
59.048
58.891
53.259
54.697
56.135
56.798
57.14
57.483
57.577
56.506
45.473
45.668
45.836
46.005
45.659
45.741
46.006
57.392
57.389
57.699
58.008
58.298
58.588
57.724
57.806
57.699
45.357
45.569
58.216
57.923
57.864
58.018
57.763
58.01
57.965
57.874
57.994
57.85
57.906
57.472
57.038
54.579
53.982
66.565
65.481
70.287
70.098
45.714
46.004
46.327
46.866
46.827
47.531
47.567
47.681
47.699
47.075
47.521
47.19
47.704
48.29
47.439
48.292
48.346
47.743
48.13
48.098
48.066
48.024
47.983
47.835
48.052
48.108
48.163
48.286
49.077
48.462
49.199
49.367
49.102
49.271
49.818
49.792
49.27
49.487
50.092
50.462
49.765
49.346
49.257
48.743
47.617
50.645
49.391
48.136
50.006
50.468
49.392
48.965
48.97
49.283
49.283
49.392
49.316
49.912
50.313
50.888
50.659
50.788
50.704
50.394
50.8
50.634
50.775
51.189
50.92
51.235
50.903
50.606
50.806
50.571
50.845
51.039
51
51.126
50.745
50.831
50.829
50.772
50.901
50.788
50.75
50.881
50.767
50.987
50.745
50.989
51.014
51.269
51.365
50.739
50.678
50.839
51.211
51.583
57.558
59.143
55.255
56.898
54.931
54.605
56.175
56.109
54.57
54.805
56.452
55.793
54.379
58.093
56.642
58.024
58.418
57.445
57.358
57.824
58.524
48.032
47.447
48.896
48.954
49.677
49.793
49.405
49.211
49.743
50.224
50.114
51.03
51.15
51.587
51.25
51.508
49.901
57.828
56.961
58.604
57.782
54.474
55.601
55.057
54.724
50.563
50.551
50.13
50.069
50.038
50.202
50.532
50.624
50.901
50.906
51.065
51.245
50.983
51.167
51.043
51.12
50.997
51.016
50.252
51.311
50.688
51.4
50.539
50.985
50.201
51.227
50.533
51.196
50.497
51.043
50.52
51.149
50.846
51.281
50.767
51.023
50.385
50.561
50.096
49.454
62.909
62.949
66.103
57.915
49.728
49.679
49.916
50.113
50.309
50.964
51.032
51.478
50.974
51.215
51.359
51.304
50.934
64.569
64.819
65.232
65.163
65.116
65.068
67.113
58.146
49.179
49.488
49.962
49.306
49.005
48.809
49.26
48.93
48.421
47.912
58.991
69.892
69.911
70.137
61.532
62.358
61.937
61.876
62.19
69.949
70.014
70.062
58.799
58.901
59.002
58.709
58.415
69.973
70.009
69.96
69.911
58.37
58.446
58.522
62.609
59.476
56.343
54.489
54.688
55.39
66.483
69.901
69.978
56.955
57.085
58.232
58.081
57.487
57.656
58.324
58.069
57.637
46.302
46.11
46.041
44.584
59.057
59.483
64.933
64.94
65.009
64.974
65.007
64.896
64.961
64.838
64.806
65.105
46.386
45.26
52.161
48.879
53.936
58.992
52.121
54.976
57.831
63.481
62.69
59.063
59.708
60.317
59.688
60.092
59.984
60.041
59.96
60.124
59.879
60.083
60.118
59.867
60.181
59.816
59.907
60.069
59.545
60.013
59.253
60.141
59.97
59.498
60.362
46.764
45.853
46.119
58.583
58.709
58.834
47.6
48.084
48.5
48.61
48.568
48.381
48.243
47.995
48.258
48.561
48.865
58.256
58.34
57.66
58.357
53.036
52.882
58.567
58.549
58.532
52.95
50.634
48.52
47.919
47.757
47.496
47.432
47.369
47.245
47.464
47.871
47.945
58.897
58.757
48.081
48.046
47.542
47.598
48.219
48.225
48.283
48.097
47.951
48.077
48.377
48.728
48.683
48.294
48.026
47.768
47.958
57.602
57.934
56.675
48.697
48.203
48.018
47.992
48.252
48.441
48.41
48.028
48.194
47.914
48.005
48.097
48.392
48.203
48.132
57.256
57.22
63.496
61.673
59.849
59.617
60.102
59.87
60.175
60.104
60.039
59.826
59.318
59.974
60.057
60.259
60.113
59.591
59.572
59.304
72.067
71.931
72.045
57.54
57.565
57.029
