73.924
62.03
60.148
58.266
57.087
55.908
56.447
56.233
56.018
57.111
57.259
57.407
57.088
56.769
45.828
45.794
56.09
51.002
45.913
45.905
56.198
58.682
57.959
57.236
57.189
56.826
57.127
56.974
57.194
56.671
57.284
56.813
57.286
57.263
57.298
46.889
47.058
47.308
47.166
46.933
58.439
59.368
58.785
59.267
58.914
46.784
46.955
46.974
47.08
59.086
59.272
58.667
58.425
58.184
57.994
58.49
58.986
55.998
57.302
58.605
52.394
52.183
51.991
53.189
52.56
50.608
52.638
51.754
51.853
52.121
52.503
53.327
54.151
53.935
53.719
53.426
53.133
55.942
58.751
63.952
63.658
63.844
64.165
64.025
63.831
63.969
64.134
58.095
52.056
52.648
51.305
51.226
51.147
52.975
51.68
52.088
52.832
51.584
52.658
51.66
52.815
52.382
51.993
52.812
63.821
63.893
63.856
63.721
63.997
63.88
63.762
52.191
52.652
52.023
52.008
52.481
51.535
52.245
51.749
51.979
51.831
51.992
52.489
51.482
52.083
51.81
52.302
63.782
64.017
63.822
63.842
64.106
63.882
53.099
54.877
53.8
63.687
64.392
63.755
63.572
54.617
54.874
54.734
54.595
55.095
54.972
54.939
54.645
54.35
54.491
52.896
52.472
51.621
52.703
50.855
49.538
48.383
47.217
47.561
46.352
44.914
45.104
46.254
48.982
51.709
51.309
50.443
47.325
47.089
47.349
46.036
46.557
47.078
48.794
46.908
51.96
51.871
51.782
52.17
52.559
51.955
52.014
51.833
51.857
51.908
51.958
51.572
51.045
50.988
51.458
51.928
43.176
47.872
52.568
51.847
51.126
48.613
49.677
50.741
47.873
60.903
55.31
58.77
62.229
61.851
61.799
61.747
61.995
62.047
62.098
61.826
62.077
50.372
49.952
50.374
62.248
62.259
56.469
50.679
50.465
50.085
66.082
66.035
61.843
61.918
61.215
61.883
61.863
62.075
61.69
62.348
62.013
61.677
53.678
54.127
54.567
54.21
70.557
71.298
55.655
55.79
55.888
55.8
55.076
55.729
54.859
55.558
55.093
54.697
55.166
55.072
54.902
55.139
55.093
55.062
55.145
55.131
55.196
55.15
54.943
54.93
54.961
54.861
54.977
55.338
54.955
54.707
55.065
43.277
43.183
54.971
55.107
54.995
48.998
52.144
55.291
55.147
55.124
54.882
54.96
54.97
55.273
55.222
55.315
55.133
55.064
58.504
56.867
55.229
55.516
53.936
70.889
70.875
70.878
54.967
55.858
56.75
64.683
64.373
57.341
56.677
68.802
68.684
56.836
56.847
56.858
56.824
56.79
57.235
57.045
57.376
50.832
53.751
56.67
57.225
56.894
57.182
57.057
56.943
63.875
55.023
46.172
45.706
45.771
45.836
46.018
46.199
47.965
48.092
48.219
45.934
47.134
46.424
53.405
55.281
54.077
46.747
48.354
48.464
48.191
49.742
49.871
50.287
50.14
49.864
49.689
49.863
49.548
49.893
49.634
50.525
49.776
49.84
50.128
50.14
50.549
50.964
70.951
70.91
70.934
70.897
61.818
61.649
69.38
68.906
68.746
68.75
68.791
68.76
68.704
68.669
68.652
68.626
68.541
49.596
49.447
49.763
49.727
49.58
48.847
54.853
70.709
70.738
66.511
62.285
62.292
62.298
62.1
62.032
62.027
50.417
50.476
50.95
51.447
51.706
51.637
51.73
51.627
51.65
51.791
51.786
51.497
51.042
50.587
64.427
64.337
64.345
62.724
62.052
49.779
49.434
61.495
61.677
62.338
49.569
49.948
50.001
50.019
49.881
49.72
49.688
49.763
48.694
61.937
61.797
61.774
61.822
61.87
61.864
61.926
61.987
49.743
50.496
49.732
50.69
49.688
50.342
49.735
62.012
62.17
50.441
50.163
50.014
62.165
62.217
62.142
62.117
62.183
62.205
62.293
49.783
50.768
49.616
49.702
49.788
50.885
62.137
62.192
62.215
62.175
62.251
62.128
62.032
49.985
49.515
49.361
47.627
65.864
65.867
65.788
65.71
65.78
67.452
69.123
68.913
68.818
65.327
61.835
49.601
50.468
50.333
51.652
51.761
51.42
51.127
51.468
51.293
51.056
51.309
50.717
51.595
50.099
46.777
46.556
46.764
46.773
46.783
46.379
46.492
46.893
46.641
46.985
46.795
46.776
46.644
46.862
46.999
46.825
46.927
52.806
58.684
56.671
54.657
48.206
47.799
47.084
46.598
46.963
47.364
47.099
47.836
46.235
46.474
46.713
46.465
47.128
58.878
58.636
59.015
52.997
54.523
47.03
47.374
46.934
48.485
60.518
59.172
59.285
58.766
58.69
58.984
65.716
65.795
65.905
66.063
65.935
61.917
