61.879
62.021
61.936
61.889
61.841
53.542
53.618
57.432
55.373
58.632
61.891
61.778
62.166
61.775
62.111
61.765
53.196
53.218
61.94
61.912
57.867
57.957
58.047
58.241
57.937
58.188
58.376
58.565
58.299
46.539
47.038
58.406
57.862
47.958
49.023
49.277
49.987
49.362
50.214
49.6
50.404
50.481
50.239
49.677
50.763
51.09
51.038
50.986
69.998
69.691
49.447
50.781
50.988
49.643
50.649
50.772
50.529
46.631
45.963
45.84
46.012
46.33
45.829
46.148
45.688
46.121
51.462
51.314
51.165
50.634
51.203
51.772
52.124
52.21
52.426
52.598
52.776
52.783
52.763
52.657
52.7
52.74
52.383
52.797
58.769
64.741
65.519
51.877
51.858
51.245
51.124
51.171
50.572
51.299
50.831
49.72
50.396
49.547
48.877
50.353
50.541
50.729
48.876
49.702
50.763
54.508
58.254
57.986
60.041
62.096
61.991
61.891
49.095
49.862
49.384
49.986
49.591
49.853
49.57
49.288
48.723
48.159
46.924
45.688
45.893
45.742
44.669
51.835
51.43
51.699
51.68
51.313
50.83
51.504
51.615
51.955
52.6
52.963
53.428
53.373
53.014
52.85
52.779
52.885
53.046
53.202
53.42
53.193
54.595
57.233
62.125
61.989
62.145
62.001
57.26
57.056
57.032
57.009
44.986
45.032
57.01
50.863
54.056
57.248
56.818
57.027
62.004
62.484
61.671
61.53
57.331
55.23
54.065
54.706
55.347
55.787
56.227
57.277
56.918
56.559
56.378
56.196
56.429
56.662
56.728
56.802
57.069
57.114
57.311
52.729
54.976
57.222
56.674
57.783
47.729
48.421
48.706
49.285
49.514
49.641
49.864
50.452
50.734
50.695
49.595
50.433
50.66
50.781
47.384
48.569
49.754
70.319
70.053
60.422
50.791
51.017
50.663
48.783
49.948
50.422
51.375
51.36
51.345
51.392
50.985
51.463
51.46
58.198
56.722
55.247
59.925
55.765
51.606
51.41
51.292
51.311
51.739
52.171
52.59
53.094
53.308
53.014
52.92
53.058
52.971
56.43
56.788
56.845
56.918
56.98
64.975
65.17
64.92
51.745
50.892
50.717
50.945
50.57
50.314
49.236
50.398
49.621
48.944
50.024
50.293
50.878
49.901
46.734
44.767
44.729
44.857
44.984
53.526
62.068
62.013
61.959
62.121
62.351
50.178
50.286
48.929
50.392
50.828
50.584
50.438
50.193
50.328
50.422
57.041
64.052
64.363
64.495
64.627
50.541
51.185
51.834
51.687
51.064
51.036
51.841
52.439
52.637
53.122
53.291
53.13
52.967
52.79
52.717
52.823
52.834
53.008
53.239
53.325
52.489
54.622
58.303
57.929
62.184
62.086
62.063
57.946
43.169
43.048
57.999
58.055
57.921
57.788
58.043
57.966
57.977
