52.588
52.439
52.446
52.493
52.319
52.717
53.178
52.677
52.484
52.157
52.204
52.287
52.525
52.66
52.618
52.706
52.777
53.009
53.225
52.966
53.048
48.654
44.26
43.437
52.887
54.218
55.548
55.018
55.041
55.124
54.783
55.072
55.04
55.015
55.17
55.114
55.313
55.072
55.375
55.547
55.171
55.249
55.632
55.404
55.584
55.826
55.581
56.11
55.953
55.886
55.762
55.429
55.632
55.93
55.763
56.232
44.707
45.541
46.132
45.583
57.687
57.493
57.385
57.466
57.546
57.434
57.164
57.228
57.293
57.616
57.481
59.031
60.581
43.849
44.293
44.038
43.97
43.903
44.203
43.763
43.322
43.974
43.789
57.303
57.278
57.046
57.284
57.522
43.219
44.077
44.58
45.083
50.468
55.853
55.653
55.466
55.986
56.497
44.753
45.795
45.333
45.217
45.332
45.817
45.379
45.223
45.291
57.203
56.978
44.548
44.172
43.319
59.484
51.564
43.644
44.088
55.412
55.276
55.092
55.033
43.382
43.23
43.207
43.183
43.52
43.422
43.024
43.278
43.5
43.689
43.56
43.491
43.423
43.64
43.208
43.251
43.522
49.776
53.617
52.96
52.596
52.818
52.515
52.411
52.713
52.871
51.883
51.613
52.998
52.975
50.626
47.692
47.979
48.92
46.52
47.842
48.891
47.748
47.996
49.01
47.77
47.937
48.97
47.382
48.372
48.68
47.412
48.195
48.726
47.271
67.338
67.273
67.284
67.295
67.268
67.399
67.368
67.364
67.297
67.335
67.273
67.393
52.45
51.55
51.268
50.96
50.651
50.595
50.538
50.671
50.804
51.698
51.266
51.978
51.631
51.457
49.831
47.985
46.139
49.303
48.805
48.938
49.072
53.386
53.953
53.485
53.41
53.278
53.182
53.234
53.339
53.619
53.941
53.972
54.087
54.39
54.747
54.916
54.994
51.981
59.665
53.115
51.578
50.042
57.496
57.094
56.986
56.804
56.76
56.862
56.748
56.725
56.85
45.172
44.755
45.755
45.88
44.584
45.482
43.52
43.952
44.383
44.948
44.596
47.519
45.765
57.609
57.299
57.192
57.165
57.297
57.429
45.931
46.516
48.006
46.265
46.797
47.048
47.421
47.008
45.368
45.308
45.248
57.207
57.446
57.165
58.587
56.621
56.137
56.815
56.805
56.794
56.95
56.979
57.008
56.882
45.247
44.712
50.682
56.651
55.824
56.037
56.3
56.09
56.235
56.379
55.849
56.406
55.888
55.327
55.076
54.574
55.074
54.993
54.466
53.94
43.176
43.87
44.333
45.448
55.737
56.021
56.238
55.803
55.745
56.483
56.397
56.413
56.428
57.389
57.275
57.16
57.488
57.34
57.258
57.331
57.405
57.296
44.58
44.628
57.055
57.017
56.73
44.498
44.844
46.136
45.441
44.747
44.129
43.393
43.511
43.628
50.257
50.171
50.277
50.585
43.624
43.572
43.266
43.602
43.779
43.406
43.298
43.143
43.642
43.166
43.191
42.969
43.172
43.431
44.773
47.21
57.416
57.08
57.096
57.099
45.256
45.184
46.697
46.772
47.358
47.166
46.949
46.879
45.569
48.06
47.298
66.325
66.297
66.493
62.185
57.876
45.626
45.912
45.612
45.096
45.281
45.39
45.015
44.641
44.179
43.663
43.12
43.262
66.285
66.288
55.322
55.368
55.171
52.532
49.892
63.481
65.166
66.851
61.197
55.543
55.372
55.625
55.878
55.582
55.859
50.663
50.385
50.108
53.086
48.339
51.741
47.439
43.137
43.333
43.173
43.42
43.01
43.292
43.262
43.442
43.364
43.561
44.266
43.752
43.237
43.184
50.315
50.219
50.037
49.921
49.863
49.71
49.207
