54.174
54.169
47.258
48.343
46.796
46.338
57.576
57.9
58.106
58.552
46.676
47.027
46.868
47.189
66.409
66.27
66.377
66.247
47.087
47.677
47.258
47.601
47.066
47.13
46.45
45.771
51.477
48.037
44.597
45.885
45.8
57.401
57.547
57.693
56.122
55.926
55.263
55.199
55.321
55.029
54.296
54.095
53.894
54.404
47.255
47.297
46.867
46.214
45.562
55.529
54.992
47.672
48.404
47.94
47.476
47.96
47.65
47.34
55.103
54.942
55.02
54.977
55.037
55.181
55.241
55.3
47.591
48.373
48.128
48.083
48.359
48.309
55.788
55.118
50.065
47.74
48.12
48.597
48.381
48.166
48.673
48.708
48.744
55.758
60.423
60.172
60.296
55.408
55.347
55.524
54.359
45.616
44.955
44.072
43.19
43.096
55.326
55.454
55.722
55.852
56.05
56.087
55.982
55.92
56.14
56.019
56.485
55.905
55.326
55.781
64.067
64.135
64.067
60.965
60.653
48.796
48.808
49.212
49.841
51.166
51.474
51.7
51.494
51.561
51.019
50.898
50.114
51.705
49.733
50.068
50.332
48.813
48.001
50.325
51.678
50.683
51.304
50.454
50.371
50.288
50.486
50.247
49.899
49.161
50.907
49.685
51.23
49.157
50.593
49.723
49.508
49.294
51.75
51.05
50.448
54.033
53.975
54.443
54.374
54.405
54.435
54.287
54.139
54.241
54.552
59.356
59.388
53.62
53.597
53.914
54.231
54.052
53.917
53.782
56.592
52.144
47.696
47.745
47.111
46.478
45.72
46.212
57.68
56.88
57.226
58.036
58.847
58.898
58.949
47.002
46.951
46.942
46.753
47.136
47
47.061
46.581
46.47
44.7
44.748
45.816
45.582
45.349
45.549
45.749
45.937
45.703
57.4
56.728
55.916
55.14
54.945
54.811
52.164
53.497
54.831
54.497
54.202
47.43
47.028
47.113
48.193
51.754
55.314
55.229
54.879
54.53
54.999
53.692
44.13
44.908
44.708
44.507
44.683
44.781
44.699
44.617
44.444
53.29
48.943
44.597
44.504
44.47
52.647
52.498
66.733
55.929
58.875
52.061
45.246
44.962
64.284
64.205
64.306
64.318
52.019
51.84
56.989
56.231
64.368
64.178
64.234
64.208
64.164
50.938
52.459
51.818
51.3
51.106
50.913
50.12
50.452
50.784
50.88
50.652
50.424
50.983
50.069
50.126
50.357
50.795
50.988
51.181
49.5
51.471
52.91
65.622
69.17
68.845
68.628
68.581
68.534
68.473
68.744
68.581
68.702
68.809
68.823
68.836
51.55
50.949
49.682
49.864
49.914
53.152
56.391
56.096
55.934
55.773
55.575
55.349
55.51
55.671
55.435
55.481
43.091
43.163
43.628
43.268
55.851
55.699
55.477
55.484
55.209
62.598
62.413
62.5
62.875
67.656
67.536
55.302
55.259
55.384
55.439
55.348
55.126
55.029
55.115
55.15
55.226
55.458
55.653
55.693
55.514
63.249
70.984
71.264
71.328
71.333
71.243
71.152
54.29
54.618
55.054
56.118
55.735
55.351
55.265
55.358
55.249
55.198
55.152
54.888
54.949
54.97
55.141
55.313
55.749
55.735
55.752
55.645
55.634
55.428
55.155
55.121
55.112
54.516
48.762
49.218
48.565
47.913
48.046
47.661
47.275
46.27
45.266
55.291
55.204
53.853
52.502
43.602
44.239
43.211
43.499
44.065
55.466
55.874
55.781
52.274
48.768
49.491
50.214
50.947
50.486
50.024
50.389
49.621
50.341
52.907
51.626
50.346
81.067
81.022
44.332
44.157
44.008
43.859
43.959
44.058
43.357
47.942
52.526
51.304
50.934
50.565
50.448
50.33
50.396
71.213
61.08
50.946
50.683
50.42
44.125
43.306
50.115
50.215
46.643
54.379
48.916
55.565
49.923
50.376
50.829
50.639
50.449
