67.146
60.322
61.006
60.64
54.619
48.597
49.59
49.217
49.933
49.051
49.934
50.168
50.401
49.591
49.529
50.327
48.886
50.326
50.389
48.864
50.288
50.023
49.567
49.735
50.305
68.949
68.83
68.783
68.735
68.52
49.756
49.642
49.687
49.053
49.853
69.653
69.456
49.369
50.479
49.652
50.605
51.357
51.088
51.497
51.236
51.628
51.62
51.846
50.155
50.986
51.817
50.182
64.202
63.967
63.808
59.504
55.199
55.172
55.033
54.71
54.279
54.286
54.187
54.186
54.475
54.476
54.686
54.681
54.718
54.707
54.74
54.527
52.826
56.328
59.831
59.875
57.645
55.415
55.198
55.404
55.142
55.083
55.04
54.997
55.005
55.037
55.035
55.019
55.037
55.032
55.021
55.021
54.929
54.037
67.172
67.092
67.043
67.002
66.978
67.059
52.535
51.786
51.318
51.212
51.199
51.617
51.504
51.535
52.019
51.824
51.702
51.99
51.534
51.688
51.76
51.389
53.362
58.697
64.033
64.122
64.098
50.058
50.813
49.915
50.105
50.466
50.185
50.325
50.202
50.043
50.293
50.063
50.287
50.201
50.066
49.976
50.132
50.881
50.607
50.333
49.836
50.656
50.234
51.041
50.195
50.118
50.041
49.67
49.437
49.204
48.404
56.004
52.924
60.812
57.36
59.584
61.807
61.982
62.091
62.12
62.065
62.063
62.054
61.917
61.893
68.849
68.82
68.743
55.768
55.829
56.004
68.842
68.945
68.899
68.853
68.814
56.328
56.568
56.674
56.744
56.542
56.63
56.855
56.492
56.918
57.248
62.03
61.899
59.836
57.772
47.571
47.815
47.487
47.803
47.449
47.096
57.371
57.695
56.777
57.344
57.306
57.269
58.561
59.853
58.495
56.927
58.971
59.059
59.482
58.466
58.986
59.506
53.274
54.131
53.917
59.216
59.583
55.011
53.985
54.751
61.378
60.671
61.707
58.856
59.289
58.899
58.687
56.128
55.594
55.059
54.978
55.192
55.163
55.054
55.029
55.148
55.071
60.99
52.302
53.466
54.63
54.704
54.749
54.844
54.987
55.209
55.443
55.222
55.088
54.979
54.922
54.714
54.936
54.735
58.86
58.808
54.678
54.779
55.129
70.991
71.09
71.122
70.92
70.79
58.539
58.959
55.23
54.774
54.895
54.878
55.034
55.273
55.237
54.918
54.876
55.099
55.131
54.949
54.89
54.903
54.792
54.758
54.786
54.874
55.069
55.089
55.238
54.985
54.754
54.94
55.189
55.446
56.228
55.062
53.896
55.767
55.032
55.082
55.095
55.097
55.109
55.173
55.076
54.843
54.877
54.749
54.742
54.989
54.776
54.916
55.054
55
55.118
55.249
55.424
55.125
54.401
54.95
55.5
43.17
44.014
55.419
55.19
55.099
55.259
55.26
55.132
55.084
55.142
55.12
55.14
55.039
54.97
55.079
54.888
54.974
55.062
55.055
55.153
55.12
55.248
66.848
66.866
66.896
54.999
55.097
55.044
55.064
55.123
55.107
55.202
55.274
55.365
43.182
43.156
43.158
43.045
43.092
42.962
43.08
54.815
54.696
54.987
54.916
55.048
61.019
66.99
66.931
66.925
66.863
54.932
55.022
55.144
55.174
55.136
55.2
55.086
53.197
51.309
51.098
50.887
50.659
50.432
56.153
61.874
61.818
61.775
61.774
61.695
61.814
61.863
50.631
50.385
50.372
50.41
50.142
47.925
49.485
54.745
54.868
49.464
49.26
49.308
49.704
51.163
51.148
51.132
52.905
51.713
52.523
51.72
51.784
52.109
52.212
52.093
51.974
51.741
51.699
52.207
