50.04
58.473
57.769
57.608
49.915
50.289
50.116
50.05
50.088
50.232
50.067
50.31
50.177
51.052
51.807
51.287
51.23
52.417
51.652
51.34
52.066
51.945
51.848
52.782
51.901
51.778
52.174
51.946
52.542
52.169
52.101
52.595
52.059
52.774
52.302
52.1
51.758
50.64
60.583
59.152
59.007
58.862
57.274
58.94
58.701
59.754
60.596
60.106
58.891
60.806
60.548
60.291
59.952
60.202
60.451
59.216
59.688
60.159
58.826
59.131
59.436
59.906
60.382
60.124
59.427
60.526
59.987
59.449
61.123
72.053
72.07
65.157
64.988
63.361
61.734
62.147
61.998
62.037
57.526
57.807
58.087
57.622
59.8
58.357
56.914
59.383
61.852
74.024
74.039
73.995
73.984
73.987
43.854
44.302
57.306
57.382
44.648
44.408
45.114
45.82
44.075
56.863
57.701
57.396
44.348
43.064
54.63
55.045
55.149
55.253
43.235
43.028
42.948
50.542
58.137
57.868
62.105
62.018
62.047
62.06
62.226
57.464
57.742
58.151
57.574
57.842
58.193
56.849
62.056
62.1
56.66
51.219
47.487
47.003
46.45
46.434
45.581
69.006
69.064
68.939
68.814
68.953
69.045
69.138
45.514
46.375
46.145
44.336
69.122
68.959
68.953
68.837
69.008
68.889
69.051
68.849
59.124
57.863
57.753
57.931
58.11
57.608
58.116
57.884
63.168
63.07
63.215
63.361
63.499
58.25
57.855
58.294
49.264
49.631
49.556
49.114
49.531
50.235
49.856
49.91
50.255
50.6
51.777
51.035
51.709
51.174
51.121
51.463
50.983
51.223
49.993
62.846
63.075
51.021
51.152
50.666
70.036
69.84
69.82
50.033
50.534
50.323
50.481
50.718
50.954
50.805
50.657
63.109
63.169
62.925
62.804
63.082
63.13
62.396
48.695
48.257
63.181
62.895
81.958
81.978
63.271
48.982
49.341
49.343
49.832
49.77
49.629
49.675
82.005
81.967
82.006
82.027
82.023
63.395
63.569
63.008
62.978
49.634
49.197
49.003
62.796
63.5
48.906
48.771
48.879
48.951
49.016
49.08
48.811
48.177
47.961
52.107
56.253
62.732
63.13
63.292
66.876
66.803
66.613
47.634
47.535
47.704
47.214
51.403
49.456
47.51
47.705
47.608
47.832
69.062
68.981
69.01
80.958
81.036
54.305
61.729
54.595
47.46
47.006
46.607
46.17
58.052
57.777
58.452
46.695
47.028
58.523
58.781
70.445
59.068
47.69
47.694
47.733
47.653
47.505
57.815
58.64
61.621
64.602
65.448
45.572
45.944
57.469
51.765
53.917
56.068
54.689
54.715
56.194
55.986
54.482
54.753
55.197
55.398
55.085
54.676
66.899
67.005
67.04
66.959
55.112
54.792
54.871
55.234
56.884
58.533
57.081
57.904
58.315
58.052
57.889
57.465
58.27
57.783
58.166
57.695
58.412
59.13
48.529
47.893
48.582
68.694
69.193
68.984
49.668
49.919
49.462
50.516
50.3
51.577
51.238
51.214
50.676
50.821
50.972
51.222
51.189
50.786
74.124
74.042
74.206
74.045
63.339
52.632
50.743
50.632
50
50.011
49.999
50.262
50.514
50.708
50.866
51.162
50.823
51.285
50.95
51.32
51.06
51.02
50.898
50.149
49.351
48.331
49.311
49.196
49.609
49.547
49.329
49.363
49.638
49.338
49.611
49.612
49.643
50.189
49.481
50.592
49.41
72.123
72.192
72.023
71.96
53.614
52.56
53.457
59.52
59.705
60.493
59.989
47.812
48.107
48.961
49.571
48.635
49.838
49.884
49.455
50.731
49.467
50.268
49.422
47.629
65.042
64.863
65.222
74.962
75.047
46.902
46.905
47.443
47.416
46.713
46.467
47.261
47.666
47.144
46.779
46.793
47.504
48.216
48.099
46.939
45.139
45.65
46.161
46.824
48.268
48.148
49.324
48.631
47.487
47.662
47.505
47.347
47.006
46.665
45.551
74.316
74.067
74.056
74.045
74.261
65.009
64.932
64.907
65.048
65.268
46.689
46.007
60.137
51.831
49.389
46.947
46.779
46.61
44.358
43.703
43.678
43.653
43.619
43.585
43.904
44.223
46.139
47.256
52.763
53.125
53.102
53.305
58.528
60.368
62.207
62.021
62.114
58.318
60.235
62.152
62.053
61.954
58.312
