48.287
47.573
46.321
46.169
45.223
47.723
45.953
44.183
45.433
46.683
45.314
45.89
46.702
46.712
46.721
46.696
46.67
46.836
47.002
46.402
45.802
45.488
70.914
71.618
71.768
71.918
45.144
43.18
46.413
49.647
69.162
68.781
65.563
62.345
61.803
50.358
59.532
52.171
50.312
48.453
49.132
50.266
49.697
61.486
62.389
55.507
59.752
53.517
58.839
59.613
60.386
56.996
53.606
52.123
51.72
51.492
51.263
51.466
51.442
51.418
51.416
51.237
51.796
51.308
51.645
51.695
51.904
51.605
51.526
48.345
53.644
58.943
72.094
71.9
72.023
71.831
71.871
71.91
58.377
54.257
54.44
54.137
53.974
54.148
54.511
54.773
54.647
54.728
54.539
54.43
53.974
53.576
53.333
53.377
53.459
53.568
53.596
53.497
53.033
45.374
44.947
45.255
53.629
55.19
53.684
53.5
53.247
53.223
52.998
52.764
53.024
53.137
52.978
53.437
52.869
53.141
53.044
53.194
53.55
53.115
53.298
52.878
52.989
53.514
53.055
53.761
53.241
52.132
70.986
70.965
71.054
70.899
71.01
71.782
59.622
60.014
60.295
60.377
60.458
59.923
59.777
60.544
60.439
60.334
60.892
62.978
65.063
65.07
65.183
64.763
65.02
64.992
64.956
65.017
65.344
50.023
48.793
48.717
47.968
48.189
47.673
49.753
49.012
48.983
48.955
49.025
49.369
49.128
49.557
49.633
49.397
49.623
49.642
49.405
49.68
72.009
71.937
71.99
71.959
71.937
49.625
48.567
48.591
48.336
48.937
59.88
60.295
59.714
60.17
59.596
59.826
60.056
59.99
59.514
59.857
60.2
59.619
59.101
58.811
59.014
59.081
59.38
58.637
59.175
58.995
59.047
59.061
58.448
57.692
55.116
56.971
58.826
58.91
58.993
58.607
59.06
58.885
58.71
58.953
58.944
58.919
58.894
59.095
58.405
59.156
58.935
59.077
58.875
59.057
59.096
59.363
67.164
57.199
47.233
48.064
47.414
47.539
48.231
47.236
48.056
48.31
47.445
48.278
48.657
47.391
48.098
48.756
47.542
47.688
48.727
48.19
47.587
48.61
48.667
61.034
61.716
68.927
68.634
49.442
49.29
49.167
49.552
50.168
49.638
49.976
49.896
49.698
49.492
49.654
49.809
50.038
50.039
50.049
49.734
62.221
61.869
69.409
67.468
66.939
66.932
59.854
52.775
51.818
51.006
50.771
50.805
51.519
51.957
52.148
52.641
52.855
52.742
52.156
52.109
51.808
51.309
51.561
51.649
51.405
51.601
51.727
50.816
57.777
64.737
64.604
58.259
51.914
51.933
52.053
52.079
51.835
50.9
52.791
51.701
51.621
51.676
51.691
51.512
51.749
51.559
51.627
51.852
51.78
51.969
52.113
51.674
52.351
51.864
51.333
52.893
59.954
60.029
59.919
60.007
60.032
60.017
60.063
75.94
76.014
59.958
59.994
59.985
48.004
48.044
47.846
47.648
60.047
60.077
60.137
54.742
59.401
64.06
64.009
63.855
64.187
63.765
63.889
64.013
49.167
49.119
48.214
47.719
59.86
59.613
60.908
48.216
48.292
48.625
48.958
48.849
49.926
48.893
48.96
49.947
48.611
48.915
48.858
48.802
49.614
48.739
47.865
47.392
48.671
49.726
48.32
47.516
60.218
60.63
60.091
59.552
60.186
47.633
47.432
47.19
46.283
46.693
47.944
47.238
47.104
58.78
58.635
59.444
59.25
59.281
58.803
59.059
53.764
48.47
53.579
49.934
46.289
47.467
46.985
47.946
48.907
54.215
49.701
45.187
46.579
46.886
47.193
47.433
47.672
48.8
47.511
48.032
47.62
47.293
47.065
46.836
46.746
46.656
46.76
46.864
44.857
44.395
45.347
45.078
45.341
52.537
59.734
71.863
72.023
71.963
71.994
71.979
71.915
72.007
72.003
71.97
72.002
67.368
67.292
66.961
67.035
67.072
66.988
45.23
45.059
44.141
43.223
50.37
49.737
49.743
48.309
48.291
48.272
49.546
48.669
49.519
49.943
48.593
50.23
49.586
48.943
49.98
49.965
49.734
49.422
50.002
48.382
61.494
61.911
61.248
55.429
49.61
48.688
47.898
47.818
47.74
47.662
60.287
60.056
59.853
60.214
59.83
46.572
47.52
59.119
58.763
58.448
58.889
58.841
58.793
54.179
49.565
49.259
48.952
59.19
59.172
59.039
54.006
48.972
46.012
46.289
52.851
58.42
59.139
53.688
48.238
48.387
48.184
47.551
47.738
48.267
48.093
47.037
47.553
47.96
48.099
46.573
48.021
48.801
48.546
48.119
48.271
69.003
68.914
68.98
69.02
68.934
68.952
69.006
69.014
68.982
69.029
68.905
68.973
68.957
68.897
68.896
68.939
