63.993
64.049
64.051
64.052
64.101
64.009
63.957
55.098
58.045
60.991
61.002
60.945
60.943
60.968
60.909
60.96
60.963
60.944
60.945
61.001
61.014
61.01
61.019
61.03
61.002
60.988
51.351
56.138
60.925
61.022
60.976
61.009
60.995
62.535
62.075
61.858
61.961
62.046
61.813
61.87
62.104
61.763
61.91
62.287
61.736
61.237
61.514
61.79
61.764
62.449
61.732
61.898
62.329
61.771
61.687
58.982
58.045
57.679
57.647
64.398
64.035
63.561
64.219
64.089
63.721
64.024
64.127
56.473
48.819
46.458
45.944
46.654
47.137
46.475
45.813
46.919
64.094
63.987
63.929
63.854
50.436
49.705
49.528
48.037
48.279
48.52
47.878
47.965
48.053
48.259
48.912
47.498
47.651
47.804
48.413
48.791
49.016
47.839
48.561
47.749
66.989
67.001
66.993
66.982
50.786
51.017
62.824
62.703
50.355
49.801
51.212
51.281
51.705
51.446
52.153
52.612
52.523
52.92
52.522
52.744
52.298
52.543
51.905
52.532
52.269
52.294
51.706
51.641
51.374
50.735
50.739
50.407
50.075
50.214
50.867
50.033
49.88
49.679
50.641
50.409
50.047
48.453
56.705
51.783
51.641
51.5
50.654
50.423
50.238
50.053
50.106
50.209
50.052
49.868
49.819
50.207
49.831
49.553
50.012
49.654
49.671
49.548
49.584
48.85
48.49
48.131
49.022
48.395
48.303
48.211
49.225
48.678
48.864
47.937
48.63
48.179
49.102
47.805
48.001
48.197
67.626
67.671
67.46
48.243
48.724
47.996
60.189
59.745
59.869
59.937
59.889
60.017
60.165
59.79
48.884
48.816
48.485
48.263
65.065
65.032
47.919
47.929
48.005
46.951
47.77
47.848
48.077
47.522
46.222
45.387
49.21
53.032
49.85
57.363
51.11
49.936
48.761
47.402
46.043
45.829
45.616
45.379
45.142
46.17
45.786
45.401
45.822
46.243
46.082
45.319
44.555
48.331
52.107
52.29
52.473
47.724
52.23
56.736
57.538
63.312
53.175
43.038
43.215
43.428
43.379
43.522
43.476
43.512
43.578
43.621
59.716
59.958
60.061
59.954
59.879
59.856
60.229
59.983
59.549
59.114
59.23
59.347
59.52
59.692
46.633
47.989
49.037
54.582
49.03
54.468
59.906
59.769
46.925
48.607
53.762
58.916
59.208
59.444
48.341
53.929
59.517
59.492
55.248
51.004
50.334
50.126
49.989
49.683
49.625
49.568
49.549
49.432
49.291
49.778
49.729
49.757
49.903
49.902
49.988
49.605
50.146
62.139
61.708
62.034
62.234
61.526
62.307
61.473
63.448
65.423
64.982
52.008
50.819
53.183
52.591
53.064
53.296
53.424
53.47
53.369
53.178
53.116
52.924
52.98
53.235
53.253
53.321
53.504
53.105
53.526
53.485
52.95
52.815
51.968
52.478
51.852
51.234
52.171
51.536
51.128
52.102
51.17
51.86
51.443
51.483
51.758
51.147
51.995
51.404
51.186
50.969
50.436
50.485
51.007
50.821
51.622
51.978
51.958
52.249
52.44
51.99
52.035
52.206
51.962
51.944
52.181
52.011
51.651
51.916
51.618
51.223
51.192
50.404
50.129
50.63
49.95
50.479
50.254
49.827
50.354
49.532
49.598
51.187
50.156
69.348
69.3
69.204
50.828
50.26
49.899
50.7
48.987
48.312
48.255
48.197
54.324
52.54
50.756
51.152
50.617
50.998
51.667
49.704
50.75
50.969
43.424
43.088
43.628
44.167
45.827
44.948
44.069
46.099
48.835
48.55
48.265
63.906
64.147
63.951
63.839
64.055
56.921
49.788
49.41
48.806
48.993
48.01
47.821
48.652
48.263
47.479
48.545
48.918
47.906
48.011
48.939
49.213
48.063
47.587
48.975
48.676
48.006
48.299
48.895
48.927
47.278
48.43
60.026
59.995
60.035
60.032
49.393
47.087
48.127
49.366
50.165
64.017
64.004
64.018
63.973
63.927
64.014
59.269
59.668
60.066
61.43
61.976
61.848
61.874
62.139
61.857
61.99
61.927
61.886
62.119
61.926
61.9
62.119
61.942
61.765
62.008
62.116
