48.871
47.667
48.16
48.526
55.029
55.271
55.231
54.143
50.951
50.633
50.431
48.865
57.16
57.016
57.164
57.312
49.869
49.631
50.865
49.791
49.755
50.96
49.964
49.894
50.811
49.791
49.732
50.736
49.664
50.229
50.539
49.163
50.568
51.349
51.251
51.152
51.015
48.935
50.646
50.992
49.772
50.256
50.014
50.39
50.715
49.136
50.793
50.029
51.21
50.303
50.636
55.959
55.366
55.149
54.886
54.424
43.068
43.017
43.347
43.09
43.085
43.434
43.506
43.487
43.568
43.39
43.523
43.106
43.363
43.425
43.406
43.325
43.268
42.996
43.51
43.394
43.201
43.253
43.263
43.333
43.048
43.2
43.139
43.214
55.489
55.333
43.429
43.62
43.439
43.295
43.225
43.185
43.442
43.584
43.634
43.671
43.516
43.361
43.39
55.33
55.373
55.84
55.614
55.814
55.402
55.445
53.932
53.72
53.823
52.629
52.54
52.252
51.554
50.912
43.284
43.361
43.469
51.132
50.004
49.123
47.169
47.563
47.92
46.266
46.625
46.677
46.492
45.176
46.912
47.588
51.277
49.896
47.634
45.837
44.037
47.575
46.038
44.501
44.819
50.861
51.292
50.834
50.047
50.533
50.426
50.318
49.835
43.909
44.166
43.769
54.581
53.968
52.191
53.291
52.441
51.59
44.292
43.048
43.809
44.209
49.788
50.772
49.389
47.711
48.441
47.208
47.659
45.959
45.724
46.258
44.302
44.69
45.078
47.939
50.8
49.006
47.211
48.174
48.69
46.956
46.311
46.015
45.66
44.854
54.983
54.708
54.426
54.657
54.887
51.889
48.891
46.053
47.6
48.376
48.193
48.011
48.547
46.356
48.316
46.974
47.97
47.554
47.139
46.846
48.132
49.418
48.863
49.289
49.715
50.048
50.798
50.105
49.923
49.855
50.061
50.384
50.453
50.735
62.699
62.095
62.287
51.178
51.096
50.911
50.454
49.916
48.963
49.194
49.425
49.782
50.016
49.826
50.088
49.907
49.665
50.447
49.727
49.999
50.478
50.296
50.068
50.158
50.513
50.294
50.149
50.98
50.485
49.913
49.994
50.075
50.193
50.156
50.089
50.04
50.189
49.916
50.043
50.043
50.048
50.196
50.351
50.201
50.244
50.41
50.067
49.451
48.982
49.918
50.154
49.988
49.749
49.535
49.807
50.03
50.215
50.173
50.001
50.261
50.193
49.983
49.068
49.823
50.577
47.321
44.065
43.838
46.721
49.605
51.616
51.149
50.845
50.984
51.391
51.698
52.127
52.508
52.178
51.557
50.774
50.198
50.213
50.494
50.634
50.518
50.374
50.19
49.996
50.217
50.438
51.168
63.138
69.714
69.486
69.335
49.498
49.66
50.2
50.494
69.022
68.912
50.108
50.162
49.878
49.944
50.42
51.911
50.432
50.755
52.592
47.881
64.487
59.04
53.593
67.488
60.423
53.358
55.025
55.189
53.54
54.563
54.552
54.181
54.182
54.147
