56.911
59.791
60.357
60.686
59.719
68.106
68.267
68.484
68.701
48.982
49.889
69.044
68.965
50.074
49.851
50.423
50.012
50.391
48.751
57.751
58.038
69.088
68.935
69.059
60.037
48.775
50.142
49.865
49.457
49.295
53.77
51.75
49.729
49.726
49.604
50.071
50.144
50.34
50.345
50.643
50.418
50.284
49.001
59.3
59.469
59.639
52.11
50.602
50.069
68.582
68.391
49.752
49.702
49.722
49.743
50.024
50.079
49.994
49.916
49.986
50.117
50.344
50.05
54.535
59.02
59.546
60.071
51.313
51.033
50.445
50.473
50.688
50.404
50.6
50.545
50.658
50.822
50.988
50.926
50.75
50.755
50.553
49.737
64.461
64.551
65.903
66.02
64.316
62.975
62.706
55.913
57.631
59.35
63.347
56.206
49.064
49.193
48.803
49.776
49.902
50.029
49.71
49.855
49.971
50.263
50.158
62.165
61.888
49.928
49.668
60.304
59.65
60.483
59.743
59.004
49.458
54.349
51.623
55.566
52.437
55.907
52.455
52.078
51.701
49.985
51.532
51.4
51.268
51.116
50.964
50.775
50.769
50.31
49.851
49.777
49.704
49.726
49.749
49.84
49.93
51.836
50.066
50.674
51.282
51.405
48.165
48.53
48.894
49.273
50.562
51.852
58.745
58.821
58.898
64.951
64.968
64.86
64.752
58.42
57.672
61.174
53.193
45.212
45.997
46.989
46.347
46.496
46.645
59.111
59.088
59.065
58.981
58.897
58.611
58.325
46.417
46.554
46.264
46.043
46.33
45.998
46.228
58.395
58.488
58.581
52.88
47.179
46.938
47.876
47.456
48.162
48.005
47.441
48.432
48.363
48.294
48.291
48.288
47.849
47.921
47.677
47.956
47.956
48.145
48.042
47.855
47.533
47.658
47.709
48.111
48.029
48.144
47.925
47.997
47.673
47.719
47.806
47.999
48.128
48.157
48.032
47.824
47.652
47.613
47.756
47.9
48.159
48.09
48.127
48.036
47.937
47.868
47.985
48.137
48.156
48.175
48.005
47.836
47.737
47.658
47.894
48.069
48.15
48.116
47.743
47.575
47.709
47.825
47.969
47.965
47.94
48.102
48.14
47.973
47.676
48.138
47.177
47.525
47.886
48.559
48.411
48.117
47.775
47.409
47.671
47.925
48.167
48.325
48.161
48.025
47.865
47.716
47.814
47.986
48.051
48.219
48.084
47.974
47.864
71.896
71.955
71.931
71.946
71.982
72.009
72.004
72.024
72.022
47.777
47.874
48.037
48.304
48.421
48.245
48.152
48.017
48.056
48.099
48.084
47.797
72.059
72.067
72.044
72.014
48.341
48.116
48.147
48.012
48.347
48.324
48.073
47.789
48.028
48.456
48.714
48.337
47.968
47.848
47.938
48.16
48.259
48.193
57.067
57.133
64.966
64.993
57.339
56.954
56.748
56.585
56.675
57.227
57.678
57.312
56.9
56.914
56.88
57.474
56.888
57.135
64.999
64.991
64.99
64.925
65.096
64.994
61.447
57.901
58.252
59.125
57.723
57.41
58.755
58.589
58.423
57.411
57.615
59.346
58.92
58.493
58.959
59.425
57.407
57.517
58.748
58.442
58.136
57.567
56.848
55.803
57.041
57.746
57.49
56.156
57.204
57.593
57.856
62.101
62.033
62.036
62.113
62.018
61.924
61.961
61.997
62.03
62.012
61.995
61.945
61.964
61.952
62.01
