67.247
63.021
63.139
63.138
63.023
63.298
69.893
69.922
69.968
50.352
46.169
64.112
82.055
81.993
68.078
68.426
69.136
69.846
70.039
70.115
71.936
71.964
72.018
71.903
72.274
59.807
60.462
57.377
54.291
53.926
54.101
53.628
53.754
53.224
53.633
54.258
55.085
55.439
55.901
55.68
55.794
56.062
56.04
56.349
55.884
54.132
49.149
49.074
49.646
55.014
55.383
55.678
55.833
55.953
55.889
55.86
55.635
55.281
54.675
53.718
53.184
52.614
52.638
53.136
53.401
52.876
53.633
53.257
52.583
51.677
52.429
51.568
52.252
51.305
51.874
51.063
52.037
53.011
64.051
62.263
62.393
64.253
56.674
49.095
48.814
49.018
48.939
49.152
49.522
49.531
49.173
49.604
56.058
55.984
55.91
64.917
65.321
52.053
52.122
51.341
51.606
50.997
51.267
51.565
51.077
51.898
51.379
51.858
51.62
52.156
51.841
51.257
51.875
50.942
52.025
51.292
51.861
51.425
51.069
50.083
49.097
51.516
52.262
52.358
52.47
53.004
53.418
52.857
53.522
52.805
53.411
53.122
52.563
53.504
50.204
51.015
51.827
52.774
53.172
52.622
53.3
52.57
52.615
52.522
53.024
52.771
53.009
52.089
52.068
52.035
70.417
70.533
70.805
61.792
52.779
52.971
50.991
51.08
52.62
50.917
51.79
51.016
51.069
50.878
52.303
50.808
50.757
51.389
51.18
51.273
51.009
51.124
50.764
51.003
50.919
51.381
51.137
51.32
50.699
59.938
59.978
59.742
59.911
60.011
49.954
49.197
47.98
49.167
48.584
48.279
49.363
49.295
48.829
49.487
49.932
43.459
43.567
46.933
50.299
51.166
50.367
51.007
50.576
50.976
50.884
50.959
51.467
51.974
50.763
51.736
52.745
53.771
52.163
45.912
46.144
46.317
46.491
46.364
46.254
45.574
59.062
58.253
58.579
46.542
46.624
47.328
49.195
47.542
49.163
48.141
47.788
47.586
47.383
47.425
47.466
47.223
46.979
47.651
47.646
47.64
47.643
47.645
47.202
46.758
45.994
45.924
45.858
45.875
46.837
46.277
45.717
45.786
54.432
54.777
56.24
59.407
62.574
62.141
57.429
62.584
55.665
48.745
48.16
49.209
48.429
48.757
48.74
48.83
49.069
48.531
49.4
49.236
50.471
50.972
50.971
50.799
50.822
51.034
51
51.052
50.82
50.865
51.531
51.585
51.337
51.273
51.147
50.781
51.111
51.008
50.772
51.079
50.997
51.124
51.198
51.046
51.662
51.442
51.128
51.942
52.318
53.279
53.239
53.793
53.377
53.534
53.239
53.174
53.568
53.045
53.603
53.24
52.971
53.403
53.374
53.202
53.653
52.951
53.391
53.496
52.845
53.726
52.924
53.041
53.552
52.895
53.773
53.08
53.328
53.542
53.247
53.551
53.088
53.65
52.932
53.314
53.147
53.166
53.615
53.101
53.517
53.349
53.602
53.796
53.512
53.185
54.002
53.386
53.236
53.82
52.983
53.458
53.207
53.348
52.897
53.448
53.529
52.65
54.628
54.734
54.839
51.834
48.829
50.246
51.664
51.045
51.165
51.285
51.144
51.003
51.129
50.951
51.443
50.908
51.957
44.104
43.462
51.307
51.215
51.237
51.259
50.857
