53.358
53.083
52.66
53.168
52.775
53.031
53.115
52.937
53.294
52.901
52.974
53.24
53.308
53.348
53.095
54.609
68.018
68.041
54.034
49.885
49.371
48.283
48.656
48.511
49.113
48.885
48.478
48.342
48.034
47.507
46.138
45.39
44.642
44.593
65.032
65.151
56.263
47.876
46.965
46.59
47.297
47.456
47.196
47.037
47.595
46.868
49.313
56.812
51.308
55.073
52.343
49.613
48.468
48.146
47.507
47.711
47.8
47.889
47.895
48.169
48.459
48.598
48.857
48.575
48.578
48.852
48.607
48.53
48.82
48.327
49.145
48.424
48.847
49.046
48.813
49.235
47.506
45.776
60.984
60.991
69.902
69.87
69.854
69.884
64.812
64.852
48.838
48.647
47.735
47.478
47.645
48.176
47.39
47.44
47.574
47.728
47.102
46.431
45.837
45.533
45.339
45.637
45.78
46.067
46.107
46.049
45.788
45.766
57.582
58.692
58.349
57.841
58.344
57.666
58.196
57.91
58.183
57.894
58.27
57.565
58.197
57.632
57.918
58.156
56.516
54.875
60.63
61.019
52.868
53.79
55.367
56.945
55.566
56.008
55.236
55.923
56.941
69.884
70.019
56.049
56.432
56.815
56.84
56.866
58.919
57.449
44.786
44.743
44.419
50.828
47.573
52.229
56.886
71.978
72.13
45.277
45.476
45.991
46.355
46.283
46.163
45.804
45.594
45.774
45.815
46.013
46.231
46.136
46.832
47.028
47.225
46.76
46.296
45.324
47.062
47.462
47.862
47.104
47.411
47.719
47.676
47.633
69.854
82.004
82.032
76.026
70.019
70.07
68.075
67.952
70.13
69.839
70.179
70.017
69.997
72.211
71.868
72.125
71.951
72.013
72.061
72.211
49.026
49.384
48.582
48.936
50.262
72.722
73.173
72.153
72.207
71.793
69.963
69.991
69.982
69.968
70.016
69.78
50.325
50.599
50.451
49.774
50.201
54.26
53.935
53.609
53.923
54.366
54.81
53.56
53.319
53.325
52.872
52.595
52.497
53.129
53.761
52.335
48.131
46.776
47.198
47.819
47.828
47.837
48.212
53.501
58.791
58.854
73.087
73.107
73.02
49.056
48.697
48.775
48.449
48.313
48.245
48.151
48.522
48.667
48.621
48.598
48.564
48.602
48.756
48.969
49.087
48.961
57.448
65.934
65.995
63.567
61.138
47.886
48.107
48.44
48.513
48.228
47.932
48.032
48.482
48.686
48.645
47.516
62.752
59.732
56.713
60.665
64.617
64.766
64.799
44.435
43.913
43.969
44.026
44.234
44.443
44.446
44.449
49.599
50.827
52.054
50.201
46.711
56.596
55.928
55.259
54.194
54.534
55.31
53.82
52.792
51.765
62.171
56.032
49.894
51.345
51.258
51.228
51.1
51.301
52.149
52.542
52.227
52.446
53.309
52.785
52.951
53.139
52.851
53.195
52.422
57.969
57.929
57.966
58.084
58.204
58.149
53.85
53.279
53.396
53.201
52.969
52.756
52.865
53.006
53.211
53.592
53.996
54.099
53.982
53.828
53.788
53.673
53.939
54.063
54.169
53.93
52.64
70.077
70.034
69.991
74.659
66.613
58.568
57.919
79.579
79.337
79.934
78.711
77.488
79.946
79.835
79.619
79.403
79.366
79.477
79.588
77.984
56.827
53.861
53.878
53.727
53.826
53.706
53.966
53.831
53.57
52.693
52.329
61.138
57.25
68.466
61.573
54.679
53.009
52.068
51.489
50.214
50.925
49.927
49.981
50.473
50.394
51.225
51.535
52.382
52.987
52.666
52.783
52.961
52.648
52.902
52.983
52.884
53.288
52.958
52.915
53.071
52.456
51.736
50.53
50.403
50.262
50.508
50.422
50.715
50.808
50.543
50.606
50.375
50.293
50.57
50.708
50.621
50.774
50.862
50.923
51.033
50.954
51.028
51.233
50.67
50.753
49.059
47.365
49.208
51.051
51.116
51.003
51.374
51.013
51.207
51.181
51.039
51.479
50.978
51.271
51.093
51.17
50.961
50.905
51.017
50.919
51.072
51.152
50.999
51.491
51.144
51.532
50.897
51.443
51.104
51.107
51.427
50.959
51.061
50.961
50.867
51.216
51.039
51.386
51.173
51.362
51.152
51.333
50.793
51.37
51.06
51.175
51.604
50.808
51.454
51.142
50.959
51.426
51.091
51.933
51.187
50.561
50.923
50.734
51.378
50.972
50.448
50.895
50.536
51.021
51.466
51.258
51.616
51.184
51.335
51.13
51.258
51.292
51.1
50.759
50.96
50.282
49.604
51.196
52.597
55.751
55.828
59.083
62.337
54.88
52.395
49.91
49.398
79.984
79.723
79.58
79.438
75.705
71.971
72.091
71.982
71.873
57.971
44.07
44.696
43.413
43.707
43.969
44.232
