55.808
51.822
62.438
55.862
60.536
55.818
54.886
53.954
53.94
53.593
52.508
53.978
60.625
61.097
55.111
55.453
56.224
45.73
45.235
55.928
55.874
55.537
55.2
60.985
60.887
60.878
76.972
76.97
76.932
48.685
48.914
48.884
48.853
48.918
65.095
64.979
65.122
65.091
65.178
65.135
64.913
64.846
64.899
64.94
64.925
64.845
59.744
54.642
53.786
52.768
52.416
53.024
52.698
52.457
52.777
51.902
65.149
65.126
49.089
48.983
51.721
54.459
54.163
54.221
53.845
53.8
44.069
43.526
44.423
44.64
56.301
56.099
55.916
55.858
55.933
55.53
54.542
45.518
44.292
45.483
46.612
46.081
45.551
46.121
47.09
46.354
46.237
48.335
47.654
46.973
50.075
49.979
49.883
51.366
50.837
50.457
50.332
50.537
50.517
50.72
51.195
51.412
51.343
51.431
51.204
51.298
51.352
51.244
51.445
51.117
50.531
49.777
48.773
48.11
48.006
47.847
47.947
47.714
47.902
48.053
48.173
47.675
48.429
65.113
64.931
65.134
65.059
49.925
47.964
58.044
58.069
46.257
45.936
46.279
46.098
46.197
46.273
46.063
46.6
46.25
46.282
46.517
45.761
55.347
64.933
67.978
67.94
67.926
67.979
67.984
67.883
56.463
56.155
55.961
55.847
55.745
55.934
55.831
55.693
55.44
55.945
55.672
63.045
63.317
63.048
62.92
63.473
63.083
63.646
64.209
45.929
44.423
44.688
44.511
44.322
45.209
43.5
57.394
60.471
60.495
54.123
53.959
53.999
54.039
53.834
54.339
60.898
61.162
54.774
54.975
55.333
55.69
55.526
61.015
61.031
60.886
61.022
61.083
61.077
61.072
60.921
53.822
53.849
53.581
53.529
53.354
53.18
53.584
53.447
53.684
53.732
53.912
54.091
53.688
54.118
54.048
54.556
55.064
54.209
54.08
54.125
54.546
54.313
53.876
61.101
61.225
54.673
55.036
55.094
54.471
54.318
54.076
54.055
54.106
54.074
54.365
54.069
54.414
54.62
54.005
54.058
53.707
54.14
54.573
54.501
53.182
51.862
55.838
55.772
55.819
55.44
55.898
55.723
55.414
56.196
55.031
53.656
53.644
53.632
55.157
56.683
55.779
55.93
55.544
55.734
55.947
56.16
44.033
43.845
43.456
43.458
43.886
43.734
44.271
43.789
44.097
43.76
44.337
43.424
44.949
43.995
44.007
52.923
53.162
53.052
44.046
45.244
45.269
45.294
44.335
49.418
48.396
52.493
50.867
50.815
50.902
50.817
50.676
51.052
50.737
51.195
51.648
52.101
47.974
57.984
67.993
67.987
68.025
68.03
