48.21
54.004
54.089
54.175
53.823
59.804
52.865
45.925
46.193
45.437
47.043
45.172
45.102
45.031
49.802
54.573
60.259
60.608
48.35
48.053
48.259
48.464
48.784
48.961
49.386
49.811
53.635
52.579
51.523
49.624
68.594
68.355
49.324
49.088
48.43
47.892
46.207
48.629
48.969
48.961
48.953
48.926
48.942
48.817
50.214
54.22
55.709
57.199
59.651
57.212
54.774
48.882
48.934
49.271
49.279
49.303
49.565
48.725
48.877
47.878
45.954
47.926
48.541
49.099
49.145
67.831
68.111
67.991
48.383
48.712
48.233
48.238
49.08
49.267
49.28
49.015
69.901
70.01
69.938
69.985
69.942
69.898
69.859
51.575
51.279
51.063
51.109
51.003
51.278
51.165
51.259
51.017
51.171
51.117
51.658
52.916
53.242
53.305
53.3
53.372
53.367
53.138
52.551
50.638
52.366
52.824
52.663
52.502
46.532
43.527
43.061
44.969
48.788
52.607
55.696
57.038
52.297
60.179
60.033
59.887
68.042
68.133
67.897
60.162
60.214
60.347
60.079
59.811
60.787
59.769
60.059
57.928
55.797
54.634
55.956
55.889
55.822
54.737
62.453
62.15
54.954
56.286
53.086
53.13
52.908
53.491
52.863
52.619
53.348
52.876
53.169
53.278
53.202
59.921
59.97
60.157
59.986
59.866
60.039
60.407
60.107
53.315
53.157
64.6
65.005
60.429
64.022
59.727
55.432
57.005
57.804
57.322
57.072
57.512
57.244
56.573
51.082
49.384
47.686
51.107
60.994
61.593
50.017
50.667
51.366
51.875
52.753
53.107
51.759
51.291
51.038
50.584
50.129
54.499
52.733
52.962
53.098
52.696
53.314
53.017
52.372
53.334
52.551
52.662
53.137
52.836
52.913
53.081
52.734
53.013
52.996
52.812
52.915
52.416
51.935
54.278
53.495
53.862
53.387
53.594
53.357
52.513
52.58
68.119
55.855
43.591
43.961
43.413
53.119
52.229
51.932
51.896
52.029
52.114
51.95
51.841
50.897
50.576
48.584
49.242
45.296
44.499
43.872
55.805
56.079
55.769
55.387
55.715
55.652
57.315
44.134
44.611
44.693
44.632
44.778
44.923
44.885
43.791
55.952
56.191
52.531
48.87
48.184
48.286
48.575
55.775
51.216
50.145
49.074
48.97
48.522
48.537
48.551
49.604
49.516
49.09
49.222
49.067
48.977
49.381
48.949
49.321
49.234
49.39
49.276
49.147
49.188
49.14
49.688
49.628
49.568
49.178
48.971
49.364
49.126
49.165
49.317
49.364
49.24
49.245
49.279
49.141
49.483
49.28
49.079
49.448
49.162
49.264
49.216
49.162
48.913
49.341
49.244
49.191
49.238
49.177
49.651
49.282
49.375
49.475
49.294
49.331
49.149
49.266
49.305
49.286
49.354
49.298
49.515
49.477
49.444
49.505
49.619
49.448
49.572
49.273
49.331
49.523
49.517
49.41
49.601
49.403
49.404
49.357
49.269
49.24
49.269
48.965
49.035
49.193
49.003
49.495
49.166
49.235
48.21
47.185
48.365
56.009
70.068
69.958
70.057
60.069
50.081
48.641
48.451
69.952
69.99
70.042
70.175
69.083
67.991
67.96
62.406
69.674
62.49
55.306
56.341
54.77
56.504
68.115
67.917
67.927
68.207
68.218
68.229
49.74
48.339
49.033
49.385
49.144
48.846
48.603
49.338
80.072
80.034
47.815
48.642
82.12
83.261
81.811
68.004
67.923
67.999
68.022
68.035
68.03
67.997
68.06
48.911
48.686
48.482
65.022
65.023
67.959
68.167
65.042
65.015
76.925
76.983
76.941
76.903
76.864
62.463
65.187
67.911
79.947
79.995
79.938
79.999
79.96
67.941
68.022
68.022
49.536
48.37
48.384
48.767
67.907
67.86
68.007
67.87
75.011
75.056
74.022
72.987
72.955
73.063
