49.91
50.287
50.108
49.036
49.652
59.216
58.852
49.555
49.517
50.604
50.344
50.084
49.919
49.932
50.327
49.746
49.66
49.833
50.005
50.042
49.935
49.787
49.874
49.805
49.776
50.042
50.113
49.996
57.113
57.227
61.918
61.583
55.673
60.881
55.731
50.581
50.344
56.089
61.835
61.731
62.184
50.284
50.064
50.064
50.065
49.801
48.802
57.319
65.835
66.198
49.988
49.82
49.824
51.826
53.828
53.137
57.404
61.671
61.86
62.041
62.046
54.414
58.164
61.914
61.788
83.719
83.745
55.162
54.745
54.748
54.945
54.838
54.544
54.719
54.771
54.827
54.787
55.02
54.841
55.041
55.149
55.014
55.026
55.34
62.041
61.898
55.193
55.142
55.278
55.132
55.105
67.178
67.119
62.344
62.226
55.283
55.395
55.367
55.339
55.146
54.587
54.027
58.044
50.551
52.904
55.257
55.266
55.192
55.189
55.186
55.284
55.327
55.23
55.14
43.088
43.143
54.751
49.124
43.497
45.31
44.765
44.219
44.904
44.723
44.543
56.768
57.33
56.871
56.413
57.905
56.11
57.002
57.895
56.748
56.908
57.068
56.198
55.327
50.694
50.072
49.45
48.744
48.039
47.064
46.089
52.041
57.993
57.616
57.58
57.545
57.477
57.408
57.758
57.835
57.913
47.892
48.446
46.073
47.939
51.056
54.174
55.712
54.247
53.25
53.441
51.699
49.956
49.806
49.655
48.759
48.896
60.979
61.091
61.824
61.066
60.308
61.017
61.727
61.677
61.714
61.751
61.948
61.999
61.969
50.262
49.799
49.835
49.445
49.227
68.827
69.19
69.013
68.523
49.802
49.802
49.467
50.054
49.713
49.856
49.827
49.976
49.753
49.918
50.025
50.085
56.137
62.188
61.882
62.083
62.09
61.608
62.141
69.247
68.945
50.174
50.299
50.562
50.619
50.89
51.166
51.673
51.224
51.04
51.229
51.809
51.484
51.563
51.641
51.291
63.841
64.053
64.283
63.804
63.934
62.586
56.341
50.096
49.849
50.134
50.075
50.392
50.046
49.953
49.856
49.956
50.031
50.041
50.116
49.785
50.193
50.29
50.32
49.538
49.811
50.085
51.05
49.511
62.042
62.006
61.952
62.081
62.123
49.95
50.819
49.431
49.53
49.629
50.857
49.805
49.942
50.037
50.374
49.597
49.534
49.782
50.296
50.175
49.699
50.182
50.908
49.854
62.211
62.237
62.273
62.172
62.244
62.106
62.033
62.102
62.205
62.308
62.088
62.097
57.954
53.81
53.99
53.77
61.958
73.867
73.659
73.654
73.649
49.615
48.964
49.04
49.409
49.125
49.321
49.516
49.851
50.396
51.032
51.035
51.699
51.182
50.125
51.127
51.702
51.581
51.689
51.036
51.482
51.748
52.237
51.658
51.713
51.496
51.48
51.463
51.863
52.512
53.026
53.597
54.113
54.531
54.525
54.529
54.29
55.107
54.266
54.754
54.562
54.633
54.438
54.278
54.658
54.682
54.391
54.919
54.116
54.414
54.265
54.636
54.724
54.73
54.834
54.612
54.853
54.402
54.692
54.122
54.535
54.478
54.522
67.111
67.054
66.981
66.973
70.825
70.904
70.947
70.915
58.512
58.929
70.934
70.941
