65.965
65.845
62.997
64.31
65.624
65.125
65.055
65.202
64.86
65.222
64.987
65.129
65.129
65.13
77.095
77.054
65.266
65.225
65.184
54.779
54.029
54.821
55.257
55.464
55.916
56.333
56.236
56.136
56.12
56.062
55.858
55.749
55.896
56.074
56.319
56.509
55.442
54.775
49.353
49.279
48.617
48.98
49.098
48.435
50.928
56.698
56.661
56.104
55.615
55.516
55.432
55.564
55.627
55.74
55.941
55.933
56.022
55.606
49.433
47.968
48.95
49.507
49.078
57.71
58.64
70.749
70.659
70.541
70.44
70.673
70.836
71.01
71.097
71.076
70.968
70.938
70.789
70.652
59.348
47.972
49.757
51.269
52.78
56.23
59.763
70.374
70.355
70.289
70.388
70.504
70.45
70.567
70.641
70.872
71.034
70.949
70.775
70.688
70.614
70.643
70.391
69.986
69.589
69.192
57.13
57.381
68.914
69.138
69.392
69.224
69.134
69.135
69.165
69.395
69.274
69.809
69.69
69.712
69.127
61.061
61.146
46.461
45.682
46.203
45.93
45.656
58.403
58.958
59.513
61.135
62.756
56.995
57.257
57.273
69.089
68.853
68.742
68.552
56.287
56.243
56.188
56.405
68.777
69.11
69.617
70.124
70.198
69.825
69.677
69.53
69.724
69.899
70.074
70.05
69.885
69.725
69.566
57.418
57.054
69.137
69.397
69.81
69.917
69.918
57.463
57.617
57.049
69.68
69.895
69.886
69.892
60.932
61.177
61.421
61.07
60.719
65.447
64.826
64.323
64.24
61.018
61.422
61.34
61.345
61.35
61.438
60.099
65.647
64.127
64.06
60.627
57.194
57.233
57.273
46.048
46.171
46.713
45.428
45.911
46.044
71.661
70.63
69.565
69.157
68.719
68.912
68.971
69.01
69.261
57.369
57.765
57.714
57.664
57.704
56.344
46.304
45.489
45.556
45.623
59.977
70.239
69.927
69.57
69.322
76.299
76.287
76.295
76.338
76.455
76.553
76.53
76.265
75.763
56.072
54.682
53.445
52.208
51.121
51.203
50.858
50.512
63.459
63.676
64.39
64.513
52.365
52.181
64.239
64.61
64.594
58.653
52.712
52.775
49.482
46.743
46.157
46.389
45.806
66.999
66.423
66.174
67.115
66.462
65.899
73.173
72.877
72.825
72.912
73.147
67.83
67.356
68.295
67.428
67.508
67.588
68.259
67.974
68.199
67.919
68.179
67.928
68.094
67.933
67.97
68.008
68.095
68.183
60.791
63.548
58.412
53.275
54.041
78.032
78.091
72.215
66.338
66.391
66.444
65.939
66.006
66.073
66.289
66.006
66.169
65.96
66.419
66.907
67.92
67.303
66.981
66.366
66.145
66.274
66.489
66.324
65.917
72.945
73.052
65.941
66.033
66.51
66.283
65.662
65.273
65.142
65.086
64.937
64.688
63.397
64.186
72.006
72.111
64.142
63.876
63.611
64.726
65.842
64.134
64.106
64.258
64.41
64.683
64.744
64.196
65.72
65.947
66.174
73.275
73.257
72.933
72.979
65.439
57.899
58.258
58.095
57.852
57.796
66.076
64.115
64.248
64.361
64.255
64.255
64.201
64.127
63.865
