72.953
73.942
74.931
73.003
73.057
67.908
67.954
67.961
67.967
67.94
68.063
67.859
68.031
67.887
67.963
68.064
67.831
68.162
67.737
68.134
67.805
68.005
68.003
67.799
68.202
41.384
41.248
41.038
40.599
41.227
41.021
41.186
40.949
41.305
41.451
41.172
41.197
40.858
41.131
41.225
40.987
40.803
41.3
41.288
41.327
41.431
40.914
40.447
41.245
41.005
41.51
41.23
41.387
40.889
41.155
40.464
41.533
41.338
72.894
75.09
75.022
74.969
75.014
74.998
74.995
74.967
74.967
74.993
74.94
74.978
75.051
75.026
67.982
67.774
67.566
68.127
67.83
68.256
67.781
68.147
67.912
68.265
67.933
67.998
68.052
67.929
68.155
67.683
68.166
67.844
68.216
67.588
68.142
67.755
68.129
67.626
67.775
67.925
67.888
67.781
67.674
67.743
67.811
59.02
50.23
48.447
46.665
44.824
43.594
41.446
42.395
43.503
44.21
44.918
44.013
47.3
47.569
45.13
45.032
47.068
45.96
44.852
43.795
41.167
43.062
42.624
42.185
43.852
43.193
42.6
42.006
43.554
45.102
43.734
42.262
40.791
43.128
43.319
43.634
42.815
44.401
44.564
43.437
39.186
42.743
46.299
44.521
39.665
41.171
41.619
42.067
40.304
38.542
43.392
61.442
61.414
61.262
61.225
68.724
68.733
68.509
68.557
68.798
68.903
69.009
69.091
50.879
51.006
50.469
45.9
45.113
44.325
44.609
42.869
41.128
50.946
48.92
52.831
56.742
69.595
69.169
71.062
72.956
72.95
72.959
73.037
72.956
72.98
72.997
72.981
73.042
72.953
72.982
72.979
72.984
73.047
72.981
72.967
72.944
55.387
55.077
54.598
72.992
72.944
73.016
67.867
68.291
67.918
68.45
68.159
68.045
67.9
66.971
68.339
67.503
67.595
67.687
68.334
67.655
69.835
72.014
72.011
72.019
71.929
72.028
81.257
81.32
81.538
81.561
81.704
76.753
76.733
76.668
43.718
43.951
43.923
43.918
44.067
43.428
44.139
43.395
43.984
43.797
71.936
71.969
71.914
71.95
43.939
43.644
44.203
72.646
72.635
72.548
72.705
72.158
72.013
71.948
71.959
71.98
72.028
72.011
72.255
69.934
69.997
69.97
69.994
69.959
69.96
69.978
69.995
69.98
69.962
69.925
69.962
69.986
69.98
69.952
69.92
69.993
69.95
69.953
72.334
74.715
74.654
74.425
74.45
74.517
74.739
74.909
75.113
75.315
63.331
63.324
63.271
63.198
60.602
43.893
43.506
43.762
43.437
44.411
70.098
70.018
69.985
69.963
69.969
69.968
69.971
69.969
69.961
69.983
63.256
63.346
63.303
69.976
69.982
69.979
69.946
69.949
69.959
69.963
69.996
63.089
61.182
60.766
60.436
60.269
60.149
60.246
60.432
60.734
60.931
60.896
60.922
60.896
60.889
60.157
60.186
59.972
59.857
59.709
60.119
65.124
70.129
70.039
69.823
70.108
69.879
70.085
69.88
70.138
70.003
69.855
69.89
69.977
70.145
70.106
69.729
70.183
70.002
69.798
69.914
69.949
69.983
55.794
55.607
55.22
67.89
67.873
67.815
67.756
67.207
67.46
67.526
67.32
54.894
55.117
49.272
52.969
56.667
50.795
60.419
70.042
69.963
70.012
69.989
69.98
69.961
70.032
69.977
69.955
70.019
69.89
69.942
69.982
70.089
69.962
69.889
69.915
69.96
69.97
69.97
70.037
70.05
70.064
69.915
69.999
69.919
70.03
69.955
70.014
69.945
70.044
69.983
60.054
60.392
59.779
59.515
71.389
71.404
71.517
71.548
71.639
71.863
71.878
71.576
73.243
74.91
75.023
75.012
69.91
72.447
71.228
70.009
69.974
69.956
69.938
69.978
69.997
69.978
69.96
75.037
75.019
70.036
63.505
62.323
62.677
62.925
62.87
74.928
75.055
75.186
75.113
75.117
75.14
75.116
63.143
66.601
70.059
69.893
59.951
50.008
49.278
63.611
63.059
62.507
62.665
62.844
62.84
62.907
63.018
63.019
63.025
63.006
63.056
63.091
62.813
69.974
69.985
70.02
