58.196
58.007
58.007
57.883
65.475
72.64
72.365
77.003
77.058
77.203
69.165
73.366
73.085
72.803
72.711
69.119
65.527
53.977
54.007
54.152
64.948
65.088
65.185
64.906
65.232
64.944
57.457
58.759
58.648
77.355
77.431
77.403
77.374
77.426
70.308
70.398
70.149
69.981
58.315
57.789
60.86
60.854
60.966
64.828
64.943
64.968
64.848
68.995
73.142
73.092
72.655
59.408
60.144
60.88
60.709
66.702
72.695
72.864
72.948
73.104
72.933
59.597
60.897
61.062
61.066
61.087
60.963
60.844
60.928
61.7
62.626
62.108
74.008
73.731
73.402
73.212
73.215
73.216
73.284
73.317
73.574
74.041
74.46
74.708
74.777
74.709
74.688
74.688
74.663
74.628
74.716
74.74
74.722
74.729
74.732
74.697
74.651
74.678
74.698
74.729
74.693
74.714
74.696
74.674
74.688
74.751
74.732
74.829
65.989
66.046
66.003
65.96
63.1
63.094
61.953
61.947
62.396
62.66
53.696
59.876
66.057
74.357
74.493
74.597
74.658
74.754
74.727
74.625
74.582
70.33
66.077
66.097
66.069
66.003
66.132
66.145
66.015
66.073
70.198
74.323
74.295
58.763
58.905
59.059
59.213
58.933
59.138
59.053
59.143
58.896
59.108
60.171
60.139
60.624
60.046
59.67
61.263
59.613
59.624
59.683
59.742
60.597
59.808
59.76
59.712
59.797
59.881
59.776
59.672
59.833
60.002
59.543
59.03
58.609
69.167
68.492
66.374
58.94
58.986
59.145
58.877
59.253
73.926
78.855
78.934
78.96
79.006
79.127
79.248
79.473
62.355
60.023
60.845
61.666
58.793
55.919
55.712
55.004
60.297
61.919
60.808
68.011
68.118
68.643
68.392
74.737
74.557
74.682
74.808
74.97
75.066
68.041
68.05
67.974
67.911
67.787
67.669
67.668
55.893
55.502
56.169
55.847
56.106
56.392
59.069
59.498
58.61
57.883
57.944
58.006
59.583
70.588
70.781
60.195
60.828
60.683
60.863
60.741
57.067
56.645
56.33
56.071
55.987
56.017
55.817
55.991
56.172
56.485
56.932
57.379
60.635
60.921
60.857
57.429
57.729
57.627
57.688
60.592
60.76
57.638
57.526
57.619
57.54
58.144
58.748
57.761
57.944
57.927
57.969
57.894
57.939
57.826
57.955
58.084
58.107
57.956
57.997
58.103
57.955
57.908
66.073
66.189
65.994
57.965
58.035
58.01
57.873
57.763
57.899
57.971
66.052
66.112
66.11
66.052
58.496
57.234
58.08
59.61
61.141
61.195
60.596
59.587
58.25
57.788
57.785
57.833
57.869
58.094
58.252
58.323
58.151
57.73
57.953
57.886
57.857
57.947
57.808
57.669
58.078
58.016
57.987
66.101
66.005
58.012
58.153
58.168
65.984
66.069
66.029
73.098
73.063
