61.257
60.925
60.592
60.588
60.642
60.942
54.214
59.318
64.422
64.226
58.193
58.239
64.393
64.281
63.913
63.896
64.074
64.401
60.941
57.48
57.953
54.667
59.271
55.791
52.311
53.083
53.055
53.588
53.418
53.248
53.182
53.383
53.45
52.973
53.313
53.478
53.383
53.408
53.565
53.848
53.655
53.814
53.915
53.458
53.373
54.246
55.785
58.148
70.855
70.439
77.206
77.16
76.976
76.952
76.921
76.95
76.971
77.044
70.056
69.885
65.478
61.072
61.054
61.088
61.057
61.03
60.997
61.038
61.033
60.962
60.89
60.878
66.813
72.748
72.8
72.892
72.93
60.925
61.096
61.042
60.988
60.535
60.986
60.913
61.035
61.086
60.979
61.067
61.002
60.98
60.959
61.129
61.3
61.621
61.496
62.22
62.199
61.793
61.668
62.111
62.555
62.651
66.024
66.054
66.04
62.572
62.755
66.064
66.014
66.019
64.458
62.897
58.495
62.258
62.625
62.992
54.074
60.054
66.034
65.985
65.992
65.978
66.07
66.099
66.082
65.987
66.033
66.04
66.068
65.936
66.112
66.062
61.827
62.586
74.516
74.253
73.887
65.975
62.126
64.16
66.193
66.017
66.105
66.098
74.523
74.586
66.118
66.108
66.073
66.118
66.162
66.169
53.981
54.059
54.128
54.087
58.187
62.287
62.44
54.779
57.021
59.263
59.004
59.057
59.013
58.957
74.3
74.121
73.969
73.354
72.995
72.755
72.594
72.494
72.682
72.879
72.933
72.982
73.013
72.976
72.973
72.904
72.866
69.418
71.194
72.969
72.992
72.938
72.669
72.163
71.523
70.944
57.823
56.34
55.405
55.04
54.821
54.886
54.76
55.354
55.566
74.742
74.641
74.653
74.647
74.619
74.71
74.829
55.598
55.878
55.967
56.2
56.135
56.173
56.361
55.389
57.632
53.21
57.258
61.306
60.43
64.78
69.13
68.996
68.461
68.517
68.42
68.369
68.319
68.529
68.202
68.064
68.051
65.174
56.306
56.494
55.801
56.064
56.088
55.868
56.084
55.943
56.123
55.614
71.851
71.578
78.146
77.928
77.763
77.773
77.651
77.53
77.6
77.744
59.315
58.06
58.631
59.517
58.583
57.65
56.721
55.793
56.343
61.024
60.379
60.786
61.193
61.207
61.221
69.212
69.643
70.179
65.691
67.912
70.133
70.189
69.975
69.959
69.978
70.001
70.154
70.017
70.01
69.994
70.032
70.003
70.446
71.163
71.192
77.958
77.857
77.718
77.617
77.602
77.533
77.551
77.629
77.7
77.774
77.821
70.634
70.36
69.864
61.182
61.043
61.011
70.11
70.085
69.894
57.913
58.11
57.784
57.482
57.3
57.465
57.111
68.825
68.018
57.938
57.672
57.854
58.035
58.311
57.112
54.143
53.337
59.251
65.165
65.104
65.12
65.136
65.15
65.163
59.752
54.34
54.753
56.287
62.373
59.171
55.968
56.628
60.882
65.136
64.974
64.87
64.766
64.775
52.775
52.844
52.116
52.73
53.343
53.337
53.447
53.197
53.16
53.473
53.647
53.568
55.939
58.309
58.103
57.898
58.266
58.06
58.162
58.264
58.272
57.942
58.023
58.253
58.063
57.945
58.015
58.184
57.99
57.889
58.177
58.01
57.72
58.032
58.144
57.96
57.933
58.022
58.022
57.892
58.04
58.141
57.981
