67.95
67.939
67.988
67.932
68.019
67.96
67.972
67.955
67.707
68.067
68.003
68.054
67.948
67.961
67.975
67.907
67.961
67.943
67.958
67.929
67.918
67.942
67.968
67.994
67.941
61.317
61.084
61.368
61.653
61.214
68.632
68.07
61.376
60.937
60.975
61.381
64.806
63.247
61.688
65.809
69.93
69.983
70.235
68.135
68.027
67.935
67.946
67.956
67.952
67.641
67.877
67.942
67.957
67.976
67.959
67.975
67.962
67.938
67.961
67.946
67.921
67.926
67.936
67.962
67.959
67.947
67.909
67.965
67.515
66.944
74.095
73.657
73.481
67.732
67.714
67.696
74.028
74.188
74.197
74.302
70.868
67.434
67.593
67.753
67.967
67.988
67.911
67.953
67.942
67.904
68.102
68.068
67.881
67.909
68.142
67.908
67.824
71.132
74.439
74.201
74.476
67.402
67.167
67.822
75.004
74.983
74.996
74.98
75.032
68.043
69.245
69.2
69.191
69.275
69.409
69.566
57.653
57.629
57.881
57.088
57.533
57.617
57.402
67.965
67.959
67.956
67.921
67.953
67.946
67.894
67.932
67.97
68.109
68.138
68.038
68.163
68.288
68.843
69.397
56.989
56.69
55.209
55.043
67.895
67.97
67.953
67.95
67.907
67.936
67.985
66.934
74.16
74.366
74.046
74.339
74.158
74.549
74.618
67.897
67.836
67.903
55.241
55.527
55.58
55.312
55.456
55.57
55.952
56.341
57.264
57.912
58.374
57.995
57.968
58.44
57.686
58.884
58.172
58.165
58.47
58.679
59.095
59.363
59.616
59.869
59.796
59.724
59.623
59.765
60.094
59.656
60.1
60.231
60.329
59.974
59.695
59.897
59.176
59.775
59.411
59.798
60.055
67.93
67.957
67.943
67.948
67.894
67.953
67.956
67.928
59.747
58.242
70.005
69.812
69.628
69.597
69.675
69.745
69.692
69.703
69.747
69.507
69.15
57.233
62.651
68.069
67.9
67.962
67.977
67.973
67.972
67.914
65.316
62.718
63.718
63.528
63.137
70.068
70.145
70.376
70.696
71.044
71.003
70.818
70.565
70.454
70.584
51.722
51.983
52.23
52.485
52.536
52.264
51.98
51.763
51.853
51.936
51.962
52.212
52.471
52.548
52.604
52.758
52.765
52.639
52.56
52.776
52.703
52.713
52.814
52.896
44.365
46.24
45.66
45.079
45.406
45.932
43.6
45.464
46.2
46.935
45.455
44.9
44.345
43.758
46.459
44.586
43.696
45.574
45.73
43.609
44.061
61.667
70.033
69.981
69.978
69.962
69.963
69.962
69.971
69.966
69.975
69.961
69.972
69.95
69.96
69.948
69.971
69.955
69.959
69.982
69.94
69.957
69.933
69.97
69.958
69.995
69.941
