73.003
70.44
71.741
73.042
72.938
72.977
67.995
67.961
72.967
72.86
72.6
73.268
67.784
68.151
67.888
67.867
67.846
68.003
68.026
67.828
68.088
67.84
73.047
72.976
72.97
67.805
67.932
73.02
72.947
73.014
73.004
72.994
70.773
72.928
75.082
74.674
72.939
61.814
50.689
50.935
75.048
75.144
74.926
73.508
73.256
73.004
73.017
67.135
72.921
78.708
78.73
76.506
74.95
69.936
70.071
69.92
70.036
69.986
70.015
69.928
69.954
70.064
70.037
69.966
70.02
70.073
70.091
77.367
77.327
70.075
69.97
69.797
69.055
68.313
67.851
67.587
67.379
68.685
69.991
70.01
70.018
55.456
56.309
56.536
56.404
56.352
54.782
69.99
69.997
72.509
71.216
69.924
71.007
72.09
72.024
71.999
72.044
71.988
71.982
72.012
72.021
72.019
71.994
71.98
71.963
71.947
71.903
71.957
71.929
71.976
71.96
72.012
67.54
69.752
71.964
71.97
71.984
71.989
71.988
62.988
63.076
63.023
62.929
63.197
72.817
72.675
72.573
72.31
72.269
72.31
72.253
72.078
71.941
71.754
69.848
69.918
69.894
69.889
69.898
69.946
69.934
69.934
69.947
69.95
69.948
69.983
69.995
69.958
69.974
69.981
69.978
69.993
70.017
72.484
74.95
75.035
75.068
75.021
75.01
75.065
75.067
75.068
63.131
63.188
63.257
63.266
62.935
62.533
62.706
62.632
62.54
63.488
75.064
74.87
74.65
74.499
74.348
74.357
74.366
74.439
74.881
75.099
69.975
69.971
69.974
69.982
69.962
69.96
69.953
69.956
69.987
70.074
73.157
73.047
72.988
72.953
72.801
72.838
72.818
72.868
73.097
73.32
61.34
60.544
58.599
44.206
43.613
43.477
43.827
43.366
44.347
44.208
43.955
61.008
72.299
71.775
78.318
78
72.141
71.948
72.073
71.873
71.987
71.977
71.968
71.893
71.891
71.919
71.946
71.815
71.965
72.011
71.989
71.961
54.899
53.728
52.404
62.202
71.999
71.953
71.927
71.909
71.946
67.295
67.068
60.948
54.827
54.284
54.562
54.288
53.998
54.228
54.506
55.104
70.294
69.852
69.988
69.987
70.027
69.926
70.055
69.951
69.902
70.037
69.893
70.174
70.087
70.093
70.023
70.146
70.268
70.157
70.12
70.157
70.092
69.861
69.83
57.254
55.962
55.55
56.495
56.644
58.134
59.086
60.157
72.755
72.526
72.219
71.854
71.709
71.7
71.885
71.939
72.105
72.24
75.241
75.057
75.045
75.075
75.004
74.991
75.073
62.934
62.962
63.089
62.92
62.986
62.948
62.91
70.002
69.998
69.982
69.967
61.321
61.581
61.897
73.96
74.289
74.251
74.424
74.22
74.538
74.592
74.723
74.855
74.931
75.018
74.901
74.784
74.964
75.038
74.932
75.052
74.828
74.448
74.239
82.253
82.086
82.062
82.015
82.108
81.948
74.536
74.753
74.734
74.623
74.645
74.59
74.615
74.623
62.371
61.958
61.534
61.218
61.053
60.993
72.905
72.9
72.893
72.823
72.728
72.681
72.777
72.865
72.912
72.958
72.762
72.127
71.98
70.91
69.84
69.838
69.835
70.221
70.607
59.623
60.065
75.113
75.048
75.046
75.022
74.93
75.03
75.037
59.872
59.821
60.114
59.791
59.607
59.561
59.272
70.377
70.09
69.701
56.599
56.083
55.563
54.997
54.342
53.743
53.106
69.971
69.998
54.253
54.743
54.877
55.167
55.326
54.84
70.031
69.914
70.077
69.954
70.044
70.194
69.32
68.446
74.918
75.238
68.082
67.823
67.872
67.921
68.001
68.099
67.959
67.973
67.937
67.9
67.952
67.849
67.94
68.168
68.277
68.03
67.727
67.964
67.972
67.98
67.987
67.903
67.968
67.97
67.903
68.081
57.514
59.319
60.592
60.496
72.117
71.866
71.714
71.542
71.698
71.915
72.165
72.229
75.036
74.99
75.01
74.988
74.981
74.96
74.981
75.002
67.967
68.063
68.023
67.983
68.057
