62.198
46.375
46.707
62.234
61.989
51.556
51.294
51.032
50.525
50.018
74.045
73.96
50.208
50.153
50.324
50.059
50.153
50.017
49.888
49.884
50.228
62.039
62.011
62.036
62.175
56.994
51.197
50.187
49.176
50.405
49.956
50.038
50.139
49.829
49.902
50.259
49.977
49.962
49.991
49.907
50.289
57.321
56.145
56.047
62.78
63.712
62.784
63.296
64.202
64.167
63.386
62.702
62.017
62.623
64.147
63.792
63.763
64.236
64.058
63.632
45.086
45.212
44.738
45.472
45.18
45.016
44.272
64.017
64.075
64.088
64.022
64.036
64.041
64.101
66.938
69.775
70.734
71.198
71.561
71.91
72.286
72.643
72.965
73.114
59.596
49.832
50.002
64.966
64.967
64.976
60.183
60.468
60.795
60.937
60.853
72.938
72.873
73.024
72.945
72.912
72.786
72.188
68.621
65.053
65.12
65.016
64.998
65.03
62.877
60.724
60.663
60.846
60.744
60.882
60.632
61.001
60.506
60.952
65.049
64.883
64.939
64.994
72.916
72.802
79.928
79.879
79.867
79.891
79.857
72.777
72.755
72.599
72.632
68.718
64.804
45.559
44.696
45.294
45.143
44.78
62.318
62.31
62.346
62.203
62.248
62.305
62.345
62.32
62.489
62.75
63.108
63.258
63.371
63.379
62.955
62.395
61.839
61.367
61.455
61.52
61.714
61.797
61.775
61.63
61.507
61.482
61.15
60.563
66.156
71.75
72.266
70.85
69.433
64.889
60.344
60.723
60.926
60.917
60.989
60.851
61.114
61.317
61.212
61.22
61.038
50.182
49.873
49.995
49.926
49.928
50.356
51.967
52.394
51.794
52.147
51.909
51.97
52.213
51.964
51.967
52.07
51.962
52.022
52.198
51.316
55.076
56.446
58.55
58.987
59.157
59.171
59.253
59.049
59.607
59.122
59.577
59.663
59.457
53.685
58.775
58.76
58.744
59.274
59.118
59.53
71.518
71.757
71.81
71.633
71.659
71.712
59.919
59.469
59.348
59.228
57.401
45.115
45.181
47.499
59.574
59.551
71.335
71.277
71.224
71.29
71.561
71.818
71.89
59.599
58.813
64.054
64.108
64.01
63.781
67.748
71.715
71.593
71.452
71.473
71.486
71.599
71.828
59.922
59.963
59.495
53.509
63.276
63.823
64.369
63.296
64.634
58.392
59.138
60.3
72.464
72.241
72.128
72.095
72.203
72.217
72.345
72.599
72.831
72.989
72.878
72.732
72.322
71.644
71.17
71.04
71.202
71.573
71.768
71.856
71.909
72.02
59.886
58.859
56.816
44.526
46
44.775
44.586
45.885
60.614
59.886
60.101
60.055
59.779
59.868
59.704
60.051
59.807
59.719
58.677
64.875
54.267
62.601
57.322
52.044
52.7
49.256
45.812
44.888
45.259
45.254
45.245
44.787
44.988
44.448
44.463
44.767
44.998
45.049
45.111
45.202
45.178
56.584
57.421
57.806
57.828
57.951
57.716
57.746
57.739
57.102
57.666
57.585
46.199
47.557
46.576
47.688
56.672
57.388
57.208
69.474
69.581
69.539
69.466
57.295
57.273
57.312
57.1
57.312
57.043
55.356
64.677
56.734
58.724
60.714
70.004
69.394
62.695
55.995
56.436
62.061
75.756
75.868
76.044
76.15
57.069
56.64
62.036
62.032
62.039
62.033
62.058
65.883
65.039
71.679
71.44
71.213
71.144
71.133
64.099
64.122
63.652
63.54
63.26
63.203
62.785
62.561
63.828
65.37
66.71
67.014
66.947
66.876
74.055
74.077
74.037
74.068
73.975
74.031
74.142
74.148
74.076
74.043
74.103
74.127
74.227
74.297
74.326
74.477
53.079
52.163
51.038
53.203
52.606
52.009
52.301
64.028
64.065
53.058
51.907
57.191
57.872
58.553
67.559
76.565
76.688
76.699
76.773
76.863
76.693
76.902
76.652
76.744
76.574
76.573
76.184
76.039
75.907
68.416
68.24
67.807
67.001
67.626
66.201
65.503
54.853
53.934
55.401
53.953
55.492
55.723
56.055
68.431
75.725
75.496
64.528
60.299
56.069
56.86
44.286
44.594
76.562
76.667
44.521
45.072
76.873
76.702
56.975
56.072
55.48
54.985
55.311
56.617
56.589
75.412
75.132
74.855
56.121
56.097
75.193
75.454
56.513
56.31
56.296
45.199
44.62
56.466
56.484
55.107
56.12
55.443
63.509
63.063
63.312
63.56
63.571
63.812
63.757
63.528
63.37
63.529
63.768
64.032
64.105
63.853
63.651
63.688
63.747
63.951
64.037
64.119
63.932
63.766
63.55
63.786
64.185
64.101
63.773
63.543
64.083
64.623
65.606
66.589
45.234
45.723
44.136
45.21
43.894
68.657
68.607
68.505
68.124
68.614
69.047
69.364
70.171
69.198
50.189
49.701
46.615
57.916
50.954
43.993
44.381
44.986
44.185
45.18
45.093
