55.966
55.722
64.654
64.594
64.448
64.339
64.358
71.179
71.16
71.097
71.043
71.102
71.085
70.92
70.777
63.647
62.924
63.972
66.018
58.295
63.157
59.692
59.221
58.751
59.505
59.64
71.817
71.894
71.497
71.671
71.829
72.225
72.538
72.504
72.611
72.749
72.971
60.524
60.785
60.661
60.817
60.974
68.086
68.034
61.017
61.206
60.169
59.009
59.413
70.792
70.682
70.666
70.551
70.559
70.676
70.679
70.771
70.768
70.941
59.053
58.365
68.047
68.039
67.975
60.929
60.925
61.16
60.96
60.637
65.498
70.36
69.696
69.224
68.817
70.142
70.117
69.875
69.314
69.471
69.629
69.743
69.748
69.752
69.78
69.722
69.663
69.839
70.043
70.204
70.243
70.197
69.967
69.777
57.605
57.527
65.973
69.803
69.868
69.952
69.996
70.041
70.087
70.029
69.895
66.03
66.123
66.118
66.014
66.084
66.131
58.119
58.176
70.209
70.147
70.045
69.931
69.822
69.817
73.038
73.065
69.8
69.807
69.746
69.671
73.06
73.09
69.814
69.841
69.679
71.372
73.064
73.011
73.053
73.131
71.762
70.393
70.418
77.513
77.499
77.525
77.562
77.59
77.711
70.689
70.311
57.519
56.91
56.923
56.936
57.33
57.754
57.717
57.649
57.808
57.806
57.643
57.506
57.739
57.854
57.904
67.893
67.863
67.938
68.077
68.065
68.123
68.181
68.284
68.153
68.042
67.922
68.081
68.07
68.121
68.173
67.947
68.016
67.976
67.937
68.066
60.992
61.112
63.022
64.932
65.138
65.043
65.067
65.034
65.136
65.083
65.045
65.071
53.127
53.144
52.775
56.911
54.917
52.924
53.366
52.233
54.626
56.509
57.392
56.794
64.892
72.99
73.07
73.058
73.053
73.047
73.011
57.833
57.646
73.104
73.032
73.035
73.038
73.051
73.035
73.057
73.043
73.019
73.046
73.006
62.561
52.116
64.653
55.611
66.243
59.557
52.871
53.12
76.997
77.093
77.227
70.398
70.471
70.311
70.109
58.2
53.048
53.243
53.411
52.566
55.533
58.501
69.971
69.762
69.463
69.452
69.601
69.553
69.505
69.627
69.675
69.61
69.568
69.601
69.623
57.82
57.743
58.347
57.699
57.675
57.757
58.048
57.851
58.367
58.308
77.615
77.351
77.262
77.266
77.404
77.468
77.399
58.26
58.255
77.482
77.794
70.553
58.335
58.25
66.183
66.015
66.127
65.993
66.006
66.019
70.123
70.131
69.791
69.705
69.683
69.66
69.727
57.666
57.659
69.919
69.859
69.763
69.378
69.483
69.701
70.14
70.075
70.055
63.014
55.974
55.337
67.528
67.228
54.861
55.457
55.42
55.242
55.435
54.563
53.728
63.056
63.137
63.021
63.065
63.098
64.281
65.464
53.422
52.835
53.151
53.015
53.222
65.922
66.026
53.719
53.835
51.882
50.035
48.188
53.103
58.019
58.018
58.029
58.041
58.13
58.219
57.835
58.103
57.846
58.065
