60.183
59.986
59.509
59.558
77.101
77.067
64.776
65.277
64.881
64.794
64.725
64.657
64.785
59.911
60.861
61.907
61.904
62.177
62.119
61.873
61.953
62.033
61.895
62.076
62.062
62.069
59.114
58.963
59.054
58.927
59.05
58.813
59.245
59.526
59.45
58.934
54.036
54.232
54.027
53.814
53.602
53.652
53.572
53.492
53.577
52.965
53.632
53.568
53.59
53.611
54.066
66.006
66.577
68.197
69.817
70.855
71.236
71.909
75.742
79.575
79.903
80.23
73.4
73.62
73.776
73.932
62.042
62.216
62.355
62.494
62.141
62.528
62.915
61.917
60.92
61.673
61.428
61.983
62.078
62.172
73.758
73.78
62.171
61.163
61.672
61.994
62.317
73.704
73.571
71.738
69.906
69.899
69.871
69.886
69.84
66.909
66.861
63.464
62.085
62.444
62.132
62.442
61.926
62.591
62.302
62.804
62.193
62.703
61.927
63.004
66.938
67.081
69.979
69.811
69.788
69.728
69.771
69.887
61.593
61.041
61.444
72.932
72.961
72.961
73.264
73.293
73.378
73.26
73.509
73.409
73.511
73.655
73.694
73.804
73.996
73.898
73.761
73.761
73.806
73.814
73.803
73.702
73.661
61.769
61.362
61.168
60.696
58.715
58.978
59.241
59.87
58.716
57.824
58.659
58.216
57.773
63.315
60.403
60.222
60.04
59.217
71.746
71.78
71.584
71.325
71.416
71.419
71.457
71.41
71.453
71.506
71.257
58.68
58.207
59.975
59.783
57.086
57.041
60.026
61.055
58.006
57.688
57.883
58.077
57.318
57.789
57.608
57.764
58.094
57.885
57.646
57.649
57.007
56.28
57.291
56.952
55.479
56.676
57.462
58.249
56.705
55.497
68.688
68.409
68.276
68.465
68.226
71.785
75.344
75.425
75.528
75.631
75.805
55.765
56.815
57.261
58.409
58.049
57.689
57.223
58.582
57.849
56.05
58.007
58.316
60.13
60.011
57.391
58.073
57.475
57.634
76.463
76.2
76.188
57.282
57.802
69.015
68.441
56.86
55.048
54.113
54.069
60.204
66.34
66.004
73.106
73.119
73.234
73.598
73.917
74.2
74.447
74.586
74.651
74.836
75.048
75.14
75.283
75.442
75.434
69.904
64.281
64.518
64.754
64.926
65.098
58.203
58.406
57.028
61.045
65.062
69.752
69.792
69.621
69.451
65.127
55.669
54.355
65.246
65.045
51.227
51.215
65.011
65.121
69.916
69.978
70.111
50.595
50.728
50.863
64.474
57.882
63.905
64.407
64.908
51.09
50.911
51.081
51.363
51.645
51.866
53.244
52.629
53.462
52.673
52.243
51.812
60.078
59.737
60.519
59.468
62.092
64.716
64.96
51.765
51.535
52.37
51.711
51.584
52.128
51.596
51.296
51.587
51.634
51.681
53.22
54.307
56.936
58.375
59.568
60.241
59.903
60.556
60.351
61.069
60.969
60.674
61.157
60.776
60.908
61.652
61.443
61.725
61.197
60.728
60.32
58.672
