63.803
63.917
64.007
63.912
48.678
47.843
47.307
49.52
56.323
57.665
44.563
44.073
43.88
45.657
47.864
48.442
49.116
44.642
46.185
46.263
46.342
46.069
44.656
50.834
48.11
45.387
45.977
44.527
45.114
44.637
45.056
45.381
44.74
44.661
44.57
44.902
45.032
45.216
45.178
46.408
48.096
49.785
49.591
52.67
47.048
41.427
41.725
42.073
53.238
47.756
42.274
42.114
42.193
42.014
41.443
42.741
56.635
52.126
47.616
47.68
47.09
63.959
64.045
64.044
58.043
52.042
52.204
52.22
52.09
51.315
63.903
63.879
60.292
64.039
60.247
64.583
60.901
65.456
70.012
70.693
71.077
58.499
45.345
44.871
45.007
45.232
45.115
60.396
60.553
60.486
60.572
60.619
60.567
60.677
60.764
60.925
60.982
61.026
60.242
60.091
60.187
60.068
45.105
45.221
45.254
61.122
60.597
72.617
72.684
72.68
72.871
72.789
72.871
72.769
60.001
58.978
57.776
44.41
46.209
60.719
60.283
60.27
60.079
59.99
59.902
60.078
60.255
60.329
60.403
60.515
60.618
60.865
44.429
44.789
44.819
44.895
45.543
44.948
58.561
59.402
60.244
60.017
78.91
78.593
78.349
78.256
78.311
78.5
78.869
45.191
45.194
44.718
44.618
60.82
60.867
60.674
60.481
60.472
60.53
72.469
72.5
72.449
72.415
72.503
60.6
60.199
45.181
45.251
44.815
45.335
44.84
71.369
77.724
77.593
77.546
77.476
77.529
77.498
70.404
70.384
70.363
70.341
57.774
44.638
44.413
44.953
44.969
69.393
68.924
68.512
68.369
68.346
68.345
68.226
68.224
68.241
68.268
68.305
55.275
54.963
52.258
51.733
51.949
54.685
57.421
58.117
58.078
58.771
58.919
59.728
59.625
59.612
60.015
44.667
44.817
45.189
45.002
44.929
45.049
59.908
60.243
60.618
60.624
60.51
72.727
72.52
72.449
72.529
72.484
60.565
60.534
60.464
60.394
44.866
45.022
44.91
45.029
60.984
72.465
72.393
72.346
72.407
72.506
72.61
72.54
72.621
60.847
60.481
66.706
54.816
58.677
62.537
61.291
60.045
52.551
55.891
50.472
55.122
59.771
60.073
60.374
60.287
60.254
59.225
44.685
45.156
44.866
45.048
44.769
45.09
45.517
59.097
58.865
58.633
58.36
58.087
58.081
58.076
58.434
58.792
60.015
60.474
60.714
60.75
60.661
60.553
60.724
60.406
60.315
45.421
44.792
60.587
60.572
60.609
60.561
60.37
60.168
44.762
44.909
44.658
45.111
44.921
44.914
45.071
44.726
44.72
44.763
44.97
44.968
45.107
44.838
44.97
45.001
44.985
44.836
45.137
44.875
44.931
44.966
44.138
51.811
52.001
52.001
52.107
52.009
52.078
52.044
51.848
52.134
51.932
52.076
52.174
51.945
51.94
52.344
48.961
59.506
70.051
70.523
70.874
71.327
71.875
72.153
66.434
60.715
60.719
59.896
43.836
45.548
45.294
44.388
44.883
44.99
72.487
72.4
72.517
72.672
72.575
72.481
72.495
72.547
44.988
45.053
45.198
44.986
45.403
44.996
44.872
44.827
59.765
60.336
72.48
72.557
72.461
72.347
72.427
72.379
72.414
72.472
72.365
72.339
60.165
60.181
60.254
60.304
72.347
66.148
59.95
59.885
59.744
59.796
59.848
66.153
72.458
72.36
72.301
72.101
60.155
59.842
59.809
60.123
51.845
65.558
79.27
79.245
79.127
43.777
44.81
45.018
45.227
45.179
45.291
44.931
44.883
44.603
44.478
44.497
44.673
53.167
61.662
61.545
61.675
61.805
61.766
61.659
73.828
73.816
61.844
44.701
44.993
45.872
44.906
44.748
45.196
63.981
63.378
75.373
75.456
75.612
75.781
75.925
64.049
63.433
46.692
47.283
47.017
47.028
53.92
54.433
47.131
47.066
58.445
57.074
57.843
57.577
57.061
57.41
56.839
57.099
57.13
57.475
57.16
57.303
57.91
57.424
58.014
57.822
58.217
58.001
57.785
57.847
57.909
57.602
57.393
56.475
56.759
50.282
49.659
49.521
50.366
49.375
50.394
49.703
50.159
55.717
55.599
56.121
56.177
55.878
55.286
55.954
55.826
55.343
56.27
56.366
56.255
55.935
56.244
56.268
56.125
55.402
55.785
56.17
56.433
56.201
56.23
56.016
55.817
55.991
56.164
56.196
56.265
56.456
56.448
56.187
56.178
51.184
49.173
49.382
50.034
50.018
50.183
