56.755
56.546
56.953
57.007
56.927
56.866
57.096
57.035
56.975
56.87
56.852
57.033
57.073
57.043
56.952
56.859
56.92
56.905
57.069
57.054
56.993
56.682
57.262
57.533
58.076
57.88
57.646
57.496
58.641
57.742
57.582
57.647
58.444
57.925
57.495
57.707
58.837
57.603
57.591
57.458
59.07
57.514
57.153
57.651
57.824
62.262
62.202
61.918
61.981
61.87
61.875
61.971
61.905
61.948
57.954
57.881
73.975
73.955
57.974
57.934
61.98
61.925
61.965
62.01
57.49
57.694
57.897
58.05
58.838
59.606
60.001
60.604
61.16
61.102
61.299
61.688
61.881
61.921
61.704
61.065
52.961
52.895
52.963
52.93
52.584
58.125
62.067
61.908
61.936
73.945
73.829
73.728
57.909
57.981
57.938
57.944
57.942
57.894
61.517
61.421
58.112
58.051
57.907
57.929
57.975
61.461
61.422
73.62
73.316
73.382
73.448
67.519
61.59
61.747
61.826
61.862
61.836
61.691
61.552
59.237
60.589
61.941
61.956
61.971
60.715
59.459
60.132
60.806
59.464
62.456
61.459
61.396
61.333
61.366
61.399
61.621
61.72
57.891
57.835
61.571
61.486
58.279
58.009
57.972
57.937
57.902
57.896
58.501
60.444
59.193
59.106
59.524
59.219
59.908
59.122
59.11
59.287
58.879
58.972
59.696
59.184
59.011
57.054
57.555
57.994
57.766
57.538
58.223
58.907
56.968
57.204
57.262
57.39
57.136
56.742
56.565
56.659
57.177
59.128
59.755
60.073
60.099
68.624
68.629
57.029
56.648
56.543
56.454
56.239
56.291
56.343
56.572
56.6
68.001
68.012
56.394
56.308
56.241
56.175
56.147
55.92
56.101
56.283
56.668
57.285
56.655
56.923
57.104
57.841
57.934
59.388
58.198
58.287
58.376
57.521
57.849
58.157
57.682
57.566
57.975
58.181
57.825
57.724
58.156
58.588
58.793
58.999
58.904
60.592
59.07
58.939
58.809
59.05
60.302
71.66
71.469
71.622
71.637
71.742
71.643
71.587
71.55
71.678
71.697
71.467
71.463
61.823
58.11
43.345
43.092
43.141
59.01
58.345
59.827
59.701
59.288
59.106
59.446
59.389
59.788
59.225
58.849
58.337
57.337
55.413
54.176
58.15
62.124
61.982
62.05
62.009
61.923
61.813
57.875
57.489
57.929
57.74
57.448
69.363
69.349
69.579
69.745
57.693
57.776
57.758
57.636
57.394
57
56.872
57.156
57.469
57.671
57.597
57.5
61.841
62.152
62.084
62.016
62.027
61.958
61.899
61.935
62.015
61.936
62.066
62.009
61.952
58.171
57.874
57.86
57.962
58.071
62.046
61.675
57.407
57.55
57.694
62.011
61.904
61.949
62.014
62.079
62.128
61.887
62.065
61.918
53.121
52.917
53.079
53.24
52.776
53.096
52.691
53.119
52.763
55.516
58.27
63.056
60.429
65.57
61.787
66.269
62.182
58.094
57.831
58.102
57.91
58.092
58.05
58.007
58.017
57.851
58.074
57.824
58.108
57.969
58.235
58.128
71.22
77.96
77.958
78.037
78.3
78.623
78.961
79.399
79.837
73.241
73.521
73.507
73.511
73.46
73.22
60.736
57.271
57.922
57.841
59.116
60.437
71.897
71.347
71.081
71.002
70.995
70.988
70.878
70.767
70.366
69.869
69.279
68.82
68.737
57.85
57.854
57.916
58.018
57.947
58.268
57.562
76.242
76.066
76.139
57.437
57.601
57.528
76.33
76.262
76.197
76.152
57.594
57.622
58.692
57.754
57.967
58.013
57.822
60.101
58.831
57.561
57.79
57.396
57.467
57.538
57.707
57.793
57.768
57.774
57.717
57.692
57.188
55.419
58.074
57.975
58.046
57.938
57.892
57.98
57.922
57.854
58.39
56.095
57.998
57.779
56.519
57.773
56.958
57.892
57.894
57.609
57.928
58.016
57.417
57.518
57.576
57.021
57.539
57.553
57.671
57.834
57.748
57.559
58.002
57.836
57.708
57.58
57.99
58.029
57.838
57.898
58.021
58.012
57.915
57.887
58.036
58.024
57.885
57.933
58.091
57.931
57.769
