51.845
52.205
51.987
52.042
62.093
62.917
63.284
62.811
62.338
62.815
62.457
62.099
62.353
62.644
62.989
63.285
63.582
63.743
75.178
75.416
75.613
63.744
51.875
52.018
61.948
62.463
61.979
52.699
43.418
44.021
46.136
46.948
47.761
73.297
73.262
73.226
73.299
73.374
73.51
73.593
73.6
73.665
73.424
73.237
72.803
72.288
71.654
70.894
69.895
56.706
56.565
57.298
56.67
58.742
60.325
72.129
65.569
72.077
66.077
72.242
78.406
78.465
78.531
78.567
78.731
78.756
78.766
78.786
71.784
71.822
71.877
59.676
59.731
59.979
52.366
51.456
50.026
48.519
47.96
47.034
46.262
78.126
77.991
77.776
77.913
78.05
59.307
69.022
78.737
78.721
78.704
78.721
78.61
78.609
71.586
71.215
70.745
59.507
59.265
58.102
52.086
61.846
53.935
46.023
44.756
45.376
44.643
61.907
73.986
73.871
73.689
73.425
73.406
73.633
73.635
73.654
73.692
73.765
73.806
73.829
73.708
73.487
73.515
73.447
73.419
73.486
73.587
70.315
67.043
67.038
67.032
66.884
71.237
75.591
75.843
76.047
76.091
76.087
75.961
76.009
75.979
76.101
75.992
75.843
75.574
75.464
75.229
75.439
63.385
67.717
72.049
71.847
72.016
71.97
71.923
72.01
71.903
65.412
65.633
65.541
62.758
59.976
60.093
65.789
65.564
65.482
65.96
66.681
68.776
67.662
66.548
66.249
65.409
51.772
58.113
51.437
55.74
50.281
44.823
45.209
64.946
65.084
64.751
64.744
65.107
54.052
59.588
65.125
65.511
64.753
64.698
64.668
64.818
65.132
64.98
64.841
64.935
65.029
64.856
64.63
64.821
64.95
64.895
64.784
64.706
64.572
64.104
64.104
70.939
71.033
71.085
59.425
60.355
59.764
60.172
60.21
59.573
60.609
59.91
59.763
60.759
60.438
60.117
60.779
65.132
65.012
64.901
64.989
65.01
65.026
64.991
64.926
65.067
62.303
62.536
74.283
73.366
80.012
80.245
80.398
80.55
80.599
77.022
73.445
73.742
73.879
73.672
73.778
62.219
62.02
61.613
61.898
62.183
61.095
72.059
72.03
71.903
71.857
60.21
60.613
72.509
72.065
59.736
60.119
59.667
71.741
72.176
59.753
60.002
60.065
59.892
59.382
58.834
59.38
58.849
57.744
57.381
59.198
59.089
58.782
59.111
59.139
58.946
58.869
58.922
70.753
70.58
69.944
70.05
70.156
70.273
58.645
58.944
58.897
70.918
70.681
58.779
58.727
58.666
58.709
70.638
70.625
70.418
70.238
58.492
58.805
58.613
59.068
59.549
72.09
71.99
78.925
78.858
78.894
78.994
79.032
79.069
79.17
72.179
72.053
72.021
71.918
71.827
59.713
59.68
59.678
59.424
59.684
59.812
59.952
60.123
60.423
61.007
73.688
73.941
73.835
73.766
73.724
73.646
73.529
73.658
73.634
73.583
73.635
73.531
73.179
73.237
73.312
73.182
61.296
62.244
62.035
62.16
61.925
67.915
66.874
66.919
67.154
64.121
64.413
65.064
65.3
65.275
52.865
65.598
78.332
78.543
78.264
78.134
78.036
77.851
65.364
65.698
64.643
64.307
59.753
62.507
65.26
64.799
65.271
64.844
64.631
63.622
63.653
63.172
63.503
63.223
62.658
56.539
59.481
62.422
63.295
63.505
63.714
64.062
63.435
63.735
64.035
63.675
59.992
59.875
60.103
63.954
63.877
55.432
53.807
63.998
62.63
59.621
60.18
59.936
59.968
60.017
60.086
60.106
75.963
75.959
59.912
60.105
53.897
47.689
47.862
59.945
59.972
60.083
60.062
55.313
59.613
63.913
64.149
63.878
63.956
63.995
63.476
62.957
62.22
62.746
61.421
79.922
79.659
79.521
61.739
59.687
60.966
59.785
60.089
60.982
61.285
61.707
73.036
73.638
67.658
70.589
65.95
61.312
61.853
62.155
61.973
61.791
71.597
71.503
71.521
71.532
71.543
60.366
59.969
47.442
47.475
47.334
46.585
45.836
46.528
47.221
58.685
58.277
58.537
47.139
46.876
58.981
58.996
59.466
58.346
58.661
59.306
51.699
61.703
71.708
71.521
71.09
59.02
58.793
58.98
59.325
65.698
72.071
72.253
59.439
59.384
71.487
71.507
59.655
59.79
71.57
71.569
71.598
59.696
59.81
59.924
59.497
58.957
59.223
59.489
65.712
55.227
44.741
44.755
52.379
60.002
59.986
71.937
72
72.073
