44.585
44.646
44.894
44.896
45.067
45.153
45.138
45.313
45.177
48.808
46.835
44.861
45.253
45.644
44.887
44.216
45.374
45.405
45.1
44.861
44.778
44.465
44.799
44.922
45.05
43.136
52.401
59.904
58.868
57.833
48.248
48.065
46.987
64.061
64.026
63.99
64.026
64.003
64.103
63.947
63.905
48.402
48.967
57.32
57.604
51.827
50.771
49.153
64.117
64.089
64.037
64.085
63.9
63.998
63.8
58.871
64.818
70.765
69.299
69.311
69.91
70.138
70.156
70.478
70.855
71.233
59.825
59.144
59.933
60.169
59.73
59.29
60.009
72.037
71.841
60.009
60.096
79.164
79.179
60.199
60.337
60.454
60.441
60.584
59.934
60.014
59.512
58.823
44.953
45.215
60.654
72.5
72.447
72.593
72.649
72.62
72.586
72.633
72.624
60.31
59.498
58.549
63.953
63.945
64.158
63.942
60.123
59.856
59.853
59.85
59.741
79.121
79.222
60.271
60.499
60.185
59.929
59.029
44.776
44.663
44.415
44.782
45.53
44.729
59.676
71.712
71.315
78.233
78.234
78.154
78.308
78.588
78.934
79.333
79.44
79.297
79.227
60.344
60.3
60.268
52.974
56.678
60.381
60.413
52.595
62.527
72.458
72.443
72.203
59.802
59.523
59.243
45.128
44.991
44.75
72.225
70.885
77.583
77.294
77.203
77.263
77.265
77.224
77.285
70.344
70.138
69.938
45.018
45.069
44.754
44.019
44.456
44.771
68.634
68.225
68.106
68.227
68.061
68.01
67.903
67.907
67.969
67.973
68.065
55.226
52.262
52.112
51.605
70.182
69.749
69.697
69.928
70.359
70.723
58.299
44.782
44.452
45.079
45.691
44.793
44.788
44.785
45.343
45.162
44.706
59.701
60.073
60.389
60.303
72.511
72.342
72.189
72.227
72.252
72.263
60.346
45.006
44.948
44.811
45.216
44.725
44.991
72.512
72.236
71.99
72.072
72.081
72.116
72.081
71.988
72.203
72.587
72.971
72.981
72.973
72.996
72.976
73.02
63.911
60.132
59.75
59.928
59.861
59.954
60.11
59.934
59.757
59.817
59.886
59.655
57.866
44.981
45.047
44.915
44.516
45.164
45.811
59.213
78.334
78.039
77.88
77.852
77.909
78.16
78.546
78.997
79.429
79.598
79.559
79.394
79.345
79.268
60.239
66.219
55.852
45.484
44.353
60.212
72.315
72.22
72.092
60.108
44.471
44.877
44.519
44.588
45.228
44.936
44.963
44.841
44.584
44.81
45.011
44.963
45.033
44.893
44.85
44.995
45.013
45.179
44.845
44.821
44.949
44.927
45.135
44.149
51.262
51.92
51.896
52.084
52.146
52.098
51.913
51.983
52.011
52.028
51.922
52.076
52.637
68.534
69.483
70.203
70.49
44.284
45.565
46.497
46.071
46.953
46.841
47.217
46.743
47.308
46.767
47.265
46.674
47.191
46.824
46.911
46.983
46.963
72.363
72.238
72.284
72.444
47.012
46.935
47.107
46.98
46.956
46.944
47.05
46.966
47.012
47.074
46.948
47.219
60.281
60.3
72.365
72.323
72.27
72.304
72.399
72.473
72.332
72.284
72.291
47.06
46.942
47.048
47.017
46.991
63.049
79.106
79.082
79.141
79.141
79.058
44.996
45.038
44.913
45.056
71.926
71.629
45.043
44.988
44.525
45.56
46.179
60.613
60.513
59.987
60.059
60.131
60.207
60.284
60.285
60.222
59.997
59.558
59.588
60.145
60.376
60.606
66.917
73.227
73.246
45.786
53.601
61.416
61.574
44.003
44.849
73.693
73.65
73.696
61.91
61.987
60.433
66.933
67.072
67.165
71.391
75.618
75.671
75.611
75.649
75.707
75.757
75.622
75.036
44.971
45.059
44.951
44.951
44.987
44.864
46.776
51.891
57.006
57.604
57.385
57.219
57.366
57.098
76.341
76.364
76.412
76.459
76.45
76.487
76.578
76.718
69.851
69.829
69.807
69.893
69.979
69.948
70.101
57.554
56.977
49.851
50.126
49.855
50.108
49.462
50.218
49.818
49.971
50.286
55.778
55.43
56.011
56.03
55.23
55.798
55.578
55.165
55.657
55.747
55.838
55.924
55.207
56.032
56.004
55.364
55.99
55.876
55.531
55.811
55.751
55.863
56.11
56.094
56.03
55.949
55.961
55.778
55.632
55.898
56.407
56.537
56.457
56.351
56.246
49.948
49.834
49.514
50.192
49.832
50.316
49.829
50.084
49.951
50.07
49.956
50.009
50.02
57.347
56.667
56.867
49.804
50.37
49.425
50.26
50.05
49.931
50.469
49.883
50.112
49.734
49.775
49.817
50.103
49.698
57.506
56.292
