66.077
66.148
65.981
66.143
65.984
65.842
65.723
65.604
65.492
64.413
65.542
65.622
65.702
65.655
65.608
66.112
66.15
53.379
53.808
53.765
65.795
66.246
90.917
78.637
66.358
66.232
62.071
57.911
59.873
61.092
73.512
73.215
72.924
72.712
72.535
72.561
72.699
72.913
73.295
73.759
74.162
74.331
74.513
74.527
74.436
74.408
74.239
74.292
74.446
74.67
74.759
74.651
74.563
74.57
74.655
74.779
82.663
82.519
74.744
74.814
74.91
74.984
74.917
66.817
66.858
66.111
65.364
65.588
66.46
65.667
65.283
68.394
81.573
81.773
81.519
68.97
68.195
66.442
66.132
66.063
65.796
83.602
83.207
82.789
74.755
79.614
84.473
83.643
82.642
66.04
66.148
66.105
66.079
66.093
65.764
65.842
61.372
61.854
61.789
61.742
61.302
61.629
62.08
62.1
62.201
62.531
62.573
62.614
62.73
62.864
62.411
60.377
59.029
58.894
58.968
59.523
58.643
59.397
61.991
62.212
62.172
62.355
62.32
62.171
62.591
61.975
62.878
61.922
62.512
61.912
61.484
60.704
60.287
59.414
60.285
61.226
61.518
61.025
72.912
72.875
72.503
72.338
72.237
72.31
72.274
72.202
72.164
72.274
72.256
72.42
72.576
72.786
60.686
60.894
59.863
59.216
58.95
60.176
60.638
72.291
72.398
72.017
75.636
79.254
79.405
79.469
79.533
79.486
79.371
79.354
79.468
72.615
72.693
60.454
60.604
60.331
60.781
60.184
60.721
60.206
60.535
60.522
60.56
72.679
72.415
72.199
72.065
71.965
71.947
71.748
71.806
72.068
72.423
72.634
72.883
72.918
72.792
72.811
72.831
72.845
72.859
72.923
72.987
72.988
72.942
72.858
72.857
72.828
72.799
72.603
72.765
72.757
72.794
60.82
61.09
72.92
72.93
72.909
72.911
72.885
72.815
72.849
72.759
72.751
72.803
72.825
72.791
72.788
72.873
72.913
72.99
73
73.058
73.152
73.34
73.413
73.398
73.306
73.037
72.694
72.669
72.708
72.745
72.751
72.88
72.907
73.079
73.173
73.072
72.917
72.812
72.779
72.795
72.8
67.954
68.078
72.943
72.977
72.994
73.015
72.851
72.772
72.727
72.892
72.89
72.845
72.871
72.861
72.991
72.946
72.867
72.865
72.874
72.912
72.867
72.869
72.855
72.814
72.733
72.69
72.787
72.954
73.089
73.127
73.109
66.493
59.877
60.124
60.37
61.157
61.111
60.783
61.287
60.741
61.232
60.963
61.522
56.196
55.975
65.098
65.093
55.966
56.124
56.003
56.031
56.021
56.086
56.018
56.103
56.063
55.997
56.097
