74.947
67.904
67.911
67.961
72.456
65.689
66.799
67.908
67.992
76.972
76.941
76.946
71.734
71.86
72.116
71.994
72.231
72.102
72.359
72.075
72.199
71.936
72.082
71.678
71.274
69.73
68.185
61.026
60.973
60.848
60.946
61.059
60.841
60.882
61.08
60.86
60.806
61.103
58.759
56.414
56.737
68.474
68.491
68.267
74.85
71.426
68.002
68.128
68.351
56.309
56.336
64.992
65.006
76.981
76.985
65.061
64.963
64.915
72.966
72.997
64.974
64.949
64.959
72.973
73.013
64.907
60.9
61.068
56.215
56.431
68.359
68.172
68.023
68.009
68.042
68.152
68.204
68.172
67.902
60.841
61.047
60.907
60.939
60.924
68.214
68.281
68.347
68.221
68.275
68.295
68.204
72.988
72.988
68.205
68.194
68.226
75.363
75.554
68.519
68.553
68.588
68.653
68.215
67.935
67.592
67.204
66.948
66.698
66.622
73.647
73.697
73.6
73.721
73.689
73.822
73.736
73.965
74.156
73.565
67.882
53.928
53.729
53.744
53.241
53.168
53.62
72.619
72.486
72.779
73.174
72.884
72.893
73.102
72.758
73.137
72.858
72.844
73.068
72.734
72.961
72.969
72.991
72.985
72.94
72.971
72.959
72.978
72.999
72.97
72.976
72.971
72.952
68.723
68.133
74.665
75.075
75.149
74.995
75.026
67.923
67.935
67.981
67.937
67.946
67.991
70.476
70.678
69.986
69.859
69.983
70.043
69.919
69.861
70.088
69.902
70.012
69.953
69.961
69.927
69.988
69.993
69.993
69.943
69.954
69.934
69.967
70.012
69.992
69.964
69.961
69.893
69.825
69.854
69.97
70.086
56.795
57.355
57.738
57.399
58.478
58.06
58.657
58.042
58.615
57.645
57.726
57.772
57.21
57.501
58.115
57.678
58.395
57.825
58.339
58.379
58.418
57.799
69.944
69.957
69.95
69.922
69.981
69.99
69.967
69.943
69.956
69.991
53.827
53.88
54.734
66.875
66.805
66.434
66.229
66.282
66.361
66.304
66.36
66.416
66.451
54.565
54.607
54.722
54.915
55.474
56.293
69.225
69.039
69.158
69.276
57.488
57.218
56.998
56.995
57.058
57.093
57.003
56.955
57.021
69.034
69.005
68.993
68.957
68.965
68.926
68.915
68.915
69.003
68.996
68.957
68.933
68.908
68.937
68.965
68.973
68.923
68.895
71.999
72.021
40.968
40.938
40.997
40.434
41.173
41.569
41.173
40.647
40.664
41.096
40.712
40.894
41.222
41.577
41.286
40.691
41.279
40.455
41.29
40.78
41.331
41.554
41.215
41.027
40.597
41.707
40.126
41.425
40.723
41.388
50.823
63.871
63.744
71.049
71.07
71.181
71.031
71.065
71.028
71.153
71.222
64.417
64.458
52.686
52.9
52.692
59.597
66.503
67.396
67.574
67.454
67.334
66.856
73.13
72.809
73.257
72.922
72.862
72.967
73.008
72.995
75.053
74.96
74.794
74.714
74.651
74.788
74.816
74.811
74.784
74.806
74.965
56.207
55.888
56.204
55.882
55.806
55.863
55.645
54.961
50.004
45.047
45.051
43.984
42.916
45.166
44.719
55.121
73.912
73.645
74.131
74.123
73.517
73.306
73.041
72.961
73.028
72.927
72.991
72.991
72.96
73.001
72.983
72.966
72.986
72.961
72.95
72.97
73.541
74.112
73.662
73.805
73.458
73.473
74.022
74.638
75.055
75.154
75.038
67.871
67.884
67.943
67.973
67.953
67.96
67.924
67.862
67.878
67.814
67.679
67.815
67.8
68.118
72.997
72.963
73.038
72.964
72.968
73.012
72.963
73.011
72.963
72.993
72.989
72.966
72.993
72.993
58.9
59.299
59.12
59.532
71.621
71.734
71.819
71.944
71.898
72.086
72.058
72.071
72.063
71.869
71.854
60.344
60.33
60.051
59.832
60.098
60.198
72.222
79.061
79.007
79.034
79.04
78.969
72.722
73.036
72.92
72.72
73.115
72.91
72.967
73.024
72.914
73.021
72.947
72.959
73.022
72.91
73.031
72.978
72.952
73.107
72.837
72.593
72.314
72.2
71.807
72.029
72.024
71.914
72.152
71.919
71.96
72.087
71.91
72.212
72.243
72.766
72.941
73.056
73.112
73.073
72.866
72.659
72.477
72.802
72.879
73.006
73.003
72.984
72.974
73.033
72.97
72.918
72.88
72.88
72.924
72.959
72.86
72.822
72.865
72.869
72.902
60.982
61.135
61.251
61.032
61.104
60.929
60.771
60.795
61.11
61.164
61.382
61.159
61.038
61.107
60.952
60.97
60.967
60.983
72.991
72.988
73.046
72.983
72.996
73.023
72.976
72.964
72.991
73.011
72.984
72.979
72.995
72.957
73.009
72.996
72.981
73.008
72.99
73.016
72.973
72.975
73.004
73.012
73.037
72.99
72.95
41.154
