57.59
58.823
57.91
58.342
51.112
49.491
48.122
47.965
46.317
44.669
52.51
60.352
57.44
58.045
58.65
55.407
52.164
49.751
49.728
50.331
49.882
50.166
51.043
50.361
60.508
60.788
61.069
61.085
60.338
60.818
61.298
60.823
60.348
54.259
57.161
60.063
59.5
59.582
59.665
54.858
59.018
59.293
59.568
59.814
60.06
60.779
60.096
59.414
60.403
61.393
63.358
60.577
59.289
62.919
62.035
49.3
50.582
50.432
64.985
65.605
65.778
65.336
65.821
66.087
66.081
66.173
65.965
65.968
66.065
66.162
66.215
66.071
65.963
66.058
66.096
66.013
66.106
66.07
66.013
66.107
66.073
65.896
65.089
65.378
65.31
65.28
65.251
71.795
71.922
53.495
53.353
72.187
72.33
53.342
53.587
53.546
53.415
53.273
53.13
53.22
53.213
53.206
53.357
53.47
53.548
53.725
53.619
53.515
53.521
53.558
53.537
53.793
54.191
54.256
54.79
55.168
54.893
54.305
54.203
54.142
54.233
54.371
54.345
53.933
54.606
55.279
57.864
57.377
54.485
54.382
54.048
53.972
54.256
54.51
54.639
54.913
54.61
54.005
53.4
55.915
58.431
56.762
57.302
57.841
60.577
61.678
60.305
59.86
61.018
61.458
61.371
61.284
61.847
61.557
61.267
61.825
59.163
60.831
61.806
54.714
47.622
52.504
57.386
59.279
55.526
55.001
59.776
56.997
57.506
58.014
61.588
65.162
65.696
65.757
65.705
65.69
53.839
53.842
53.844
53.82
53.758
53.66
53.834
54.201
54.287
71.478
61.665
51.853
49.889
48.606
47.323
46.446
45.57
49.068
52.565
52.57
52.408
52.356
52.695
52.902
52.926
53.093
53.341
53.511
53.815
54.026
54.282
54.348
66.239
65.884
53.703
52.676
48.813
55.191
61.57
63.623
63.335
69.787
69.454
69.306
69.455
69.45
69.329
69.326
69.331
69.418
69.578
69.732
69.9
62.564
62.782
63
63.023
62.844
62.832
64.382
65.932
61.833
61.681
61.522
61.565
61.539
66.117
65.979
62.464
62.777
63.063
63.099
62.951
66.142
66.041
66.108
66.076
66.032
66.097
66.057
66.044
66.072
66.031
66.078
66.084
66.082
58.399
58.479
58.555
58.631
58.651
58.834
57.315
58.431
58.63
58.04
57.844
57.898
58.746
58.561
57.871
57.971
58.071
58.856
49.402
50.085
55.71
61.167
60.993
58.283
55.572
58.277
60.983
61.022
61.051
61.094
60.934
61.081
61.117
61.114
61.118
61.062
61.114
61.066
60.997
61.04
61.073
61.057
61.042
61.175
66.017
66.393
66.057
49.614
49.324
49.039
49.242
49.446
49.081
48.839
48.963
48.942
48.975
48.941
48.826
49.247
48.916
65.836
66.016
66.196
65.996
66.129
65.914
66.14
65.903
66.116
66.083
66.057
66.117
61.035
61.11
61.019
61.09
60.979
61.064
61.065
61.006
61.078
61
61.064
60.967
61.161
61.098
61.007
61.041
61.013
61.063
61.091
61.069
61.012
61.082
61.087
