47.275
57.475
50.501
43.528
44.28
45.824
43.857
43.824
43.791
41.891
43.34
44.789
45.676
43.926
44.931
45.713
43.991
42.29
40.588
44.867
44.803
44.74
45.304
45.868
44.003
45.146
45.217
46.039
45.244
44.449
44.044
43.639
46.46
45.861
46.381
45.216
40.028
44.22
48.411
47.072
56.974
50.578
49.232
47.886
51.685
55.485
58.653
57.227
45.208
44.927
57.363
56.757
56.736
56.989
57.046
57.03
56.931
56.934
57.138
56.143
56.008
55.874
55.876
55.877
55.887
55.897
55.966
56.034
56.18
56.326
56.807
56.788
60.153
60.064
60.088
60.198
60.05
59.204
59.483
60.198
60.18
59.897
59.062
59.201
67.211
67.085
67.048
67.079
67.03
67.039
67.006
67
66.974
66.989
66.954
58.858
59.386
59.326
58.992
59.201
71.353
71.205
67.045
59.26
59.356
59.292
59.229
59.588
59.604
59.57
59.103
58.635
58.5
67.045
67.014
67.011
67.049
66.987
66.965
67.017
66.984
67.002
66.931
59.798
59.996
59.9
59.916
59.809
59.834
59.942
59.937
59.884
59.732
59.052
53.337
60.168
66.999
67.015
67.029
67.029
67.06
67.009
67.052
59.061
59.315
59.321
55.679
63.442
62.116
60.791
59.871
59.179
60.49
60.741
71.719
71.488
58.802
57.618
55.763
53.769
52.787
51.806
52.254
52.493
52.924
52.311
52.643
52.646
52.648
52.232
52.7
51.429
57.359
58.746
60.133
59.721
60.112
60.321
51.928
52.859
51.896
50.721
51.37
52.019
51.611
64.345
65.349
64.871
64.998
65.033
64.934
65.078
64.81
65.16
59.853
60.16
59.999
59.701
59.41
59.361
59.767
60.415
60.818
61.239
61.96
62.217
62.422
62.497
62.389
62.184
61.895
61.697
61.348
61.418
61.575
61.651
61.556
61.49
61.502
61.794
62.05
62.337
62.543
62.747
60.795
59.86
60.004
60.125
59.882
59.95
60.104
59.832
60.018
60.081
59.815
60.182
65.17
65.059
65.094
64.996
65.02
64.935
65.045
64.968
64.985
65.022
65.003
65.012
64.918
65.037
65.155
64.886
64.617
64.811
65.145
65.137
64.783
64.664
64.935
65.205
64.205
64.133
53.711
51.992
51.821
52.043
52.563
51.759
50.955
66.302
67.781
68.769
69.23
72.813
76.395
76.348
76.386
76.425
76.584
76.689
76.914
77.08
77.245
58.225
57.945
57.868
57.928
64.288
64.12
64.08
64.062
64.043
63.778
64.219
64.02
60.06
60.08
59.747
71.477
71.219
65.337
59.455
59.484
63.802
61.806
59.81
59.807
72.125
72.099
72.126
72.046
71.91
71.914
71.66
59.835
59.34
58.38
57.949
58.126
59.11
60.335
61.502
61.528
73.572
73.566
73.249
73.086
73.021
73.13
73.26
73.349
73.37
73.457
73.48
73.47
73.586
73.636
73.686
68.772
63.859
63.866
63.825
63.931
64.03
64.048
64.226
62.546
73.627
73.449
73.335
73.185
73.265
73.345
73.436
73.549
73.628
73.742
73.834
73.911
73.865
73.62
73.224
60.084
58.375
57.334
55.171
55.002
55.092
55.045
54.919
55.131
60.034
59.838
71.957
71.996
71.895
60.133
59.769
59.876
59.836
71.635
71.59
71.577
71.615
71.722
71.873
71.87
71.718
71.668
71.602
67.815
64.029
64.093
63.957
64.063
63.973
64.114
60.824
62.576
62.487
61.935
62.139
62.115
62.087
62.452
62.642
63.254
63.175
63.816
64.117
63.987
63.872
63.843
63.421
63.606
63.406
63.561
63.315
63.656
63.702
63.857
64.03
63.99
63.851
63.545
62.075
63.384
63.876
60.12
59.791
59.966
60.139
59.887
59.925
60.183
59.677
60.155
60.212
59.548
63.736
64.266
63.986
64.024
64.014
64.004
64.017
63.999
63.894
64.084
64.004
63.881
64.061
52.272
56.274
60.276
59.93
51.667
55.82
59.973
59.957
59.941
64.48
64.472
64.48
64.488
64.723
53.174
