56.674
57.069
57.103
57.023
56.956
57.041
56.997
57.054
57.25
49.142
48.182
48.991
49.801
49.996
49.472
49.81
50.297
49.764
50.093
49.907
50.052
50.097
50.067
49.907
50.044
50.086
50.187
49.849
50.071
49.999
49.777
48.11
46.443
43.872
43.737
44.806
45.207
45.188
45.13
45.259
45.112
44.789
44.779
45.63
51.322
51.972
51.715
53.086
54.458
55.194
55.581
55.968
55.824
55.679
55.882
55.785
55.688
74.188
74.319
74.472
74.609
74.594
67.711
67.753
67.666
67.579
67.745
67.751
67.757
67.81
67.878
67.849
67.821
67.723
67.442
50.519
50.06
49.881
50.074
57.41
67.641
67.583
67.509
67.617
67.579
67.592
67.734
67.741
67.609
67.561
62.085
62.049
62.059
71.998
71.882
68.175
71.448
74.722
74.497
74.391
74.458
74.675
74.711
74.873
74.849
67.919
67.71
50.124
49.546
50.15
50.016
49.737
51.524
67.727
67.589
67.448
67.412
67.474
67.536
67.518
67.501
67.452
67.222
66.991
56.004
55.996
62.712
69.427
76.705
76.476
76.411
76.405
76.355
76.496
76.549
76.601
76.817
69.789
57.79
50.038
49.805
57.158
56.931
56.964
56.997
57.011
54.95
55.365
56.142
55.633
55.591
55.744
55.595
55.44
55.528
55.42
55.497
55.695
55.786
56.247
57.025
58.057
59.087
60.641
60.712
73.14
73.085
73.249
73.277
73.195
73.334
73.677
73.911
74.224
74.463
74.596
74.575
74.483
74.501
74.566
74.464
74.565
74.59
74.69
74.861
74.908
74.942
74.988
74.879
74.669
44.365
45.154
45.108
45.061
45.012
72.381
72.271
72.25
72.206
72.19
72.174
72.08
60.38
44.997
45.006
45.117
44.862
44.934
44.768
45.267
45.041
44.76
62.459
62.606
62.874
62.863
63.175
63.269
63.178
63.32
63.52
63.593
63.409
62.801
61.951
60.656
59.383
58.109
58.54
58.885
58.711
58.185
58.353
58.127
58.095
58.135
58.216
58.202
58.28
58.274
58.247
58.107
57.622
56.949
56.22
55.439
54.674
54.912
55.071
55.973
56.079
56.185
56.364
56.302
56.156
56.01
56.275
56.063
56.151
56.24
56.421
55.146
53.872
56.347
56.269
44.481
45.103
45.695
44.861
44.381
45.337
45.056
44.598
45.002
44.799
44.858
45.08
45.119
52.098
51.622
52.397
52.046
51.993
52.053
52.039
51.961
52.079
52.047
51.935
52.086
51.958
51.97
51.867
52.599
65.87
65.972
69.835
73.699
74.035
67.319
67.633
67.94
67.928
55.683
54.546
52.254
52.236
51.929
51.967
52.053
55.1
58.147
70.024
69.954
69.568
69.66
69.686
69.796
69.998
70.082
58.447
58.345
46.517
47.184
46.99
46.895
46.985
70.16
69.925
76.75
76.67
76.602
76.634
76.697
76.77
69.833
69.535
47.009
46.971
46.973
46.974
46.954
47.052
47.082
52.39
57.699
57.478
57.709
57.62
57.714
57.771
57.828
57.778
57.911
57.487
62.139
62.066
62.013
61.946
58.926
59.572
72.007
71.799
71.57
71.499
71.552
71.528
71.549
71.629
71.724
71.937
59.799
53.882
54.08
54.269
53.262
51.481
49.7
59.22
58.203
58.122
57.961
57.956
57.746
58.026
57.907
58.17
58.002
57.714
56.957
56.8
69.173
68.723
75.448
75.065
74.998
74.932
74.991
74.951
75.033
75.245
75.405
75.565
75.303
52.378
52.204
52.414
51.393
51.671
51.95
46.088
47.119
47.129
50.871
54.613
54.683
50.78
46.876
46.965
47.074
47.008
46.798
46.846
47.182
47.518
70.816
70.538
77.305
77.118
76.96
76.862
58.04
56.951
58.009
58.139
57.926
57.722
57.659
56.952
57.002
57.054
57.306
57.154
57.76
57.44
57.673
57.713
57.64
57.763
58.07
58.24
58.03
57.768
57.279
56.281
55.409
54.601
55.127
55.691
56.235
56.519
56.487
56.084
55.475
55.832
55.933
55.503
55.8
55.97
55.9
45.086
45.098
45.237
45.139
45.084
45.169
44.763
44.693
45.053
45.413
64.027
63.993
63.968
64.005
63.962
64.066
63.981
64.038
64.014
64.046
64.002
64.094
62.338
60.582
61.723
62.019
61.843
61.93
62.37
62.132
62.453
62.664
62.723
62.73
62.941
62.791
62.64
62.34
63.246
63.46
63.671
75.52
75.428
75.393
75.447
75.569
75.692
75.921
76.262
76.569
76.809
76.839
76.6
76.03
74.935
74.18
74.21
74.298
74.411
74.581
74.653
63.068
63.175
62.699
61.69
61.011
61.124
61.033
60.942
61.113
62.379
63.645
63.194
63.276
62.412
62.412
74.759
74.743
74.965
74.988
75.116
75.274
62.807
52.136
52.194
