60.916
60.989
61.377
60.855
60.992
61.369
60.902
61.054
61.229
60.898
61.209
61.058
60.98
61.169
61.023
61.009
61.128
60.971
61.055
61.105
60.935
61.194
60.993
61.058
61.232
61.132
61.032
61.08
61.128
51.623
51.01
50.744
51.552
50.773
51.363
51.523
50.334
50.032
49.73
53.454
65.763
66.267
66.381
66.351
66.256
66.24
66.284
66.267
66.228
66.143
60.706
61.157
61.349
61.346
61.344
61.044
60.806
61.216
60.995
61.155
54.379
53.533
53.278
65.274
65.201
65.298
65.211
65.201
65.371
65.183
65.208
65.334
65.114
65.158
65.128
64.725
64.572
66.005
66.266
65.977
65.59
65.614
65.637
65.485
65.425
65.364
58.672
59.596
65.775
72.74
72.972
73.152
69.777
66.402
66.162
65.923
60.4
60.029
61.69
59.975
58.357
60.097
58.741
59.68
61.758
69.27
69.186
69.147
69.118
69.183
69.467
69.561
69.759
69.864
69.605
69.4
69.212
69.289
69.51
69.859
69.915
68.019
66.123
59.402
59.319
59.456
59.594
59.679
59.764
66.082
66.469
66.01
66.197
66.014
66.166
66.016
66.055
66.073
66.102
66.024
66.134
59.188
59.195
59.331
59.466
59.594
59.722
58.867
59.365
59.597
59.707
59.818
63.43
62.82
66.173
69.902
69.847
69.857
69.707
69.81
70.065
70.088
70.149
66.07
65.995
66.095
66.077
66.037
66.044
65.954
65.961
65.967
66.041
61.432
49.914
51.785
56.968
62.152
70.172
70.221
70.344
70.3
70.338
70.429
70.407
70.323
70.048
62.963
62.744
50.962
51.54
65.015
64.709
72.062
72.053
71.929
71.948
71.819
71.871
71.764
64.845
62.092
59.34
59.004
59.002
59.299
58.658
59.281
58.843
59.285
59.136
58.911
59.884
60.222
61.627
61.791
73.622
73.46
73.263
73.415
58.691
59.075
59.051
59.042
74.58
74.5
74.467
74.554
74.501
74.496
74.671
74.843
74.861
74.919
74.689
59.979
59.975
60.158
59.219
59.195
59.074
59.701
72.636
73.191
72.911
72.486
72.425
72.014
72.396
72.41
72.917
73.504
73.578
73.656
73.683
73.209
72.946
60.92
60.531
72.557
72.412
72.726
72.937
73.077
73.024
73.051
73.026
73.05
73.006
72.982
73.03
73.013
73.125
73.196
73.213
73.181
73.128
73.059
73.019
73.053
73.134
73.101
73.196
73.264
73.15
73.204
73.193
73.087
73.028
73.078
73.162
73.155
61.121
61.075
61.057
61.188
61.044
61.239
73.31
73.303
73.303
73.3
73.137
73.123
73.123
73.196
61.188
60.598
59.538
61.097
60.039
58.324
59.686
59.377
58.904
59.266
58.881
58.936
59.127
59.298
58.596
59.155
59.201
59.046
59.575
58.294
59.699
59.085
59.104
59.228
62.677
66.127
66.045
66.088
66.051
66.028
66.021
66.023
66.052
66.146
66.006
66.095
65.921
66.102
65.994
66.112
66.054
