57.639
57.773
57.908
58.013
57.844
57.877
57.911
57.971
61.236
56.076
50.917
50.955
51.082
51.269
50.842
50.955
50.907
51.571
64.144
62.162
57.916
57.928
62.298
62.088
57.899
57.75
59.845
55.95
56.843
57.737
57.847
53.758
52.83
57.791
57.824
61.959
62.05
57.649
57.647
57.085
59.036
59.178
60.336
59.444
60.489
59.586
59.882
61.025
60.555
60.972
61.513
61.526
61.459
60.521
61.42
61.404
60.806
60.237
57.772
57.646
58.903
60.16
71.577
71.094
70.565
70.436
70.697
70.763
70.725
70.655
70.585
70.497
69.799
69.175
56.743
57.711
58.221
58.209
57.539
58.194
57.551
56.907
56.057
57.371
69.358
69.037
69.197
57.409
57.083
69.238
69.259
69.372
69.203
69.256
69.312
69.309
69.279
55.241
54.921
56.151
54.881
54.44
55.244
55.482
56.753
69.807
69.724
69.273
69.136
69.294
69.072
69.148
69.037
69.116
69.006
69.196
57.81
57.295
57.388
58.429
57.928
57.936
57.735
58.535
70.394
70.174
69.858
69.805
57.437
57.909
58.063
57.926
57.751
58.1
58.072
58.001
58.213
70.485
70.705
71.144
71.382
71.598
71.658
71.529
71.509
71.704
71.834
71.929
71.894
71.886
71.883
71.864
71.744
71.623
71.487
71.351
71.545
71.706
71.778
71.739
71.659
71.627
71.595
71.731
71.847
71.766
71.733
71.783
71.764
71.599
71.499
71.413
71.328
58.784
58.442
57.532
57.847
58.126
57.859
58.086
57.929
57.963
58.013
57.93
58.007
57.766
57.322
56.791
56.951
57.111
57.186
65.005
64.945
57.156
57.096
64.978
64.962
57.184
57.057
64.995
64.964
57.141
57.138
64.939
65.036
57.17
57.012
57.011
57.01
57.143
56.925
56.954
56.983
57.203
64.989
64.967
57.037
57.114
64.96
64.983
57.068
57.135
64.956
64.985
57.186
57.133
56.882
56.005
57.752
57.678
62.134
62.113
61.967
61.947
61.927
61.957
61.942
57.89
57.927
58.094
57.941
57.917
57.963
57.995
58.033
58.159
58.264
58.499
59.351
59.703
60.492
72.59
72.711
72.78
72.848
73.018
73.187
73.292
73.533
61.816
61.746
61.312
59.608
52.878
53.209
52.946
45.836
46.207
45.884
45.996
60.895
61.235
61.865
61.943
59.964
57.985
57.913
61.879
61.796
61.869
61.868
61.812
67.788
62.919
62.257
61.595
61.546
61.461
61.465
61.47
61.852
61.62
61.609
61.542
61.282
61.424
61.591
61.735
61.809
61.74
61.667
61.587
57.899
58.05
57.937
57.824
57.913
58.019
58.028
57.87
57.956
58.093
58.011
57.549
57.997
58.445
58.322
58.199
58.708
57.89
57.793
57.818
57.83
57.856
61.612
61.53
58.311
57.809
58.003
57.982
57.966
58.026
57.911
59.49
59.985
58.612
58.443
58.02
57.596
58.429
58.294
56.984
58.451
58.368
58.423
58.478
58.28
57.613
57.95
57.952
58.072
57.922
57.932
58.319
58.349
58.38
59.728
60.19
60.412
59.867
59.99
59.118
58.247
57.011
56.767
56.846
57.048
56.906
56.385
56.057
55.729
55.618
54.599
55.418
59.633
59.883
60.298
58.414
56.53
56.565
56.323
59.87
60.202
56.135
56.268
56.29
59.948
59.757
60.108
60.105
60.201
59.711
59.837
59.623
60.113
59.857
57.549
58.361
61.935
62.159
61.97
61.644
62.071
61.621
61.914
62.207
62.111
62.016
60.727
59.06
59.756
58.728
57.7
62.123
61.901
62.007
62.22
61.867
60.444
59.022
59.713
60.15
58.743
78.285
78.284
58.684
60.007
59.269
59.312
59.691
58.799
59.002
59.291
58.733
58.828
59.233
59.104
59.494
58.867
62.003
62.086
62.151
62.217
58.637
58.633
61.611
61.679
57.943
57.698
57.324
56.949
57.435
57.92
61.998
61.949
61.983
62.06
68.762
75.463
75.512
75.499
75.486
57.273
57.559
76.019
76.164
76.092
76
75.755
57.335
57.312
57.176
62.011
59.858
57.705
57.583
57.525
57.596
59.874
62.152
62.141
62.079
62.052
57.897
58.012
57.909
57.881
58.032
58.027
57.913
57.985
58.028
57.912
