74.873
68.013
67.946
68.013
61.979
62.399
74.655
74.551
74.294
74.512
74.306
74.519
74.61
62.635
62.675
74.813
74.879
71.47
68.061
67.873
68.037
67.907
67.944
75.041
74.823
74.674
62.601
62.338
73.878
74.248
74.056
62.174
62.595
74.264
74.578
74.471
74.589
74.705
74.462
74.278
74.741
61.06
60.473
60.277
60.099
60.173
60.534
60.553
60.578
60.418
60.329
60.425
60.402
60.446
60.44
60.478
60.529
60.682
60.897
68.018
67.876
67.951
67.935
67.883
62.219
60.755
60.068
68.753
75.044
75.011
74.989
75.002
74.974
75.012
74.998
74.934
74.919
68.052
67.982
67.913
68.146
67.853
67.842
67.855
67.995
67.971
70.858
73.746
74.236
74.342
74.448
74.149
74.307
70.944
67.582
54.722
54.46
54.091
54.25
55.344
56.817
69.782
69.219
76.061
75.725
75.716
75.682
75.966
76.287
76.69
76.77
76.773
76.803
69.856
69.545
69.234
69.701
58.073
57.597
58.094
58.676
71.407
71.791
78.416
78.349
78.165
78.076
78.13
59.139
59.441
59.619
59.251
58.662
57.783
68.106
67.885
68.035
67.904
68.047
67.852
58.86
58.459
70.155
69.832
69.469
69.135
69.12
69.437
69.026
69.601
70.107
70.505
70.987
71.494
71.754
71.692
71.632
71.572
71.606
71.814
71.893
71.886
71.83
71.803
71.652
71.479
71.407
59.367
59.552
59.64
59.939
59.946
59.815
59.516
59.206
58.565
49.642
40.72
39.782
39.764
40.584
41.404
40.249
40.305
40.531
40.758
40.22
39.683
47.832
55.982
55.887
56.054
55.948
56.175
55.941
55.993
61.94
67.888
67.936
67.905
67.925
67.971
67.969
67.954
67.92
60.11
59.956
59.928
71.847
71.8
67.08
67.016
66.966
67.089
67.096
67.102
67.127
67.151
66.815
67.171
66.904
67.075
67.018
66.943
67.131
66.831
72.507
71.792
75.187
71.562
67.938
68.16
67.945
68.2
67.799
68.197
67.793
71.77
71.814
71.722
71.858
71.815
67.712
67.731
67.751
59.181
58.983
59.582
71.74
71.598
70.082
70.286
70.074
69.852
69.845
70.048
70.447
70.586
70.071
69.94
69.933
69.93
70.003
69.97
70.002
69.961
69.995
57.947
58.547
58.69
59.243
65.135
71.027
71.048
71.069
70.951
70.834
71.412
71.651
71.487
71.715
71.694
59.942
59.886
71.679
71.847
71.603
59.497
58.807
57.27
55.846
54.958
53.857
54.009
52.075
53.456
60.715
67.974
76.933
76.935
76.925
55.673
55.84
56.097
68.137
68.047
67.777
55.541
55.419
67.929
67.476
65.267
64.989
55.998
56.286
64.979
64.953
64.984
64.998
64.967
65.003
64.962
65.059
64.979
65.002
65.024
