65.87
65.909
66.038
66.025
66.039
65.907
65.905
65.896
66.038
66.205
66.195
66
65.944
65.775
65.923
65.919
66.103
66.096
65.993
65.905
65.899
66.162
66.371
66.081
65.966
65.931
65.967
66.019
66.141
67.794
66.673
66.746
66.204
65.983
65.929
66.084
66.132
65.995
66.367
66.379
66.098
66.026
65.643
64.794
65.306
65.513
64.862
65.423
64.719
65.25
65.338
64.953
65.16
64.854
65.063
65.007
65.108
65.136
64.909
65.106
64.851
65.213
66.333
67.454
67.094
66.409
65.724
65.543
65.363
48.498
48.696
48.859
48.95
48.949
48.948
48.898
48.849
65.053
65.124
64.924
65.25
64.961
65.135
67.644
70.153
70.454
70.768
71.035
71.329
71.596
71.664
71.93
72.226
72.498
72.762
72.953
54.157
54.343
66.058
65.612
53.32
51.144
50.68
51.209
64.297
64.472
71.15
71.187
71.118
71.099
71.204
71.185
71.268
71.386
71.474
71.506
64.398
64.408
64.012
65.935
66.065
66.111
65.839
65.774
65.709
65.417
65.152
65.464
65.52
64.343
65.531
61.135
56.74
54.103
53.641
65.89
65.942
65.943
65.977
65.998
72.939
72.915
72.874
72.886
72.896
72.932
65.961
65.966
65.859
59.753
64.575
62.825
61.075
57.599
58.011
57.593
59.007
58.437
59.236
57.999
57.882
57.765
57.683
57.602
59.214
59.532
58.991
58.45
70.874
71.056
71.355
71.668
71.799
72.203
72.455
72.708
72.852
68.001
68.198
61.006
60.738
64.015
61.282
60.971
60.66
60.836
60.843
67.52
67.158
60.843
60.876
60.777
60.869
61.039
61.18
61.047
61.077
61.148
61.234
61.091
60.861
60.786
60.71
60.99
61.214
49.704
46.489
47.749
49.009
49.07
49.13
48.422
48.336
49.216
60.705
60.986
61.005
61.065
60.999
61.159
61.177
61.174
61.111
61.076
60.99
61.053
61.009
61.08
61.106
61.108
61.166
61.135
61.052
61.123
61.038
61.029
61.062
61.307
61.352
61.008
61.017
61.597
64.788
62.853
60.918
60.931
60.725
60.999
61.225
61.249
60.877
60.871
61.218
61.216
61.131
49.768
50.435
51.686
52.688
72.265
72.439
53.351
53.244
53.823
53.861
53.965
54.053
54.297
66.225
66.207
65.995
65.927
66.005
66.14
66.107
66.084
66.091
66.054
66.071
66.039
66.076
66.104
53.685
53.762
53.97
54.131
53.817
61.158
61.165
57.477
53.789
53.497
53.5
61.012
61.113
61.091
61.079
60.957
61.083
61.109
61.08
61.035
57.665
54.296
54.123
53.813
53.877
53.778
53.837
53.437
53.826
55.021
53.054
55.123
53.966
53.837
53.714
53.592
54.012
53.866
53.34
53.387
52.685
51.983
51.566
57.619
58.059
58.499
57.571
59.223
58.767
58.163
61.168
61.362
45.829
46.29
46.286
47.394
47.426
59.124
58.877
49.592
48.211
48.968
48.812
48.468
48.517
48.565
48.699
48.534
49.542
49.088
48.96
50.127
49.159
48.9
49.165
49.441
49.154
48.867
49.098
48.864
50.402
50.013
49.457
48.941
48.77
48.662
49.308
49.016
49.153
51.286
57.053
58.336
59.619
57.769
57.356
50.809
