73.008
73.038
72.894
73.028
72.918
72.943
73.024
72.907
73.035
72.923
72.933
73.022
72.909
44.877
46.329
60.738
65.342
69.946
69.993
69.967
69.989
69.962
69.978
69.957
69.97
69.973
69.964
69.977
69.976
69.987
69.973
69.939
69.965
69.962
69.987
69.95
70.017
69.94
70.016
69.918
69.979
69.993
69.972
69.974
69.945
70.026
70.022
75.548
76.047
76.249
76.479
56.761
63.398
53.194
42.99
43.058
43.746
58.144
58.455
58.341
58.156
70.159
70.167
58.188
58.012
57.825
57.609
57.241
56.766
56.29
55.554
53.315
43.144
42.817
43.346
42.854
56.854
55.886
68.072
68.076
75.176
75.249
75.058
75.059
75.158
75.204
75.134
75.122
75.174
75.194
68.123
68.336
68.734
56.549
41.344
42.911
46.788
66.542
69.903
69.985
69.972
69.987
69.903
70.074
66.908
66.89
66.945
66.884
67.03
66.88
66.73
66.801
67.086
67.072
67.158
66.982
67.009
66.962
66.971
66.981
66.957
66.915
66.9
66.949
66.94
67.002
66.922
67.052
66.948
67.073
66.885
67.027
66.943
67.046
67.002
66.984
67.024
66.919
67.031
67.404
67.776
67.414
67.027
66.801
73.663
73.683
73.701
73.719
73.673
73.612
73.686
66.537
66.486
66.551
60.983
61.051
60.967
60.843
61.021
60.755
64.21
67.664
67.674
67.12
66.878
73.799
73.799
73.833
73.786
73.78
73.832
73.911
74.201
74.504
74.863
75.023
75.137
75.199
75.19
75
55.834
55.951
56.11
56.044
56.225
56.23
56.235
67.946
75.137
75.117
67.866
67.831
67.796
67.636
67.476
67.467
55.532
55.71
55.809
55.718
55.683
55.718
55.721
55.756
55.686
67.73
67.992
67.867
55.378
55.223
55.108
54.484
53.882
53.227
52.692
51.405
52.218
51.868
51.299
51.91
51.348
51.412
51.992
51.378
51.986
52.142
51.676
52.287
52.672
52.862
52.649
53.04
52.795
51.954
50.701
67.884
68.057
67.772
67.802
67.832
67.848
67.863
68.075
67.832
64.535
61.238
61.619
61.402
68.599
69.126
69.346
69.64
69.658
69.676
69.687
50.38
49.751
49.963
50.347
50.539
69.852
69.743
69.883
69.962
69.816
69.793
69.76
69.819
69.831
69.777
69.811
69.831
62.973
63.003
62.982
62.934
62.955
62.961
62.986
63.002
63.037
62.956
62.987
63.035
62.96
63.003
63.009
62.981
62.985
62.98
62.923
62.959
62.979
62.982
62.931
62.947
62.963
67.921
68.03
69.792
70.289
70.241
70.015
69.977
