64.985
64.941
65.026
55.295
55.856
68.021
68.187
68.328
67.783
67.971
56.1
56.156
56.196
56.292
56.227
55.815
56.003
56.118
55.747
67.932
68.042
68.112
62.173
56.235
56.182
56.18
68.233
68.422
68.658
68.593
68.444
68.296
56.345
56.462
55.912
56.058
55.74
54.792
68.062
67.982
67.977
68.016
67.991
67.986
54.897
55.069
67.502
67.378
67.373
67.38
67.453
67.484
67.515
67.709
67.723
67.568
67.276
67.368
55.645
55.043
53.974
53.546
76.945
77.033
77.002
65.445
65.091
65.116
65.142
65.093
72.281
72.267
72.195
65.007
64.384
64.08
62.8
69.885
76.971
76.934
76.99
76.955
71.917
71.984
72.082
71.997
71.773
71.83
72.129
74.56
68.533
62.507
62.235
70.066
69.639
74.895
75.053
75.252
75.33
75.045
74.857
74.474
74.411
74.458
75.029
70.301
70.016
70.007
69.994
69.973
69.97
69.973
69.988
69.977
69.994
69.965
69.953
69.965
69.966
69.96
69.969
69.919
69.964
69.953
70.006
70.002
65.111
66.72
66.964
74.269
74.289
55.73
55.865
56.942
57.053
69.792
70.115
70.512
70.734
70.63
70.742
70.522
70.421
58.248
57.944
57.842
57.918
57.855
57.747
57.738
57.741
57.951
57.912
58.475
58.563
58.378
58.028
57.263
55.198
45.794
46.267
46.74
45.875
55.404
55.185
55.303
55.373
55.403
55.343
67.37
67.471
67.53
67.412
67.147
67.016
67.106
67.271
67.367
67.51
55.664
56.008
56.478
57.044
57.419
69.607
69.327
57.452
57.109
56.95
57.042
57.022
57.019
57.072
57.027
69.076
69.116
57.63
57.246
57.09
57.499
69.083
69.116
69.074
57.427
57.528
57.228
57.206
57.426
57.384
56.997
56.485
68.977
68.972
68.916
68.921
68.923
68.945
68.886
68.943
62.067
56.02
49.972
44.209
38.446
38.497
68.885
68.903
68.906
57.276
45.645
42.566
39.487
37.616
41.148
44.679
44.822
44.97
45.119
45.564
46.01
47.848
49.687
44.544
44.535
50.522
49.492
49.9
48.824
48.673
49.656
50.255
50.703
63.838
71.487
71.742
74.186
76.629
76.739
76.907
53.188
53.583
53.75
53.959
54.34
54.285
53.895
72.96
72.99
72.992
73.015
72.971
73.017
72.98
72.965
73.024
72.951
72.934
72.91
73.319
72.714
73.338
73.274
73.21
73.225
73.229
73.232
72.922
55.679
56.12
56.498
56.584
56.67
56.376
56.176
56.367
56.111
56.36
56.4
56.441
56.464
68.527
68.348
68.236
68.293
68.38
68.292
68.225
68.159
68.315
68.257
72.922
73.002
72.974
72.999
73.025
72.947
72.981
73.017
72.911
73.018
72.94
73.004
73.012
72.94
73.016
72.943
73.065
72.562
73.223
72.342
72.069
71.835
72.322
71.776
72.212
72.343
71.724
72.314
72.015
72.16
72.305
71.836
71.994
72.152
66.486
60.821
66.979
73.138
72.865
73.025
