57.926
57.917
57.935
58.008
57.781
57.922
58.076
58.018
57.952
58.031
58.085
57.843
57.932
58.074
57.948
57.768
58.037
57.938
57.89
58.059
57.944
57.969
58.032
60.351
62.67
63.249
62.934
62.62
62.594
62.596
62.598
70.861
70.612
70.757
71.012
70.937
71.279
66.515
61.752
58.198
57.864
58.205
57.985
58.065
58.145
58.084
71.558
71.377
71.594
71.713
71.821
72.117
72.331
72.505
72.723
72.916
73.455
73.521
73.526
73.532
73.455
73.451
72.866
72.69
72.515
60.059
60.11
59.695
71.282
71.268
70.709
70.592
70.475
70.454
70.434
70.413
70.277
70.04
69.704
69.085
68.358
56.605
55.589
55.534
65.051
64.97
64.913
65.006
56.756
56.542
69.291
69.361
69.19
69.102
68.972
68.901
68.83
68.949
68.808
69.16
67.025
64.89
64.837
65.093
65.124
64.872
64.656
64.934
65.211
65.121
65.031
57.248
56.918
56.837
56.756
57.511
57.198
57.131
56.486
57.355
57.265
57.417
64.944
65.028
65.035
64.874
64.833
65.049
58.228
57.8
76.602
76.423
76.261
76.2
76.229
76.258
76.344
76.429
76.341
76.237
76.01
56.899
57.595
56.88
57.613
57.429
57.245
57.697
57.729
57.706
57.851
57.731
57.61
58.067
62.67
63.301
63.179
62.912
62.851
63.05
63.151
62.893
62.831
62.94
63.247
63.02
62.837
62.95
63.242
63.071
62.859
62.778
63.13
55.346
54.521
54.809
55.596
55.586
54.604
54.616
55.665
55.312
54.674
54.877
55.48
54.965
54.583
55.424
55.282
52.73
52.04
50.484
56.513
61.925
62.097
62.372
61.69
62.256
58.005
57.466
62.126
62.049
57.802
57.831
57.985
58.112
58.02
57.929
57.268
56.608
61.684
70.601
70.89
71.226
71.562
71.692
71.822
72.043
72.31
72.469
72.796
72.788
72.809
72.989
73.009
61.4
61.351
61.043
60.478
59.309
58.584
59.092
59.735
71.508
71.726
71.646
71.566
71.36
71.362
71.204
71.046
70.661
70.974
70.57
70.166
56.72
58.708
58.014
58.346
58.977
60.488
59.027
59.264
59.5
69.831
69.951
69.7
57.084
58.146
57.727
69.33
69.442
69.461
57.868
57.614
58.167
57.563
58.195
58.827
58.832
58.836
58.859
58.883
57.674
57.681
57.841
57.769
57.898
57.59
57.984
61.874
69.69
69.665
57.704
57.504
57.739
57.901
57.951
58.119
58.023
58.143
58.243
57.819
58.071
57.818
57.657
58.168
70.436
70.608
70.46
70.339
70.307
70.372
70.393
70.387
58.444
58.277
58.495
70.947
71.346
71.679
71.957
71.986
71.927
71.872
71.788
71.672
71.362
71.48
71.599
71.683
71.768
71.8
71.833
71.774
71.716
71.672
71.628
71.58
71.532
71.774
72
66.896
69.927
72.958
73.009
73.045
73.123
73.089
72.857
59.67
59.149
58.628
59.04
60.021
61.177
61.208
61.556
73.689
73.635
73.59
73.506
73.375
73.414
73.409
73.617
74.053
74.501
74.876
74.83
74.742
74.527
74.305
74.265
74.298
74.41
74.54
74.585
74.516
74.551
74.55
74.602
74.716
74.853
74.951
74.996
74.853
74.719
74.559
74.473
74.577
74.658
74.775
74.839
74.853
74.91
63.144
63.103
61.066
63.218
61.237
59.257
59.269
59.282
59.412
59.542
59.601
59.46
59.319
59.303
59.288
60.164
59.498
58.832
54.446
