65.023
65.04
65.062
65.001
64.945
64.98
64.938
65.018
65.099
65.044
64.973
52.181
58.395
64.61
65.16
65.296
55.57
56.085
56.115
56.026
55.85
55.947
43.753
44.575
48.52
52.466
52.082
52.06
51.976
51.706
51.978
52.692
67.583
68.373
68.951
69.425
69.604
69.482
69.673
69.829
70.004
69.777
70.428
70.054
70.573
70.381
70.39
70.59
70.412
70.43
70.703
70.835
70.892
64.042
58.539
58.461
64.032
63.933
68.237
72.541
72.243
71.867
71.811
59.7
59.815
71.886
72.234
72.339
72.345
72.31
72.335
72.468
72.604
72.549
60.786
60.053
57.869
59.256
59.508
59.349
59.112
59.693
60.275
61.053
61.834
62.478
62.007
62.21
62.413
62.025
62.089
62.092
61.973
61.849
62.004
73.884
73.811
62.227
62.725
58.309
53.893
58.889
63.885
64.263
64.093
63.411
63.989
64.379
63.276
62.767
61.793
62.002
62.077
52.275
57.051
61.827
61.862
62.332
62.141
62.347
62.713
62.273
62.396
61.908
61.095
59.3
57.232
55.164
55.024
54.942
55.033
54.973
54.97
55.021
55.012
59.729
59.857
60.118
60.156
59.508
59.878
59.999
59.986
60.032
59.85
59.669
60.059
59.963
60.005
59.983
59.854
64.554
64.195
64.05
63.932
64.151
63.917
63.928
60.162
60.429
73.114
73.388
73.341
73.47
73.506
73.543
61.599
62.148
74.001
74.134
74.239
74.345
74.324
74.342
74.358
74.309
74.425
74.469
62.275
61.542
63.624
63.479
64.248
64.132
65.734
76.044
75.875
75.699
75.776
75.777
75.717
75.645
75.555
75.15
74.496
59.86
59.853
60.314
74.447
72.861
72.363
72.112
71.938
71.841
71.744
71.725
71.764
71.705
71.846
71.767
71.672
71.353
70.867
69.983
68.651
64.403
60.155
60.271
59.933
59.95
59.967
60.099
58.511
56.922
56.849
57.088
56.981
56.936
56.849
56.263
56.577
57.098
57.224
57.307
57.283
56.573
54.778
53.117
51.932
64.783
64.911
56.946
57.216
57.076
57.002
56.5
55.997
54.7
53.404
52.924
64.446
58.507
61.974
65.441
64.336
64.354
53.067
53.207
53.641
64.494
64.63
65.825
67.1
68.376
69.169
69.578
69.838
69.978
69.98
70.467
71.005
71.367
71.606
71.626
71.629
72.132
59.911
53.178
55.03
56.882
56.873
56.297
69.08
69.12
69.061
69.107
69.058
59.577
60.717
73.009
72.657
79.178
79.045
79.07
79.25
79.492
79.858
80.066
80.259
73.473
73.492
73.445
73.401
73.375
73.382
73.389
73.533
72.853
71.782
64.067
64.144
63.906
64.012
63.823
61.375
61.311
60.963
60.986
61.009
61.431
61.445
61.58
61.666
61.789
61.472
60.928
61.036
60.277
60.322
59.425
58.764
56.773
59.733
62.692
61.67
61.289
62.417
62.46
46.197
46.098
58.717
59.101
58.7
55.782
55.66
59.102
57.776
58.036
59.41
59.534
59.313
59.186
59.155
59.002
61.625
64.248
64.051
64.011
63.937
64.09
63.924
63.977
64.173
63.837
72.996
73.09
72.758
77.636
78.805
79.974
80.47
73.78
73.973
74.166
74.194
74.163
74.133
74.121
74.072
73.969
73.767
73.794
62.584
62.029
61.848
56.283
55.931
55.892
55.881
64.143
75.662
75.425
75.429
75.569
61.975
61.692
62.781
61.562
61.803
62.105
62.048
61.841
61.827
60.415
60.531
60.06
60.558
59.697
60.44
60.418
59.69
60.678
59.81
59.633
59.775
59.445
58.77
58.363
56.634
56.445
56.255
55.261
55.161
54.832
54.744
52.176
54.728
57.28
56.159
56.75
56.846
56.48
56.807
55.724
55.696
56.685
56.116
56.235
57.282
56.218
56.853
56.303
56.169
56.897
56.805
56.942
56.522
56.687
57.046
56.514
57.547
56.563
56.696
57.196
56.409
56.599
56.599
64.304
63.942
64.013
64.017
63.992
56.406
56.344
56.526
56.341
56.19
56.254
56.124
56.008
55.711
55.415
55.636
55.112
55.506
55.901
64.048
64.229
63.797
63.947
64.184
63.954
63.904
63.929
55.006
54.965
54.883
55.048
54.909
55.001
54.992
55.055
55.084
55.521
58.055
60.589
59.953
59.979
60.032
60.002
59.938
59.857
59.984
60.007
59.96
59.931
59.965
60.551
64.37
63.908
