67.953
61.021
61.011
62.258
67.614
72.97
72.966
73.032
73.007
72.953
72.934
72.99
73.014
72.997
72.967
72.942
72.979
73.02
72.976
72.99
72.975
72.981
72.991
72.964
72.955
72.984
73.004
72.974
72.991
72.945
72.99
72.991
73.001
73.001
73.008
72.926
73.001
72.973
72.945
61.096
61.18
60.898
60.99
60.948
60.731
60.923
61.101
60.952
61.14
61.056
60.859
60.928
60.994
60.676
61.12
61.125
60.849
61.197
61.207
60.695
60.902
61.141
60.725
61.028
61.118
61.049
61.097
61.145
72.947
72.958
72.958
72.945
72.993
72.981
72.973
72.946
55.689
38.432
40.082
38.504
41.722
44.94
46.074
75.112
75.07
70.005
69.994
69.963
69.953
69.931
69.956
69.956
69.947
69.938
69.928
69.914
69.892
69.91
69.87
69.91
69.875
69.875
69.858
69.833
69.865
69.884
69.885
69.93
69.975
66.484
70.824
69.314
67.804
64.949
66.53
68.11
62.339
62.39
69.545
68.745
62.7
62.654
62.305
62.378
62.45
62.557
62.664
62.905
63.007
70
69.974
70.036
70.014
51.688
51.94
69.947
69.981
69.984
69.974
69.975
69.976
69.958
69.947
69.947
53.57
53.697
54.039
54.212
54.437
54.766
55.03
55.082
55.118
55.219
55.266
55.632
55.852
55.784
55.761
55.696
55.63
54.744
62.973
62.912
62.936
59.413
67.066
67.398
67.73
67.76
67.847
55.664
55.533
55.626
55.171
62.986
62.953
62.999
62.764
56.787
56.861
56.727
56.662
56.73
56.942
57.593
57.705
58.033
58.223
58.593
58.475
58.117
63.04
67.963
67.952
67.947
67.978
67.963
68.182
58.446
57.346
57.635
57.994
58.045
58.09
70.337
70.323
70.348
70.051
69.862
69.003
68.145
68.108
67.998
58.138
58.31
57.974
57.733
57.343
57.101
57.056
57.497
57.865
58.398
58.271
58.058
57.457
57.872
57.742
58.093
67.94
67.958
67.924
67.95
67.929
67.946
67.949
67.953
67.968
67.96
67.919
67.941
67.949
67.945
67.957
68.007
67.822
68.308
67.867
68.084
68.104
67.837
68.141
67.861
67.992
68.032
67.817
68.105
68.111
68.116
67.916
67.89
68.139
68.131
68.123
68.165
68.208
61.409
61.242
68.403
68.362
60.698
61.019
61.536
61.837
62.137
62.443
62.477
62.565
62.965
62.756
68.131
67.766
68.08
67.905
68.017
67.978
65.068
62.158
61.938
61.917
62.314
62.288
62.214
62.729
62.899
62.829
62.571
63.077
63.004
62.935
62.972
63.089
63.087
65.701
64.627
63.553
66.442
73.562
73.001
77.731
77.711
77.82
53.982
54.546
73.821
73.918
74.238
74.233
55.274
55.224
55.283
55.403
55.25
54.846
54.721
54.635
54.849
55.169
55.222
55.425
55.627
55.856
55.785
55.832
55.892
56.001
55.851
54.626
54.81
55.635
56.459
68.524
68.797
68.212
68.048
68.169
68.277
56.515
56.785
69.164
69.231
69.563
69.709
69.679
56.735
57.077
57.136
57.077
57.027
57.098
57.176
57.922
57.861
57.809
57.902
57.9
57.982
57.554
57.727
57.482
57.532
57.581
57.224
57.165
57.107
57.645
57.851
58.437
58.101
58.705
58.317
57.763
57.875
57.534
57.504
57.814
57.311
57.325
57.339
67.957
67.941
67.976
67.923
67.952
67.979
67.94
67.987
