55.963
56.196
54.517
54.71
56.294
58.199
58.21
58.221
56.516
57.971
58.642
56.687
57.662
58.011
58.509
60.197
60.525
61.197
61.907
61.737
61.735
61.637
61.818
62.044
62.167
62.527
62.761
62.671
62.509
61.64
59.718
58.138
58.04
57.296
57.624
57.953
57.731
64.277
62.442
62.528
62.491
62.249
74.408
74.37
74.348
74.262
74.406
74.272
74.453
74.367
74.388
74.299
74.345
62.287
61.121
62.361
62.3
62.492
62.685
62.594
62.516
62.214
62.217
62.633
62.797
62.71
62.569
62.349
62.414
62.451
62.593
62.608
62.288
62.106
62.141
61.276
69.992
70.016
63.25
62.433
61.401
62.33
62.287
62.244
62.453
63.005
63.558
74.972
75.157
75.163
75.265
63.245
62.709
61.924
60.57
56.915
58.736
64.119
65.35
63.068
60.786
60.787
60.777
61.116
60.981
60.846
60.852
72.846
72.827
72.821
72.814
72.897
73.038
60.785
61.3
60.127
59.825
59.542
59.278
59.014
59.238
62.218
62.073
58.662
59.285
70.15
69.822
69.891
70.183
58.797
58.344
58.771
57.869
56.966
57.204
56.697
56.189
55.085
53.88
58.612
57.521
56.429
56.578
56.816
56.71
68.785
69.092
68.779
69.384
68.864
69.497
69.146
69.158
69.171
69.017
69.093
68.858
69.219
68.951
69.469
56.889
56.447
56.128
57.143
58.159
57.41
69.124
69.148
69.003
68.907
68.87
69.19
69.25
69.225
69.2
69.048
69.134
69.179
69.15
59.321
60.82
58.975
58.601
58.227
58.155
58.084
57.039
57.861
57.908
60.349
59.941
59.277
58.826
56.838
58.031
58.552
59.229
59.906
60.454
59.903
60.377
60.34
59.902
60.453
59.205
60.316
59.426
58.815
58.205
58.381
57.603
58.301
58.037
58.558
71.85
65.407
71.821
71.583
71.345
58.934
59.402
58.961
58.927
59.871
59.11
58.306
57.7
57.836
57.972
58.51
58.458
58.405
52.921
53.101
57.92
59.162
59.578
58.706
58.562
58.066
59.111
59.828
59.205
72.026
71.93
71.977
71.866
64.717
58.391
59.785
59.551
58.639
58.949
59.258
59.833
59.602
60.012
58.531
61.929
60.406
58.884
59.265
59.647
60.219
59.91
59.563
59.48
56.517
57.234
57.427
57.279
56.91
56.647
57.917
56.963
57.198
57.432
57.428
57.183
57.022
56.862
57.011
58.944
58.458
57.79
56.603
63.72
61.38
59.041
60.241
60.173
60.146
60.124
59.277
59.999
59.733
60.126
60.22
59.938
60.062
59.276
59.838
