51.53
70.864
70.883
70.981
60.774
59.963
59.978
59.747
59.938
60.003
60.107
60.176
59.804
59.719
59.81
60.148
62.902
65.04
64.828
65.277
65.013
64.947
65.087
65.102
64.851
62.481
62.967
63.061
62.544
73.686
73.392
73.263
73.341
73.331
73.513
73.405
73.525
73.686
73.809
73.791
73.916
73.894
73.725
73.736
61.812
59.943
60.26
60.423
58.845
59.27
62.193
60.877
72.082
72.016
71.849
71.844
59.737
60.258
60.279
60.3
72.047
72.005
72.242
72.094
71.932
71.905
71.579
71.403
71.168
70.752
58.424
58.206
56.958
56.548
56.152
57.069
56.319
57.929
58.584
58.657
58.91
58.863
59.034
59.017
59.173
59.265
59.24
59.107
59.073
59.075
59.052
58.929
58.807
58.349
57.892
58.198
58.847
58.888
59.284
59.331
58.978
66.558
67.765
68.073
67.924
67.899
67.742
67.245
67.911
67.849
68.598
68.329
68.582
69.242
69.181
69.165
69.383
69.612
69.374
69.271
69.167
68.684
65.003
65.1
65.072
65.038
67.238
67.111
67.394
67.552
67.6
67.489
67.5
67.483
67.607
67.638
67.698
67.522
67.603
67.453
67.151
66.34
65.308
63.514
59.387
58.458
54.345
60.712
67.079
67.035
67.102
63.779
68.771
73.762
73.804
73.742
73.663
73.533
73.571
73.505
73.698
73.681
73.692
73.553
73.386
73.251
73.068
61.9
61.16
61.715
61.141
59.702
60.018
60.335
59.877
64.971
65.035
65.005
65.131
61.681
62.399
62.556
62.447
62.338
62.093
62.135
62.37
64.397
62.798
63.147
63.865
63.869
64.081
64.109
63.724
64.373
53.646
55.346
54.852
64.095
63.614
63.988
63.902
64.15
64.422
63.815
64.3
64.272
60.025
59.87
60.013
63.826
64.231
63.736
64.259
64.154
64.195
64.235
63.81
63.927
65.164
61.985
61.992
62.908
63.001
61.719
62.006
62.293
64.239
63.204
74.66
73.991
73.511
73.17
73.122
73.213
73.654
73.669
74.05
61.206
60.979
61.728
62.206
61.929
61.655
54.343
51.616
48.889
55.534
62.178
61.904
61.429
60.017
60.222
60.421
72.349
72.33
72.404
72.449
72.232
71.857
59.8
58.776
58.786
60.084
59.69
59.295
59.492
78.147
78.138
78.043
77.948
77.78
58.895
58.774
70.902
70.541
71.462
65.616
59.771
61.156
59.883
59.299
58.909
59.42
59.467
59.778
59.957
60.135
60.082
60.228
59.772
60.005
60.096
45.391
45.502
45.648
45.794
60.216
60.128
59.812
55.386
45.348
45.355
45.132
44.948
44.948
44.822
44.778
45.13
44.961
45.345
45.046
45.154
45.008
44.886
45.136
44.75
44.953
44.913
45.305
45.128
67.222
67.2
66.997
67.026
67.006
67.01
67.019
67.041
67.06
67.023
66.986
66.927
66.929
66.93
73.124
79.318
79.561
79.879
73.005
73.31
73.518
73.704
70.346
66.988
61.676
62.018
61.815
61.354
61.82
61.901
61.905
61.805
50.561
50.735
72.05
78.441
78.35
78.42
69.319
60.219
59.63
71.684
71.745
58.859
57.688
57.962
58.128
77.166
77.254
77.45
77.56
77.536
77.582
58.951
58.509
58.628
58.609
58.187
44.008
43.736
59.881
59.964
59.317
59.731
58.784
59.406
59.343
60.028
60.362
60.755
60.421
60.285
60.165
60.018
59.949
59.926
68.867
68.969
60.023
59.755
59.75
60.16
59.969
59.956
59.907
59.884
60.048
59.523
58.997
57.343
63.174
69.005
68.953
69.018
69.004
68.972
68.97
68.94
68.924
68.962
68.967
69.09
62.145
62
