59.406
60.339
59.892
59.495
60.346
59.193
60.524
59.156
59.827
58.242
58.333
57.268
59.693
59.081
58.47
58.939
59.805
59.741
60.51
60.826
73.217
73.318
73.415
73.302
73.116
73.117
73.203
73.196
73.037
73.131
73.122
60.956
60.069
58.486
56.903
69.096
68.989
69.017
59.949
61.229
61.079
61.05
61.02
61.204
61.389
67.735
74.082
74.092
74.025
74.027
73.979
73.995
74.246
62.267
61.428
60.586
59.637
59.483
59.124
58.766
61.446
61.605
73.725
73.665
73.625
73.512
73.372
73.482
73.375
73.404
73.565
73.565
61.528
61.904
61.354
61.734
61.072
62.917
63.119
63.32
63.262
62.795
62.329
62.011
62.047
62.292
62.35
61.884
62.28
62.528
62.497
65.363
64.745
62.429
62.293
65.573
64.287
64.791
65.197
65.193
64.306
64.453
66.201
66.443
63.656
59.848
60.974
61.141
60.45
59.75
59.996
60.242
60.214
60.97
60.952
60.965
61.17
60.989
60.768
61.229
60.93
60.791
61.2
61.025
60.616
58.624
60.537
60.246
60.053
55.448
50.844
50.882
51.02
59.328
58.728
58.09
58.818
57.41
58.325
59.24
50.923
51.089
51.144
51.2
50.094
51.348
51.056
59.106
59.184
59.259
58.781
59.015
59.281
58.883
58.964
59.303
59.104
58.582
58.611
57.84
57.608
56.629
55.824
55.997
55.619
58.063
57.703
57.831
57.023
57.071
57.119
57.989
57.566
57.195
57.346
57.098
57.14
57.524
59.085
58.925
57.341
59.094
58.233
57.372
55.67
57.534
58.046
58.067
58.367
77.121
77.019
76.926
58.066
57.684
57.81
57.937
57.714
77.084
77.312
77.72
77.94
78.099
78.164
78.121
78.073
78.097
77.817
77.857
77.897
77.96
78.008
78.179
78.349
78.372
78.509
78.316
78.294
78.273
78.377
78.481
71.422
59.179
59.971
71.581
70.942
71.186
71.183
71.18
71.456
71.519
71.581
71.669
71.675
71.618
71.597
71.635
71.661
71.625
71.53
71.471
71.432
71.541
71.617
71.693
71.744
71.724
71.669
71.613
71.663
71.703
59.317
59.877
58.432
58.858
59.923
59.457
59.897
59.482
60.043
58.775
58.825
59.94
59.317
59.991
59.211
69.981
69.992
58.898
59.965
59.332
59.876
59.178
70.07
70.122
59.127
59.836
59.423
59.283
59.076
58.869
59.134
59.4
59.369
58.925
58.481
58.98
59.002
58.668
58.732
58.628
58.196
59.162
59.748
59.436
59.123
59.603
59.318
59.033
58.929
72.035
72.021
72.027
72.034
72.08
59.606
59.264
57.411
64.762
72.114
72.108
72.066
72.066
72.046
72.101
72.104
72.008
71.927
71.9
64.902
64.986
72.102
71.991
64.995
59.114
59.364
59.73
60.096
60.132
59.688
52.873
52.704
52.757
68.858
68.984
69.028
62.321
55.614
56.718
64.989
65.03
64.988
56.771
57.019
57.167
57.378
57.23
57.012
56.747
56.804
57.291
57.422
56.946
56.872
56.975
57.077
64.972
