70.017
69.988
69.958
69.947
69.935
70.018
69.956
70.003
75.014
74.993
74.992
75
69.985
70.003
69.992
69.955
70.007
69.98
70.014
69.976
69.949
69.983
69.959
70.009
70.056
63.028
63.397
63.839
63.889
70.563
71.011
70.793
71.296
71.179
71.628
72.293
72.966
73.642
74.335
74.514
74.665
74.559
74.479
74.605
74.75
70.021
70.036
69.994
70.013
70.001
70.031
74.97
74.948
69.958
69.958
69.985
69.944
69.996
69.976
69.976
69.975
69.998
69.963
70
70.042
70.03
70.017
70.019
69.999
70.003
69.934
69.954
55.918
55.965
69.907
70.006
70.004
70.003
69.95
69.952
68.051
68.189
68.298
68.347
68.24
75.307
75.433
75.446
75.697
75.83
76.04
76.185
76.389
76.618
76.842
77.049
77.083
69.951
69.678
69.261
68.769
68.001
55.516
54.84
52.153
50.719
49.284
48.573
47.881
47.999
47.537
48.398
55.84
55.696
55.795
67.541
67.458
67.22
67.057
67.208
67.616
68.065
68.072
67.766
67.459
61.491
55.523
56.092
71.985
71.963
71.924
71.964
71.941
71.969
68.034
68.003
67.941
67.985
67.944
67.941
68.022
67.891
68.062
67.87
68.04
67.894
67.952
68.011
67.856
68.097
67.793
68.103
67.788
68.03
67.902
67.911
68.061
67.685
68.199
67.624
68.177
67.807
67.993
68.056
67.68
66.858
66.953
67.029
66.923
67.071
66.854
67.074
66.87
67.05
66.932
67.033
66.994
66.964
67.026
66.9
67.039
66.88
67.061
66.921
67.035
66.961
66.991
67.017
66.907
67.012
66.891
67.009
66.957
66.979
67.057
66.899
67.097
66.778
67.119
66.732
67.182
66.79
67.234
66.849
67.37
67.39
67.876
67.794
68.019
67.772
68.022
67.863
67.996
67.802
68.058
67.927
67.946
67.96
67.981
68.01
67.871
68.082
67.895
68.168
67.801
68.13
67.818
68.154
67.847
68.029
67.908
67.992
68.003
67.799
68.072
67.862
68.111
67.605
68.073
67.778
67.935
67.538
67.649
67.759
67.843
69.894
69.894
69.976
70.006
69.975
69.927
69.964
69.981
69.985
69.96
69.949
70.002
69.968
69.949
69.913
69.985
70.03
69.938
67.941
68.301
69.434
57.374
57.796
57.587
57.396
62.594
67.791
67.914
67.715
69.887
72.058
71.61
71.419
71.353
71.58
59.972
59.505
67.693
68.187
67.562
70.468
73.374
72.933
72.215
71.497
71.364
71.11
73.064
72.959
73.144
71.781
72.562
72.428
72.626
72.85
72.925
72.854
72.697
72.543
72.53
72.754
72.742
72.83
72.842
72.845
72.838
72.928
72.869
60.849
60.89
61.001
60.462
59.658
58.166
73.083
73.106
61.071
61.093
66.877
72.66
72.213
72.318
72.209
72.037
72.236
72.069
72.434
72.211
72.404
60.659
60.501
60.144
59.589
60.177
68.097
68.028
67.976
67.905
67.913
70.482
65.95
61.418
60.564
72.194
71.939
71.646
71.563
71.446
71.308
71.199
71.242
71.313
71.386
71.541
71.739
72.104
72.664
73.152
73.614
73.48
73.236
73.054
72.81
72.764
72.814
72.841
72.92
73.046
72.953
72.934
72.98
72.929
72.917
60.764
61.263
72.984
72.996
