62.229
61.227
59.408
60.115
60.822
74.145
73.802
73.481
73.721
74.242
74.306
74.094
73.983
73.983
73.624
73.482
73.038
61.012
61.006
61.223
60.977
61.045
60.978
65.229
76.502
75.976
75.583
74.903
74.759
74.193
73.467
73.14
72.674
73.131
69.118
65.105
65.023
64.942
65.097
64.883
65.003
65.161
48.721
49.279
51.223
53.167
64.529
64.442
66.081
66.549
66.732
66.629
66.74
66.826
67.083
66.503
65.923
64.972
55.848
54.891
53.561
51.153
48.746
49.236
48.511
48.062
46.862
47.56
55.138
55.839
56.055
55.781
55.646
55.4
55.542
55.694
55.697
55.634
55.525
55.208
55.213
55.115
54.85
54.561
54.83
55.67
56.163
57.198
58.199
58.736
58.642
58.344
58.014
58.072
58.076
58.471
58.53
58.481
58.462
58.647
58.826
58.671
61.085
63.5
84.156
84.33
84.538
84.159
50.339
50.734
59.385
58.787
58.426
58.252
58.29
70.24
70.345
70.282
70.219
70.192
70.182
70.466
70.436
70.625
58.263
58.156
56.942
61.298
63.247
65.197
65.017
61.171
60.822
65.267
69.712
69.514
69.224
69.273
69.251
69.287
69.377
69.369
69.434
69.378
69.457
69.646
69.79
69.823
57.428
57.354
57.221
57.088
57.027
56.966
63.236
69.506
69.427
68.925
68.898
75.723
75.559
75.324
75.089
74.944
74.988
71.828
68.668
68.949
69.498
69.681
69.692
69.587
69.536
69.494
69.358
69.409
69.506
69.541
69.792
69.996
69.768
69.364
68.985
69.306
68.986
69.643
69.781
69.633
69.319
69.539
69.683
57.365
57.378
57.211
56.939
57.362
57.474
57.619
57.773
56.481
56.47
70.028
69.966
70.048
72.979
72.506
71.844
70.819
69.367
68.25
67.134
66.897
67.032
66.864
66.766
66.276
66.268
66.666
70.028
70.051
70.004
61.235
60.897
60.559
60.563
57.342
57.788
69.724
69.542
69.407
69.417
69.514
69.377
57.393
57.257
57.171
57.366
57.42
56.814
56.743
56.82
57.048
65.835
66.042
66.211
57.396
57.389
57.298
57.449
57.474
57.38
57.409
57.331
57.063
56.92
59.706
59.229
60.521
61.085
61.287
61.052
61.067
61.082
61.206
60.011
59.178
62.965
63.458
63.34
63.434
63.162
75.451
75.545
75.582
75.578
75.557
75.598
75.713
75.551
74.445
67.94
61.435
60.67
58.683
58.804
58.38
57.956
82.553
81.462
82.002
82.044
81.882
81.865
82.015
82.094
82.255
82.352
82.514
82.637
75.653
75.547
75.34
75.295
62.971
61.973
61.854
61.215
60.962
60.687
60.655
60.943
61.483
61.803
62.001
61.722
73.904
73.796
73.751
73.771
73.671
73.85
73.899
74.046
74.175
74.15
73.971
73.861
73.562
72.899
72.107
69.859
69.374
68.889
63.569
64.009
64.271
64.134
64.512
64.185
63.826
63.971
65.073
64.045
64.266
64.104
64.772
63.912
63.547
62.771
62.144
65.98
65.985
66.07
63.778
64.244
64.419
64.839
64.29
76.596
76.684
76.825
76.963
76.945
76.905
77.033
77.163
77.113
77.037
76.942
76.9
76.868
76.941
77.183
77.328
77.473
65.378
65.136
64.436
63.475
60.213
60.771
61.133
61.353
61.194
61.13
61.083
61.166
61.102
60.304
60.915
61.01
61.055
61.481
61.144
60.83
63.658
63.641
64.08
64.202
64.486
64.433
76.523
76.495
76.275
76.355
76.606
76.85
77.077
77.23
77.549
77.823
78.031
77.95
65.673
64.997
62.294
57.445
52.596
58.298
59.664
61.029
72.179
72.045
71.882
71.912
71.844
71.745
71.672
71.52
71.034
70.317
69.081
67.169
66.08
66.066
