71.936
71.987
71.981
72.006
71.988
71.978
67.299
67.043
67.036
67.058
66.979
66.995
67.049
66.997
61.901
61.788
73.51
72.616
72.562
72.509
72.341
73.003
73.177
73.313
73.735
73.7
73.431
61.927
61.408
61.506
61.137
61.115
61.374
61.956
61.972
61.988
62.038
61.566
59.075
59.842
59.936
59.861
59.748
59.445
59.832
60.219
59.763
59.668
59.332
59.837
59.753
58.367
58.512
69.896
70.237
69.982
58.468
58.574
57.615
58.421
57.76
55.767
59.341
59.241
59.056
59.009
58.689
58.369
58.859
59.34
58.901
70.726
70.95
58.97
59.379
59.719
60.435
60.215
60.06
60.132
60.026
59.94
59.923
60.001
59.49
59.164
58.529
56.262
62.655
69.047
68.954
68.884
69.041
69.016
68.913
68.946
69.007
69.014
69.011
69.006
68.931
68.947
68.984
68.895
68.892
68.922
68.93
69.063
62.072
61.807
61.893
53.18
53.752
53.729
54.134
55.148
55.97
75.094
75.122
55.459
55.076
55.963
62.169
68.375
75.474
75.753
75.9
75.869
56.652
56.849
56.885
56.949
57.082
57.216
56.958
56.55
56.26
57.131
57.769
56.929
57.077
58.026
58.762
77.579
77.381
77.365
77.413
77.461
77.376
77.356
58.6
58.759
58.46
58.903
58.613
58.88
70.524
70.678
66.053
61.427
61.635
46.965
46.207
52.004
49.166
54.129
59.092
59.79
71.759
71.472
71.347
71.436
71.525
71.702
71.799
71.99
72.056
72.06
71.945
59.903
59.349
58.794
59.931
55.341
57.61
59.879
59.815
59.822
60.056
53.441
46.827
48.183
54.71
55.393
55.374
55.419
55.363
55.306
55.846
55.61
55.849
56.186
56.103
55.856
55.582
55.368
55.487
55.606
55.326
55.335
55.345
55.954
55.582
55.662
56.016
55.996
56.91
77.575
77.778
77.817
77.765
77.736
77.899
78.214
78.418
78.547
78.622
78.607
71.809
71.83
59.513
59.9
71.519
71.556
72.125
72.047
71.97
71.915
71.965
71.971
72.081
71.997
71.889
61.803
61.622
61.805
73.78
73.642
73.378
73.265
73.364
73.463
73.474
73.622
73.614
73.573
73.684
73.685
73.775
73.888
74.021
61.98
61.909
61.735
62.218
62.043
61.966
62.137
61.888
73.748
73.725
73.718
73.758
73.793
73.695
73.654
73.553
73.536
73.31
73.662
61.594
61.059
44.013
44.036
43.532
43.45
44.133
44.143
44.196
43.794
43.598
43.867
60.931
61.658
61.879
62.266
62.799
62.424
62.714
62.759
62.838
62.849
62.907
63.446
63.668
63.804
63.811
63.586
63.546
51.891
50.058
51.787
51.077
50.367
47.106
43.844
43.848
61.896
61.51
60.755
60.777
60.529
60.461
60.833
60.249
60.551
59.179
60.711
59.84
62.211
61.303
60.853
62.477
61.373
61.413
62.288
61.659
62.01
62.358
62.09
61.905
62.294
61.993
61.691
62.531
62.077
60.612
60.134
60.571
60.282
60.057
59.831
59.753
59.982
60.117
59.57
59.663
60.266
60.084
59.501
59.928
55.412
58.797
62.182
62.423
61.249
61.948
62.31
61.411
59.872
58.333
71.338
70.928
61.552
66.056
54.987
43.918
45.252
45.326
59.604
78.261
78.305
78.238
71.265
71.039
70.715
71.345
59.318
58.335
44.771
46.003
46.008
46.014
50.816
55.619
58.452
61.284
61.847
61.668
61.608
61.466
60.549
73.282
73.389
73.236
73.278
73.188
73.439
73.328
73.5
73.292
73.19
73.029
73.017
72.963
72.726
67.046
60.989
60.049
61.518
62.221
63.325
75.47
75.602
75.637
75.643
75.73
75.76
75.792
75.861
75.92
75.714
75.779
75.799
75.594
75.269
74.57
75.299
76.028
76.005
75.946
71.914
71.925
71.937
59.838
60.016
79.218
78.54
78.008
77.665
77.566
77.589
77.773
77.945
78.134
78.327
78.586
78.932
78.79
78.065
77.625
77.492
77.286
65.418
64.879
64.768
64.482
63.484
64.442
64.731
63.195
64.146
64.332
64.435
63.869
57.552
60.886
64.219
64.574
64.021
64.551
64.693
64.347
64.441
64.808
64.824
64.467
64.558
64.862
65
64.817
64.674
64.717
64.592
67.799
71.006
