72.074
71.955
71.982
57.561
56.89
56.446
56.85
58.473
59.31
60.067
60.14
56.722
57.556
57.938
57.6
57.226
56.809
56.272
57.277
57.278
56.688
56.796
57.165
56.945
56.738
57.01
57.16
65.031
64.974
65.012
64.919
64.948
64.932
65.025
64.988
64.911
65.035
65.014
64.993
64.954
64.96
65.059
57.075
56.944
57.121
61.15
65.179
64.584
64.619
64.66
56.946
56.943
56.963
56.983
57.089
57.066
57.162
57.146
57.131
56.942
56.985
56.973
57.029
65.105
64.785
61.69
61.392
62.47
62.748
75.403
75.747
76.185
76.349
76.514
76.621
64.824
64.951
64.998
65.045
65.122
65.122
65.047
64.778
64.025
63.956
64.056
64.068
64.142
64.519
64.497
64.421
64.02
64.253
64.376
64.438
64.203
64.496
64.604
64.334
64.087
64.604
64.89
64.925
65.076
64.838
64.938
65.044
76.153
76.333
64.739
60.032
59.851
59.94
59.564
60.182
62.438
64.694
64.647
64.325
63.885
64.316
64.176
63.208
68.93
68.94
67.036
65.131
64.936
62.665
62.396
62.155
62.179
62.395
74.411
74.548
74.526
74.542
74.489
74.502
74.647
74.703
62.279
62.024
61.942
60.873
60.229
60.107
60.67
60.97
60.988
61.005
73.125
72.932
72.859
73.003
72.816
73.096
72.757
72.82
72.451
72.011
71.315
70.144
69.376
56.787
56.3
55.065
55.765
56.626
57.454
58.55
70.904
71.16
70.926
70.893
70.98
70.962
71.095
71.153
71.225
71.105
71.367
64.065
56.763
60.823
64.884
65.081
65.027
64.989
65.044
55.629
56.937
58.037
58.569
59.101
59.689
58.211
58.561
58.911
59.661
58.427
57.194
57.941
58.688
59.763
56.857
56.699
56.541
57.118
58.647
59.697
59.7
59.831
59.952
59.706
59.597
59.839
60.116
59.674
58.91
59.16
59.41
58.6
56.315
57.082
56.707
56.784
58.418
60.065
56.423
57.543
59.851
59.974
60.097
59.654
59.633
71.763
71.79
71.818
72.073
72.198
72.276
72.802
72.781
73.18
73.009
73.178
73.516
61.047
60.887
60.727
60.531
60.394
60.368
60.342
56.417
57.452
56.117
61.191
60.225
60.789
60.578
60.676
60.396
60.665
60.48
60.74
61
60.605
61.592
61.349
61.693
61.418
61.315
57.407
57.044
57.18
60.74
58.878
57.015
56.785
56.555
57.112
57.669
60.593
60.813
60.984
60.889
61.023
61.157
61.155
61.153
61.052
61.288
60.965
58.768
60.066
59.685
60.354
60.311
60.2
