58.064
57.875
58.08
58.115
63.161
63.016
63.051
57.85
56.954
56.058
56.407
56.744
56.72
56.696
56.211
56.266
56.347
56.306
56.313
56.186
56.7
56.853
56.334
55.782
60.812
60.844
60.876
63.038
62.13
61.222
65.196
61.586
57.976
57.157
69.916
70.012
70.209
70.379
70.548
70.429
70.209
69.904
69.154
67.186
65.218
65.353
65.288
65.224
64.961
65.133
65.102
64.996
65.235
69.289
68.498
68.626
68.754
66.053
66.034
65.947
65.859
62.804
66.025
64.464
62.904
62.886
63.037
69.824
69.522
69.32
69.548
69.775
54.36
52.939
54.377
53.931
54.134
53.853
53.899
54.068
54.095
54.122
66.083
66.062
65.98
65.969
66.048
66.052
66.184
66.039
66.072
66.059
66.103
65.971
66.092
66.061
65.942
66.018
66.095
53.664
53.529
53.394
53.438
53.482
53.583
53.45
53.317
75.259
74.831
72.333
69.835
69.648
69.431
69.278
53.192
53.914
54.465
53.049
65.36
66.109
66.223
73.4
73.324
73.114
72.98
72.875
72.86
72.872
72.845
65.962
66.114
65.92
52.012
53.744
53.982
54.077
53.977
54.068
53.694
58.978
58.943
53.984
53.457
53.908
54.029
65.887
65.686
65.736
65.747
65.704
65.661
65.898
66.018
66.436
54.389
54.186
66.216
66.212
66.145
66.24
66.076
65.967
65.937
65.594
65.831
65.862
65.862
65.862
65.74
66.001
65.77
65.852
65.668
65.599
65.715
53.741
53.091
52.203
49.819
48.838
48.517
48.195
59.554
58.91
49.025
50.58
62.889
64.6
64.975
64.652
71.174
71.306
71.498
71.727
71.821
72.058
72.051
72.098
72.026
71.826
71.759
71.754
71.648
71.595
71.376
71.379
71.595
71.906
72.311
72.785
73.155
73.299
73.214
73.103
72.984
72.991
73.036
73.06
73.231
66.571
66.043
62.418
65.208
62.401
59.595
59.56
59.524
58.924
58.92
59.455
52.331
52.933
53.707
65.829
66.395
65.612
65.713
65.814
65.741
66.492
65.992
66.045
66.165
54.735
54.495
54.419
54.317
54.088
54.164
54.297
54.032
54.209
54.153
66.06
66.041
66.11
65.957
53.843
53.909
54.021
54.005
54.159
54.02
54.138
54.358
54.222
54.319
66.162
66.075
66.053
66.083
66.098
66.008
65.989
65.971
65.773
65.803
53.998
53.853
53.808
53.915
53.929
53.9
53.939
54.039
54.127
54.201
54.09
54.044
53.973
54.084
53.925
53.975
53.941
53.923
53.962
54.373
65.782
65.94
66.12
65.995
66.064
66.145
65.985
66.119
65.975
66.049
66.154
65.929
66.145
66.04
66.058
66.077
66.016
66.035
66.054
66
60.955
60.865
60.791
60.745
60.964
61.183
61.192
61.045
61.356
61.154
60.829
60.277
60.884
60.907
60.802
61.201
61.345
61.258
60.966
60.998
61.077
60.692
60.701
61.163
61.229
59.411
57.594
57.893
58.193
58.28
57.752
57.955
57.673
57.954
57.805
57.906
57.924
58.06
58.006
57.987
57.918
58.105
57.962
58.24
58.056
58.301
58.546
57.566
58.344
59.123
58.788
58.884
59.23
59.226
58.794
58.696
59.239
59.27
59.034
58.674
58.784
59.089
59.415
58.991
57.805
58.961
59.372
59.748
