64.029
64.01
64.082
63.964
64.147
64.061
64.016
63.882
62.398
60.915
61.034
60.945
60.965
60.981
60.966
60.956
61
60.993
60.94
60.945
61.036
60.874
60.975
60.985
60.965
61.007
60.948
51.767
56.384
61
61.094
61.024
61.006
61.352
62.409
61.831
61.902
62.143
61.886
61.724
62.139
61.978
61.671
62.128
62.08
61.72
52.79
57.266
61.743
62.203
61.996
61.76
62.287
61.893
61.733
62.455
65.908
69.362
68.635
68.375
68.219
56.582
56.1
63.729
64.131
63.822
63.513
63.805
64.295
57.407
57.757
58.137
57.283
58.041
57.77
57.932
57.248
51.614
57.859
64.104
63.929
72.097
71.752
78.573
78.531
78.568
78.605
78.716
78.784
78.652
78.571
78.482
78.526
78.419
78.354
71.366
71.286
71.207
71.258
71.326
69.141
66.957
67.004
67
66.974
67.001
66.991
66.94
64.005
63.409
63.273
63.755
63.068
63.319
63.281
63.36
63.075
63.652
63.358
63.813
63.276
63.677
63.498
63.582
63.622
63.371
63.486
62.96
61.769
60.31
59.961
59.843
59.627
60.898
73.037
73.231
73.417
73.409
73.364
73.612
61.125
60.829
60.459
62.723
64.988
64.982
64.973
64.721
69.133
73.546
73.25
72.642
79.484
79.512
79.725
79.815
80.107
80.313
80.487
80.473
80.521
80.57
80.456
80.343
65.012
65.021
65.001
64.981
69.049
73.117
72.935
72.742
72.429
72.051
71.801
71.628
71.503
59.444
58.917
58.876
57.89
65.019
64.967
68.299
71.631
71.745
71.677
71.584
71.509
71.716
59.779
60.034
59.6
60.014
60.155
59.782
60.093
59.919
60.099
60.278
59.897
59.649
59.262
59.07
59.225
59.46
59.667
59.821
59.878
59.924
59.79
59.481
59.863
59.431
59.056
58.713
57.969
57.382
56.738
56.088
55.913
56.242
57.466
58.689
59.153
59.256
59.199
58.942
58.674
58.661
58.657
58.795
59.065
59.188
59.179
58.579
57.034
57.921
56.644
57.502
57.182
69.042
69.061
68.999
69.075
69.03
55.008
55.016
55.024
58.149
61.274
59.766
59.84
60.005
60.019
59.992
59.957
53.685
54.275
55.955
58.032
70.393
70.771
70.887
70.854
70.905
59.506
59.414
43.572
43.628
43.714
43.912
44.053
43.844
59.541
60.255
59.351
60.928
59.856
59.752
60.43
60.266
71.057
71.184
59.591
59.705
74.08
73.928
61.858
59.375
60.474
60.487
60.501
59.184
60.775
60.555
60.336
60.6
60.864
73.359
73.277
73.227
61.716
61.73
62.135
62.136
61.738
61.395
62.324
61.681
64.85
64.339
64.212
52.219
58.182
64.145
63.1
64.47
64.477
64.569
64.661
64.714
64.802
64.874
64.936
65.012
65.005
64.941
64.925
64.91
64.738
63.526
62.314
62.18
68.394
74.607
74.575
74.652
74.941
75.017
75.237
63.206
62.328
60.579
61.368
62.157
61.855
62.458
63.061
75.243
74.962
74.779
74.488
74.394
74.773
75.277
75.79
76.217
76.241
76.265
76.337
76.235
76.136
76.162
76.05
75.937
75.979
64.57
62.617
64.7
64.64
63.031
64.447
64.295
64.143
63.521
64.1
62.926
63.701
62.798
62.239
61.333
61.39
61.448
62.496
62.612
74.436
74.251
74.175
74.26
62.031
62.304
61.183
59.279
60.107
60.935
47.888
48.439
60.873
61.774
60.971
61.463
61.316
61.169
61.415
61.457
61.619
61.584
61.761
62.072
61.884
62.14
62.077
61.577
61.971
60.985
59.998
62.035
64.071
63.963
63.969
64.004
64.021
64.141
58.147
58.772
60.1
60.435
60.355
59.895
59.865
59.941
59.886
60.132
60.325
60.32
60.356
60.151
60.047
59.934
59.921
58.873
64.124
64.097
62.076
60.055
59.794
59.269
58.743
59.968
59.837
60.11
59.947
64.117
63.925
45.167
