50.129
49.66
49.53
50.96
51.394
51.207
51.02
68.987
69.236
59.968
64.486
57.776
63.368
68.96
69.017
68.947
69
68.951
69.011
68.908
69.001
68.972
50.057
49.924
49.659
49.998
49.991
50.115
49.432
50.264
50.183
50.759
56.365
57.586
69.463
69.218
68.741
68.645
68.566
68.679
68.633
62.041
56.789
56.478
56.777
56.754
56.73
56.708
56.687
56.628
57.766
57.433
56.695
56.887
57.9
61.879
61.33
61.984
62.25
74.434
74.646
74.746
74.89
75.15
75.268
75.586
75.612
75.558
75.469
75.522
63.622
63.29
63.606
63.471
67.688
59.907
62.021
64.136
64.022
63.94
64.241
63.958
64.413
65.533
64.69
64.547
65.105
65.386
65.15
65.643
66.004
66.13
66.31
65.947
66.206
66.465
66.305
66.078
66.377
65.832
64.77
65
65.059
63.506
64.036
63.518
63.921
64.815
65.055
64.933
77.415
77.272
65.306
65.242
76.912
77.015
76.811
76.62
76.258
76.337
76.377
76.416
76.615
76.863
65.219
65.059
64.899
64.081
63.264
62.614
62.299
62.754
62.867
63.126
75.182
75.206
75.168
75.109
75.15
75.126
75.118
75.077
75.163
75.18
63.338
63.325
63.093
62.607
63.263
62.88
64.898
63.007
63.805
63.848
63.891
63.297
63.518
64.761
63.762
63.075
62.49
62.077
61.875
61.673
61.875
62.142
43.839
43.975
43.728
61.485
61.077
59.894
58.71
58.29
57.049
56.808
55.796
54.969
60.241
60.099
60.251
60.195
59.928
59.137
59.813
72.144
71.534
78.279
78.017
77.891
78.01
78.375
78.723
79.03
78.879
59.888
59.525
78.443
78.389
71.646
71.912
72.179
72.156
72.121
72.012
59.519
57.538
67.11
67.073
67.062
66.968
66.892
66.996
67.1
67.041
67.112
59.888
60.095
59.847
60.144
66.955
67.108
67.063
67.034
61.432
60.723
60.015
60.731
57.345
59.094
59.525
59.693
60.75
60.982
73.432
73.307
72.992
76.235
79.478
79.567
79.754
79.879
80.207
80.462
73.895
74.011
73.998
74.033
74.069
73.711
60.849
61.268
59.803
59.091
58.288
58.016
57.553
57.427
61.326
59.688
60.313
60.213
60.4
60.004
59.399
59.18
59.165
59.626
59.961
59.868
59.904
60.03
59.642
59.802
60.003
59.897
60.052
60.082
59.951
60.474
60.149
60.083
60.032
60.022
59.976
59.779
59.791
59.861
59.897
60.378
59.888
59.792
59.524
59.474
59.742
59.685
59.717
59.872
59.814
59.78
59.521
59.733
67.217
66.942
59.845
59.865
59.777
59.81
59.745
67.058
67
66.96
59.565
63.208
61.74
60.272
60.424
59.361
59.895
60.414
59.949
59.787
52.666
59.836
59.904
59.973
63.526
54.863
63.346
61.692
60.037
59.934
60.086
59.971
59.737
59.686
59.967
59.479
59.753
60.48
60.154
59.828
59.76
59.881
61.976
64.07
61.943
59.816
59.822
60.337
59.94
59.886
59.966
61.134
45.103
44.836
45.321
45.095
45.172
45.03
44.755
43.651
43.669
44.508
45.273
50.724
59.749
60.059
60.655
59.51
60.219
60.615
59.882
72.018
71.89
68.755
65.621
68.323
62.588
56.852
57.506
70.98
