64.003
64.005
63.969
63.934
64.034
63.965
63.895
60.112
61.516
61.968
61.841
61.89
62.129
61.863
61.986
61.925
61.886
62.111
61.917
61.908
62.12
61.945
61.771
62.006
62.107
62.01
61.978
62.074
62.17
61.994
61.662
66
70.339
70.468
64.376
63.919
59.399
59.653
59.187
59.147
63.769
64.192
64.069
63.384
64.044
60.323
59.932
59.869
60.411
59.837
59.939
60.151
59.536
59.868
60.774
60.419
62.197
62.126
61.642
64.441
63.22
61.999
61.486
62.274
62.655
62.802
63.357
62.896
62.984
63.082
62.722
63.034
63.051
62.871
62.887
62.714
62.628
62.019
62.126
62.418
62.481
74.714
74.708
74.674
74.594
74.549
74.476
74.465
74.547
74.806
74.839
74.505
74.607
74.568
74.563
74.557
74.53
74.42
74.355
74.297
74.353
74.41
74.464
74.656
74.877
74.954
75.114
75.32
75.273
75.24
75.263
75.208
75.09
74.912
74.766
62.263
61.254
60.677
60.677
61.052
61.283
73.384
73.219
73.28
73.414
73.338
73.24
60.974
60.832
60.645
60.22
59.784
59.712
59.756
59.598
71.614
71.369
59.522
59.783
59.786
59.896
59.989
60.03
59.967
59.937
59.836
60.04
56.183
52.327
44.833
45.552
73.251
73.031
73.165
73.16
73.05
73.119
73.065
72.837
72.64
72.437
72.277
72.118
59.862
51.006
50.757
50.741
50.952
50.868
51.002
51.184
50.872
59.415
59.628
59.998
59.619
71.658
71.581
71.48
71.598
71.559
71.514
71.589
71.751
71.955
71.991
71.96
71.918
71.709
65.687
59.665
59.305
58.759
58.117
64.934
71.752
71.966
71.998
71.874
71.82
71.644
71.703
71.715
71.751
71.858
71.921
71.874
71.832
71.865
71.845
71.79
71.771
71.841
71.815
71.599
71.426
59.119
59.187
59.119
59.858
60.986
73.62
73.695
73.774
73.897
73.931
73.939
73.925
73.987
74.052
74.058
74.023
74.044
73.978
73.901
73.791
73.694
73.645
73.582
73.691
61.104
61.178
60.776
59.589
61.474
62.546
62.697
62.665
62.662
62.52
62.559
62.204
62.236
62.386
62.347
62.146
62.298
62.655
62.846
63.042
63.213
63.403
63.66
63.436
63.457
63.465
63.56
63.706
63.681
63.644
63.631
63.607
63.568
63.583
63.612
63.638
63.615
63.65
63.547
63.606
63.639
63.654
63.711
63.697
63.647
63.533
63.555
63.519
63.09
64.03
63.052
63.173
63.945
63.019
63.975
63.272
63.548
64.026
63.202
63.854
63.241
63.569
63.979
63.534
63.794
63.804
63.445
63.867
63.356
63.723
63.631
63.43
63.81
63.383
63.37
63.358
63.459
63.338
63.499
63.674
63.406
63.868
63.403
63.637
63.476
63.374
63.509
63.321
63.763
63.36
63.991
63.656
63.555
63.881
63.343
63.796
63.531
63.551
63.597
63.841
62.752
62.903
63.621
62.832
63.942
62.985
63.918
63.469
63.498
64.007
63.362
63.489
47.296
45.74
47.128
46.247
47.556
46.863
46.828
47.043
46.841
47.03
46.99
46.752
48.185
50.02
51.854
71.049
71.028
71.06
71.038
71.053
71.028
71
71.024
51.888
51.994
51.997
51.853
52.003
52.093
