73.015
72.997
72.952
73.043
72.952
72.979
73.007
72.912
73.007
72.984
72.956
73.033
72.938
72.972
73.007
72.875
73.19
72.686
73.067
72.812
72.558
72.56
72.563
51.87
50.518
50.45
50.383
50.853
48.703
47.856
44.155
45.902
47.65
48.986
50.322
51.191
72.308
72.997
72.895
73.085
72.923
72.95
73.061
72.907
73.005
72.989
72.921
73.018
72.938
72.988
73.007
72.95
72.998
72.962
72.958
73.05
65.803
65.863
65.417
65.11
64.791
64.65
64.681
64.698
71.849
71.682
71.38
71.439
64.397
50.965
50.808
49.59
51.109
49.295
50.173
54.592
55.141
56.842
58.272
59.543
72.247
72.136
72.248
71.951
71.818
71.733
71.717
71.805
71.801
72.26
72.171
72.374
72.264
72.441
72.424
72.259
72.345
72.179
72.079
71.917
72.011
71.937
71.931
72.064
72.077
72.182
72.149
72.188
72.119
72.034
71.875
71.802
71.893
71.94
71.971
72.06
72.159
72.318
72.239
72.159
71.908
71.848
71.788
59.925
60.297
60.2
60.238
60.275
60.313
59.937
59.919
60.153
59.989
59.65
60.141
60.203
60.209
60.214
60.35
60.178
59.824
60.063
60.163
59.374
59.915
59.415
59.591
59.758
59.685
60.223
60.515
60.51
59.788
60.288
60.559
60.551
60.581
67.681
73.458
73.015
73.054
73.094
72.926
67.967
68.08
67.982
68.045
68.005
68.054
68.053
67.915
68.035
67.947
68.096
67.966
48.135
48.948
50.616
51.689
51.003
50.56
51.749
50.18
51.696
49.971
50.232
50.493
51.795
50.443
49.091
46.867
49.735
49.763
49.79
50.509
51.228
49.961
50.098
50.607
50.513
50.431
50.508
50.632
50.616
62.395
62.498
62.354
50.357
50.443
50.038
49.095
49.143
49.329
48.592
49.551
49.635
49.621
50.211
50.998
52.479
56.426
56.512
56.644
56.708
56.71
56.557
56.837
57.006
69.34
69.542
69.816
69.785
69.66
69.729
69.836
69.961
69.934
69.852
69.722
46.954
45.943
51.883
57.824
57.791
57.657
67.975
68.845
68.968
69.091
57.01
63.218
60.09
56.962
56.998
57.034
57.178
57.321
57.525
57.729
57.92
56.984
56.355
55.465
55.283
52.624
54.001
73.595
73.757
54.191
55.314
74.238
74.343
55.065
55.048
54.903
55.2
55.303
55.453
55.603
68.022
67.335
55.821
55.592
55.73
55.9
55.86
55.757
67.773
61.36
54.947
55.326
55.482
55.592
55.72
55.737
55.834
55.746
55.665
55.7
55.895
55.493
72.032
71.946
72.049
55.67
55.862
55.862
55.925
55.906
55.895
55.928
55.925
55.908
55.968
55.926
55.967
56.033
56.054
55.677
56.384
55.792
56.046
55.924
56.073
55.998
55.966
55.987
55.945
55.979
55.943
56.034
56.116
56.262
56.231
56.368
56.119
63.267
70.415
69.951
57.693
45.436
48.283
51.13
51.242
50.992
43.246
43.376
43.879
43.47
44.006
43.992
44.115
44.287
44.394
44.416
44.748
44.38
44.914
58.613
60.758
52.365
43.972
44.2
43.699
43.7
50.836
51.376
51.257
51.139
51.134
51.129
43.16
43.287
43.463
43.761
44.126
44.266
44.44
45.02
45.216
44.365
43.514
43.876
44.318
