49.945
50.109
49.93
50.061
49.993
50.104
49.813
50.093
49.988
49.394
57.47
56.521
52.355
48.189
49.952
49.09
49.899
49.489
49.98
50.266
49.982
49.9
50.048
49.836
50.164
50.017
49.756
53.189
51.506
49.823
56.927
56.854
57.21
56.846
50.043
49.562
57.217
56.996
57.154
48.975
48.784
49.018
50.618
48.556
49.441
49.85
50.391
49.964
50.043
49.892
50.008
50.108
50.125
49.92
50.152
49.72
50.143
50.099
49.937
50.014
49.709
47.732
45.755
44.796
44.535
44.905
45.261
45.183
45.125
45.114
44.766
57.056
56.966
49.586
51.279
53.04
54.102
54.416
54.73
54.607
55.755
55.397
56.245
56.5
56.638
56.376
56.103
55.813
55.523
58.793
54.663
55.631
56.599
56.462
56.247
56.293
56.201
56.618
56.682
56.729
56.474
57.414
50.038
49.914
50.242
49.912
50.083
57.278
68.109
67.931
74.794
74.761
74.71
67.792
67.903
67.913
68.08
65.103
62.126
62.076
62
62.098
61.998
62.164
55.756
55.538
55.704
56.043
55.64
55.824
56.259
55.967
55.909
55.926
56.007
56.011
55.867
54.666
54.338
65.642
61.133
64.658
68.182
67.926
67.791
67.79
67.914
68.063
68.054
67.932
67.76
55.623
50.768
50.149
50.704
56.902
56.738
56.574
57.332
58.099
58.134
58.116
57.932
58.384
58.464
58.272
58.61
58.422
58.234
58.045
57.281
56.371
55.694
67.934
67.95
75.065
74.658
74.406
74.319
74.412
74.565
55.957
55.951
55.946
55.697
50.471
49.869
50.152
49.964
49.685
50.45
60.337
60.621
61.688
61.937
73.624
73.606
73.698
73.866
74.322
74.779
74.996
75.185
75.277
75.344
75.279
75.169
75.182
69.358
72.441
75.524
75.543
75.508
75.645
75.653
63.448
44.328
43.894
44.446
44.999
44.384
59.815
59.96
69.323
78.685
78.792
78.939
78.955
78.998
69.542
70.801
72.06
71.914
71.617
45.022
44.777
44.704
44.701
44.722
45.121
62.626
62.748
62.379
62.953
62.618
62.679
62.712
63.013
63.03
62.926
62.127
72.962
72.905
72.941
72.983
72.978
58.684
58.605
58.31
58.155
57.761
57.493
57.47
57.563
57.343
57.483
57.631
57.914
58.07
57.948
57.593
56.885
55.864
54.956
54.565
54.39
54.95
55.528
55.571
55.855
55.634
55.472
56.008
56.482
56.545
56.366
56.374
56.413
56.452
56.331
56.124
56.244
56.609
45.323
46.02
44.704
45.138
44.414
45.225
45.748
43.101
44.144
45.779
44.494
44.887
45.555
44.932
46.563
47.058
52.056
57.055
52.38
47.705
47.684
46.825
51.906
50.147
48.388
49.478
52.434
52.236
51.983
51.236
54.758
67.035
67.569
67.883
67.914
68.117
68.105
68.316
68.333
68.137
66.03
63.923
64.061
63.903
63.977
64.109
55.449
56.832
69.36
69.191
69.1
69.369
69.638
69.947
70.012
70.274
70.311
70.405
70.65
54.268
47.519
46.42
47.311
71.152
70.433
77.254
77.099
77.024
77.079
77.134
77.14
70.277
70.199
58.008
55.098
53.73
53.888
54.01
54.187
54.097
53.192
58.739
57.835
58.251
58.253
58.074
58.096
58.351
70.116
70.244
66.172
62.1
62.065
62.033
62.261
58.53
59.63
60.29
72.469
72.056
71.9
71.772
71.736
71.863
71.926
71.971
72.127
46.951
46.892
47.109
47.15
54.236
49.177
53.383
57.589
57.791
57.649
57.764
57.57
57.91
57.648
58.041
57.863
57.643
57.422
56.704
56.813
69.061
75.441
75.184
75.061
74.938
74.967
74.918
75.019
55.72
55.678
56.065
56.308
55.666
53.5
52.484
58.129
56.088
54.046
54.678
55.544
67.544
67.148
54.366
54.74
55.391
54.622
55.24
54.404
54.34
54.925
54.115
53.96
53.806
52.117
69.853
76.618
76.511
76.465
76.604
76.668
76.775
76.919
77.003
70.126
70.107
69.977
69.691
57.297
57.266
57.167
57.39
57.402
57.175
57.266
57.262
57.235
57.27
57.44
57.617
57.77
58.071
58.26
58.062
57.766
57.298
56.345
55.489
55.038
55.191
55.414
56.016
56.255
56.388
56.323
56.145
56.033
56.123
56.223
56.273
56.241
56.135
56.153
56.132
55.925
55.609
55.657
56.073
55.862
56.259
56.254
56.27
56.137
56.009
56.047
56.184
55.779
55.633
56.329
64.183
64.144
64.005
54.013
45.348
45.938
45.714
45.108
43.731
45.709
47.686
64.084
63.981
64.037
63.975
63.937
63.928
63.997
63.999
54.188
53.845
53.501
57.205
57.213
51.048
44.883
