69.979
69.94
69.999
69.945
69.968
69.956
69.973
69.968
69.962
69.973
69.962
69.944
69.968
69.985
69.905
70.019
70.05
58.727
59.109
59.392
58.661
69.962
69.995
69.937
69.954
61.592
61.482
73.164
72.904
72.897
72.863
72.82
72.732
60.438
60.09
75.085
75.138
74.938
61.029
61.911
61.057
61.628
61.255
61.254
61.707
61.703
62.162
62.739
62.944
63.04
62.969
62.824
62.716
62.73
62.721
62.684
62.792
62.835
62.776
62.767
62.742
62.75
62.667
62.604
62.641
62.653
62.668
62.717
62.709
62.621
62.461
62.177
61.934
61.851
62.332
62.53
74.489
74.403
74.257
74.298
74.34
67.982
67.958
67.933
74.374
74.388
74.25
74.281
74.354
74.565
62.479
62.43
65.23
68.03
67.969
62.613
62.081
61.798
73.691
73.656
73.614
73.467
73.337
73.347
73.341
73.39
73.528
73.613
73.747
73.967
74.157
74.277
74.43
74.522
74.563
74.564
74.59
74.494
74.692
74.526
74.459
74.645
74.391
74.489
74.564
74.406
74.523
74.632
74.548
74.526
74.673
74.621
74.557
74.545
74.622
74.518
74.53
74.583
74.557
74.584
74.613
74.483
61.609
60.133
58.447
68.047
67.837
68.01
67.912
68.022
67.987
67.952
62.666
57.38
57.485
55.457
55.695
55.372
54.926
55.097
55.268
67.761
67.792
67.81
67.828
67.779
67.824
67.866
67.908
67.841
67.757
67.779
55.495
55.07
54.27
53.364
74.963
74.945
66.036
57.127
53.262
53.337
52.827
53.671
54.713
54.956
67.125
66.776
66.375
66.798
54.692
54.982
55.027
54.925
54.823
54.85
54.617
54.542
54.918
60.943
66.967
67.029
66.961
67.002
66.856
66.95
66.997
66.979
66.962
67.009
66.908
66.997
66.958
66.978
66.956
66.954
66.94
66.974
67.001
70.164
70.049
69.975
69.982
69.937
69.981
69.956
70.001
69.975
69.991
69.953
69.963
69.943
69.979
69.963
69.981
69.969
69.955
69.957
69.99
75.089
75.042
74.976
74.992
74.971
75
75.014
74.97
74.971
74.954
74.989
74.96
74.987
74.96
53.475
53.428
53.409
56.047
59.826
60.696
61.464
64.201
66.937
66.956
66.946
66.942
66.96
66.974
67.007
66.974
66.95
66.943
66.937
66.958
66.981
66.965
66.997
66.978
66.954
68.452
69.95
69.999
69.999
69.998
69.917
69.989
69.957
69.963
70.004
69.956
69.944
69.981
69.948
69.969
70.005
69.928
70.006
69.977
69.911
70.049
69.958
69.977
70.091
70.118
69.584
70.103
69.905
69.688
68.832
68.114
67.67
67.355
67.071
66.892
66.672
54.11
53.655
52.815
52.209
51.392
51.634
51.704
53.104
53.883
72.86
72.315
71.906
71.717
71.793
71.895
71.962
72.185
53.729
53.785
53.811
53.731
53.7
53.473
53.717
53.543
67.399
66.875
67.052
66.703
67.585
66.383
67.272
66.988
66.84
67
66.854
67.004
66.846
66.991
66.934
66.935
66.951
66.967
66.775
67.018
71.062
70.515
69.967
69.975
69.973
70.005
69.933
69.972
69.969
69.943
69.984
69.968
69.932
69.943
69.947
70.023
69.986
69.911
69.92
69.915
69.936
70.052
70.014
69.928
69.924
69.902
54.529
55.676
55.012
54.349
54.579
54.771
54.964
54.59
54.472
54.982
