60.997
61.088
61.075
61.117
61.029
61.09
61.071
61.119
60.512
62.825
65.138
65.151
65.006
64.982
65.091
65.06
64.921
64.973
65.025
53.667
53.322
52.623
53.662
61.143
61.035
61.072
61.11
61.01
60.974
61.1
60.863
61.288
61.13
60.854
60.835
67.789
67.567
67.359
60.515
60.458
60.632
60.807
60.662
61.055
61.192
60.945
60.964
61.144
61.114
61.128
61.048
65.269
64.942
53.194
53.834
67.021
66.007
59.67
53.333
53.511
53.483
53.65
78.227
78.327
78.366
78.275
78.132
77.981
77.737
77.6
77.497
77.59
77.779
53.917
53.967
53.949
53.785
53.965
53.953
53.819
53.451
53.165
53.157
72.152
72.055
71.909
71.907
72.024
72.286
53.048
52.488
50.754
49.319
47.884
51.492
50.209
48.926
57.996
56.251
66.635
66.018
65.578
68.856
63.007
67.666
62.614
67.755
72.896
73.01
73.076
69.632
66.187
66.313
66.438
56.842
58.614
57.096
58.741
57.224
57.151
57.077
59.158
57.16
58.455
56.62
57.016
57.412
60.909
60.855
60.515
60.55
60.906
61.116
61.271
61.238
60.334
59.431
60.118
63.978
62.124
60.269
66.381
66.135
66.037
66.005
66.306
66.366
66.237
66.131
66.182
66.155
65.96
65.966
66.422
65.91
66.062
66.194
65.983
65.957
66.202
66.37
66.242
60.633
60.945
60.958
61.115
61.002
60.921
61.082
61.125
61.07
61.084
61.052
66.147
66.15
66.039
61.135
61.082
61.144
61.075
61.013
61.014
60.966
60.972
60.931
61.134
60.963
61.155
61.174
61.097
61.084
60.981
60.914
60.916
61.035
61.13
61.123
61.114
61.101
60.896
60.999
61.043
61.02
61.033
61.079
61.112
60.896
60.794
67.392
67.53
60.672
60.65
61.011
71.906
71.867
71.866
71.797
60.182
54.139
54.143
54.423
54.536
54.479
54.494
54.113
55.565
57.016
58.689
59.824
59.328
59.099
58.323
58.082
57.841
58.11
58.043
58.495
58.693
77.505
77.565
77.579
70.741
70.804
70.677
70.419
70.32
70.522
58.488
58.377
57.551
61.79
66.029
66.111
65.958
66
66.042
56.677
55.885
56.012
56.068
68.33
68.901
69.23
69.304
56.173
55.28
53.018
53.799
54.422
53.811
55.381
68.191
67.917
74.541
74.329
73.763
69.999
66.234
66.247
65.801
66.239
65.927
66.149
66.165
65.946
66.015
66.146
66.276
66.192
66.109
56.475
54.849
54.224
56.241
54.817
53.393
52.692
51.932
51.171
52.144
53.36
52.456
51.553
53.085
53.826
53.374
72.795
72.64
72.45
72.425
72.415
72.433
72.577
72.853
73.129
53.677
53.97
53.66
53.777
54.003
53.611
54.049
53.634
54.237
53.689
54.274
53.729
54.09
53.962
53.843
54.206
53.727
54.231
53.898
54.19
54.418
54.074
54.46
54.305
53.513
61.126
60.954
61.138
61.09
60.903
61.142
61.029
61.006
61.235
60.998
61.079
61.108
61.028
61.2
60.979
61.109
61.088
60.974
61.112
61.149
60.976
61.245
