63.397
62.86
62.586
62.118
62.416
62.664
62.909
66.226
66.256
65.85
64.625
63.415
72.696
72.872
72.768
72.861
72.921
73.082
73.062
73.044
66.081
62.001
62.064
62.127
41.102
51.653
62.205
62.571
62.212
52.164
51.92
58.563
65.206
65.614
65.636
65.483
65.381
65.234
65.258
65.127
65.483
52.88
49.294
45.708
41.86
41.537
41.214
42.773
45.011
53.611
53.961
66.296
65.86
65.506
65.351
65.14
64.93
65.413
65.559
65.551
65.404
65.491
52.932
52.895
52.874
52.688
53.179
53.216
53.82
54.157
56.404
68.555
68.641
68.549
68.468
68.528
68.589
68.758
68.928
69.233
69.538
69.874
70.36
70.58
70.656
70.764
70.762
70.843
70.801
70.633
70.61
70.587
70.741
70.911
71.043
71.046
70.703
70.411
70.403
70.702
71.013
71.104
70.933
58.871
58.784
58.844
58.929
58.647
58.858
58.929
59.338
59.203
59.051
59.397
59.332
59.268
62.712
63.394
64.076
64.905
65.734
66.12
66.002
66.084
66.105
66.047
66.079
66.111
66.033
66.048
66.09
66.045
66.114
66.085
66.164
53.874
54.08
54.058
53.915
54.431
53.442
53.93
54.537
53.231
53.592
62.584
62.13
62.209
62.288
59.892
60.139
60.387
61.067
60.372
59.677
51.828
51.362
52.815
53.446
55.928
57.826
58.742
59.272
59.6
59.287
60.5
59.575
60.21
60.849
60.743
60.8
60.687
61.023
60.415
60.309
60.738
60.963
61.023
60.475
60.809
61.144
60.801
59.505
70.918
70.485
70.136
70.122
70.291
58.838
58.668
70.62
70.716
70.725
70.652
70.631
70.656
70.648
70.803
58.82
58.455
63.343
63.145
63.076
69.496
69.223
75.513
75.24
60.557
59.492
58.427
58.472
57.219
57.749
57.854
57.958
57.357
57.742
55.375
56.78
57.553
58.325
58.605
57.866
58.136
58.085
58.062
57.173
58.131
58.779
55.032
56.247
57.337
54.986
55.743
55.746
55.219
54.693
56.338
55.459
55.892
55.701
55.587
54.758
55.402
55.602
55.972
72.583
73.223
55.735
56.293
55.618
56.181
55.752
56.063
55.884
55.704
52.264
60.282
58.159
63.072
67.984
70.81
70.928
70.868
70.988
71.374
71.627
71.636
70.846
55.821
55.777
55.849
56.096
55.99
55.412
55.559
55.705
55.706
55.9
60.869
61.085
60.902
61.047
60.898
65.859
70.819
70.789
66.356
61.924
62.277
62.63
63.312
64.052
64.252
63.504
61.049
61.321
60.871
61.256
75.651
81.494
82.342
82.911
75.928
75.73
75.885
63.669
63.958
63.999
63.577
62.965
74.87
