44.162
52.365
51.013
51.445
55.195
53.648
53.803
54.544
53.985
54.29
53.865
54.307
54.06
53.999
54.48
53.964
53.778
54.471
55.164
55.067
49.742
44.416
46.181
44.095
44.789
44.673
44.983
45.835
44.836
44.999
44.973
44.947
74.91
74.967
75.028
63.516
45.272
45.45
44.945
45.143
63.795
63.508
62.196
64.027
64.028
64.016
64.082
63.888
63.928
63.919
62.903
63.152
63.401
63.453
63.506
75.057
74.965
74.922
74.88
74.897
74.914
74.862
74.819
74.846
75.072
75.297
63.403
63.566
63.09
63.115
62.983
62.738
62.06
63.361
63.978
52.477
49.03
48.305
52.653
55.536
64.111
63.865
63.515
75.1
74.969
74.883
74.882
74.944
75.054
75.038
75.008
75.064
75.209
75.117
75.224
75.077
74.98
74.942
74.847
74.482
74.116
61.491
60.77
59.591
59.11
58.389
57.889
56.496
55.069
53.642
44.721
45.761
44.625
45.85
56.841
58.291
59.245
59.518
72.162
72.23
72.08
72.044
71.871
71.826
59.776
59.455
59.909
60.138
60.722
61.281
61.575
61.756
61.748
73.813
73.725
73.626
73.5
73.384
73.359
73.255
72.59
71.511
63.991
66.442
68.893
66.185
63.478
60.945
61.679
61.606
61.714
61.632
61.741
62.125
62.437
62.833
62.849
62.915
63.094
63.059
63.134
63.341
63.156
63.121
63.466
63.508
63.519
63.189
63.571
63.587
63.522
62.552
63.312
63.912
63.888
44.618
45.184
45.153
45.207
45.288
44.841
63.095
63.023
62.875
62.919
62.921
62.701
63.094
62.633
63.23
63.316
62.668
63.319
63.321
62.629
63.207
63.102
63.133
63.433
62.757
63.934
63.675
63.537
62.896
63.203
62.987
75.949
75.98
75.988
76.056
76.03
76.055
64.03
63.327
75.259
75.157
75.067
75.042
75.012
75.135
75.321
75.388
75.199
61.973
44.832
45.753
71.035
71.049
71.055
70.982
71.017
54.747
63.936
54.707
45.478
44.956
44.693
45.557
43.795
44.55
45.843
45.399
44.954
45.235
44.874
45.168
45.275
45.253
55.684
55.725
59.454
78.918
78.954
75.767
72.58
73.157
73.074
72.866
73.01
72.988
72.97
73.049
73.095
73.25
73.404
73.094
73.096
61.213
61.109
73.095
73.15
73.166
72.991
73.119
73.05
73.069
73.058
73.058
73.004
67.791
62.578
62.348
62.119
61.926
61.734
62.49
45.032
44.514
45.16
44.75
44.339
44.561
44.702
44.552
44.402
45.315
63.109
63.116
63.137
63.158
45.274
45.206
45.128
63.413
63.447
44.686
44.449
45.078
44.67
44.971
45.145
44.992
45.777
44.986
63.603
63.567
63.285
63.163
63.041
62.645
62.93
63.082
62.794
63.117
62.931
63.083
63.235
62.928
63.066
63.125
63.076
63.027
63.006
62.689
63.041
62.837
62.986
63.206
63.35
63.024
69.054
69.034
47.562
48.296
65.356
75.627
75.697
75.683
75.697
75.658
76.015
76.471
76.734
76.991
77.19
77.358
77.5
77.468
77.249
76.875
76.154
75.484
75.205
75.268
75.492
75.447
75.42
75.331
75.481
63.583
63.087
62.309
44.533
44.907
45.251
45.079
44.936
44.163
63.178
62.921
63.034
69.011
74.989
74.939
74.888
74.92
74.985
74.901
74.927
74.948
74.924
75.006
74.949
74.903
74.88
74.733
74.506
74.073
73.328
59.901
58.627
57.048
55.762
55.108
53.275
45.312
44.94
45.231
44.988
45.138
55.268
67.225
67.358
67.059
66.79
66.72
66.845
67.015
67.337
67.486
67.58
67.74
67.752
67.823
67.796
67.664
67.532
67.514
67.497
54.96
56.206
50.355
50.008
50.168
49.908
49.815
49.722
50.066
49.996
49.926
56.324
56.11
50.508
49.584
50.149
49.451
56.079
55.946
55.551
62.22
61.866
61.917
62.004
62.008
62.05
62.05
61.998
62.078
62.03
62.038
62.006
62.078
61.849
62.287
61.747
62.052
61.987
62.056
62.007
