72.952
60.147
59.078
59.392
58.966
58.862
59.39
59.114
71.417
71.5
71.569
71.638
71.66
71.546
71.52
71.613
71.633
71.48
71.325
71.627
71.734
71.78
71.61
71.565
71.671
71.704
72.994
72.945
73.116
73.061
72.924
73.063
72.974
73.021
72.669
73.124
73.006
73.016
72.939
73.015
72.959
72.968
73.022
72.958
73.022
73.083
72.61
73.294
72.079
72.441
71.764
72.213
72.281
71.638
72.408
71.798
72.039
72.28
71.757
71.917
72.273
71.748
71.951
71.966
76.793
76.722
74.696
72.669
72.977
73.011
73.039
72.912
73.076
73.066
72.745
73.031
73.074
72.862
73.018
73
72.949
72.969
72.979
73.043
72.953
72.938
73.038
72.95
72.941
72.993
72.999
73.011
72.903
72.975
73.046
72.911
72.88
73.101
72.997
44.283
44.027
44.102
44.075
44.083
44.13
43.592
67.882
67.944
68.069
68.028
68.056
68.02
67.985
67.963
68.03
73.058
72.896
72.974
73.053
72.9
72.927
73.069
73.02
72.903
73.004
72.765
73.111
73.503
74.035
74.163
74.099
74.118
74.411
74.705
74.791
74.887
75.044
56.162
55.548
72.998
73.024
72.878
72.955
73.033
72.909
43.948
43.208
56.211
67.867
67.624
67.559
67.694
67.782
67.937
74.943
74.997
75.088
75.081
74.974
67.91
67.562
73.009
73.03
72.934
72.996
73.08
70.242
69.874
69.962
69.938
69.98
70.027
70.043
69.99
69.933
69.907
69.711
69.369
71.168
72.968
72.665
72.681
72.696
72.827
60.633
59.219
59.635
72.928
78.362
78.155
78.105
78.062
77.972
77.921
78.023
78.17
78.288
78.462
78.544
78.628
78.613
78.609
78.659
78.602
78.52
78.507
78.33
78.247
72.813
70.762
70.054
69.31
68.883
68.095
55.422
54.223
54.338
54.357
54.564
54.878
55.405
56.848
57.291
76.199
76.194
76.132
76.016
75.944
75.753
70.141
69.913
70.094
69.875
69.883
69.932
70.018
70.026
70.008
69.995
69.975
70.006
69.921
69.904
69.872
69.892
69.812
57.777
57.812
69.876
69.905
69.885
69.869
69.826
69.692
57.737
57.585
69.671
69.794
69.737
69.685
57.863
57.952
57.88
57.98
57.974
57.939
57.75
57.593
57.704
57.629
57.594
57.897
58.036
58.137
58.169
58.11
58.114
58.073
57.956
57.641
57.649
57.774
57.478
57.621
57.836
57.795
50.358
50.1
50.144
50.189
50.275
50.309
50.199
49.943
50.233
49.766
49.761
49.755
49.923
43.552
42.03
43.967
44.582
42.421
42.145
43.086
43.255
43.425
59.288
75.151
75.02
75.014
68.087
67.934
67.939
67.943
67.949
67.955
67.931
67.907
72.932
73.012
73.025
72.9
73.014
73.022
72.945
72.93
73.001
73.034
72.923
