69.954
69.969
69.968
69.967
69.974
69.949
69.971
69.953
69.98
69.992
48.214
48.041
49.802
72.919
72.984
73.02
72.965
72.997
72.962
72.986
72.96
72.978
73.009
72.979
72.972
72.972
72.959
72.991
72.979
72.984
72.96
72.97
72.987
70.614
71.37
71.618
71.636
71.971
71.993
72.22
72.446
53.291
53.317
53.304
52.886
52.624
52.166
60.862
60.821
60.841
60.756
60.946
61.114
61.282
72.985
73.055
72.936
73.015
72.978
73.001
72.914
72.889
72.885
72.906
73.055
73.041
73.028
64.435
64.783
53.421
53.404
53.171
54.657
67.944
68.255
68.172
75.301
75.637
57.353
57.807
57.936
57.832
57.671
57.738
57.731
57.759
57.796
57.643
55.985
61.053
61.058
60.829
58.805
56.781
57.211
57.899
58.303
70.26
70.181
70.055
70.253
70.145
69.182
68.218
57.731
58.025
58.352
58.617
59.14
71.247
70.755
70.824
70.804
58.894
59.123
59.448
71.795
71.963
71.959
71.783
59.374
57.723
68.053
67.991
67.984
68.032
67.912
60.848
60.681
46.023
53.299
60.576
60.348
60.28
60.264
72.428
73.128
73.096
73.01
72.86
72.792
72.7
72.608
72.61
72.829
73.047
72.696
72.718
72.739
72.717
72.694
60.155
59.854
59.496
60.282
60.25
59.981
59.712
73.011
72.706
72.763
72.82
72.859
72.77
72.681
67.966
68.012
68.002
68.022
68.011
67.986
67.98
68.024
70.224
72.424
72.924
72.993
73.077
72.917
72.915
73.055
72.981
72.91
73.027
73.025
72.923
72.92
73.044
73.011
72.939
72.953
73.025
72.957
72.885
72.559
72.232
71.326
72.188
73.049
61.993
63.369
63.077
62.785
63.105
63.424
63.219
63.013
62.866
62.719
62.744
63.22
62.917
62.476
63.191
62.981
53.335
53.142
67.915
72.899
72.867
72.845
73.062
73.099
72.754
72.773
72.793
53.088
53.129
53.525
72.993
72.964
72.965
72.965
73.002
72.961
57.917
57.81
57.656
69.272
69.214
68.603
56.804
56.962
57.2
76.284
76.348
76.436
57.657
57.637
57.52
57.478
57.616
57.411
56.775
56.826
56.882
56.842
56.963
57.4
57.837
57.864
58.027
58.024
57.931
57.933
57.968
58.17
58.445
72.992
72.99
72.976
72.979
71.981
70.984
70.819
70.628
70.549
72.537
71.372
71.557
71.742
71.762
71.773
71.496
59.629
59.402
58.734
59.099
61.665
60.762
60.655
60.493
60.085
59.791
60.016
71.846
71.91
71.62
72.422
72.599
73.119
72.552
72.933
73.117
72.869
72.819
72.964
72.827
72.984
72.859
73.063
72.927
72.953
73.028
72.921
73.031
72.992
72.906
