52.862
53.077
52.742
53.279
53.817
54.491
56.108
56.918
57.232
57.103
57.408
57.136
56.827
56.489
56.586
56.878
57.109
57.261
57.464
57.605
57.711
57.379
64.338
64.132
63.918
64.12
64.021
63.924
64.182
58.207
58.728
58.543
70.239
70.074
69.846
70.163
70.233
70.417
70.547
70.68
70.746
70.745
70.775
70.82
70.894
70.868
70.682
70.594
64.16
63.872
64.061
64.056
63.798
64.156
63.812
64.092
64.234
60.274
60.533
60.475
60.218
60.345
60.42
60.258
60.148
60.05
60.156
60.029
60.078
60.197
59.968
59.738
55.22
59.583
63.946
64.08
64.003
63.997
64.053
64.063
63.777
63.309
75.057
74.934
74.73
74.718
75.028
75.383
75.607
75.862
75.973
75.968
75.938
75.907
63.981
63.64
63.569
63.008
62.443
65.81
69.178
69.146
69.053
69.105
63.337
61.743
61.703
73.847
73.859
73.882
74.061
62.004
61.665
61.858
62.037
62.188
62.125
61.949
74.245
73.882
73.514
61.545
61.545
65.414
69.282
68.812
69.068
69.041
69.055
68.997
69.078
68.958
73.889
73.866
73.781
73.705
67.682
70.611
73.541
73.454
73.191
73.066
72.67
72.365
72.185
60.18
59.358
58.992
58.937
58.205
58.324
58.41
58.271
58.753
58.686
59.314
59.529
72.409
72.731
72.442
72.357
60.559
59.997
59.435
60.351
59.09
59.478
57.152
56.979
57.414
69.099
68.899
69.141
62.205
62.713
62.995
63.023
62.743
62.612
62.689
62.703
62.675
62.605
62.738
62.926
63.011
63.288
63.602
63.916
63.823
63.88
63.809
63.777
63.747
63.797
63.693
63.735
63.674
63.606
63.631
63.6
54.15
53.981
53.916
53.986
53.941
63.764
63.898
64.011
63.992
63.825
63.657
63.735
63.429
63.613
63.717
63.815
63.904
63.964
63.907
63.779
63.682
63.651
63.71
63.764
68.477
69.222
68.956
69.007
68.995
69.005
69.003
69.027
68.996
69.034
63.899
63.927
63.915
66.428
68.94
68.99
68.985
69.02
68.994
69.041
69.025
68.996
63.813
63.769
63.842
63.814
63.806
63.798
63.743
69.032
69.057
69.032
69.044
69.034
69.039
69.054
63.943
63.668
63.624
62.105
61.987
61.945
62.016
61.92
61.878
61.972
61.909
62.001
61.905
61.965
61.507
65.192
55.438
62.243
69.049
69.031
69.039
69.02
69.081
61.972
61.961
61.972
61.902
56.956
62.575
68.195
67.777
68.176
67.897
68.155
68.007
68.076
67.867
72.512
73.319
73.83
74.201
74.653
74.868
75.414
63.401
62.916
68.063
67.978
68.075
68
67.999
62.204
62.33
62.369
62.489
62.504
61.722
61.074
60.809
59.698
59.497
59.435
71.603
71.718
71.5
71.349
74.879
68.119
61.358
61.8
62.242
62.041
62.005
61.932
61.864
59.921
61.66
61.602
61.403
61.368
61.332
79.979
80.152
80.339
61.864
61.928
61.933
73.768
73.654
73.496
61.651
61.598
59.917
58.237
57.543
56.848
69.099
68.999
69.135
69.088
69.041
78.153
78.242
78.194
59.87
58.726
59.117
78.651
78.673
78.806
78.612
74.968
71.324
71.248
71.341
59.367
59.294
61.218
59.645
59.922
60.582
59.898
59.814
59.914
59.875
60.03
60.019
60.166
60.049
60.411
55.394
57.562
59.731
59.707
59.694
59.775
59.337
59.66
59.982
60.003
60.029
60.033
60.111
60.073
59.93
59.988
59.96
59.956
60.172
59.977
59.925
60.013
59.927
59.968
60.12
59.72
59.877
59.972
60.047
60.011
59.968
60.053
60.031
59.954
59.995
60.047
60.062
60.31
67.264
67.015
67.066
67.022
67.031
66.955
67.133
67.311
56.769
57.024
57.218
57.536
57.202
56.937
56.681
56.889
57.198
57.685
56.896
56.823
56.678
57.272
57.483
57.53
56.829
56.94
60.302
60.116
59.688
59.952
59.886
59.957
59.972
60.107
59.619
59.416
59.409
59.402
59.526
59.653
59.515
67.085
67.023
59.37
59.577
59.524
59.22
58.736
59.391
59.468
53.981
56.55
59.119
59.043
58.791
58.718
57.712
66.979
67.035
57.9
59.283
59.589
55.639
63.516
71.393
71.296
60.419
60.647
62.033
62.238
62.184
59.856
59.201
57.68
56.187
54.036
52.445
61.823
62.017
62.135
61.933
61.966
62.064
61.897
62.016
67.052
59.748
52.444
53.476
56.856
60.236
59.782
59.988
60.362
60.239
60.117
60.182
59.552
60.024
51.626
50.65
57.903
65.156
65.088
64.92
65.146
64.926
64.976
59.297
59.634
60.186
60.046
59.942
60.508
60.409
61.318
61.665
61.782
61.914
62.262
62.258
62.085
62.02
61.958
61.876
62.166
62.314
62.393
62.302
62.454
62.404
62.105
62.08
62.227
61.83
62.141
62.161
61.991
62.037
62.46
60.908
59.447
60.301
59.93
59.853
59.982
60.072
59.89
59.849
60.024
59.91
60
