69.993
69.868
69.933
69.999
79.253
79.283
79.394
79.519
79.585
79.635
79.667
79.824
72.901
72.906
72.588
71.716
71.424
70.354
69.95
70.035
69.925
69.992
82.095
81.972
82.03
82.031
82.028
70.051
70.068
69.861
70.069
69.907
70.084
70.039
69.924
69.93
70.083
69.98
70.095
69.973
69.847
70.059
69.967
69.999
69.982
70
69.962
70.006
69.936
70.03
69.937
67.164
66.829
73.817
74.014
73.818
69.927
69.991
69.982
69.983
70.012
69.96
80.257
80.201
80.065
80.037
79.987
79.996
80.042
79.996
79.997
80.026
76.414
76.224
76.242
76.271
57.183
58.183
57.723
57.613
57.797
57.81
58.164
57.237
57.062
56.924
57.144
56.968
56.98
56.999
58.572
59.012
60.386
72.376
72.261
71.997
71.828
71.584
71.4
71.415
71.423
71.585
71.794
72.064
72.154
71.743
68.018
67.997
67.928
67.97
67.997
67.915
68.076
67.878
68.037
67.856
67.978
67.977
67.944
68.057
67.818
60.671
61.791
62.273
74.494
74.527
74.514
74.621
74.742
74.714
74.678
62.868
63.024
62.939
62.41
61.726
54.296
46.867
48.353
49.626
50.898
67.966
67.991
68.105
68.038
67.971
74.137
74.134
73.85
73.97
74.306
74.316
74.471
74.515
74.408
71.197
67.987
61.758
61.709
61.048
60.578
60.126
59.781
59.886
72.687
72.496
72.435
72.417
72.33
72.23
72.369
72.458
72.527
72.539
72.637
72.582
72.623
70.279
67.935
68.021
67.934
67.981
67.955
67.921
68.128
67.783
68.133
67.912
67.966
67.965
68.003
67.944
67.923
68.014
67.897
67.913
67.908
67.903
67.964
67.836
67.974
67.822
67.976
67.899
67.995
54.903
54.883
54.799
54.715
67.868
67.891
67.992
68.025
67.92
67.957
67.923
68.021
56.37
56.22
55.999
55.827
56.017
56.467
57.053
57.488
62.745
68.003
67.923
68.048
67.929
68.038
67.922
68.01
67.946
67.907
67.973
67.846
67.826
67.807
59.757
59.203
71.351
71.351
71.402
71.527
71.519
71.354
71.33
59.729
59.629
67.89
67.989
67.886
68.016
67.862
68.031
67.848
68.032
67.907
68.036
58.466
58.189
70.354
70.282
69.996
69.441
68.7
67.958
68.044
67.994
67.997
67.956
68.034
67.934
72.375
72.34
72.23
72.091
72.058
67.923
67.942
68.049
71.976
71.818
71.633
59.346
59.558
59.649
60.088
60.075
59.974
60.298
59.992
60.006
59.931
59.932
67.786
68.075
67.908
68.065
67.937
67.988
67.972
67.958
68.013
67.94
67.424
68.358
67.922
67.992
68.019
67.979
67.975
67.938
67.992
67.932
67.975
67.97
67.958
67.943
72.975
72.97
72.982
72.971
73.003
72.979
72.766
72.552
72.699
72.395
72.091
71.796
71.645
71.396
71.506
71.857
71.858
71.77
71.829
60.057
60.218
59.989
59.759
72.021
72.074
67.942
67.854
72.319
72.927
72.937
72.915
72.894
78.454
78.452
78.471
78.49
78.642
78.879
72.092
72.344
71.84
72.628
59.908
60.03
59.56
59.09
59.458
71.596
71.65
71.691
72.009
71.807
71.691
71.886
71.888
71.717
71.441
69.644
67.846
67.813
67.78
