52.206
51.877
51.963
52.142
51.985
52.058
51.708
51.448
53.414
54.46
55.505
55.819
57.23
57.111
57.75
57.566
57.975
50.766
50.794
57.694
57.492
57.954
58.01
57.946
58.615
58.9
59.122
59.462
59.681
59.81
71.677
71.342
59.036
59.592
59.559
48.325
48.025
50.123
52.308
52.12
51.991
52.353
51.881
52.472
51.5
57.165
57.873
58.005
58.107
58.614
58.776
59.249
59.154
59.463
60.016
60.568
60.838
60.604
60.416
60.228
60.17
59.991
59.812
59.862
59.944
60.025
60.289
49.256
49.345
60.65
60.832
61.136
60.594
60.052
59.983
49.037
48.939
49.149
49.359
49.225
49.355
60.524
60.409
48.98
48.931
60.644
60.453
50.544
51.341
50.845
60.359
60.787
60.54
61.08
61.083
60.818
60.94
60.995
61.05
60.241
60.418
60.183
60.228
60.38
60.031
60.415
49.209
54.571
50.696
46.822
44.667
45.035
44.879
46.363
44.391
44.751
45.282
45.174
46.561
46.704
46.846
47.025
47.204
60.248
60.163
60.263
60.363
60.339
60.552
49.181
49.286
60.983
60.855
60.783
49.139
49.325
49.657
49.209
60.683
60.362
60.153
60.326
59.984
59.827
60.343
60.343
60.451
60.418
60.66
61.011
60.856
60.767
61.355
61.279
61.709
62.15
62.489
62.307
50.766
50.928
50.43
62.153
62.089
62.306
62.214
62.256
62.379
62.206
62.389
62.792
51.028
51.861
64.33
64.484
64.473
64.323
63.932
63.755
64.048
64.082
64.097
51.851
51.663
45.99
45.287
45.443
45.136
45.029
45.524
46.571
47.618
49.103
50.588
56.393
62.197
62.319
62.441
62.658
51.363
50.942
50.523
50.427
50.535
50.576
62.279
62.28
51.294
51.494
50.936
50.832
50.761
51.139
50.871
50.593
51.026
50.405
50.754
51.103
51.262
51.135
50.998
50.567
50.549
50.828
51.231
51.1
51.009
50.692
51.075
51.044
50.398
50.403
50.617
50.738
50.96
50.778
50.934
50.877
50.603
50.576
50.548
50.464
50.301
50.199
50.458
50.879
50.258
49.637
50.732
50.508
50.602
50.911
51.221
50.787
50.222
50.611
50.473
50.689
50.785
50.88
50.627
51.429
50.78
52.524
50.719
50.592
50.337
50.707
50.83
50.954
43.137
43.293
43.302
43.301
43.12
43.126
43.547
43.336
43.415
43.501
43.314
43.512
43.381
43.383
43.459
43.326
43.363
43.327
43.291
43.007
55.023
53.406
55.414
55.137
54.86
54.877
54.894
55.09
55.286
