47.378
46.943
54.112
55.903
57.694
57.635
57.366
56.516
56.595
56.757
56.299
56.929
56.665
56.757
56.987
56.66
57.223
56.728
57.124
56.925
57.125
56.775
56.934
56.887
56.794
57.131
56.67
57.175
56.876
57.188
56.896
56.833
56.443
55.698
55.154
54.595
54.426
54.526
54.869
55.15
55.46
55.504
55.359
55.1
55.057
54.998
55.08
55.188
55.213
55.3
55.244
55.061
55.202
55.185
55.296
55.348
55.599
55.443
55.388
55.392
55.435
55.519
55.501
51.295
47.222
46.928
50.89
48.312
49.243
50.174
56.863
57.146
57.164
56.866
56.754
56.628
56.635
56.633
56.581
56.645
56.649
56.649
56.683
56.803
56.842
56.94
56.872
56.959
56.962
56.875
56.775
56.926
56.994
56.855
57.032
56.851
56.869
57.049
56.573
56.097
55.149
54.485
53.395
53.954
54.121
54.76
54.719
55.22
54.835
55.177
54.753
54.926
54.469
54.861
55.39
55.223
55.273
56.367
56.515
56.663
56.791
56.245
56.577
56.297
56.546
56.881
56.558
56.66
56.624
56.899
56.557
50.266
44.075
44.367
59.334
58.959
58.958
58.696
58.539
58.416
58.491
58.501
58.443
58.379
58.385
58.431
58.764
58.647
58.704
58.699
58.756
58.609
43.32
43.275
42.993
43.029
43.465
58.679
58.664
58.933
58.16
64.633
53.809
54.728
55.646
57.482
63.832
62.501
62.144
62.274
62.521
62.764
62.838
62.635
62.515
62.179
61.529
61.574
60.615
60.56
60.506
60.784
60.684
60.834
60.687
60.595
60.705
60.593
60.468
60.445
60.375
60.587
60.152
60.186
59.641
59.425
59.384
59.664
59.778
59.574
59.59
59.68
59.412
59.116
59.019
58.918
58.844
58.843
58.729
58.782
58.87
58.914
59.009
58.981
58.965
58.871
58.943
58.937
58.865
58.859
58.804
58.722
58.717
58.796
58.886
58.877
58.867
58.621
59.006
58.715
58.824
58.599
59
58.669
58.897
58.717
59.101
58.749
58.889
58.562
58.295
57.485
55.585
54.46
52.714
54.211
54.247
54.709
54.83
54.778
54.852
54.737
55
54.919
54.971
54.955
54.831
53.421
55.015
53.852
52.91
53.772
54.157
53.896
53.72
54.362
54.402
53.215
53.183
53.804
53.389
53.874
53.234
54.353
53.828
53.693
53.075
53.948
54.498
53.383
53.422
54.097
54.226
53.463
53.706
54.25
54.231
53.268
53.865
52.847
51.829
46.762
46.163
54.951
55.266
54.801
54.683
54.552
54.687
54.605
54.228
54.067
54.032
54.063
54.124
54.45
55.211
54.952
55.947
56.521
56.944
57.203
57.213
57.078
56.499
56.872
56.787
56.716
57.226
57.392
56.588
55.636
54.683
54.625
54.566
55.361
54.839
54.469
54.418
54.516
54.705
54.739
54.807
54.707
54.648
54.649
54.843
54.703
54.586
54.56
54.532
54.504
54.589
54.582
54.614
54.629
54.596
54.665
54.641
54.452
54.36
54.385
54.214
54.043
54.028
54.013
54.577
54.767
54.3
55.015
54.624
54.694
54.494
54.576
54.946
55.331
55.716
54.534
66.816
60.488
54.159
55.136
54.539
55.083
54.409
55.115
67.026
67.078
67.043
67.141
58.83
57.195
55.56
54.462
54.624
54.785
45.109
45.455
44.369
43.283
43.216
43.149
54.918
54.868
55.429
55.565
55.701
55.868
56.035
56.035
58.64
57.794
56.947
45.875
45.063
57.733
56.158
45.936
45.081
57.669
57.138
46.524
56.898
57.386
57.873
53.311
48.749
57.874
66.999
67.217
67.148
49.564
48.325
47.085
49.203
47.906
45.321
45.085
47.411
46.885
47.519
45.526
43.532
43.324
49.213
48.559
49.246
49.506
49.475
49.375
49.276
58.161
52.01
59.486
66.961
67.085
66.981
62.899
67.888
72.876
