53.921
53.428
52.532
49.281
49.124
49.011
48.588
48.643
48.564
48.469
48.67
48.577
48.877
48.814
48.957
55.47
56.073
56.007
57.998
53.851
54.268
53.31
54.235
54.571
59.096
59.044
58.076
59.351
58.48
59.384
60.289
57.782
58.817
59.853
61.297
60.981
60.665
60.927
60.8
65.565
66.028
59.539
58.538
59.174
49.569
49.64
49.5
49.309
53.753
58.197
60.626
60.084
58.056
59.728
58.902
49.411
49.401
49.446
49.332
60.407
60.594
60.782
60.753
60.806
60.779
60.92
60.81
60.967
60.353
60.879
47.002
46.346
65.994
65.955
53.816
53.879
53.997
54.153
54.193
54.621
55.05
55.397
55.382
55.821
56.013
55.939
55.988
55.857
55.065
67.972
68.016
68.1
68.011
68.031
68.007
51.347
52.349
52.808
65.827
66.036
66.162
66.177
66.166
65.944
65.875
65.827
66.312
67.847
67.736
67.582
67.827
68.028
56.025
56.256
56.217
55.975
67.924
67.951
60.695
53.438
54.821
55.401
55.576
55.976
56.495
57.32
57.706
58.219
58.86
59.541
59.621
59.318
58.996
59.149
59.073
59.278
59.326
59.555
59.373
59.192
59.016
58.44
57.64
56.028
56.434
56.541
56.656
56.524
56.434
56.655
56.374
56.072
55.376
54.284
61.124
67.963
67.944
67.926
67.977
54.032
54.475
54.816
54.876
54.695
54.493
54.462
54.56
54.549
54.692
54.674
54.661
66.145
66.018
67.108
54.789
54.666
50.778
52.62
54.462
54.298
66.156
66.092
66.061
65.954
65.896
66
66.037
66.003
65.945
65.995
66.053
54.494
54.243
54.295
54.466
47.171
46.779
54.434
54.38
54.335
47.21
46.998
54.326
54.208
53.715
53.612
53.879
53.895
53.867
53.919
47.239
46.868
46.575
47.099
46.955
47.012
46.351
58.217
58.778
59.122
59.34
59.396
59.666
47.305
48.194
48.786
49.378
52.243
53.348
54.415
55.045
55.485
55.686
57.269
57.426
55.943
56.534
56.405
55.31
68.014
67.889
66.52
65.151
65.336
65.636
65.936
65.937
66.021
66.138
65.942
65.934
65.957
65.958
66.065
60.997
55.929
56.289
57.112
56.708
56.286
56.027
55.047
54.014
53.051
52.505
52.831
53.551
54.3
54.73
54.899
55.062
54.869
54.472
53.81
50.564
47.319
47.056
46.677
47.219
53.845
50.734
47.623
46.779
47.023
47.018
47.012
48.342
49.672
49.213
50.615
50.496
50.378
63.719
63.859
63.963
64.058
64.222
52.71
52.885
52.907
52.928
52.707
64.39
64.194
64.113
64.23
52.387
52.569
64.432
64.159
64.014
64.061
64.166
64.156
64.094
64.08
63.953
63.89
64.026
64.136
64.239
52.589
52.385
51.818
51.25
51.057
51.235
52.863
64.131
64.081
63.997
63.976
64.118
64.168
64.113
64.116
64.132
64.1
64.068
49.929
51.471
64.093
64.068
63.942
63.921
63.983
64.014
64.198
64.357
64.347
64.338
64.209
52.49
52.339
64.205
64.066
64.034
64.003
51.368
52.37
51.735
51.1
48.944
46.788
46.702
47.025
46.995
46.922
46.902
47.103
47.018
46.92
46.907
46.885
47.007
47.035
47.003
46.943
46.922
46.904
46.958
59.119
58.82
59.142
58.609
58.747
59.171
59.009
58.804
47.454
48.19
63.908
63.896
63.859
48.029
47.704
58.819
58.887
59.011
58.927
47.746
47.851
58.57
58.829
59.264
58.918
58.572
57.449
59.078
59.116
59.154
58.872
59.092
59.311
