79.991
79.969
80.028
80.002
75.055
70.109
70.06
69.946
69.999
70.063
69.95
70.043
70.041
69.977
70.026
70.006
69.984
70.056
73.045
73.067
73.017
72.999
73.017
72.979
72.962
73.041
72.98
73.027
73.019
73.023
72.985
73.021
72.999
72.984
72.966
72.897
71.431
69.966
69.94
69.914
69.839
69.931
57.542
57.35
57.045
69.897
70.098
70.03
69.962
70.039
57.607
59.504
77.037
77.069
76.858
76.949
52.767
53.229
54.157
53.688
52.92
51.253
56.073
60.893
61.753
62.097
62.441
62.842
57.331
51.82
51.713
51.472
51.305
51.137
51.048
51.095
50.98
50.882
50.947
51.001
51.11
62.995
63.126
63.171
75.086
74.98
74.922
75.003
75.068
69.067
63.066
63.079
62.914
51.316
51.374
51.63
57.744
56.576
53.985
51.395
51.41
51.258
51.161
51.063
51.152
51.262
51.372
51.617
51.392
57.281
63.17
63.048
62.771
73.03
73.019
72.982
72.981
72.952
72.991
73.022
73.035
73.029
72.983
73.006
73.026
72.986
72.982
72.984
72.995
63.063
63.014
57.777
55.424
57.136
57.278
57.734
58.013
57.953
62.866
63.253
63.793
58.433
69.245
80.058
80.037
79.985
79.98
80.051
55.129
55.72
55.368
55.46
55.081
55.008
55.332
55.186
55.928
55.291
55.695
55.229
55.382
55.17
55.432
55.77
55.559
56.122
55.583
56.116
55.754
55.872
56.237
56.523
68.041
67.905
55.83
55.811
56.238
79.939
79.979
69.484
67.332
65.18
58.764
55.4
55.653
55.568
55.506
55.643
55.663
56.318
56.271
54.507
52.744
79.954
80.013
72.044
55.089
55.779
56.019
55.565
55.66
55.319
55.617
55.672
55.694
55.716
77.048
77.058
76.995
76.999
77.003
76.987
77.03
70.026
63.022
51.231
52.187
63.794
63.99
64.187
70.6
71.293
71.985
71.969
71.907
72.019
71.955
56.088
55.597
55.899
55.02
55.511
54.7
55.631
54.862
55.226
55.59
55.82
81.986
81.979
81.982
56.155
54.629
63.718
81.998
82.003
81.974
54.421
55.034
55.366
55.437
67.297
67.589
67.925
68.335
68.551
56.701
57.001
57.305
57.503
57.542
57.539
57.533
57.502
57.561
57.612
57.591
57.538
57.56
57.653
57.598
57.758
57.811
57.826
57.705
57.581
57.775
57.789
57.793
57.851
57.867
57.725
57.735
57.741
57.777
57.724
57.649
57.611
57.617
57.628
57.705
57.703
57.745
57.617
57.639
57.599
57.596
57.58
57.49
57.549
57.531
57.593
57.537
57.601
57.548
57.469
57.568
57.653
57.543
57.568
57.799
57.717
57.635
57.678
57.673
57.777
57.902
57.914
57.976
57.921
57.758
57.734
57.787
57.825
57.882
57.826
57.84
57.711
57.778
57.9
57.874
57.776
57.678
57.741
81.977
82.081
82.059
81.984
57.682
57.646
57.725
57.727
57.668
57.75
57.697
57.659
57.612
57.563
57.633
57.615
57.618
57.724
57.879
57.898
57.897
57.923
57.944
57.94
57.95
58.015
58.07
57.985
82.045
82.027
82.049
57.861
57.883
58.004
82.016
82.018
57.76
57.605
57.608
57.612
57.261
55.514
57.067
58.066
57.501
82.001
81.964
75.989
79.015
82.042
82.087
81.969
82.054
82.036
81.971
82.003
82.024
82.027
82.12
57.702
57.706
57.723
82.002
82.004
82.001
81.976
82.023
82.055
82.059
82.083
82.01
82.008
82
81.991
81.99
81.966
81.985
81.992
72.946
72.976
73.013
72.991
73.022
82.09
82.147
82.001
82.128
82.054
73.02
73.082
73.054
73.048
73.004
73.004
61.625
50.247
66.166
82.085
82.066
82.006
81.892
52.703
52.228
51.753
49.529
49.939
50.349
46.849
47.108
47.367
47.219
80.139
80.053
