58.694
53.016
55.336
50.922
58.298
58.714
59.13
59.712
60.414
60.886
61.357
48.663
49.127
61.072
60.89
60.48
60.476
60.772
61.161
48.929
49.819
50.187
62.151
62.189
63.148
64.106
64.417
52.414
52.882
53.021
52.754
52.984
66.305
65.74
65.768
65.797
66.302
65.661
65.648
65.636
66.227
66.067
66.074
66.081
66.003
66.127
66.142
66.014
66.11
66.073
66.036
65.942
65.849
52.143
51.833
51.537
52.363
52.419
52.475
51.584
52.489
51.687
51.878
51.482
52.162
54.775
53.005
54.212
53.673
53.107
51.258
52.252
51.548
52.171
52.793
58.258
57.69
53.115
53.6
54.312
54.073
54.16
53.842
53.723
53.543
53.609
53.625
53.695
53.739
53.648
53.986
54.049
54.096
54.29
54.536
54.825
55.678
54.686
54.23
54.002
53.775
53.719
53.971
53.976
54.004
53.927
53.901
53.888
53.826
53.895
53.787
53.786
53.832
53.857
53.906
53.919
53.875
53.883
53.803
53.753
53.795
53.919
53.963
54.123
54.26
54.371
54.233
54.483
65.431
66.81
62.746
58.681
57.778
56.876
53.242
52.623
53.528
54.003
54.478
54.27
54.21
54.351
54.234
54.24
54.041
54.002
53.825
53.953
54.143
54.084
54.365
54.198
53.748
53.3
54.747
60.355
59.426
56.507
53.588
54.275
54.523
54.528
54.52
54.461
54.489
54.324
54.368
54.395
54.459
54.642
54.676
54.531
53.628
52.381
47.698
46.886
48.994
51.101
55.908
60.716
61.098
61.058
61.502
61.713
61.923
61.856
62.056
62.256
49.5
50.733
50.572
50.79
51.26
49.061
47.103
62.955
62.815
63.039
62.833
62.626
58.125
58.75
59.681
60.274
60.624
61.08
65.968
66.184
66.036
66.078
66.099
66.07
66.058
66.109
66.04
66.055
66.091
66.033
66.082
66.071
66.093
66.059
66.077
66.025
66.085
59.082
59.652
60.037
60.423
59.652
60.648
60.999
60.325
59.686
60.719
60.819
60.475
60.407
60.42
61.111
61.16
61.104
60.525
59.947
60.205
60.996
61.147
60.798
59.237
55.674
58.207
60.741
60.597
60.79
58.561
56.332
55.588
56.327
55.732
56.381
55.726
60.932
60.837
60.92
60.953
60.997
61.09
61.079
61.085
61.104
60.975
60.927
49.071
49.059
48.925
48.851
60.737
60.923
60.973
60.78
60.434
66.205
65.794
63.292
60.79
60.866
60.859
60.776
48.854
48.892
48.841
48.872
60.267
63.297
66.328
65.933
66.165
60.69
60.997
61.137
61.183
61.141
61.132
66.04
65.953
61.014
61.092
61.07
60.949
61.065
61.035
61.058
61.068
61.018
61.049
60.998
61.032
61.082
61.023
61.048
61.041
61.024
61.033
61.086
61.009
61.098
61.068
61.057
