64.303
61.548
58.792
56.784
54.775
56.253
48.01
47.601
46.773
52.695
49.736
46.778
47.716
47.633
58.544
58.241
53.013
47.786
46.938
48.526
50.113
51.319
52.03
52.264
52.696
53.129
52.81
52.631
52.724
44.87
45.268
53.125
53.502
55.179
53.285
53.138
53.331
52.789
57.946
57.164
55.214
53.263
52.784
52.941
52.92
53.093
53.385
53.597
54.894
56.337
53.663
53.744
53.494
53.117
53.088
53.487
53.229
53.114
45.343
45.025
52.457
52.967
53.086
54.194
53.248
53.18
53.352
53.115
52.878
52.845
53.916
53.966
53.856
53.631
52.671
57.132
57.041
57.116
56.187
54.581
52.975
52.984
52.993
52.587
52.772
65.078
65.147
53.053
52.727
52.537
53.129
53.72
53.247
53.541
53.826
53.443
53.821
53.634
52.862
52.824
53.1
53.835
53.14
53.128
52.739
44.633
43.364
53.503
51.875
51.183
55.881
54.772
53.079
51.386
50.496
43.853
43.292
43.466
43.639
43.808
43.529
43.251
51.783
54.38
53.751
53.773
53.661
53.441
52.787
53.048
53.568
54.052
53.773
49.712
48.479
48.973
50.504
52.035
64.867
64.913
52.895
54.173
54.652
54.989
55.486
55.742
55.779
55.673
52.354
55.842
55.522
55.202
55.416
55.749
55.395
54.306
55.32
55.055
55.091
55.714
55.272
55.467
55.459
54.996
55.262
54.142
54.202
54.978
67.104
67.058
67.001
54.525
55.445
55.186
54.927
55.06
55.161
51.868
52.128
52.388
52.654
53.414
52.931
53.338
53.144
52.83
53.413
54.163
53.687
53.274
54.304
53.4
53.025
81.027
80.941
80.993
72.405
63.817
64.026
55.268
55.402
55.462
55.251
55.04
55.084
55.136
55.14
55.126
55.194
67.141
67.163
67.118
54.851
55.269
55.105
55.299
55.043
54.838
55.392
55.216
54.939
55.417
54.92
55.33
55.322
55.506
55.713
55.412
55.459
55.401
60.924
59.069
57.213
55.221
54.205
49.426
50.013
50.6
43.249
42.942
43.025
50.484
50.557
50.007
50.223
50.438
50.185
52.91
55.634
54.024
53.601
54.295
54.989
59.288
57.788
56.288
55.435
53.598
54.343
55.121
55.899
52.406
48.913
49.452
49.992
50.039
51.032
52.422
52.758
52.776
53.499
54.304
53.545
53.669
53.85
53.501
53.357
53.214
54.377
54.464
53.601
53.641
43.792
44.955
49.095
53.235
52.975
53.201
53.426
53.545
53.164
54.707
54.883
55.338
54.98
53.208
52.965
53.277
53.664
53.8
54.401
53.658
54.342
54.327
53.433
54.874
53.543
53.922
54.214
53.679
53.702
53.726
53.406
53.952
53.661
53.184
53.603
53.892
53.728
53.717
53.292
53.598
53.904
53.541
52.976
53.475
53.878
54.749
55.04
56.421
56.965
57.045
56.715
56.275
44.557
45.042
45.762
55.383
56.487
56.373
56.639
56.599
56.452
56.113
56.084
56.044
55.518
55.48
55.192
54.865
54.187
54.133
53.9
53.365
53.537
55.824
54.036
53.737
53.866
53.392
53.262
53.268
53.187
48.6
44.012
43.683
58.169
56.317
56.233
56.057
55.956
55.955
56.044
55.725
56.256
55.978
55.77
55.204
49.756
49.302
48.929
51.838
54.748
53.513
53.077
53.088
53.099
54.468
54.12
54.788
55.107
55.228
55.483
55.561
55.436
55.385
55.471
55.688
55.752
55.7
55.764
55.865
55.644
55.52
55.554
55.463
55.724
55.799
55.604
55.236
54.93
54.837
54.743
55.261
55.187
54.948
55.372
54.86
55.429
55.262
54.937
55.161
64.02
63.974
63.976
64.092
61.654
64.921
68.188
68.718
69.322
69.796
69.966
70.057
70.24
66.71
63.18
72.089
80.998
81.026
72.553
64.081
64.188
50.311
52.017
51.695
50.605
52.049
50.66
51.067
51.474
51.238
50.204
50.859
51.513
50.594
51.14
51.734
50.38
50.44
51.726
50.759
50.673
51.927
51.396
50.629
51.406
51.909
51.123
51.096
51.685
50.715
52.473
50.279
52.052
52.4
54.346
56.293
54.939
53.737
52.641
