66.128
66.047
65.991
65.972
65.978
65.989
66.02
65.662
68.119
68.107
68.077
68.005
67.95
67.906
67.919
67.951
68.049
68.097
68.104
68.097
68.101
68.044
67.984
67.948
67.854
67.827
67.903
68.012
68.071
68.097
68.117
68.105
68.05
68.013
67.969
67.826
65.83
63.834
64.04
64.221
64.183
63.914
51.501
51.971
51.949
51.046
47.115
48.48
49.553
50.706
51.487
51.992
52.102
51.846
51.774
51.415
51.703
51.952
52.222
52.476
52.299
52.225
51.822
57.911
55.595
59.814
64.032
64.058
64.04
63.988
64.063
53.237
54.024
53.529
53.97
53.918
53.866
53.222
66.142
66.114
65.933
65.894
65.938
66.037
66.148
65.991
53.69
54.302
54.316
54.916
55.122
55.605
55.665
55.591
55.644
55.635
55.61
55.506
55.291
54.124
52.802
50.678
48.73
59.416
59.205
59.568
60.401
60.784
61.433
64.863
68.292
68.039
67.888
67.982
67.856
60.51
60.677
60.765
60.831
60.936
60.993
49.86
49.194
48.746
48.688
49.004
49.342
49.468
48.566
47.8
62.969
61.379
61.251
61.077
49.05
49.833
49.479
49.037
55.147
61.258
61.223
61.303
61.407
61.42
61.432
61.135
61.053
61.051
61.191
61.412
61.425
43.54
44.2
45.572
60.817
60.952
60.932
61.01
61.196
49.874
49.688
49.51
48.868
48.561
48.28
47.469
47.412
60.453
60.391
60.183
53.281
54.121
54.236
53.215
57.204
61.194
61.028
61.069
60.644
60.713
60.942
60.745
60.548
60.764
60.783
60.98
61.102
61.061
61.032
61.087
65.916
65.883
65.884
49.381
50.522
50.403
49.534
60.934
60.869
60.731
60.593
50.864
50.388
50.654
50.92
49.978
49.41
60.911
60.879
60.984
49.183
49.22
56.355
56.854
56.89
56.988
56.453
57.942
50.647
53.706
56.765
66.08
65.92
65.916
65.898
65.918
65.925
65.887
65.887
65.92
65.953
60.464
69.213
58.971
48.728
49.293
50.523
53.783
53.888
53.668
53.709
54.127
54.038
53.628
54.035
54.251
53.533
53.742
54.23
53.691
53.526
54.195
49.214
49.343
49.303
49.263
48.998
48.65
48.771
48.893
50.559
52.226
53.494
51.397
49.301
49.279
49.337
49.282
49.227
49.171
48.901
56.086
56.118
56.514
56.91
56.329
56.464
53.556
53.507
54.256
54.015
53.702
53.928
53.947
53.965
53.993
53.869
53.858
54.062
54.514
54.967
50.264
47.518
49.224
55.453
53.545
53.484
55.163
53.853
53.338
54.589
54.15
53.466
54.373
54.238
49.414
49.265
48.572
65.803
65.906
65.893
65.876
65.828
65.851
65.891
65.67
65.71
66.013
65.95
65.844
