59.459
49.158
48.694
47.656
47.513
47.37
47.581
49.265
50.948
53.561
52.572
52.133
52.983
53.2
53.031
53.09
52.993
52.806
52.678
53.108
53.21
53.169
52.972
52.935
52.942
52.845
52.97
52.857
53.231
52.966
52.94
52.776
52.811
52.328
51.74
52.698
53.095
53.942
52.45
52.466
53.338
52.87
53.14
53.536
52.907
52.404
52.35
53.474
52.037
53.428
53.088
51.641
52.943
53.09
52.709
53.159
52.955
53.081
52.794
49.84
47.031
46.078
46.16
46.241
48.708
47.267
48.696
49.322
46.955
45.548
50.029
57.511
57.145
56.804
56.462
44.857
44.026
43.794
56.77
58.171
58.382
59.754
60.271
49.593
49.857
49.179
48.502
69.996
69.985
70.135
70.182
51.623
51.627
51.767
52.49
46.1
46.203
45.976
52.289
52.553
52.826
52.815
52.82
45.775
45.812
45.693
45.877
52.837
52.903
52.985
53.125
52.928
52.805
52.682
52.706
52.695
52.699
45.869
46.075
45.884
45.693
45.885
45.991
45.835
46.08
46.088
46.098
45.804
45.976
45.908
45.718
52.933
52.596
52.93
53.03
52.831
52.879
52.88
53.34
52.96
53.102
53.272
53.406
52.946
52.667
52.98
52.877
52.947
53.074
53.027
52.998
52.969
53.113
53.257
53.127
52.997
53.234
53.242
53.025
53.032
52.991
53.157
53.13
53.02
53.097
53.06
53.085
52.686
53.005
53.101
52.791
45.855
45.602
46.02
46.153
46.287
46.088
45.988
53.002
51.89
44.297
44.795
52.429
52.598
57.371
56.883
53.39
53.031
45.229
45.016
44.823
52.514
52.35
52.505
45.154
45.225
45.232
56.706
56.618
56.626
56.519
56.486
54.651
52.816
52.657
52.877
52.73
56.974
57.036
57.104
53.327
54.96
53.419
52.768
52.922
52.943
53.076
53.067
53.943
53.721
52.985
52.616
53.004
53.393
55.25
55.884
56.734
57.458
58.043
58.114
59.281
59.046
59.681
59.811
59.483
59.508
59.449
59.389
59.426
59.701
59.694
59.242
59.568
59.237
58.752
58.476
58.438
58.279
58.329
58.38
58.065
58.776
58.116
58.381
58.204
57.691
57.213
56.453
55.792
56.798
56.998
57.343
57.562
57.504
57.605
57.582
57.406
69.097
69.094
57.544
57.515
57.441
57.454
57.393
57.405
57.488
57.44
57.821
57.134
57.529
57.672
56.71
57.939
57.526
57.231
58.338
58.397
58.206
57.913
57.687
58.066
58.446
58.151
57.831
58.002
58.273
58.18
57.954
58.017
58.289
58.22
58.151
57.958
58.068
58.251
58.366
58.409
58.141
57.873
58.167
58.326
58.418
58.473
58.358
58.068
57.97
58.288
58.407
58.424
58.39
58.277
58.077
58.178
58.264
58.343
58.218
58.048
58.514
57.799
58.307
58.243
58.343
58.009
57.881
58.141
58.535
58.378
58.325
58.057
58.126
58.149
58.308
58.581
58.372
58.332
58.157
58.264
58.386
58.472
58.414
58.392
58.219
58.338
58.326
58.44
58.421
58.29
58.177
58.081
58.37
58.325
58.418
58.061
58.251
58.449
58.351
58.176
57.776
57.993
58.437
58.458
57.862
57.495
58.308
58.454
57.782
53.083
52.734
53.035
52.802
53.086
52.889
52.921
52.871
53.037
53.02
53.01
53.015
52.918
53.042
52.914
52.998
52.979
52.997
53.016
52.989
53.052
52.935
53.079
53.019
52.969
52.991
53.041
