52.446
53.079
52.384
53.265
53.084
52.685
53.834
52.463
52.578
53.051
52.352
53.237
53.078
53.062
52.749
52.436
52.241
52.391
52.542
52.623
52.704
52.835
52.597
52.358
60.185
59.942
52.385
53.25
52.707
53.386
52.734
53.122
52.947
52.577
53.621
52.646
52.925
52.841
53.288
51.808
52.728
52.81
52.82
52.83
52.784
52.586
52.388
52.537
52.686
49.681
46.676
45.414
50.458
51.033
50.88
62.873
62.944
63.14
62.974
63.033
63.093
63.062
62.886
62.979
63.097
63.021
50.978
50.648
56.849
63.049
56.949
50.849
50.968
49.602
48.235
47.166
48.467
49.768
65.108
65.102
64.85
65.141
65.238
65.12
65.002
65.126
50.253
49.586
50.406
49.439
50.152
51.571
66.211
67.592
56.466
56.944
57.318
57.411
69.305
69.031
56.454
56.692
56.99
57.088
57.179
57.172
57.278
57.318
57.265
57.245
57.289
57.271
56.879
55.636
55.726
69.135
69.205
57.107
56.993
56.8
56.732
56.669
56.517
56.663
56.835
56.904
57.156
57.056
57.102
57.073
57.05
56.949
65.002
65.128
65.135
64.914
65.093
64.808
65.131
64.96
65.169
65.046
64.878
65.468
65.087
64.883
66.307
67.731
68.096
67.748
67.4
66.267
65.134
65.122
65.11
65.048
64.987
63.246
61.505
61.966
56.546
51.125
51.097
45.322
44.641
44.326
44.608
48.102
51.596
51.493
51.39
51.4
52.146
51.204
50.459
50.987
51.515
50.935
51.102
51.269
51.358
51.448
51.139
51.098
51.192
51.152
51.111
51.074
51.037
51.235
51.236
51.236
51.279
51.322
65.063
64.745
51.705
53.06
51.642
64.989
65.028
65.113
65.009
51.923
53.221
51.977
51.998
52.019
64.964
69.048
69.055
69.018
69.004
69.011
68.987
69.035
69.02
68.947
67.063
65.179
52.971
53.52
52.554
52.947
52.769
53.062
52.336
64.809
64.797
64.797
52.784
53.237
52.922
52.607
51.541
51.209
84.069
84.038
84.037
83.992
61.78
61.684
61.235
60.787
62.382
61.255
48.817
49.708
61.678
61.687
63.337
64.987
64.976
61.755
61.799
62.214
61.339
51.363
45.544
45.579
44.118
45.922
44.805
44.594
45.957
45.346
45.13
44.977
52.201
54.397
55.604
56.811
55.843
57.453
56.419
57.851
56.26
58.045
56.423
57.864
56.861
57.276
57.895
56.705
58.074
58.383
58.511
58.34
57.783
57.743
58.371
58.186
57.9
57.867
58.22
58.34
58.033
57.806
57.974
58.235
58.11
57.805
57.605
58.153
57.968
57.629
57.888
58.156
57.407
56.705
55.414
55.803
56.193
57.317
57.426
58.066
58.035
57.389
57.801
57.916
57.962
57.892
58.347
58.601
58.74
58.588
58.861
58.542
58.605
58.664
58.872
58.65
58.601
58.4
58.644
58.51
58.613
58.719
58.428
58.478
58.656
59.009
58.659
58.704
58.62
58.631
58.757
58.759
58.663
58.601
58.747
58.84
58.926
58.326
58.395
58.397
58.665
58.626
58.522
58.711
58.769
58.817
58.918
58.82
58.714
58.655
58.597
53.01
52.965
52.929
52.892
58.639
58.147
58.502
58.228
58.705
52.827
53.502
57.995
58.758
58.489
58.002
58.468
58.901
58.269
58.756
59.244
58.879
58.515
53.235
52.437
52.884
53.17
52.687
64.774
65.362
62.674
59.986
59.807
59.627
53.016
53.4
57.693
59.142
53.487
52.799
59.682
59.788
53.457
53.018
