63.856
63.728
63.697
63.388
62.786
62.64
62.231
62.302
62.665
62.922
62.886
63.273
63.324
53.7
54.953
54.886
54.623
54.309
54.22
53.918
53.858
53.959
54.158
54.602
54.736
54.69
54.608
54.425
54.035
54.176
52.919
49.117
50.505
51.894
53.875
54.348
53.973
53.823
53.626
53.403
53.099
53.314
53.434
53.472
53.66
53.772
53.858
53.874
54.076
53.997
53.749
53.608
53.509
52.771
53.281
53.987
54.899
55.156
55.293
55.28
54.633
54.391
54.722
54.841
54.791
54.91
54.893
55.081
55.174
54.773
54.95
55.242
55.103
54.463
54.874
56.25
56.189
57.495
57.812
58.198
58.545
58.589
65.989
66.134
59.37
59.686
59.581
59.637
59.748
59.972
59.711
59.494
59.611
59.211
59.684
59.215
59.693
59.488
59.783
59.547
59.623
60.138
59.711
59.764
59.594
59.586
59.562
59.685
59.71
59.629
59.518
59.56
59.703
59.88
60.038
59.527
59.932
60.023
59.738
59.829
59.772
59.715
60.327
59.351
59.838
59.613
59.726
59.936
60.01
59.787
60.034
59.876
59.52
66.103
66.04
66.104
66.091
66.151
66.064
65.976
54.068
53.765
60.779
62.059
62.399
52.222
51.842
52.012
52.182
52.137
52.091
63.16
63.069
63.236
63.403
52.276
52.668
54.008
55.348
55.455
57.98
57.997
58.425
59.147
59.773
59.894
60.191
60.374
60.277
60.852
61.013
61.372
61.374
61.627
61.595
61.667
61.405
61.644
61.629
61.598
60.076
60.057
59.054
59.384
59.501
59.617
59.381
60.155
59.942
59.884
59.826
59.64
59.82
59.832
59.844
59.657
59.954
60.251
59.635
59.187
59.225
58.643
57.997
57.982
57.968
58.063
58.046
58.029
57.806
57.583
57.536
58.151
58.426
58.386
58.258
58.332
58.405
58.862
59.286
59.141
58.417
57.751
58.03
58.309
58.599
57.906
58.072
58.033
57.877
56.801
57.303
56.937
57.384
57.365
56.223
56.681
56.975
68.86
68.853
56.911
56.805
55.991
56.797
57.602
56.488
56.621
56.439
56.53
56.622
72.596
73.212
72.471
71.73
56.55
56.76
56.632
70.998
70.145
56.432
56.375
56.383
56.93
57.095
57.26
56.413
57.294
70.776
70.968
71.382
71.622
71.627
70.854
56.738
56.763
56.626
56.805
57.175
56.642
56.665
56.728
57.059
57.099
56.583
56.612
56.381
56.53
57.193
61.005
58.947
56.89
56.562
61.84
63.131
62.679
63.343
64.073
64.241
63.523
61.096
61.306
60.92
61.232
75.652
81.501
82.367
82.92
75.924
75.73
75.887
63.662
63.971
64.019
63.565
62.988
74.865
74.717
62.486
61.939
56.048
44.638
53.097
61.557
73.926
73.708
73.456
73.947
74.369
74.228
74.01
74.034
