43.337
43.429
56.305
54.905
53.866
53.924
53.797
50.68
47.564
48.081
55.863
54.401
54.695
54.99
51.655
51.793
53.669
53.608
53.547
53.658
53.822
53.005
52.607
52.129
52.106
52.083
44.139
44.786
45.058
44.927
52.654
52.28
45.136
45.23
44.054
48.407
46.348
55.491
64.634
64.831
64.982
65.172
65.002
64.962
64.922
53.134
53.186
53.984
54.783
55.29
52.913
52.807
52.701
51.863
58.187
64.51
64.593
52.553
52.474
64.711
65.004
65.079
64.767
52.571
52.507
64.76
64.505
64.496
64.826
64.759
64.804
64.942
64.981
65.142
65.302
53.361
54.043
54.635
53.848
55.41
55.77
56.13
55.952
55.455
54.63
53.758
52.886
55.413
53.778
55.802
67.564
67.48
67.484
67.489
67.412
67.425
67.508
56.121
57.432
56.776
56.87
57.032
57.887
53.406
53.408
53.188
53.105
53.226
53.21
55.288
54.921
52.625
50.329
43.874
43.579
43.554
54.31
52.587
43.617
43.221
43.133
51.733
53.833
52.944
53.095
53.178
53.172
50.536
49.148
53.961
53.779
51.812
51.571
52.831
54.092
52.977
52.231
53.317
53.525
51.819
58.228
56.125
54.021
54.771
54.358
55.169
55.043
53.673
53.646
53.706
53.765
53.656
52.592
52.714
53.21
53.705
53.607
53.509
52.777
59.337
70.964
71.142
71.094
71.046
67.577
64.107
64.131
63.57
51.033
50.796
51.453
55.308
54.558
51.863
50.362
50.835
51.749
50.859
51.162
63.166
56.862
50.558
52.017
52.562
51.709
50.855
51.795
47.743
47.253
51.565
52.974
54.383
53.217
52.051
46.292
46.056
63.983
63.912
58.339
58.156
58.271
58.365
58.422
58.75
58.97
59.118
44.741
44.133
66.868
66.729
66.771
66.92
66.761
66.576
66.52
66.463
66.535
45.605
46.465
47.118
47.372
48.163
59.259
58.79
58.596
47.151
46.2
47.971
49.134
49.101
48.324
51.785
55.246
53.982
53.75
54.437
50.747
48.848
50.754
59.073
54.613
59.203
63.792
53.559
43.327
44.062
66.012
64.674
64.528
63.972
63.976
47.914
47.575
47.151
53.53
59.909
59.998
47.78
51.575
55.37
55.444
47.896
55.071
53.483
51.895
51.773
51.651
51.642
51.794
52.627
53.099
54.17
53.605
72.843
72.41
71.951
71.492
71.616
71.588
71.589
71.647
71.474
71.386
67.894
64.403
64.515
58.407
52.298
52.428
52.856
53.334
53.325
54.31
55.295
54.706
53.277
51.848
52.719
53.152
64.779
64.643
64.983
53.184
53.36
52.921
52.482
52.531
52.071
52.223
52.61
52.987
53.64
53.409
53.595
53.195
52.727
53.671
53.673
53.514
53.193
52.661
52.376
48.51
55.966
53.264
50.563
45.208
46.102
65.055
64.886
65.015
64.703
65.009
52.957
53.097
54.008
53.711
52.928
53.118
54.008
53.388
52.996
71.73
71.709
71.954
72.098
53.359
53.461
64.571
63.844
64.054
64.198
64.171
64.144
55.528
55.16
59.352
56.091
52.831
58.306
63.781
63.852
51.186
52.488
48.798
45.107
44.916
64.033
63.953
54.371
53.326
53.949
54.097
53.963
54.067
53.718
54.174
65.819
65.186
53.05
52.793
52.787
54.848
55.515
56.037
56.019
56.488
55.164
54.915
66.615
66.751
66.658
66.846
67.034
66.834
67.174
66.879
54.855
54.841
54.874
54.908
55.547
62.835
63.027
63.014
63.001
65.193
60.089
54.985
55.13
54.982
63.098
62.95
63.034
63.026
54.829
53.771
53.285
71.843
71.767
71.851
53.6
53.539
53.351
53.117
53.318
53.52
46.915
45.148
47.437
49.726
62.947
56.026
49.106
49.453
49.676
56.015
53.126
50.237
51.442
50.97
49.234
48.755
49.008
49.133
50.238
55.233
68.406
67.717
67.444
66.964
67.153
66.901
67.093
67.048
55.687
54.856
55.15
55.495
55.554
54.855
54.257
62.963
63.061
46.51
45.235
44.995
43.651
46.269
46.705
41.035
40.562
42.006
43.451
46.64
