46.911
46.604
46.296
47.207
49.125
51.337
51.519
53.301
54.529
68.199
69.413
59.211
59.361
65.202
71.043
71.018
70.985
70.972
58.851
59.162
59.296
59.362
59.146
58.921
58.57
58.71
71.094
71.059
70.953
59.564
59.769
59.757
59.583
59.394
59.124
59.096
59.203
59.248
59.129
58.826
58.141
58.468
58.497
59.096
59.194
59.268
59.34
59.359
59.4
59.353
59.037
57.634
47.396
46.873
46.854
70.972
70.959
55.799
55.671
55.633
56.068
56.012
56.289
55.784
55.808
55.042
54.932
54.117
53.376
52.107
53.406
53.383
52.607
52.859
53.462
53.68
68.027
68.062
68.033
68.013
68.032
61.176
54.319
54.208
54.417
53.988
53.762
53.974
53.294
53.82
53.968
53.558
59.866
66.174
66.068
66.007
65.99
66.041
66.064
66.019
65.939
65.953
66.014
66.03
66.047
66.049
65.98
65.969
66.188
67.63
69.072
57.261
56.039
56.427
56.171
55.975
55.795
55.99
55.756
56.183
68.035
67.995
67.952
67.873
67.938
68.006
55.75
56.484
56.313
55.944
56.814
56.417
55.957
57.033
56.596
56.718
56.841
56.953
56.533
56.113
56.653
56.088
55.941
55.986
67.312
66.344
52.524
48.372
49.937
51.631
52.499
52.168
52.512
55.983
59.454
61.107
62.169
51.083
51.747
52.057
51.377
64.119
64.101
64.073
64.122
46.456
46.811
52.166
51.249
52.126
52.35
51.733
51.495
51.257
55.533
57.342
64.016
64.494
65.062
65.629
65.358
65.903
66.184
66.236
66.296
66.186
65.765
65.447
65.13
65.33
65.529
65.864
65.981
65.981
65.939
66.113
54.713
55.076
55.655
56.249
55.925
56.035
56.821
56.279
55.907
56.362
56.155
55.649
55.387
55.906
56.186
55.488
54.117
52.522
59.448
67.861
67.97
66.295
64.62
62.115
59.609
59.698
60.267
60.224
60.221
60.098
54.377
57.539
60.7
60.921
61.159
61.139
49.266
49.213
49.08
48.84
48.571
61.195
61.181
60.998
60.861
60.785
60.611
60.765
60.704
60.73
60.902
60.955
61.051
60.899
60.747
60.797
60.643
60.897
60.808
60.799
60.863
60.701
60.709
60.685
60.784
60.38
60.34
59.831
54.543
49.255
49.184
49.255
49.237
48.97
48.703
54.328
60.755
60.964
61.102
54.241
50.706
49.246
48.768
54.132
54.027
53.995
53.764
54.069
54.231
53.736
54.085
54.435
53.682
54.134
54.587
54.429
54.271
54.538
53.523
54.454
54.465
53.395
54.312
54.672
60.695
61.025
60.867
60.831
58.629
53.783
48.937
48.926
56.23
56.41
49.498
49.588
60.808
61.144
60.653
60.929
61.026
60.737
61.041
60.838
61.053
57.733
54.413
54.619
54.287
53.714
54.916
53.837
53.502
54.74
61.024
65.935
65.809
65.859
65.886
65.898
65.932
49.129
49.741
49.586
49.551
49.575
49.597
49.545
60.883
60.858
60.878
60.813
60.869
54.14
54.122
54.073
53.54
53.618
53.221
57.111
61.001
61.125
60.98
61.018
60.841
60.745
60.821
65.867
65.835
65.862
65.901
54.095
