66.032
66.107
65.961
66.109
65.935
66.156
66.043
66.114
66.064
66.071
66.079
65.968
65.822
62.99
64.307
65.625
65.1
65.083
65.176
64.869
65.222
64.968
65.157
59.48
68.287
58.397
61.835
55.585
49.334
49.212
48.894
49.237
49.159
49.09
60.882
59.925
48.441
50.271
52.359
52.874
53.645
53.981
54.142
54.382
54.581
55.077
55.519
55.947
56.118
56.149
56.154
56.08
55.952
55.874
55.916
55.895
55.188
49.445
49.325
48.511
49.244
53.032
52.338
53.291
65.624
66.429
55.341
55.978
56.333
56.308
55.969
55.821
55.685
55.688
55.907
56.033
55.977
54.591
53.983
53.67
54.831
55.345
55.773
56.213
56.328
56.674
57.797
58.451
59.313
59.673
59.869
59.862
59.939
59.647
59.797
59.625
59.907
59.39
60.057
59.295
59.206
59.83
58.143
58.266
58.389
59.605
58.902
59.618
59.221
58.814
58.661
59.862
59.033
57.866
58.268
57.909
58.527
58.262
58.525
58.485
58.02
58.174
58.328
58.183
58.091
57.961
58.149
57.987
58.35
58.073
58.301
57.998
58.179
58.005
58.25
58.011
58.364
58.156
58.283
57.966
57.496
57.065
63.925
62.678
55.216
55.398
55.58
56.059
55.757
55.455
55.723
56
56.086
56.252
56.451
56.84
57.82
57.136
58.205
57.812
58.698
57.596
58.641
57.777
58.39
58.364
57.987
58.28
58.042
58.668
57.973
58.393
58.359
58.76
58.595
58.163
58.357
58.298
58.586
58.351
58.115
58.523
58.355
58.616
58.157
58.26
58.277
58.297
58.246
58.196
58.282
57.876
58.4
58.517
58.685
58.425
58.166
58.481
58.389
58.62
58.474
58.401
58.681
58.234
57.715
56.59
54.464
54.199
54.438
54.676
55.041
55.413
55.891
56.493
56.959
56.653
56.658
56.953
56.85
57.685
57.733
58.675
58.796
58.865
58.825
58.691
58.332
58.621
58.217
58.002
57.964
58.193
58.437
58.67
58.725
58.733
58.668
58.582
58.435
58.202
57.776
56.833
55.373
53.335
51.749
52.249
53.013
53.269
53.799
53.604
53.48
53.074
52.677
53.028
64.986
65.071
65.378
65.145
64.912
53.278
52.902
53.305
53.709
53.559
53.891
53.543
53.686
65.525
65.817
65.968
66.119
65.884
65.777
65.711
65.558
65.485
69.201
61.424
53.646
53.329
53.722
68.148
68.201
68.115
68.137
56.158
56.683
56.858
56.698
56.538
56.132
55.402
53.894
57.7
61.507
61.283
61.06
57.695
54.33
54.801
55.043
54.608
54.295
54.448
53.887
54.426
54.786
54.357
54.53
54.704
54.385
54.34
54.659
54.02
53.38
52.91
53.762
54.613
67.76
67.314
66.884
66.614
66.344
66.498
66.353
66.101
65.728
65.859
65.965
66.089
66.205
66.347
66.412
65.675
65.164
65.213
65.041
64.887
64.482
64.102
63.17
62.969
58.467
53.965
53.944
53.689
53.435
66.018
64.069
64.083
64.416
64.432
64.777
64.693
64.267
62.876
58.72
54.564
54.289
54.058
53.827
54.351
54.059
54.033
54.697
54.367
54.836
54.9
66.424
66.374
64.202
64.342
64.243
64.254
