73.098
73.161
73.498
73.166
73.068
72.974
72.953
72.922
72.964
72.991
73.044
73.008
73.051
72.996
73.012
72.99
72.824
73.118
72.62
73.227
72.381
72.134
71.738
72.425
71.876
72.059
72.264
59.809
60.606
75.947
75.735
67.955
69.012
70.069
70.002
69.999
69.961
69.978
69.973
69.941
70.013
69.96
70.047
70.023
70.008
69.983
70.064
69.971
70.069
69.993
69.931
70.118
69.908
58.12
57.984
58.073
58.085
70.049
69.968
69.931
69.912
69.892
69.923
68.677
68.055
68.057
68.071
68.05
68.004
67.96
67.976
67.986
61.935
55.883
55.901
56.449
68.26
68.257
70.157
72.057
71.678
70.246
70.012
69.971
69.953
69.946
69.996
70.03
70.019
69.969
58.8
58.3
58.025
57.573
57.459
57.346
57.356
69.771
69.773
57.642
57.659
57.743
69.752
69.619
57.583
63.678
69.774
69.694
57.695
57.702
57.296
56.648
56.302
55.956
55.548
55.993
55.033
54.947
54.862
55.081
55.198
55.315
55.494
56.733
53.99
45.635
46.082
45.467
46.08
46.601
57.52
57.817
57.706
57.658
69.711
69.554
69.175
69.673
70.172
70.063
69.997
69.947
70.016
69.987
58.366
58.388
58.388
58.458
58.384
58.539
58.803
58.907
58.859
57.07
68.007
67.975
67.995
61.692
66.208
60.291
54.374
55.155
55.182
55.693
55.774
55.621
54.935
46.493
46.019
45.7
46.342
45.583
46.032
46.07
47.159
70.687
70.086
57.896
58.006
58.067
70.035
69.948
69.913
57.648
57.799
57.288
57.549
57.407
57.266
57.87
69.684
69.756
69.67
57.63
57.85
56.727
48.606
49.92
49.237
51.98
72.989
73.034
57.001
57.906
58.041
58.561
59.066
59.603
59.755
67.012
67.078
67.173
67.267
60.554
61.934
62.417
62.86
51.382
51.536
51.431
51.312
51.397
51.442
51.325
51.1
50.875
50.836
51.345
69.754
69.546
50.429
50.305
50.533
50.397
69.158
69.21
69.121
62.331
50.78
48.949
49.777
50.565
51.353
51.429
59.28
67.131
72.166
66.012
59.859
60.218
60.2
60.367
60.292
60.216
49.784
49.468
49.718
49.969
60.507
60.57
61.037
61.619
61.906
62.194
62.095
61.948
61.964
61.848
61.758
62
62.1
62.155
62.323
62.479
62.53
62.595
62.667
62.599
62.435
62.369
62.274
62.15
62.146
62.295
62.349
50.494
50.353
49.678
49.002
49.075
49.149
47.913
48.854
49.994
47.475
48.798
48.508
47.068
46.768
59.248
59.887
47.189
47.247
48.863
50.48
58.189
57.408
56.168
55.444
55.356
55.556
55.8
56.387
56.755
56.763
57.184
56.853
57.043
56.791
56.931
56.66
56.889
56.849
57.344
57.532
57.732
57.689
57.343
57.225
57.325
57.67
57.671
57.536
57.61
57.704
57.224
46.061
44.965
45.484
46.003
56.906
57.34
57.242
45.749
45.707
45.728
45.734
45.818
45.274
57.655
57.788
51.374
51.455
50.783
50.968
