44.398
47.582
50.766
49.834
48.901
49.036
48.2
51.9
62.092
62.254
49.197
47.496
47.425
57.861
57.695
57.29
49.91
58.262
57.973
57.684
57.404
59.606
61.808
54.872
47.936
49.342
49.584
49.518
49.716
49.558
61.4
63.059
48.013
48.572
48.385
55.414
62.444
64.602
65.64
66.954
68.059
69.163
58.428
58.794
58.573
57.942
58.218
58.573
58.751
58.677
58.754
58.915
59.152
59.167
59.088
59.055
59.073
59.154
59.261
59.503
59.481
59.329
59.114
58.882
58.758
58.663
59.042
58.804
58.926
58.765
59.199
59.153
59.122
59.183
58.923
59.277
58.92
59.162
58.625
59.02
58.802
58.985
58.719
58.956
58.894
58.889
58.716
58.904
59.029
59.059
58.914
59.014
59.022
59.257
59.098
57.031
53.216
56.567
53.08
49.592
48.297
47.88
58.788
59.096
59.089
58.657
58.787
59.212
59.507
59.961
60.312
60.569
60.48
60.343
60.099
59.891
59.849
59.806
59.793
59.836
59.919
59.981
60.046
60.062
60.109
60.038
59.962
59.566
58.368
58.88
59.392
60.849
60.069
60.007
59.831
59.522
59.425
59.491
59.62
59.802
59.83
59.798
59.8
59.748
59.723
59.829
59.857
59.824
59.773
59.7
59.409
58.889
57.975
57.111
57.295
57.516
57.756
57.38
57.105
56.155
55.301
57.328
59.356
57.699
57.531
57.536
57.802
57.464
57.702
58.126
57.935
57.919
58.275
58.489
58.693
58.713
58.809
58.834
58.761
58.783
58.6
58.461
58.386
57.966
57.52
57.556
56.893
56.924
56.705
56.491
56.478
56.569
57.021
56.504
55.987
55.259
55.152
55.022
55.044
55.038
55.365
54.995
55.289
54.967
55.41
54.781
54.961
54.472
54.107
53.673
53.033
53.428
53
53.611
54.072
54.261
53.828
53.974
54.007
53.055
52.879
50.978
48.196
45.414
43.776
48.173
47.183
46.194
50.021
51.557
51.734
51.13
52.362
51.103
51.402
51.571
50.717
52.29
50.469
51.823
52.165
59.926
57.997
56.425
53.14
51.293
51.366
52.542
50.781
51.798
52.618
52.582
52.545
51.805
51.92
52.418
50.629
49.315
46.279
46.473
45.119
43.766
45.312
46.858
47.163
50.332
48.069
49.018
49.967
50.192
50.417
43.114
43.376
49.504
48.986
49.779
50.573
44.763
43.612
43.736
46.155
48.574
51.828
50.393
48.958
54.997
79.103
79.052
70.376
61.7
63.415
65.131
62.98
68.463
59.312
50.162
43.215
43.52
43.03
43.123
43.067
43.249
43.068
43.325
43.581
43.784
43.988
50.872
50.743
50.818
51.2
51.103
50.751
50.562
50.051
49.732
49.55
49.53
49.746
48.895
50.393
49.203
48.679
50.944
50.706
49.272
47.837
46.308
44.78
50.345
50.568
50.792
56.162
53.443
50.724
51.623
49.691
48.006
46.32
45.56
48.842
47.439
46.037
50.198
49.755
49.735
54.687
55.402
56.118
53.596
51.075
53.707
52.336
50.965
53.246
52.116
54.295
55.003
55.391
55.706
55.952
55.853
55.561
55.162
54.989
54.909
51.291
50.726
56.609
56.394
55.85
55.185
55.017
55.012
55.073
55.207
55.209
55.209
55.371
55.313
55.492
55.721
55.585
54.714
55.993
54.787
55.662
55.482
54.981
55.418
55.098
55.707
55.11
56.697
58.284
55.96
55.861
55.763
58.896
58.971
56.737
54.503
47.494
46.568
47.47
54.194
54.461
54.334
47.345
46.67
54.398
