53.048
52.965
52.978
53.01
52.955
53.024
52.904
53.166
52.966
53.172
53.084
52.952
52.952
52.953
52.804
52.656
52.743
52.83
58.135
59.059
59.983
59.778
59.606
59.796
60.338
59.724
58.663
57.601
59.381
61.162
61.728
62.295
73.917
73.974
73.983
73.922
68.187
62.451
62.471
62.588
62.849
52.216
53.16
52.31
53.354
52.743
53.264
52.702
52.667
53.019
52.854
52.875
52.965
64.747
64.794
65.04
52.564
52.835
52.867
52.964
64.82
64.922
64.691
52.624
52.444
52.415
46.705
50.592
54.479
52.62
53.311
55.347
55.974
55.81
56.063
55.989
55.926
55.863
55.881
55.932
55.829
56.029
55.934
55.839
55.747
55.804
55.861
55.899
55.937
55.765
55.827
55.662
55.87
55.523
53.947
53.474
55.322
55.715
55.874
55.795
55.694
55.732
55.656
55.679
55.42
54.275
52.585
50.895
51.048
51.202
51.088
51.859
52.631
53.011
53.607
53.311
55.888
54.574
54.298
53.28
63.429
62.975
62.52
50.483
51.008
52.017
53.99
53.252
54.562
53.586
53.929
52.939
53.111
53.294
53.013
53.209
53.321
53.475
53.131
53.666
53.435
53.554
53.379
51.573
65.914
74.863
74.984
74.896
74.886
67.103
67.003
66.713
66.643
66.927
67.212
66.472
53.771
54.357
54.459
54.561
55.034
55.507
55.276
55.396
56.102
55.761
55.42
52.246
53.171
51.893
50.615
50.461
55.906
55.811
54.704
56.232
51.532
50.77
50.744
51.031
51.011
51.178
50.89
50.901
50.874
51.02
51.083
50.983
62.557
63.039
74.895
74.959
74.969
66.944
66.986
66.975
67.012
62.93
54.372
54.216
54.412
54.622
54.784
54.41
54.078
53.512
51.969
52.215
54.143
54.861
55.202
55.01
55.288
55.806
55.09
55.25
55.99
55.334
56.22
55.687
55.638
56.33
55.526
55.989
55.132
55.835
55.936
54.399
55.179
55.959
56.6
57.24
57.371
57.414
56.927
57.008
57.234
57.387
57.194
57.38
56.529
56.713
56.536
56.358
57.683
58.2
58.235
58.111
57.95
57.948
58.074
58.167
58.09
58.13
57.697
57.456
51.057
50.863
57.841
58.283
58.334
58.191
58.048
58.217
57.93
58.393
58.162
58.858
59.119
59.768
60.189
60.41
60.443
60.17
60.033
60.014
59.902
59.886
59.819
59.904
59.83
59.779
59.639
59.763
59.709
59.792
59.741
59.815
59.731
59.855
59.908
59.87
59.841
59.839
59.874
59.845
59.942
59.929
60.008
59.868
59.963
59.911
59.999
60.057
60.039
60.045
59.898
59.948
59.716
59.765
59.814
60.065
60.051
60.008
60.098
59.772
60.047
59.895
60.003
59.877
59.91
59.938
59.862
59.924
59.941
60.008
59.894
59.979
59.901
60.011
59.842
59.95
59.925
59.823
59.933
59.807
59.897
59.838
59.889
59.86
59.958
59.861
59.863
59.842
59.927
59.858
59.83
59.941
59.828
59.957
59.899
59.857
59.761
59.759
59.751
59.742
59.618
59.827
60.035
59.734
59.25
59.706
59.898
60.03
59.899
59.987
59.531
59.831
58.782
57.732
56.863
59.603
55.833
59.746
56.564
53.383
52.887
53.533
