61.37
60.918
61.012
61.268
60.897
61.192
61.07
60.969
61.128
61.094
61.276
60.831
60.939
61.162
61.216
61.304
61.392
61.446
50.045
49.725
61.258
61.15
60.947
60.744
61.276
61.011
60.969
61.48
55.261
55.155
54.664
54.173
54.213
54.514
53.784
54.358
53.874
53.713
53.717
53.578
54.09
53.582
57.259
60.936
61.347
61.228
61.108
61.346
61.342
61.338
61.073
51.81
53.2
53.215
52.977
52.743
52.967
53.392
53.601
53.487
53.606
53.331
53.242
52.951
53.015
53.072
52.547
52.76
52.974
64.658
65.083
65.349
52.759
53.205
53.423
53.022
56.229
59.436
58.699
59.051
56.612
58.084
59.557
58.939
66.292
66.212
66.187
60.46
60.588
60.717
60.831
60.259
60.6
61.576
59.973
61.238
62.504
70.143
70.231
62.496
50.711
51.467
50.967
51.141
50.414
51.54
50.496
50.925
51.603
50.301
62.704
62.883
62.843
62.802
50.153
51.398
51.505
51.612
50.69
51.108
51.526
50.314
52.089
50.374
51.296
51.792
50.427
51.321
51.807
51.46
51.401
52.58
66.058
66.09
66.025
66.146
53.936
55.013
56.804
58.594
46.774
47
60.28
61.109
60.781
50.847
51.108
52.498
52.244
51.767
51.29
66.065
66
66.019
66.037
66.023
66.074
65.982
66.048
66.043
66.045
66.046
60.782
61.2
61.617
61.863
62.11
51.982
51.145
52.195
52.46
51.57
51.803
51.027
52.211
51.864
52.027
51.697
52.188
53.45
54.281
55.011
55.469
55.159
54.883
54.78
54.872
55.155
55.306
55.669
56.083
55.907
56.008
55.217
54.443
59.422
59.376
59.33
58.99
58.955
59.288
58.71
59.117
57.103
58.161
58.911
59.81
60.521
60.476
61.233
61.3
61.235
61.707
61.852
62.433
62.519
62.57
62.293
62.109
61.726
60.129
59.572
59.425
59.505
59.777
59.734
59.868
60.822
59.933
60.025
60.642
60.154
60.866
60.08
61.065
60.881
60.619
61.526
61.118
61
61.31
60.89
61.212
61.309
61.047
61.389
73.171
73.221
73.206
61.39
61.136
61.288
61.232
61.165
61.335
61.171
61.262
61.371
60.832
73.2
73.215
73.226
60.996
61.282
61.154
61.138
61.198
61.003
61.231
61.217
61.211
65.779
63.483
61.187
61.133
61.135
61.111
61.151
61.214
61.153
61.43
61.188
61.124
61.195
60.999
61.096
61.13
61.086
63.412
58.655
59.965
61.276
61.161
61.119
61.14
61.114
61.016
61.013
61.058
61.193
61.156
61.127
61.342
59.723
61.225
59.985
58.177
60.02
59.013
58.941
59.271
58.689
59.659
58.926
58.855
59.2
59.375
58.543
59.929
59.51
58.417
60.089
61.492
60.389
60.45
63.29
66.129
66.039
66.094
66.052
66.027
