83.411
83.454
83.363
83.34
83.482
83.438
83.401
57.354
57.761
58.016
58.079
58.435
58.459
58.573
58.687
59.002
59.16
59.215
59.219
59.195
59.133
59.017
58.92
58.844
58.795
58.888
59.052
58.988
59.029
59.113
59.251
59.32
59.307
59.174
59.067
58.961
58.895
58.758
58.697
58.71
58.81
58.922
59.063
83.523
83.711
83.745
83.779
84.094
84.389
48.395
48.604
59.542
60.263
48.924
49.1
49.229
49.283
49.252
60.947
80.405
80.402
80.412
80.422
49.004
49.015
49.026
49.095
49.117
48.932
54.9
60.868
60.838
60.666
48.78
48.987
49.104
80.571
80.575
60.883
60.729
80.515
80.428
60.424
60.986
80.436
80.529
80.551
60.341
59.992
59.525
58.118
57.778
57.438
57.674
57.911
80.469
80.613
80.609
80.578
58.544
58.887
59.409
58.963
58.678
58.769
80.582
80.699
59.833
60.651
60.463
60.368
60.605
60.567
60.335
60.414
80.584
80.636
60.632
60.7
60.768
60.603
60.438
80.478
80.603
80.788
80.742
80.604
80.567
80.404
80.319
48.979
49.177
49.242
80.611
80.681
80.719
80.779
80.577
80.491
80.383
80.312
80.413
80.513
80.625
80.66
80.541
80.422
50.053
50.576
80.236
80.216
80.511
80.609
80.718
80.823
80.654
80.63
63.945
63.424
80.508
80.579
80.541
80.619
80.7
80.662
80.587
80.423
80.436
80.543
80.592
51.142
50.845
62.595
69.483
69.648
69.56
51.117
51.141
51.638
51.805
53.15
52.821
52.714
52.816
52.924
53.033
54.789
52.836
52.986
54.212
52.815
54.413
53.336
55.045
53.846
53.449
53.555
53.282
53.547
54.073
54.75
53.651
55.062
53.46
54.763
54.383
53.897
55.317
53.745
53.963
54.562
53.082
53.094
53.105
53.119
52.91
52.702
52.143
51.03
53.158
52.908
52.658
52.796
52.935
55.057
55.459
55.427
55.834
55.713
55.749
55.786
56.645
56.827
56.906
56.6
67.522
78.445
78.627
82.637
82.673
82.686
55.094
54.402
53.907
54.299
54.103
55.075
54.366
53.875
53.946
54.016
54.539
82.547
82.552
54.812
53.808
54.543
55.049
54.296
54.734
54.985
54.493
54.555
54.812
54.58
55.191
55.441
78.541
82.383
82.31
82.457
82.603
82.693
67.087
67.481
67.869
68.354
68.914
69.164
69.651
69.77
51.542
50.826
82.662
82.756
82.728
52.369
53.936
53.717
54.681
54.57
54.633
54.832
54.611
54.613
54.994
54.869
54.366
54.609
53.901
54.116
53.75
54.007
53.852
53.952
53.976
53.495
53.711
53.249
53.116
52.983
52.947
52.912
54.888
53.417
55.716
56.004
56.306
56.487
56.605
56.64
56.578
56.552
56.421
56.347
56.412
56.442
56.295
56.308
56.318
56.4
56.401
56.285
56.337
56.127
56.133
56.256
56.342
56.193
56.029
55.864
56.314
56.447
56.594
56.568
56.573
56.187
55.89
55.871
55.953
55.828
56.033
56.181
56.127
55.701
55.74
55.656
55.591
55.866
56.346
56.383
56.34
56.224
56.276
56.215
56.098
68.275
56.397
69.896
83.396
83.549
83.67
56.715
56.521
56.436
83.707
83.565
56.346
56.356
56.41
56.356
56.302
68.543
62.366
73.031
83.696
83.555
56.206
56.167
56.431
56.288
68.49
80.691
80.724
80.714
80.646
83.732
83.678
56.566
56.478
56.17
80.603
80.726
80.7
80.674
80.571
82.105
83.638
53.926
54.002
53.878
54.26
53.781
54.267
53.773
54.739
53.492
83.673
83.585
83.509
61.666
61.993
80.705
83.476
83.576
83.715
83.687
83.645
83.636
83.509
83.562
83.589
83.434
83.5
83.655
83.624
83.594
58.287
58.721
58.597
59.348
59.574
59.866
60.06
60.444
60.631
61.013
61.216
61.346
61.587
61.475
61.38
61.229
61.018
61.27
61.354
61.393
61.405
61.302
61.341
61.378
61.267
61.408
61.42
61.446
61.443
61.444
61.504
61.508
61.347
61.403
61.442
61.444
61.444
61.379
61.338
61.218
61.201
61.012
60.921
60.291
60.029
59.338
59.181
59.005
58.813
58.809
59.194
59.129
59.187
59.219
59.276
59.363
59.305
59.311
59.371
66.358
66.283
66.229
83.484
83.279
76.496
78.489
69.806
71.675
73.545
73.302
73.157
73.034
72.963
77.734
82.504
82.494
82.467
82.482
82.536
82.557
82.545
82.516
82.484
82.469
82.421
82.462
82.561
82.587
82.64
82.74
82.651
82.606
82.49
82.327
82.28
82.232
