54.982
48.355
48.72
46.229
49.698
53.167
55.143
54.909
55.39
56.235
57.105
55.906
44.703
44.87
45.909
46.949
45.675
44.401
43.796
43.334
44.239
43.023
44.138
49.589
50.247
50.179
50.298
50.114
49.961
49.978
49.884
49.865
49.888
49.994
50.154
61.595
61.414
61.591
50.974
50.508
50.463
50.134
50.228
50.697
50.507
49.741
49.685
50.034
50.179
48.358
49.586
50.891
50.617
50.012
50.347
50.4
50.254
49.662
49.431
50.258
50
49.744
50.473
50.251
48.29
46.33
46.347
53.253
53.427
53.601
53.134
52.666
51.36
63.421
63.816
63.87
51.662
52.615
51.07
50.396
50.063
50.345
50.045
51.569
55.186
55.21
54.823
54.687
54.597
54.741
54.965
54.963
55.01
54.696
54.499
51.173
43.804
43.696
43.011
44.295
43.903
43.51
51.247
50.119
51.021
51.48
52.062
51.701
51.45
51.422
51.815
51.303
50.639
49.481
48.802
50.584
50.558
49.972
49.518
50.174
50.787
53.224
50.433
53.116
55.798
55.123
55.155
55.188
54.001
54.475
54.95
55.537
53.542
54.686
50.328
50.416
50.317
52.588
53.152
54.385
54.877
55
55.027
54.752
54.665
54.762
54.698
55.133
54.633
54.693
54.794
53.969
53.67
53.449
53.227
55.63
55.578
55.133
54.952
54.952
54.826
48.577
48.81
49.37
49.93
43.49
45.403
55.527
55.297
55.215
54.999
54.978
54.819
55.002
54.962
54.771
54.563
49.728
51.917
49.599
50.613
51.626
52.053
51.286
50.519
52.25
51.214
52.178
53.142
51.574
50.571
50.259
49.947
49.501
49.466
49.431
60.122
61.468
62.031
62.305
62.332
62.495
74.277
74.333
49.828
49.372
48.948
49.04
49.131
49.725
49.906
49.857
49.987
49.931
49.588
49.27
45.437
44.816
44.248
49.816
50.59
50.403
43.248
43.728
43.61
43.209
50.175
57.14
56.589
56.038
46.851
46.481
57.608
56.088
45.315
46.393
51.045
48.628
46.212
46.176
50.517
48.542
46.566
46.03
51.038
48.641
46.244
52.283
47.986
47.23
46.474
51.703
48.38
52.392
48.543
52.05
48.749
50.51
52.271
52.438
52.606
50.086
50.664
51.143
53.848
55.187
56.413
58.488
59.196
59.513
59.264
58.759
58.505
58.13
56.605
58.465
58.886
59.438
60.01
59.732
59.426
59.315
59.306
59.388
59.477
59.294
59.294
59.256
58.61
58.194
58.045
57.896
58.892
59.889
59.745
59.448
59.243
59.364
59.189
59.385
59.218
59.21
59.452
59.147
59.232
59.48
59.438
59.562
59.286
59.15
59.118
59.01
59.276
58.949
59.139
58.793
59.097
58.983
58.94
58.164
58.601
58.842
58.317
59.165
58.409
58.527
58.621
58.701
58.88
59.208
59.465
59.613
59.726
59.934
59.846
59.559
58.904
58.795
58.686
59.511
59.369
59.228
59.046
59.003
59.021
59.013
58.978
59.174
59.441
59.22
58.959
58.626
58.107
57.83
57.224
57.22
57.237
57.24
56.642
55.468
54.154
52.571
53.157
53.08
54.009
55.235
55.602
55.61
55.402
55.206
55.242
55.495
55.75
55.472
54.916
55.065
54.864
55.13
54.769
54.967
54.74
54.918
54.49
54.731
54.083
53.524
53.769
54.476
55.468
55.914
56.421
57.143
56.984
56.971
56.851
57.162
56.927
56.83
56.847
56.82
56.876
56.756
56.975
57.048
57.051
56.985
56.982
57.15
57.015
56.789
56.508
56.124
55.861
56.489
69.087
68.957
68.976
68.997
56.772
57.383
58.212
58.114
57.473
57.026
56.677
56.64
56.517
49.211
53.012
56.813
57.066
57.327
57.52
57.344
57.255
57.302
57.233
57.207
56.956
57.173
57.444
57.887
58.331
58.555
59.087
59.28
59.273
59.537
59.441
59.415
59.26
59.126
59.069
58.934
59.02
58.814
58.856
58.663
58.653
58.551
58.348
58.137
57.83
57.502
57.274
57.316
57.501
57.631
57.543
57.202
57.368
57.35
57.248
57.266
57.199
57.317
57.375
57.387
57.326
57.419
57.455
57.316
57.599
57.455
57.675
56.715
56.699
56.943
56.609
57.251
57.165
56.616
56.981
57.425
56.82
56.963
52.455
52.515
55.899
57.698
45.392
46.253
61.344
61.687
45.208
46.006
61.58
61.693
45.701
46.568
