58.073
58.326
58.067
57.967
57.838
57.72
57.892
58.109
58.064
58.138
44.171
45.841
58.099
57.965
57.888
58.016
58.111
58.205
58.414
58.365
65.965
66.072
66.053
73.097
73.058
57.701
57.641
57.58
57.942
53.902
57.249
60.596
60.924
54.151
59.258
64.366
64.331
58.116
58.258
64.335
64.31
63.928
63.842
64.173
61.368
51.263
51.53
52.319
52.7
53.232
53.401
53.003
53.419
54.108
54.023
54.14
54.237
54.213
54.465
54.264
54.575
54.013
54.08
53.833
53.953
54.622
55.657
56.324
57.219
57.873
58.416
58.638
58.248
58.24
58.427
58.684
58.505
58.49
58.953
58.483
58.343
58.175
57.783
59.21
60.636
61.108
60.769
61.142
61.141
61.957
62.482
61.923
62.59
61.784
61.548
61.477
61.505
61.533
61.646
61.758
61.87
61.6
61.97
58.072
54.173
53.794
54.264
61.089
61.048
61.169
62.038
62.253
61.799
61.972
62.406
62.035
62.854
63.106
63.71
64.295
64.484
64.593
64.814
64.606
64.55
63.572
63.311
63.192
63.33
63.451
64.878
64.17
63.835
63.667
63.499
63.288
63.319
63.455
63.933
63.652
63.675
64.472
63.864
63.669
63.985
63.75
63.516
63.599
65.727
64.791
66.102
66.101
65.98
66.03
62.495
62.278
62.182
62.482
62.823
62.91
63.031
63.254
63.368
63.635
63.789
55.404
60.675
65.946
65.771
66.065
66.084
66.071
66.055
66.09
66.056
66.168
63.174
63.324
63.37
63.537
63.73
63.739
63.87
64.001
65.755
66.002
66.077
64.262
62.446
61.785
61.243
60.414
61.736
61.384
60.538
61.552
61.951
62.143
62.089
61.789
61.49
61.242
61.505
61.884
61.933
61.966
61.807
61.542
61.468
62.212
61.226
62.172
62.023
61.875
59.666
59.208
57.872
56.432
57.363
56.917
57.556
56.908
57.033
56.948
56.41
56.905
56.689
56.941
56.708
56.533
56.918
56.561
56.624
56.847
56.568
56.509
56.653
56.226
56.262
56.853
56.507
56.77
56.926
56.464
57.486
56.64
56.928
57.038
56.615
57.312
56.729
57.106
56.494
55.664
52.251
53.993
55.735
55.72
56.146
56.27
56.258
56.258
56.146
56.327
56.476
68.402
68.357
56.384
56.399
56.68
56.911
57.054
56.107
56.325
56.542
48.509
46.936
45.363
60.343
60.472
60.24
59.737
60.013
59.426
59.672
59.414
59.607
59.339
59.621
58.516
60.042
58.496
60.107
58.852
59.963
58.838
60.077
60.819
61.126
56.643
56.715
70.149
69.98
56.912
56.945
57.389
69.921
70.028
57.933
57.737
58.127
58.101
58.347
58.434
58.522
58.637
58.577
59.735
58.967
60.112
60.168
59.774
59.422
59.307
59.41
58.815
59.467
59.076
59.375
59.372
59.266
59.811
59.603
59.502
59.405
59.419
58.881
59.622
58.231
66.016
65.922
66.092
57.29
59.228
58.674
58.638
58.405
58.093
58.062
58.031
58.167
58.197
58.7
58.329
58.423
58.641
58.369
58.444
58.206
57.859
73.013
73.02
73.005
72.99
69.051
65.112
60.764
56.416
55.445
68.185
68.303
56.085
56.575
56.108
55.919
55.824
56.408
55.542
55.394
54.662
54.589
66.792
66.481
66.666
66.355
54.11
54.723
66.334
66.193
58.228
58.487
54.062
54.354
56.063
57.772
58.017
58.261
58.259
58.043
57.97
58.033
58.172
57.981
57.929
58.166
58.039
57.711
58.049
58.15
57.949
