55.047
55.203
43.102
43.163
43.045
43.193
43.298
43.407
43.622
43.369
43.576
43.495
54.517
54.887
54.902
55.15
55.183
55.178
54.986
54.906
54.972
54.837
54.841
54.926
55.469
56.103
56.806
57.146
69.649
69.962
70.446
70.719
58.974
65.379
62.938
60.497
60.728
60.806
48.494
48.023
48.305
48.164
47.721
47.955
71.8
71.689
59.847
60.11
60.283
48.291
48.528
48.176
60.531
60.4
72.417
72.325
72.283
72.199
72.238
72.347
72.345
72.45
72.498
72.466
60.375
60.372
60.286
60.248
63.779
67.31
67.262
48.572
48.897
49.671
50.445
50.918
51.996
51.927
52.554
52.668
52.462
52.305
52.489
52.674
71.4
70.998
71.084
51.616
52.249
52.389
53.203
54.241
55.279
55.022
54.501
53.979
55.639
56.256
55.97
55.639
55.403
55.36
55.117
55.209
55.302
55.229
55.17
55.161
55.231
55.319
55.272
55.28
55.198
55.279
55.159
55.409
55.273
55.29
55.352
55.258
55.213
55.173
54.615
55.59
54.799
54.948
55.617
54.739
55.044
55.024
54.935
55.087
55.33
55.599
55.592
55.611
55.288
55.155
54.714
55.117
54.983
55.291
55.2
55.173
54.846
54.495
53.637
52.057
50.823
49.311
60.346
59.979
60.001
60.039
60.141
48.728
48.326
60.639
60.662
60.764
60.837
60.909
60.701
60.514
60.026
59.573
59.17
59.01
58.85
70.992
71.16
71.23
71.394
71.87
72.23
72.069
71.909
71.906
71.844
71.815
71.827
71.841
71.854
71.81
71.966
72.043
71.974
71.812
71.983
71.97
72.04
72.045
71.745
59.565
59.378
59.28
59.23
59.211
71.535
71.685
72.15
72.035
71.92
72.05
59.679
59.438
71.637
71.664
71.754
71.918
71.916
71.914
72.33
60.026
59.706
53.721
58.947
54.788
50.629
50.923
52.143
51.888
51.695
51.633
51.443
51.971
51.101
70.799
70.661
51.978
51.856
50.87
51.198
52.436
52.021
51.726
52.358
52.055
55.816
55.737
55.659
55.103
55.24
55.204
55.263
54.958
55.36
55.339
54.644
55.158
55.049
54.809
55.515
55.265
54.516
54.524
54.531
54.953
55.464
54.942
55.382
55.372
55.313
54.449
55.456
54.554
54.933
55.066
54.858
55.368
54.953
54.873
55.314
54.698
55.087
55.38
54.933
55.206
54.902
54.555
54.811
54.471
55.191
55.172
55.229
55.588
55.443
55.067
55.199
54.98
54.862
55.101
55.089
55.094
55.191
55.223
54.55
55.365
55.866
55.005
55.218
55.692
55.331
54.918
54.574
54.764
55.696
56.518
56.88
56.938
56.681
56.447
56.302
56.423
56.888
57.06
56.917
56.073
56.3
56.8
57.032
56.979
56.981
56.677
56.664
56.953
56.991
56.822
56.723
56.717
56.974
56.849
56.682
56.461
56.666
56.86
56.762
56.617
56.67
56.698
56.906
57.059
57.143
57.094
57.013
56.864
56.618
56.573
56.712
56.764
57.035
56.986
57.043
57.083
56.994
57.126
57.397
57.891
58.326
58.745
58.991
59.108
58.983
58.733
58.674
58.861
58.462
58.687
58.689
58.823
58.619
58.785
58.858
58.662
58.846
58.732
59.097
59.342
59.489
59.567
59.673
59.838
59.705
59.735
59.738
59.733
59.8
59.716
59.712
59.709
59.713
59.639
59.629
59.594
59.578
59.461
59.492
59.549
59.557
59.661
59.627
59.619
59.606
59.462
59.679
71.567
71.46
71.577
71.694
71.573
71.522
71.556
71.55
59.74
59.733
59.69
59.599
59.443
59.288
59.459
59.651
59.714
59.772
59.003
57.375
56.63
53.295
53.297
53.706
53.341
54.229
54.893
55.098
55.995
56.007
56.153
56.726
56.953
56.945
56.635
56.371
56.09
55.499
55.196
54.788
54.877
54.997
55.141
54.482
53.553
53.276
53.521
54.174
54.787
54.594
54.529
54.75
54.737
54.827
54.886
54.934
55.041
55.113
55.295
55.293
55.221
55.352
55.335
55.382
55.29
55.211
55.195
55.198
55.012
55.109
54.998
55.022
55.132
55.209
55.16
55.32
55.18
54.944
54.817
54.958
55.049
55.199
55.319
55.165
55.045
55.128
55.248
55.414
55.562
55.383
55.376
55.41
55.241
55.181
55.13
55.115
55.142
55.353
55.202
55.202
55.299
55.38
55.013
55.581
55.213
54.613
55.679
55.305
55.152
55.507
55.421
43.099
43.283
55.878
55.213
55.155
55.098
54.727
54.357
56.106
47.137
48.05
47.812
47.544
48.211
48.03
48.014
47.85
48.04
48.074
47.962
48.147
48.01
47.779
48.3
48.26
48.044
