47.993
47.879
47.829
48.336
47.874
48.103
48.138
47.888
47.82
48.085
47.681
47.277
49.479
52.114
49.833
47.552
47.951
48.116
48.319
48.149
47.912
48.268
48.221
47.75
48.178
48.413
47.836
47.909
48.064
48.845
48.093
47.529
47.762
47.583
45.435
46.947
46.863
46.509
45.703
44.897
43.749
43.856
43.963
50.214
58.637
58.298
57.8
57.441
57.291
57.349
57.395
57.531
57.171
57.022
56.671
56.41
55.997
55.935
55.879
55.854
55.878
55.916
55.864
55.601
55.699
55.681
55.764
55.846
55.944
55.9
55.837
55.836
55.651
55.41
52.874
52.002
52.82
53.637
57.148
60.659
60.671
61.086
55.791
50.495
50.887
50.127
51.84
50.493
51.762
52.471
52.123
52.516
52.397
52.555
50.465
51.117
50.043
50.484
51.273
51.564
51.146
51.542
51.087
51.868
51.637
51.719
52.717
52.326
52.061
51.856
51.809
51.152
52.086
51.538
51.237
52.33
50.96
51.132
50.997
52.289
52.313
51.611
51.993
52.087
52.169
51.665
51.591
51.54
50.7
61.953
60.446
61.383
61.183
60.859
60.872
61.216
61.001
61.285
50.214
48.768
50.113
49.707
49.302
48.999
60.302
58.913
57.229
56.739
56.295
57.102
57.709
58.227
58.379
58.968
59.421
59.444
59.229
59.113
59.07
59.142
59.532
59.524
59.53
59.547
59.561
59.53
59.511
59.504
59.562
59.69
59.76
59.671
59.889
60.041
60.192
60.077
59.962
59.883
59.637
59.154
58.583
47.534
48.228
50.889
52.71
53.098
53.385
53.252
51.81
53.994
52.514
53.798
53.5
53.69
54.025
54.083
54.025
53.691
54.487
54.468
54.44
54.236
54.176
54.412
54.111
54.203
54.046
54.468
54.278
54.148
53.704
54.463
54.087
53.532
50.193
49.883
50.56
51.237
53.573
55.91
56.343
56.851
57.226
57.704
57.96
58.126
58.188
58.231
58.584
58.687
58.563
58.414
58.037
58.17
58.226
58.408
58.7
58.936
58.978
58.935
58.99
59.126
59.351
59.616
59.634
59.256
59.074
58.988
59.222
59.603
59.73
59.52
59.183
59.039
58.829
58.862
59.149
59.116
51.112
51.029
59.335
58.789
58.701
58.63
58.535
58.541
58.704
58.785
59.097
59.221
59.311
59.326
59.201
59.262
59.021
58.278
59.035
51.612
51.978
47.522
49.346
51.171
52.755
51.386
51.464
52.301
51.422
52.27
51.766
52.044
52.045
52.344
50.515
48.687
74.152
74.192
74.188
74.184
74.148
74.112
74.19
74.117
74.164
74.13
74.117
74.126
