53.176
52.886
52.497
61.246
70.036
70.046
56.651
56.383
57.163
69.893
70.139
59.384
57.5
58.959
57.5
49.473
46.573
45.56
45.132
58.235
58.753
45.201
45.006
60.366
59.909
60.615
60.083
46.234
44.425
53.113
52.982
52.989
52.906
52.965
53.117
52.973
52.921
52.816
53.225
52.863
74.139
73.992
61.728
61.182
59.975
59.11
57.394
56.248
55.351
55.228
55.053
55.226
55.473
67.28
67.439
67.28
55.017
55.031
55.023
55.166
55.118
67.302
67.284
67.139
66.855
62.652
58.449
58.255
58.061
57.092
55.422
56.297
55.513
54.587
55.668
54.067
54.923
56.263
55.821
55.378
53.793
52.209
51.523
50.439
63.961
71.622
71.912
72.041
72.241
51.18
50.547
69.161
68.789
61.894
55
54.22
55.68
53.982
55.757
54.345
54.569
54.792
54.886
55.646
55.171
55.775
55.414
55.526
55.638
69.98
69.961
48.051
48.278
47.989
48.266
47.932
46.849
45.766
46.094
58.278
69.899
70.133
69.704
69.602
69.5
69.494
69.488
69.464
57.754
57.283
57.258
57.401
58.395
59.389
59.201
59.057
58.707
58.358
59.438
58.57
58.569
58.569
58.487
58.406
58.482
58.557
70.468
70.692
58.41
58.277
59.16
58.568
57.976
58.705
57.097
55.489
58.328
58.333
58.518
59.959
52.796
52.226
52.673
53.12
53.722
57.733
57.094
57.307
57.521
57.424
52.793
53.366
57.915
69.967
69.998
57.455
58.199
57.705
57.212
53.431
53.464
52.959
52.79
52.676
55.12
54.45
53.78
62.214
62.281
62.348
62.776
63.087
63.58
60.386
57.193
52.407
52.574
55.054
57.534
59.235
59.595
59.954
60.303
60.827
61.193
61.412
61.899
62.231
62.415
62.629
62.817
62.821
62.804
62.64
62.63
62.554
62.269
62.051
61.759
61.702
61.996
62.101
62
62.037
62.073
62.02
61.881
61.649
61.388
61.051
60.794
60.373
59.555
58.169
57.301
56.7
56.436
56.599
56.876
57.022
57.169
57.205
57.181
57.194
57.069
56.343
74.024
73.996
73.986
73.978
73.992
73.964
73.983
57.826
57.696
57.394
56.957
57.216
57.545
57.743
57.949
58.347
58.694
59.104
58.987
59.011
59.217
59.018
58.984
59.331
59.044
58.743
58.585
57.997
57.697
57.365
57.453
57.578
57.865
58.116
58.098
57.907
57.41
55.714
56.62
54.511
52.402
52.337
52.547
52.309
52.578
53.657
54.498
55.362
55.748
55.862
55.955
55.447
55.793
55.52
56.092
56.41
56.697
56.914
57.274
57.581
57.685
57.69
57.732
57.686
57.59
57.725
57.671
57.643
57.64
57.537
57.646
57.624
69.831
69.884
57.743
57.803
57.834
57.913
57.873
57.885
69.906
69.865
69.821
75.975
66.799
57.623
57.655
57.655
57.727
57.752
57.728
57.742
57.772
69.71
69.719
69.762
57.801
57.753
57.794
84.124
84.144
57.911
57.419
57.339
58.085
57.759
57.807
58.033
57.555
57.712
58.14
57.412
58.066
57.939
57.567
58.396
57.453
58.217
58.248
57.28
58.198
57.773
57.698
57.999
57.626
57.824
57.853
57.696
58.042
57.633
58.078
57.706
57.588
58.001
57.641
57.406
58.141
57.393
57.97
58.071
57.343
57.993
57.558
57.85
57.782
57.846
57.857
58.009
57.752
57.926
57.571
58.025
57.541
57.471
58.02
57.561
57.368
58.31
57.58
57.754
58.299
57.463
58.041
57.976
57.536
57.927
57.626
57.414
57.674
57.567
57.46
57.629
57.566
57.76
57.826
57.726
57.719
57.48
57.241
57.372
57.626
57.735
57.84
57.875
57.953
58.009
58.053
58.119
58.041
58.054
57.868
57.91
57.908
73.989
74.014
74.042
73.965
74.007
73.987
73.95
73.997
74.015
74.01
73.988
73.984
74.018
74.028
45.877
46.123
45.842
46.087
45.989
45.93
45.904
45.728
46.041
45.686
45.891
45.978
45.942
65.024
64.948
65.008
64.937
64.915
65.011
65.02
65.027
64.938
65.008
64.979
74.021
74.056
68.019
61.981
62.013
61.96
62.032
62.082
62.078
73.923
73.927
62.179
62.13
62.203
62.027
61.994
74.001
74.002
73.994
73.979
73.954
73.949
74.024
73.925
62.178
62.163
53.012
53.175
