47.986
48.104
47.911
48.051
48.403
48.153
47.382
48.053
49.571
53.513
52.787
53.824
51.985
52.182
52.468
52.411
52.684
52.577
52.639
54.268
58.712
57.575
59.03
49.042
50.233
50.838
51.608
51.697
51.938
51.451
51.983
52.293
51.879
51.036
48.532
47.502
49.285
60.627
60.881
61.415
49.803
49.584
50.168
49.931
49.402
61.63
61.707
61.863
62.018
57.276
52.534
47.29
46.789
46.322
47.021
47.992
46.856
46.373
53.898
54.888
55.34
56.287
57.558
58.388
59.218
59.576
60.128
60.305
60.379
60.04
59.715
59.879
60.236
60.318
60.276
60.044
59.494
59.458
59.867
60.14
60.393
60.466
60.523
60.394
60.515
60.5
60.603
60.726
60.638
60.516
60.194
60.235
60.504
60.644
60.607
60.545
60.581
60.535
60.35
60.247
60.205
60.471
60.77
60.68
60.578
60.527
60.314
60.083
59.893
59.765
59.902
60.054
60.193
60.444
60.694
47.976
49.021
60.778
60.769
60.918
61.067
60.7
60.164
45.712
45.084
44.707
45.292
44.788
53.827
57.181
56.407
56.623
57.267
58.29
58.915
59.54
60.456
61.25
48.982
54.783
60.583
60.405
44.73
43.483
60.36
60.429
44.158
43.248
60.822
60.51
44.083
43.352
49.27
46.717
44.163
43.32
60.928
60.534
44.241
43.862
50.072
50.494
43.118
43.115
52.692
52.983
53.586
53.052
53.1
53.035
52.91
53.24
53.03
53.468
53.313
52.648
52.768
43.159
43.196
43.07
61.768
61.478
61.165
61.117
61.491
62.092
62.647
62.385
51.579
51.152
51.233
51.313
50.493
59.997
67.106
67.042
67.155
58.483
56.811
56.934
57.42
57.699
57.83
58.426
58.75
59.074
59.423
59.772
59.615
59.812
60.009
60.586
51.865
51.133
60.022
59.617
59.785
60.131
60.282
60.433
60.375
60.328
60.2
60.383
60.609
49.931
49.344
60.536
60.42
60.405
60.34
60.52
60.592
60.404
60.29
60.316
60.697
60.932
61.107
60.932
60.757
60.749
60.31
59.981
60.168
60.322
60.719
60.673
60.803
60.972
60.819
60.615
60.741
60.62
60.637
60.52
60.543
60.506
60.469
60.385
60.343
60.105
60.213
60.291
59.424
58.556
52.421
53.377
52.847
52.298
61.873
60.474
59.725
59.814
60.008
60.201
60.521
52.72
52.054
51.577
51.099
52.005
53.102
52.946
52.877
53.095
52.99
52.984
52.946
53.007
53.042
53.046
53.213
53.11
52.779
52.982
53.052
53.108
53.011
53.049
53.014
53.202
52.79
57.391
58.461
59.525
61.102
61.883
50.379
50.568
50.446
50.647
50.462
50.572
50.081
50.353
50.442
50.707
50.158
50.497
50.209
50.319
50.364
50.42
50.458
51.227
51.301
51.962
52.905
52.927
52.939
52.558
52.252
52.173
51.92
51.012
64.734
64.885
51.698
50.716
50.293
50.231
50.293
50.189
50.582
50.838
49.76
50.097
50.159
50.198
49.973
50.074
50.105
50.245
49.943
50.285
50.26
50.485
50.613
51.288
51.199
50.615
50.604
50.318
50.489
50.397
50.463
50.584
50.502
62.227
61.97
61.936
50.086
49.995
50.333
50.66
50.465
50.458
49.727
50.429
50.173
50.661
50.955
51.18
49.698
49.81
49.922
50.027
49.858
53.58
54.796
54.768
54.498
55.054
55.472
55.752
55.903
56.252
56.151
56.434
56.253
55.871
55.826
55.847
55.991
56.237
56.473
57.134
57.844
58.198
58.261
58.134
57.757
57.366
57.544
57.753
58.919
59.017
59.334
58.803
59.226
58.854
58.785
58.716
58.664
58.612
58.633
58.593
58.778
59.23
59.106
58.981
58.565
58.149
58.35
58.502
58.476
59.427
58.538
50.145
49.568
50.508
49.639
50.452
50.627
50.803
50.478
50.386
50.275
50.696
51.225
51.711
51.067
50.63
50.461
50.395
50.555
50.876
51.301
51.412
51.14
51.29
52.178
52.208
52.352
52.824
52.405
52.775
52.274
52.706
51.991
58.102
64.214
64.202
64.12
64.119
64.117
64.323
56.238
57.528
58.815
60.015
61.408
50.188
50.983
50.079
50.375
51.65
51.227
50.805
50.523
50.665
50.734
50.99
43.04
43.043
50.574
50.552
50.42
50.719
50.666
50.601
50.537
62.345
62.246
62.347
62.396
62.488
62.388
50.706
50.124
49.99
50.327
50.467
50.51
50.466
50.892
51.051
51.38
50.935
50.543
50.286
49.898
49.794
49.916
50.405
50.175
50.091
50.152
50.176
50.1
50.333
50.482
50.201
49.961
49.668
50.271
50.048
56.152
62.255
62.143
61.908
61.96
61.736
61.75
50.43
49.81
50.274
62.498
62.658
50.75
50.781
50.276
50.122
49.389
47.666
51.746
51.236
51.264
51.061
52.098
52.618
43.756
43.249
43.083
