56.534
60.67
61.045
60.843
61.031
60.737
63.956
63.858
63.812
63.923
63.902
54.411
55.062
56.241
56.587
56.2
55.765
55.873
56.535
56.445
60.205
63.965
63.958
63.951
63.939
63.915
63.929
63.893
63.917
63.888
63.876
63.82
52.013
51.528
51.595
51.354
51.525
51.899
52.601
52.345
51.578
51.47
51.554
52.036
52.724
52.738
51.813
56.998
56.863
55.872
55.161
55.205
56.241
56.081
55.956
55.913
55.779
55.12
55.22
67.588
59.113
57.525
55.938
56.085
57.52
49.21
48.7
49.243
48.713
49.178
48.753
49.113
48.941
49.038
48.891
49.078
48.929
48.938
49.294
48.6
49.54
49.705
49.871
49.337
49.636
49.667
49.156
48.644
47.358
46.776
46.655
46.922
47.511
47.229
46.736
46.632
47.157
47.509
46.926
46.563
46.626
47.572
47.472
46.896
45.892
46.56
47.313
47.554
46.541
46.133
47.588
49.043
51.314
48.03
47.718
47.405
58.159
58.994
59.134
58.825
58.395
59.196
59.151
59.087
58.924
58.847
59.016
59.058
59.016
58.712
58.407
58.203
57.774
59.216
59.199
59.336
59.394
59.196
58.951
58.974
58.792
58.498
58.58
58.663
57.418
58.05
58.683
58.756
58.912
58.849
58.652
58.659
58.822
58.432
57.674
71.063
71.021
71
70.983
70.993
70.995
54.916
55.791
56.396
56.403
56.308
56.422
56.112
55.859
54.865
53.946
68.017
68.026
67.997
52.981
53.394
54.276
54.029
54.338
53.882
53.086
52.443
68.007
68.029
68.052
68.031
68.013
68.003
68.058
67.953
53.789
54.242
54.097
54.062
53.884
54.225
54.015
54.348
54.126
53.84
54.058
53.563
54.16
53.987
54.442
54.268
66.001
65.859
54.034
54.044
66.179
66.134
66.083
65.991
55.374
55.526
55.949
56.346
56.617
56.465
55.852
56.172
55.898
56.041
56.159
56.295
56.24
56.314
56.316
55.791
55.457
55.563
56.139
55.989
55.864
67.867
67.954
68.041
56.064
56.249
56.125
55.875
56.138
56.44
56.032
56.465
56.607
55.972
55.959
56.177
56.151
56.021
55.808
55.444
64.063
63.984
63.872
63.873
63.91
63.955
64.39
63.789
64.034
63.734
64.019
64.032
63.921
64.181
64.054
64.091
63.983
63.875
63.877
63.623
52.257
52.661
53.065
48.775
47.564
52.683
64.116
64.052
64.07
63.962
64.048
63.95
63.931
63.954
63.978
64.245
65.27
66.295
66.237
66.052
53.823
54.255
65.848
66.195
66.313
54.068
54.801
66.344
66.421
54.76
55.263
55.621
55.979
56.27
68.181
68.165
68.152
68.138
68.237
68.25
56.353
56.836
56.555
56.273
67.909
68.107
68.135
68.032
68.07
68.013
67.969
55.678
55.138
55.265
56.218
57.172
64.564
66.153
67.742
68.24
67.744
60.705
60.333
67.097
67.153
60.711
61.013
61.19
61.146
60.948
60.75
60.811
60.969
61.015
60.726
67.558
67.831
67.987
67.685
67.377
60.589
60.721
60.657
67.663
67.937
67.898
68.045
68.371
68.291
68.21
68.115
68.021
67.323
66.871
66.938
67.005
67.665
60.754
61.257
61.418
61.274
60.214
59.842
60.095
60.349
60.747
60.796
61.194
60.903
60.812
47.599
48.481
48.926
49.382
49.838
50.163
60.136
61.002
60.325
61.295
60.914
60.595
61.257
60.561
60.999
61.214
60.307
49.87
49.482
48.844
48.205
47.59
54.224
54.619
55.013
52.642
55.981
59.32
57.851
57.898
57.946
56.324
55.937
55.549
58.44
59.214
58.785
64.462
64.302
68.638
61.642
54.645
54.177
54.334
54.492
54.349
53.383
54.67
54.486
52.826
65.805
65.84
65.882
65.881
65.881
53.986
53.695
53.604
53.923
53.771
54.027
53.725
65.925
65.932
