60.911
60.851
61.268
60.708
61.375
60.81
61.568
56.251
56.081
65.168
65.069
55.923
56.129
56.023
56.002
56.072
56.078
56.027
56.073
55.998
55.977
56.098
56.138
55.949
67.212
66.559
66.714
66.313
66.453
66.386
66.744
66.615
66.04
66.51
66.98
71.83
71.553
71.296
68.745
66.193
59.775
59.184
59.714
59.238
60.869
57.27
62.523
67.776
68.669
57.75
59.364
59.26
60.415
60.869
61.386
61.651
61.584
62.057
61.316
61.028
60.955
61.037
61.099
61.2
61.193
61.214
61.126
60.797
60.166
58.503
57.342
59.868
59.319
59.609
59.271
59.51
59.2
58.862
58.571
57.006
56.479
56.87
57.317
57.787
58.273
58.52
58.547
58.208
58.099
58.33
57.618
57.2
57.651
58.431
58.702
58.592
58.665
58.738
58.538
58.338
58.649
58.657
58.218
70.018
70.066
70.065
58.365
58.425
58.454
58.325
69.999
70.048
58.085
58.472
58.596
58.414
58.085
58.048
58.14
58.76
58.509
66.053
62.158
58.263
58.63
58.634
58.367
58.392
58.685
58.766
58.426
58.35
58.723
58.739
58.176
57.472
56.622
56.785
55.532
54.758
55.641
73.061
73.019
73.055
73.068
73.05
73.071
73.05
73.055
73.084
73.089
73.011
73.045
58.029
58.132
58.514
58.803
58.721
58.708
59.499
58.865
59.093
59.595
58.385
59.163
59.404
58.699
59.391
58.543
58.404
58.336
58.407
58.344
58.046
58.119
58.078
58.122
58.427
58.448
58.128
58.029
58.069
57.949
57.766
58.354
58.849
59.344
58.102
57.875
58.01
58.434
58.859
58.72
58.665
67.966
68.099
68.092
68.084
68.151
68.002
68.016
67.965
67.913
68.101
60.98
61.43
64.801
65.044
65.106
65.065
65.041
65.095
65.08
65.125
65.059
65.091
65.077
65.063
65.194
61.498
57.802
58.363
58.395
58.48
58.083
58.085
58.008
58.903
65.959
73.015
73.024
73.089
73.02
73.025
73.03
73.053
73.076
73.075
73.009
72.983
73.098
73.055
59.388
59.678
59.503
59.135
58.487
58.502
58.553
58.479
58.078
58.374
59.022
58.905
58.718
59.464
58.89
58.905
58.939
58.372
57.955
56.794
54.547
55.504
56.461
56.671
56.986
57.344
57.567
57.651
57.704
69.602
69.873
69.756
57.867
58.067
58.119
58.117
58.106
57.902
57.806
57.904
57.871
57.932
58.217
58.604
58.992
58.408
58.257
58.171
58.173
58.205
58.149
58.704
58.986
58.443
58.541
58.479
58.731
59.223
58.477
58.34
58.029
57.886
58.395
66.003
66.058
66.717
54.43
54.882
55.187
56.085
55.824
56.956
56.802
51.161
54.463
57.765
70.063
69.961
69.983
57.888
57.86
57.85
57.538
56.702
55.956
55.677
56.03
56.034
56.36
56.187
56.104
55.907
56.349
56.039
56.023
53.74
51.842
49.943
51.442
52.941
52.686
52.43
53.309
53.759
53.794
54.138
53.512
53.517
53.523
54.037
54.03
54.265
54.719
54.588
53.877
54.749
70.108
69.981
57.931
61.617
59.846
58.075
58.062
65.29
