63.869
63.913
63.966
64.01
64.027
64.046
64.062
64.045
64.027
59.219
58.703
59.139
63.92
64.004
63.895
64.038
63.941
63.969
63.957
63.922
51.653
52.935
52.734
52.163
51.321
51.329
51.695
52.35
52.732
51.851
51.12
58.295
58.827
59.281
58.724
58.167
52.192
45.774
45.182
44.589
44.516
44.443
45.124
41.612
41.185
40.174
51.505
51.724
52.016
52.348
52.598
51.695
51.568
52.068
51.935
51.802
55.096
58.39
63.864
63.891
63.89
63.871
63.867
63.87
63.881
63.957
63.864
54.849
53.039
49.534
48.554
47.111
45.662
45.726
43.422
44.509
43.741
43.18
43.488
46.923
50.357
51.504
56.807
55.921
55.416
51.777
44.92
44.145
43.095
49.662
47.211
49.717
52.223
52.197
47.028
48.213
49.709
48.052
47.88
47.709
47.828
47.947
47.959
47.971
47.995
48.02
50.043
48.326
46.7
47.232
46.781
47.026
47.106
47.001
47.088
46.56
46.339
46.117
47.373
48.629
52.784
54.255
56.351
57.679
58.215
58.752
59.366
59.601
59.551
59.307
59.19
58.624
58.065
58.607
58.878
58.895
58.931
58.919
59.05
58.994
59.062
59.185
59.36
59.542
59.509
59.255
59.118
59.036
58.966
58.962
59.033
59.105
59.143
59.036
57.875
57.967
59.404
59.315
59.188
59.139
59.273
59.142
59.144
59.042
58.543
57.431
55.629
53.827
53.298
52.769
52.613
53.322
54.558
55.915
56.267
56.107
55.522
55.018
54.709
54.31
54.02
54.367
54.753
54.688
54.624
52.763
54.361
53.352
54.017
54.614
54.994
54.241
55.034
54.807
54.105
54.444
54.425
54.154
54.544
54.041
54.199
54.539
66.136
66.165
66.172
54.304
54.583
53.924
54.358
54.157
54.328
54.498
54.932
54.602
54.492
54.684
54.119
54.317
54.359
54.325
54.483
54.761
54.827
54.878
55.189
55.513
55.862
56.071
56.796
56.653
56.346
68.174
68.121
68.145
56.332
56.32
56.058
56.225
56.339
56.068
56.115
56.415
56.45
56.351
56.239
56.262
56.32
56.196
56.097
56.252
56.345
56.398
56.644
57.081
56.723
56.437
57.07
52.077
52.823
51.192
59.125
59.032
58.665
59.054
59.003
55.136
57.233
50.251
48.859
47.467
48.307
52.055
52.862
64.36
64.041
53.221
52.922
47.287
46.927
52.994
55.897
55.461
56.9
58.42
52.257
51.829
64.234
64.192
64.069
63.953
63.918
63.782
54.107
54.355
54.103
54.773
54.438
66.104
65.936
65.951
66.097
65.998
65.98
66.047
65.937
65.947
66.064
55.026
54.873
55.716
55.759
55.062
55.461
67.97
67.994
56.871
56.782
56.779
57.063
56.61
56.221
55.987
56.071
56.127
56.105
56.229
56.671
56.475
55.687
68.034
68.072
68.046
68.024
63.128
63.937
64.747
57.662
58.025
58.859
59.692
60.135
60.578
60.978
61.145
49.39
49.603
61.25
61.091
60.849
60.856
61.066
61.241
61.418
49.571
49.833
49.374
49.256
49.363
49.425
49.422
49.91
50.282
61.257
55.258
49.259
50.049
49.84
49.632
49.024
48.686
48.685
49.181
49.681
61.403
61.352
67.16
64.074
60.987
61.305
49.336
49.447
49.14
49.017
48.918
48.953
49.039
49.007
49.177
49.677
49.058
48.254
54.35
53.887
52.559
53.896
54.459
53.915
53.963
54.27
53.755
53.139
53.218
53.839
54.058
54.252
54.437
48.366
49.87
50.274
50.021
49.512
60.545
61.047
61.287
60.849
60.811
49.169
48.897
48.974
49.205
49.095
48.203
49.319
49.221
49.417
49.169
49.119
49.16
48.931
48.915
48.765
48.823
48.959
49.004
53.444
57.884
60.101
60.529
61.212
60.512
56.768
55.112
53.071
54.093
54.967
54.468
53.851
54.204
52.181
50.157
50.479
50.371
49.973
49.536
49.1
54.291
60.582
60.726
60.766
53.356
59.631
65.907
65.889
65.867
65.907
65.875
49.501
49.243
42.452
42.284
42.65
43.016
57.968
56.314
54.66
54.247
53.805
54.374
54.039
53.868
54.594
53.727
48.578
49.386
49.232
49.389
49.199
48.863
