61.035
61.04
61.095
61.116
61.018
61.1
61.054
61.005
60.726
62.914
65.102
65.09
65.064
64.932
65.066
65.021
65.002
53.466
52.527
53.168
53.81
53.487
53.165
53.277
60.009
59.879
60.218
60.558
60.45
60.41
54.665
48.92
49.101
49.255
49.206
48.741
49.344
61.508
61.305
60.878
60.986
61.044
61.136
61.002
61.163
61.11
61.011
61.302
51.757
53.201
53.487
53.609
53.373
53.136
53.466
53.178
53.151
53.252
53.741
53.642
53.751
53.621
53.787
53.943
53.252
53.321
53.21
52.816
52.843
53.019
52.72
52.937
53.11
52.904
52.812
52.888
52.764
52.787
53.067
52.947
52.666
52.927
53.068
52.64
52.601
52.895
52.33
53.277
53.713
53.947
54.085
53.875
53.884
53.608
53.785
53.654
53.776
55.155
54.186
55.977
56.083
57.213
55.885
57.145
55.78
56.166
56.327
55.297
57.14
57.456
57.771
57.849
57.927
57.792
57.658
58.39
57.005
58.565
57.073
57.137
57.202
58.91
57.516
57.213
56.909
56.894
56.878
57.165
61.191
61.377
59.644
53.754
47.865
48.376
68.288
68.201
73.021
72.986
72.874
60.584
60.346
66.47
66.047
66.176
66.08
65.945
66.244
66.446
66.186
66.011
65.892
66.098
66.263
66.208
66.053
65.892
66.305
66.067
65.894
66.572
66.271
65.893
66.011
66.481
66.026
61.107
60.913
60.915
60.903
60.945
60.974
60.954
61.035
61.036
60.959
60.758
48.341
48.777
48.862
60.893
60.862
60.876
60.879
60.919
60.899
61.184
60.976
61.004
61.06
60.964
54.243
54.232
54.208
54.184
54.176
54.167
60.758
60.826
60.988
60.986
60.98
60.863
60.845
60.917
48.928
49.009
61.205
61.211
61.063
60.962
60.856
60.656
60.456
61.025
61.069
61.336
54.811
55.129
55.448
56.84
57.366
57.307
57.335
57.474
57.404
57.462
57.858
57.879
57.674
57.918
57.858
57.867
57.95
57.896
57.989
57.824
57.96
57.948
58.02
57.97
57.939
57.845
57.8
57.451
56.925
54.897
60.507
55.127
49.746
49.363
46.5
50.993
55.487
55.584
55.865
56.176
56.164
56.342
56.344
56.65
56.192
55.732
54.61
54.169
53.727
53.862
54.628
54.77
54.866
54.747
54.646
54.58
54.575
54.481
55.214
55.946
55.326
56.893
55.463
56.634
55.407
55.437
55.467
56.063
55.572
55.081
66.177
65.963
53.703
53.288
66.003
66.088
66.146
55.092
54.112
53.941
53.377
53.358
53.077
52.681
52.005
52.274
52.543
65.96
66.222
61.122
67.395
60.593
53.791
54.272
54.042
53.705
54.232
53.476
54.298
53.562
54.062
53.842
53.856
54.01
53.848
54.359
53.59
65.965
66.026
66.05
66.001
66.07
66.091
66.028
66.069
66.051
65.968
66.112
66.187
66.189
66.084
65.978
65.914
63.509
61.104
61.017
61.057
61.188
60.973
61.032
61.08
60.941
61.178
61.102
61.081
61.171
60.962
61.086
61.048
61.06
61.164
61.024
61.022
61.187
60.915
61.143
61.331
60.94
60.963
61.405
