69.976
70.031
61.814
50.399
50.774
51.441
52.165
52.877
53.589
54.39
53.957
53.841
53.229
53.006
51.885
51.289
51.176
51.262
51.079
77.028
77.04
77.02
76.998
73.552
70.106
70.204
63.342
63.062
63.056
63.139
63.12
63.022
77.04
77.039
76.985
73.259
69.534
69.371
69.399
69.428
69.502
69.576
69.647
69.658
69.668
69.479
69.266
62.256
62.431
62.398
65.928
69.458
74.831
74.822
75.097
74.891
75.021
75.016
75.026
74.993
75.008
75.013
74.999
75.004
75.023
72.289
71.823
71.504
71.677
72.474
71.9
72.68
72.811
72.898
72.984
73.023
72.988
73.042
72.997
56.901
56.926
56.952
56.842
57.114
57.262
64.369
64.327
64.286
60.952
57.618
57.935
58.122
58.248
57.86
70.58
71.645
60.517
61.962
68.883
64.358
59.833
54.451
53.596
53.615
53.888
54.39
60.195
57.552
54.909
56.036
56.167
57.428
57.206
56.202
56.451
56.7
55.783
56.083
68.326
68.239
68.196
68.154
68.256
68.214
56.358
56.327
56.396
55.562
55.512
55.463
80.053
80.024
79.963
68.189
68.059
68.035
68.142
68.029
55.856
56.316
56.478
56.94
56.409
55.878
55.553
80.073
79.979
56.54
55.982
55.799
55.612
56.012
56.329
55.668
55.576
55.526
55.443
55.149
55.155
54.354
54.112
59.868
65.624
65.176
65.105
65.017
65.354
65.545
65.584
65.417
64.928
70.994
71.479
71.964
63.214
50.972
50.699
50.062
61.761
62.216
62.399
62.802
63.204
63.317
63.038
62.812
62.276
61.332
77.084
77.025
77.003
58.98
61.253
63.525
56.913
65.659
74.405
74.623
63.505
51.152
52.036
52.839
52.923
53.708
54.106
54.075
54.116
53.77
53.424
53.235
52.914
53.112
53.24
53.367
52.904
65.05
64.559
53.513
53.828
51.796
58.536
65.276
65.156
77.062
77.08
77.033
65.238
68.878
72.517
72.382
72.319
72.267
72.17
63.733
55.295
55.899
60.916
64.989
59.072
53.155
52.973
53.015
53.057
72.337
71.84
72.066
72.257
53.563
52.989
56.975
60.961
75.11
75.086
52.484
51.764
75.182
74.705
73.868
73.03
72.991
74.971
74.997
75.024
75.022
74.988
74.954
72.93
73.024
72.997
73.083
72.999
60.123
61.151
61.219
61.066
61.085
73.188
73.202
72.953
73.037
73.122
61.409
61.304
72.824
73.048
73.061
61.283
61.415
61.58
73.181
73.108
73.053
72.962
73.046
73.131
73.061
73.008
72.954
60.059
66.511
60.683
66.842
73.002
73.044
73.036
73.084
73.005
73.019
72.971
72.99
72.996
73.063
47.26
48.781
48.866
48.7
48.98
49.055
58.196
67.337
