51.719
49.65
51.068
62.089
63.862
65.388
66.744
68.654
57.997
59.051
59.502
59.528
59.477
59.161
58.721
57.838
57.524
58.124
58.724
59.136
58.98
58.813
58.821
58.882
59.024
59.034
59.029
59.073
58.869
58.223
58.092
55.16
56.084
57.009
60.134
59.377
59.218
58.878
59.082
59.144
59.123
59.114
58.74
59.225
59.018
59.245
58.978
59.184
59.121
59.177
59.403
59.242
59.346
58.765
59.236
59.103
59.304
59.149
58.221
59.487
59.188
58.925
58.304
58.386
59.132
55.977
57.626
59.274
59.303
59.14
59.099
59.193
59.263
59.318
59.513
59.565
59.591
59.561
59.519
59.498
59.419
59.283
59.112
59.047
59.076
59.194
59.197
59.164
59.109
59.044
58.998
58.9
58.776
58.577
58.154
57.95
57.847
58.15
58.073
57.521
56.723
55.098
53.673
53.465
53.453
53.689
54.498
55.163
55.464
55.11
49.591
48.548
47.506
57.143
55.56
55.026
54.934
54.626
54.581
54.536
54.75
55.225
55.531
54.761
47.189
46.808
47.753
54.677
54.709
54.74
55.632
52.392
49.152
49.915
51.856
52.479
52.226
52.154
53.057
52.916
52.79
50.281
49.032
54.313
54.402
55.53
55.271
55.125
55.491
55.032
54.938
55.14
55.258
55.234
54.897
51.371
55.622
52.078
55.853
59.627
60.021
56.28
52.54
47.421
49.97
52.518
52.177
51.836
51.904
51.922
51.94
52.051
51.71
51.37
51.785
51.818
51.85
51.918
53.457
54.262
55.067
55.384
55.926
56.467
52.012
52.903
56.505
60.107
60.149
60.718
61.287
61.686
55.746
49.806
50.047
50.224
50.043
50.118
50.173
50.224
50.175
50.105
50.166
50.192
50.069
50.024
50.164
50.304
43.028
43.111
43.151
43.074
49.057
55.04
61.562
61.298
58.682
49.97
49.933
49.866
49.918
43.193
44.295
43.375
43.84
44.304
53.731
56.169
50.892
45.615
45.54
58.48
57.81
57.141
57.824
58.506
59.653
63.427
59.739
56.051
55.836
55.621
55.604
55.587
55.765
55.943
55.798
55.653
45.329
45.017
55.164
50.516
54.247
54.798
55.348
59.187
51.775
50.336
48.896
51.194
53.849
55.201
56.949
57.983
59.309
59.797
59.753
59.448
59.084
43.657
43.637
58.82
59.58
59.646
59.541
59.525
59.657
59.827
59.707
59.546
59.488
59.392
59.292
59.284
59.178
59.143
59.08
58.824
59.214
59.055
59.241
58.782
59.05
58.864
59.009
58.524
58.994
58.967
59.204
58.632
58.06
56.425
54.789
56.937
59.084
58.893
58.822
58.843
58.82
58.741
59.031
58.889
58.868
58.533
58.375
58.727
59.08
58.355
57.63
58.619
58.569
58.635
58.387
58.144
58.33
58.574
58.746
58.997
59.335
42.947
43.006
59.235
59.237
59.266
59.385
59.073
59.424
59.283
59.177
59.095
58.977
58.921
58.927
58.797
58.761
58.655
58.578
58.354
57.998
57.72
57.019
56.49
68.354
68.536
56.708
56.692
56.389
55.864
55.135
54.317
54.048
53.687
54.115
54.769
54.694
54.824
54.395
54.553
54.711
54.593
54.7
54.811
54.766
54.787
54.716
54.645
55.308
54.911
54.645
54.727
54.626
53.877
51.77
48.983
48.468
49.35
55.711
62.072
62.301
50.404
50.181
50.4
50.121
50.144
49.544
49.397
49.902
50.059
61.193
61.109
49.544
49.794
49.874
50.242
50.437
50.443
50.643
50.951
50.148
50.076
57.062
57.406
56.957
56.3
54.763
54.357
53.981
53.33
54.489
54.116
55.175
54.195
54.939
52.141
53.591
54.083
53.69
53.581
53.26
52.939
53.112
53.242
53.418
53.593
53.162
53.786
53.807
51.431
51.363
51.295
51.64
54.068
56.496
56.018
55.534
55.135
54.808
54.376
54.139
54.345
54.376
54.382
54.405
54.323
54.241
54.13
54.097
54.403
54.445
54.354
53.997
54.3
54.604
54.404
55.212
54.304
54.668
59.558
58.181
58.028
54.727
54.586
54.084
53.126
52.168
49.797
49.893
50.09
50.287
45.56
