54.135
54.176
54.217
54.158
53.922
77.146
77.044
77.054
62.255
62.37
62.851
50.128
51.559
50.926
50.94
51.997
52.147
50.666
77.044
76.993
77.037
76.997
77.041
67.874
55.26
55.19
55.019
55.019
55.257
55.034
54.841
54.013
53.073
51.929
50.886
50.723
50.767
50.812
51.179
51.682
51.377
51.073
52.01
52.187
52.443
52.608
52.701
52.554
52.592
52.844
52.854
52.552
77.027
76.997
79.499
82
82.007
76.065
70.123
69.838
57.577
57.446
57.305
57.327
57.308
57.437
57.5
57.697
57.719
57.955
58.071
57.994
57.806
57.881
57.885
57.964
58.007
58.097
58.231
58.104
57.992
58.144
58.203
58.046
57.941
57.93
57.576
79.973
79.987
79.945
80.006
66.197
66.19
55.793
56.238
56.363
56.44
56.497
56.467
56.469
56.457
56.367
56.276
56.862
56.526
57.006
69.713
69.966
69.852
57.715
57.505
57.557
57.474
57.446
57.494
57.474
57.232
57.003
56.372
55.742
56.162
56.261
56.14
55.984
56.118
56.064
56.18
56.009
56.064
55.803
55.735
54.84
58.033
61.226
55.516
49.805
50.015
50.329
50.643
50.988
75.041
74.982
75.001
75.032
74.961
75.02
74.97
76.121
77.273
77.03
77.105
76.967
70.778
64.588
64.607
64.463
71.769
71.721
71.634
71.639
71.626
71.545
71.668
71.759
53.258
52.436
52.484
53.341
52.985
52.628
77.036
77.043
76.993
77.117
76.943
77.043
76.974
52.934
53.083
53.884
53.65
54.013
53.242
52.031
64.53
62.509
71.207
79.906
80.171
78.661
77.151
77.139
56.908
56.145
53.066
65.037
58.609
67.756
76.903
76.985
77.084
77.007
77.021
76.987
77.022
77.029
77.05
77.135
80.112
79.94
55.553
55.837
55.899
55.852
56.248
56.335
56.452
56.484
56.294
56.105
80.011
80.014
77.02
77.033
77.07
71.426
52.095
52.739
52.488
53.062
53.213
51.85
61.709
71.568
71.452
64.83
64.694
53.238
52.944
65.74
66.265
54.239
54.374
73.347
72.973
53.365
53.245
54.071
55.112
56.534
57.634
57.891
58.211
58.366
57.924
57.344
57.468
57.802
58.398
82.014
81.995
82.03
82.043
82.036
82.015
81.994
81.968
57.647
57.418
79.967
80.002
79.907
55.17
55.625
55.429
55.102
80.069
80.004
79.945
55.636
55.831
55.917
79.971
79.98
80.051
82.071
81.971
81.905
54.749
55.185
55.735
55.649
56.119
82.115
82.001
81.959
81.917
81.994
57.651
57.656
57.005
56.663
56.8
55.952
56.315
80.009
79.874
66.761
55.183
55.158
55.288
55.418
67.135
80.046
65.033
70.064
75.096
75.086
75.115
74.776
77.203
77.441
74.705
74.96
74.891
74.822
74.946
74.948
72.09
69.231
68.851
61.301
61.263
49.063
49.368
73.78
73.516
73.715
74.138
50.291
50.506
52.107
51.55
52.859
51.878
52.216
51.792
51.368
51.346
51.323
77.003
77.094
76.945
77.12
76.967
77.106
76.922
77.034
77.063
53.992
54.052
54.501
54.086
54.382
48.665
48.335
48.647
48.62
54.338
53.886
53.386
51.765
49.943
79.865
80.033
80.133
55.266
56.113
55.451
57.035
58.767
59.719
70.218
70.082
69.883
69.975
69.907
69.958
69.995
69.925
69.983
70.035
70.019
70.031
70.058
71.558
73.059
73.043
72.993
72.987
72.888
72.998
73.003
73.032
73.03
72.954
73.011
73.048
73.002
72.974
71.476
69.978
75.006
72.421
69.836
69.819
69.939
70.025
69.998
69.906
69.971
