55.055
55.088
55.12
54.915
55.154
55.135
58.702
62.269
62.212
58.667
55.122
58.59
50.974
43.359
42.945
44.579
44.335
44.09
44.359
44.04
43.72
44.177
46.655
45.393
48.237
46.926
45.989
45.052
44.981
44.911
44.508
44.243
43.977
43.735
43.494
43.938
54.342
54.668
54.707
54.746
54.512
54.278
44.777
43.792
43.406
54.127
54.541
54.767
54.992
54.627
60.934
58.295
55.656
55.714
56.204
56.49
56.636
57.655
58.025
59.06
59.417
59.343
59.269
59.323
59.284
59.532
59.68
59.733
59.779
60.067
60.331
60.827
48.623
48.518
48.631
60.487
59.712
59.622
60.097
60.477
60.711
60.778
60.697
48.619
48.16
48.503
48.528
48.603
60.414
60.367
60.391
72.49
72.486
72.594
60.583
60.632
60.741
60.7
60.375
60.309
60.589
60.691
49.019
49.53
51.057
51.031
51.439
51.359
52.138
51.662
51.758
52.455
51.989
52.145
51.952
51.862
52.332
52.272
50.887
49.117
47.347
47.935
53.048
55.273
56.233
56.263
55.854
55.46
55.263
55.281
55.392
55.724
55.644
55.57
55.458
55.332
55.053
55.218
55.437
55.594
55.737
55.551
55.318
55.115
55.253
55.463
55.392
55.402
55.463
54.501
55.63
55.104
54.788
55.675
55.463
55.364
55.368
55.156
55.115
55.378
55.672
55.79
55.491
55.33
55.225
55.473
55.374
55.28
55.248
54.975
54.041
51.824
50.142
48.759
59.711
58.838
58.884
59.14
59.445
59.746
60.068
60.215
60.135
60.194
60.25
60.349
60.297
60.085
60.069
60.149
59.675
59.291
58.986
58.362
58.57
58.503
58.89
59.428
59.583
59.43
59.276
59.194
59.247
59.184
59.231
59.496
59.612
59.632
59.652
59.601
59.3
59.061
59.181
59.432
59.608
59.762
59.916
59.487
59.252
59.151
59.043
59.262
59.207
58.797
58.17
69.942
70.516
59.495
59.931
60.055
59.997
59.469
59.137
59.202
59.094
59.255
59.312
59.314
59.163
66.059
65.862
66.252
59.042
57.475
54.072
51.137
52.394
51.596
51.485
51.398
51.262
51.448
52.231
50.896
51.659
51.404
51.404
51.076
52.653
58.829
59.166
52.396
51.88
51.611
51.514
56.522
56.32
55.689
55.404
55.573
55.383
55.411
55.665
55.611
55.371
55.333
55.743
55.712
55.383
55.388
55.505
54.992
55.157
55.589
55.198
55.082
55.484
55.081
54.722
55.489
55.42
55.098
55.408
55.738
55.44
55.166
55.705
55.602
54.915
55.456
55.754
55.297
55.32
55.742
55.705
55.176
55.375
55.736
55.771
55.474
55.49
55.829
55.576
54.957
55.439
55.667
55.16
55.063
55.504
55.218
55.188
55.562
55.618
55.308
55.612
55.647
55.328
55.514
55.474
55.395
55.031
55.09
54.796
55.702
56.37
56.754
57.09
57.36
57.251
56.869
56.986
57.104
56.96
57.356
57.373
57.37
57.334
57.509
57.633
57.402
57.466
57.527
57.428
57.414
57.447
57.635
57.621
57.508
57.525
57.38
57.463
57.479
57.487
57.349
57.283
57.375
57.493
57.336
57.249
57.344
57.424
57.54
57.419
57.423
57.614
57.723
57.555
57.645
57.866
57.488
57.504
57.711
57.908
58.007
58.549
59.01
59.112
59.538
59.34
59.056
59.106
59.192
59.268
59.203
59.139
59.119
58.979
59.058
58.891
59.078
59.082
59.133
59.181
59.085
70.906
70.742
58.566
58.538
58.794
58.845
59.177
59.321
59.822
60.003
60.135
60.069
59.98
59.934
59.724
59.686
59.798
59.91
59.829
60.009
60.18
60.123
60.02
59.99
59.983
71.944
71.98
71.995
71.906
71.831
59.916
59.852
59.606
58.809
57.305
57.43
57.01
55.879
56.101
55.63
55.866
56.461
56.315
56.021
56.266
56.552
56.569
56.264
56.092
56.617
56.991
56.973
56.914
56.768
56.94
57.358
57.475
57.325
56.822
56.442
55.742
54.8
54.645
54.738
55.349
55.669
55.817
55.821
55.599
54.829
53.805
53.293
53.249
52.443
52.075
52.866
54.026
53.77
54.339
54.609
54.602
54.628
54.729
54.837
55.116
55.345
55.523
55.518
55.728
55.791
55.858
55.64
55.672
55.536
55.585
55.374
55.519
55.561
55.651
55.88
55.652
55.541
55.462
55.456
55.462
55.48
55.478
55.464
55.621
55.59
55.536
55.245
55.268
55.249
55.408
55.462
55.686
55.912
56.02
55.965
55.859
55.704
55.745
55.741
55.77
55.817
55.742
55.663
55.59
55.386
55.182
55.914
55.468
54.958
55.722
55.723
55.706
55.689
55.793
55.78
55.932
43.362
43.348
43.281
43.214
43.378
43.421
45.019
46.617
48.66
47.108
47.496
48.158
48.273
48.236
48.003
48.114
79.123
79.138
79.145
67.162
67.039
67.1
67.036
59.29
51.544
52.374
