43.21
43.387
43.286
43.185
43.135
43.178
43.221
57.556
57.798
61.464
65.129
65.024
64.979
65.119
61.938
62.04
62.032
64.942
65.017
65.085
65.088
65.084
65.038
62.035
62.127
62.057
62.147
62.234
49.914
50.245
48.378
53.442
49.54
45.637
46.755
51.884
51.63
50.625
50.448
49.888
49.962
49.284
49.295
49.3
49.761
49.789
50.207
50.27
50.916
50.564
43.249
43.677
43.323
57.883
59.442
60.3
59.603
60.042
59.891
59.969
60.342
59.882
60.237
60.057
59.164
57.586
58.601
58.592
58.583
58.411
58.238
57.94
57.96
57.98
58.239
58.498
58.457
58.509
58.953
59.333
58.772
59.018
59.088
59.157
59.384
59.612
60.105
60.112
60.082
79.004
78.983
79.031
79.025
78.971
62.092
60.217
60.365
60.079
60.137
60.269
60.111
60.132
48.503
48.177
48.407
60.331
60.125
60.157
60.146
60.006
60.105
59.975
59.846
54.895
55.057
55.044
55.059
67.022
63.485
59.947
59.909
59.765
59.866
60.038
59.789
60.387
60.12
59.852
50.219
49.984
48.85
48.451
48.862
48.885
49.153
61.315
62.062
48.982
49.522
49.546
49.571
49.121
62.365
60.935
49.345
50.224
49.664
49.328
48.992
48.469
48.532
60.51
60.438
60.165
60.404
60.284
60.164
60.146
59.919
59.947
59.667
57.128
58.8
58.257
58.795
58.782
58.503
58.969
58.348
46.657
46.671
58.096
57.738
58.574
57.351
58.511
58.828
59.956
58.703
58.685
59.138
59.741
60.009
60.276
60.113
60.325
60.426
60.135
63.84
62.089
60.337
60.19
60.06
60.234
60.08
63.066
56.601
58.495
60.388
60.267
60.49
60.713
60.413
60.113
60.128
59.965
59.918
59.931
60.184
48.365
47.25
60.097
59.877
60.103
60.329
60.484
60.639
60.145
59.908
59.953
59.659
60.115
47.236
47.323
50.761
51.334
49.611
49.242
47.844
59.989
60.094
60.19
60.286
60.111
60.126
60.035
60.099
59.968
59.934
60.022
59.957
60
59.882
59.611
59.017
58.423
58.128
66.063
65.609
61.749
57.888
57.974
58.212
58.204
58.448
58.167
58.514
58.285
58.601
58.737
58.556
59.282
59.639
59.958
60.262
61.043
49.752
50.688
51.519
52.199
52.817
53.118
53.306
53.331
53.471
53.635
53.354
53.557
53.343
53.497
65.415
65.612
53.695
53.285
53.265
53.024
52.478
52.237
53.472
53.236
52.892
52.546
52.704
52.409
52.955
53.175
53.06
52.731
52.467
52.994
53.315
53.393
52.646
52.205
59.922
60.411
59.377
52.971
52.566
52.28
52.833
53.238
59.541
60.209
60.206
59.645
60.534
59.164
60.213
59.517
58.821
52.069
52.536
59.238
59.684
60.45
59.52
60.322
60.169
59.85
60.489
59.932
59.836
60.047
59.518
60.363
59.594
65.044
65.595
65.465
69.962
70.021
70.094
69.958
69.934
70.11
70.018
70.046
70.048
70
67.654
69.856
72.059
72.051
72.103
72.051
60.143
60.201
59.826
60.269
59.923
60.054
60.169
59.873
77.048
77.112
77.127
77.103
77.106
77.105
77.067
77.032
82.333
82.142
82.2
82.072
84.307
84.1
84.087
84.121
84.236
84.164
84.162
84.16
84.139
84.158
84.096
