51.017
50.877
50.965
51.074
51.012
50.863
51.018
51.005
50.918
51.043
51.079
45.48
46.284
45.806
45.917
45.973
46.867
46.47
46.073
52.352
58.631
59.11
59.907
47.53
48.467
72.982
72.985
73.017
53.894
54.013
63.873
57.088
50.304
50.407
50.285
52.293
54.284
53.254
52.223
48.114
54.391
51.835
59.613
67.39
67.345
67.693
60.998
61.54
69.634
70.177
70.579
71.194
71.526
64.492
62.664
60.836
61.013
52.974
53.473
53.164
53.482
52.633
52.586
53.454
52.847
52.413
53.151
52.643
52.138
53.018
53.02
52.396
53.041
53.692
52.663
51.987
53.12
52.876
52.113
52.557
53.001
52.446
52.873
52.636
51.032
55.694
60.356
58.237
59.611
60.986
68.261
59.621
50.981
52.394
53.162
52.367
52.688
53.364
52.649
77.007
77.019
77.002
76.984
77.067
75.108
52.004
51.171
51.284
50.913
50.8
74.871
74.848
50.76
50.927
50.932
50.608
50.404
62.704
55.205
57.629
60.052
59.976
59.9
60.11
60.458
60.663
60.808
60.764
60.267
73.037
72.996
73.014
72.985
73.021
64.974
65.011
65.048
66.22
59.833
61.395
62.784
58.014
53.244
51.281
52.697
50.306
48.395
48.18
51.683
52.864
52.777
51.924
52.435
50.699
77.012
76.955
77.037
54.154
53.969
54.324
53.853
53.445
52.975
52.873
52.492
53.178
52.683
52.559
71.592
71.571
71.797
72.007
52.892
53.022
53.194
52.584
52.681
52.778
52.718
52.559
52.754
52.494
52.235
52.293
52.351
52.62
53.137
71.876
71.83
71.677
71.344
71.011
66.906
62.802
62.74
62.678
62.82
62.934
63.004
63.099
63.28
63.352
51.223
51.315
50.831
50.942
75.008
75.029
75.015
74.945
65.893
66.754
67.079
67.2
72.606
72.565
72.586
72.539
72.467
72.691
70.595
68.5
68.347
60.866
61.117
68.525
68.544
73.924
74.05
74.188
74.398
74.57
74.732
51.846
51.973
77.086
77.091
52.459
52.558
52.633
52.689
52.762
52.947
52.97
52.566
71.838
71.886
71.968
72.024
72.008
71.996
72.029
72.135
52.933
52.672
52.592
71.82
71.749
64.705
64.822
64.814
52.755
52.905
52.886
52.75
52.682
52.646
52.988
53.289
53.446
53.399
53.25
53.082
53.262
53.024
52.914
52.884
52.823
52.82
52.885
52.955
52.977
53.038
53.008
52.873
52.823
52.811
52.808
52.889
52.826
52.973
52.973
52.906
53.073
53.145
53.122
52.968
52.974
53.154
53.121
53.115
53.144
53.162
53.522
53.882
53.894
53.794
53.693
53.714
53.204
53.416
53.258
52.296
53.464
77.015
77.038
77.013
76.997
77.02
58.551
55.886
53.221
52.902
53.067
53.361
