58.123
57.855
57.863
58.122
58.016
57.955
57.925
58.158
57.985
58.026
58.066
58.142
55.792
53.442
55.17
55.451
56.486
56.244
56.863
57.305
56.512
56.684
56.927
56.327
56.613
56.425
56.311
56.154
60.7
60.988
61.276
57.621
58.589
58.835
58.313
58.028
57.903
57.997
57.987
58.654
58.581
58.103
58.567
58.625
58.452
58.176
58.113
57.742
57.094
55.576
52.812
52.02
49.53
47.805
58.374
58.692
59.01
59.285
60.491
61.203
49.709
49.983
55.747
61.511
60.692
54.492
57.372
60.252
61.977
61.888
61.798
69.108
69.73
70.272
70.909
67.202
68.845
70.489
70.085
70.113
69.965
70.018
69.885
69.644
69.364
69.591
69.819
69.681
69.76
69.838
69.887
69.147
65.9
66.003
66.045
66.077
66.123
66.11
66.011
66.195
66.063
66.018
66.134
65.914
65.985
66.184
59.554
52.923
53.519
54.114
54.022
53.929
54.482
53.9
52.214
54.947
52.986
54.245
53.547
52.87
52.359
72.729
73.011
73.341
73.194
72.889
72.889
54.307
54.47
60.355
66.24
66.19
66.047
66.172
54.194
53.897
56.439
58.982
59.023
59.113
54.203
53.961
53.996
53.599
53.203
53.118
64.935
64.755
53.183
53.211
65.297
65.132
65.379
65.625
65.891
66.11
66.152
66.192
66.077
54.379
54.299
53.957
53.981
54.001
54.022
54.065
53.754
65.721
65.352
64.77
65.039
64.926
65.48
65.801
65.818
65.861
65.628
65.097
65.007
65.013
65.19
52.82
53.108
59.632
59.787
59.796
59.804
55.104
58.201
61.298
60.823
61.356
56.414
51.472
51.81
53.445
52.482
51.519
59.072
61.89
64.707
64.704
68.07
66.409
64.748
61.764
58.779
65.178
59.41
53.643
53.724
53.744
53.218
53.548
53.861
53.938
53.526
52.427
53.53
54.018
54.268
54.357
54.329
54.127
54.063
53.999
54.421
54.437
52.647
52.091
53.042
53.992
53.756
53.645
53.546
53.775
53.521
53.433
65.26
65.331
65.68
65.963
53.828
54.07
66.283
66.321
66.147
65.852
65.789
65.792
53.839
53.728
65.825
65.888
65.941
65.697
65.074
65.635
65.82
65.895
66.006
66.028
66.006
65.859
65.705
65.551
65.741
65.841
65.942
54.078
53.983
53.593
65.547
65.607
65.708
65.81
66.012
65.976
66
66.027
66.126
66.093
66.057
65.824
66.154
65.87
66.007
66.16
66.025
66.171
66.164
54.21
54.042
53.881
54.134
54.026
54.135
53.98
54.12
53.978
54.254
55.065
54.78
55.035
55.291
50.53
58.358
66.186
65.949
66.149
66.024
65.969
66.192
65.943
66.13
66.076
65.992
66.127
66.013
66.097
66.102
66.021
65.993
65.965
66.001
65.945
65.888
65.947
66.006
60.833
60.923
60.971
61.018
61.392
61.225
61.094
61.052
61.039
60.633
60.077
60.973
61.24
61.128
61.141
61.244
61.217
60.857
60.704
61.089
61.024
58.279
57.941
57.957
57.972
58.145
58.137
58.13
57.979
57.982
