66.955
66.991
66.996
66.998
66.778
67.003
66.9
66.99
67.041
67.039
66.945
67.004
74.112
74.015
71.124
51.637
52.02
51.489
66.922
66.851
66.92
66.877
66.871
66.951
51.952
51.318
50.685
49.061
67.027
66.997
66.918
66.925
66.968
67.013
67.16
67.184
67.023
67.031
67.021
67.011
67.044
67.011
67.012
66.981
66.929
63.986
64.017
64.046
63.982
64.071
64.016
63.961
66.956
67
67.063
67.011
69.076
71.14
71.136
71.061
66.916
66.895
66.895
66.977
67.034
65.549
64.064
64.102
64.048
63.958
66.926
66.964
67.119
66.917
67.076
66.955
66.962
66.99
66.936
66.941
67.112
67.047
66.981
66.968
66.959
66.951
66.957
66.962
56.164
45.365
47.262
46.048
47.553
46.536
47.274
46.856
46.438
51.182
49.644
49.997
49.924
49.665
50.203
51.092
50.156
48.907
50.46
49.487
49.85
50.126
50.168
56.889
52.588
48.288
47.088
45.478
54.736
51.05
57.522
63.994
63.976
63.938
64.014
64.02
64.17
63.905
63.639
58.582
59.042
59.437
59.265
59.161
58.71
58.968
59.095
53.426
53.402
53.379
63.683
73.988
67.238
60.488
55.251
54.253
51.202
48.151
46.368
59.718
59.576
59.631
59.626
47.888
47.941
47.616
48.35
50.504
49.53
48.556
52.302
59.085
59.216
59.547
59.245
59.443
59.64
49.017
48.759
51.381
52.757
57.88
56.119
55.595
55.029
55.329
55.333
54.815
55.159
55.2
54.981
54.493
54.465
53.039
52.795
52.121
64.462
64.589
64.705
64.82
64.91
65.029
65.148
65.184
65.029
52.785
53.024
53.568
54.112
54.13
54.56
55.34
55.637
55.689
55.908
74.173
74.1
74.025
73.951
73.825
73.772
73.777
73.955
54.818
55.298
55.495
55.354
55.232
67.133
67.216
55.262
55.718
55.488
55.29
67.005
66.548
65.38
64.337
64.189
64.351
71.848
72.151
72.092
71.899
71.957
72.226
72.439
53.695
52.828
65.01
65.47
53.149
53.336
53.615
53.893
73.796
73.778
73.787
73.907
74.034
73.967
73.813
73.75
73.681
66.761
66.638
66.589
67.088
67.587
67.649
67.614
67.687
67.687
67.543
67.487
67.598
67.572
67.546
67.659
67.787
67.696
67.641
67.645
67.569
67.494
56.143
54.994
44.529
44.7
45.162
57.978
57.631
57.284
56.941
59.721
58.079
56.261
55.619
55.827
55.447
54.337
54.709
54.961
54.544
55.126
54.511
54.689
54.017
53.829
52.617
53.146
52.676
52.569
52.61
52.645
52.593
52.658
53.507
52.698
52.455
52.732
52.782
65.01
65.315
53.316
54.66
66.831
66.67
66.659
66.648
66.644
66.525
66.62
66.715
66.812
67.086
55.285
56.43
54.931
54.903
55.678
55.134
54.898
55.066
55.472
55.711
55.067
55.097
55.573
54.946
55.081
55.486
55.443
54.437
54.798
55.158
54.719
55.735
55.701
55.065
55.015
55.305
55.049
55.255
55.338
55.163
55.274
55.077
54.98
54.092
55.666
55.689
55.567
55.445
44.656
45.611
44.021
44.722
45.184
44.995
44.978
56.488
55.514
54.54
56.583
56.2
56.216
56.306
56.395
56.514
56.482
56.007
55.049
55.449
56.316
56.023
55.73
55.635
54.838
55.112
44.842
44.862
54.262
54.765
53.819
54.889
53.524
55.093
54.579
53.829
53.079
64.867
64.916
65.144
65
65.351
65.071
64.782
65.029
65.276
53.288
53.51
53.457
53.418
53.245
52.902
64.163
63.986
63.757
63.529
51.909
51.068
48.435
45.802
45.251
45.182
44.612
44.956
45.299
44.602
44.545
52.668
52.601
44.891
44.733
44.798
44.862
45.723
44.821
49.652
54.482
53.563
52.644
52.2
51.94
51.624
51.51
51.396
51.298
53.106
53.233
53.36
52.844
52.93
52.436
53.877
53.462
53.095
52.674
52.502
53.051
53.601
53.118
53.481
53.834
53.31
54.018
54.726
54.581
54.939
55.227
55.515
54.94
55.211
55.47
55.398
54.712
54.967
54.154
53.895
52.55
51.205
50.502
49.799
49.394
48.988
62.636
63.144
57.041
60.19
55.301
50.411
50.056
49.7
49.55
49.4
50.913
50.237
60.546
60.105
60.156
60.208
63.814
63.804
63.66
63.517
50.561
49.888
49.058
62.013
58.783
55.553
54.243
60.359
60.077
48.686
54.481
51.845
49.209
48.391
49.853
51.315
50.727
50.138
52.772
51.557
50.107
55.291
49.187
49.676
50.165
50.027
49.889
50.611
51.31
48.304
47.877
47.831
48.133
48.566
46.1
54.491
51.868
57.102
52.57
48.039
46.199
48.311
48.854
49.396
50.403
49.723
49.956
50.189
50.747
50.509
62.758
62.451
62.674
44.768
46.534
50.872
50.644
50.454
50.264
50.416
49.775
50.651
50.394
50.642
50.847
49.834
55.638
54.214
53.687
53.159
51.449
49.738
50.961
52.185
44.083
43
45.036
62.964
62.99
62.935
63.031
63.223
62.808
58.605
62.287
55.763
49.238
48.991
