49.823
50.204
50.018
49.995
50.443
56.861
62.329
62.586
63.398
53.875
54.842
56.177
58.002
58.378
58.636
58.687
58.396
58.25
58.171
56.807
57.876
57.779
58.338
58.684
58.671
58.604
58.683
58.843
59.011
59.101
58.902
59.057
58.971
58.946
59.037
58.85
58.675
58.67
58.82
58.94
59.066
58.449
58.608
58.584
59.085
59.585
59.348
59.198
59.118
58.963
58.743
58.668
58.681
58.798
58.876
58.832
58.772
58.66
58.707
58.806
58.882
58.83
58.661
59.014
58.916
58.891
59.074
58.899
58.828
58.47
58.326
57.433
57.468
58.625
58.929
59.029
59.119
59.268
59.458
59.629
59.633
59.176
58.321
58.349
58.026
58.894
58.624
58.532
58.358
58.44
58.229
57.963
58.321
58.479
58.394
58.029
57.87
58.11
56.499
54.889
53.917
56.044
56.554
57.073
56.281
56.452
57.03
56.267
56.421
56.707
56.03
55.543
55.173
55.081
54.88
55.216
55.278
55.359
55.479
55.458
55.22
54.78
55.182
54.873
55
55.105
55.064
55.04
54.936
54.911
54.809
54.782
54.744
54.827
54.437
54.378
54.319
53.874
57.019
56.002
54.986
48.186
48.104
48.896
49.688
49.998
49.958
49.918
51.458
49.837
49.297
48.756
46.955
49.757
50.882
52.007
52.875
52.299
53.297
54.728
55.408
55.037
55.146
55.463
54.729
55.022
54.874
54.816
54.204
67.192
67.033
54.668
54.838
54.891
55.312
55.284
55.474
55.2
54.511
54.39
53.828
53.926
53.345
53.099
52.625
53.078
52.519
51.733
51.261
48.96
48.559
48.822
49.302
50.538
49.455
49.514
54.972
55.017
55.334
57.736
60.138
59.944
60.152
60.392
60.632
61.081
61.456
49.031
49.466
49.762
49.829
61.591
61.585
61.44
61.499
61.557
55.894
50.232
49.706
60.541
60.619
50.113
49.956
50.07
49.813
49.955
55.308
52.873
50.438
49.924
49.71
49.345
49.371
49.743
49.703
49.76
49.935
50.555
50.514
50.106
49.751
50.723
50.141
50.201
50.383
50.265
79.039
79.022
67.201
55.379
53.811
54.984
54.279
54.74
54.334
54.612
54.324
54.423
54.199
54.462
53.978
53.926
53.874
55.018
55.522
59.16
60.858
63.508
65.871
67.688
69.073
70.458
58.897
58.605
56.189
55.657
55.125
55.314
55.275
59.392
59.239
59.219
59.02
58.933
58.977
58.888
59.055
58.874
58.911
59.788
59.353
58.798
58.779
59.048
59.425
59.453
59.558
59.588
59.442
59.3
59.019
58.913
58.873
58.899
58.929
58.987
59.036
59.018
59.217
59.201
59.232
59.048
59.013
58.916
59.26
59.36
59.188
58.733
58.558
54.957
55.131
55.035
54.991
58.602
58.261
58.263
58.581
58.933
59.18
59.465
59.596
59.517
59.495
59.238
59.283
59.327
59.839
59.623
59.046
58.726
58.656
58.626
58.59
58.689
58.684
58.722
58.764
58.88
58.424
56.346
54.267
53.134
52
56.736
57.723
57.052
57.214
56.694
56.855
56.88
56.762
56.747
56.445
56.184
55.993
55.464
54.961
54.821
54.794
54.708
54.813
54.887
54.945
54.913
54.896
55.302
54.256
54.747
53.78
54.465
54.288
54.468
55.466
62.404
61.855
61.305
49.37
49.486
49.314
61.975
56.114
50.254
49.882
50.005
50.165
50.275
50.079
49.372
50.711
50.1
49.744
49.786
50.012
50.191
50.123
50.296
50.252
50.522
50.708
53.533
53.97
55.443
56.919
57.347
56.914
55.915
54.802
54.8
54.543
54.829
54.626
54.742
54.81
53.879
58.011
55.725
53.44
53.897
54.222
53.791
53.253
53.719
53.952
53.725
53.984
54.266
54.124
52.591
50.689
50.907
52.097
53.287
53.522
52.527
53.094
52.298
53.367
53.295
53.286
54.03
53.795
53.659
54.157
54.16
54.748
54.058
54.654
54.674
54.447
54.328
54.506
54.635
54.599
54.787
54.924
55.015
55.097
55.011
54.955
55.437
57.398
59.359
57.901
56.442
54.339
55.986
57.347
56.652
55.957
54.29
55.216
56.141
58.355
57.185
53.753
53.804
53.855
52.669
50.172
51.122
52.071
48.047
47.951
53.404
62.147
61.973
52.795
47.932
47.596
48.195
48.794
55.481
55.421
54.42
48.849
49.696
49.238
49.479
54.801
54.463
52.111
49.76
