51.114
51.05
50.648
51.227
50.991
50.978
50.966
55.342
53.293
56.047
53.581
51.115
50.967
50.661
51.143
50.974
72.228
64.557
56.886
54.237
51.589
49.842
63.181
62.752
62.854
62.957
63.027
63.097
69.197
68.979
62.914
56.158
56.809
59.678
59.688
61.617
63.545
63.742
60.229
59.873
60.399
59.843
60.167
59.774
48.435
46.748
45.396
44.517
44.505
42.966
44.457
44.922
50.734
59.441
60.853
60.107
48.611
46.358
44.528
43.217
63.024
63.068
63.154
63.001
63.177
63.105
63.035
63.039
63.027
63.015
50.445
50.886
50.978
51.07
50.903
50.871
74.895
75.026
74.977
69.156
48.457
48.302
49.134
50.09
50.071
50.068
49.729
50.045
49.853
65.165
64.924
64.981
65.117
49.805
50.46
49.502
50.578
49.796
49.947
50.238
61.515
70.098
71.062
52.176
53.917
55.492
55.286
56.098
55.295
55.495
55.794
56.094
56.557
56.579
56.413
56.604
56.763
56.775
56.696
56.498
56.419
56.224
69.061
69.04
69.042
56.124
56.314
56.604
56.064
56.702
56.279
55.842
55.756
55.84
55.596
55.984
55.57
55.939
56.677
56.848
56.964
56.28
56.403
56.008
55.748
55.64
54.234
59.532
64.829
69.551
68.608
68.282
67.955
68.122
68.289
68.48
68.672
68.631
68.551
68.472
68.514
68.556
72.786
60.885
48.984
48.286
47.589
49.235
50.881
48.929
46.66
49.483
52.307
52.333
52.981
52.588
48.545
49.796
51.046
51.063
51.079
50.257
51.516
52.392
51.291
51.267
51.243
51.438
51.376
51.315
51.332
51.349
51.595
51.84
51.478
51.604
51.731
53.503
51.576
52.607
51.91
51.213
62.146
64.968
64.941
51.732
52.835
51.498
51.035
51.354
51.672
51.815
51.958
52.648
51.541
51.525
51.508
50.257
50.667
51.076
51.395
51.713
53.331
52.114
64.773
71.776
71.426
52.163
52.461
52.596
52.53
52.272
51.753
64.453
57.533
70.768
84.003
84.006
83.995
84.013
76.143
68.273
49.173
50.765
83.934
84.006
84.005
84.043
84.057
84.07
72.726
61.381
59.063
56.745
59.701
62.658
61.759
45.923
44.636
46.067
47.498
61.72
61.756
61.582
61.408
56.9
59.397
61.894
80.986
81.034
80.975
61.417
62.598
52.435
52.009
66.863
67.515
68.353
69.19
69.172
69.154
57.322
57.553
56.186
56.511
57.26
56.888
57.154
57.701
56.78
57.66
57.343
57.467
58.115
57.999
57.493
57.68
57.867
57.401
57.816
57.987
57.744
69.657
69.317
69.393
69.47
69.29
69.111
68.981
69.028
69.072
69.115
69.208
69.164
56.875
57.324
56.999
56.675
56.197
69
68.985
68.982
68.789
69.154
69.149
57.458
57.045
69.654
69.805
57.333
58.24
58.213
58.448
70.077
70.074
70.124
70.059
58.009
58.037
57.987
58.332
57.926
58.124
57.988
58.087
58.029
58.119
58.364
58.112
70.069
70.019
70.028
70.042
70.109
57.999
58.274
58.152
58.172
57.863
57.515
58.117
58.555
58.552
58.225
57.534
57.802
58.395
58.561
58.319
58.27
58.472
58.674
70.114
70.075
70.103
58.329
53.082
52.713
52.977
52.883
52.854
53.056
53.152
53.315
53.027
58.206
58.193
58.195
58.198
58.433
58.668
58.65
58.632
57.731
58.619
57.933
58.539
58.068
58.632
58.541
58.449
58.342
58.236
58.243
58.251
58.154
58.44
58.704
58.967
53.09
52.878
53.204
53.058
53.011
