52.486
52.673
52.638
52.873
53.108
52.227
53.03
54.553
56.649
56.181
56.933
57.685
57.314
58.08
57.799
57.708
46.853
44.98
45.295
44.044
43.598
44.539
43.235
57.348
60.165
60.574
60.731
60.645
60.558
60.245
60.374
60.679
60.631
61.046
61.335
61.992
62.448
62.257
62.182
61.48
60.704
59.72
59.074
58.438
56.968
74.005
74.003
74.025
73.992
74.001
47.359
49.804
52.249
67.226
67.159
66.944
66.667
53.954
54.741
55.264
55.192
54.446
53.979
55.353
55.408
54.94
54.803
54.835
54.315
52.736
51.157
63.012
66.963
66.987
66.976
51.095
51.076
51.181
50.825
50.888
51.108
50.959
50.976
66.959
66.973
66.997
67.009
64.976
62.944
63.022
78.975
79.048
79.034
56.724
57.482
70.144
70.029
69.846
58.003
57.895
57.864
58.298
58.732
58.036
58.587
57.91
58.356
58.177
58.279
58.426
58.666
58.901
59.165
59.385
59.925
60.185
59.898
60.307
59.883
59.993
60.006
60.016
60.39
60.433
60.421
60.863
61.101
61.688
61.625
61.682
61.278
61.243
60.64
59.529
59.249
58.31
56.796
50.462
50.351
51.244
51.064
51.07
51.115
50.984
51.393
53.513
54.722
50.497
51.862
53.228
51.428
53.104
53.26
53.416
51.234
53.137
53.421
53.302
53.183
51.019
52.981
51.997
51.993
53.195
51.19
52.941
52.636
51.328
53.303
51.536
52.144
53.179
53.347
53.516
52.446
52.071
53.237
53.33
53.422
53.488
53.554
54.034
55.99
54.26
55.135
55.763
54.806
54.575
55.671
53.196
52.809
51.461
52.061
59.056
60.705
60.881
61.272
61.878
62.104
62.239
62.642
62.459
62.915
62.665
62.373
62.76
62.363
62.393
62.126
62.152
62.149
61.964
60.922
59.697
60.006
59.086
60.2
59.985
60.04
59.929
60.061
60.314
59.834
60.041
59.584
59.215
57.878
55.68
56.233
55.401
55.198
55.763
51.121
51.979
52.12
52.082
51.913
51.936
52.025
52.02
58.401
58.16
57.999
57.848
51.987
52.978
52.867
55.205
57.543
57.345
57.936
57.973
57.902
58.378
58.504
59.13
59.715
60.059
60.221
60.525
60.572
60.21
60.186
60.033
60.029
60.13
60.014
60.056
60.057
59.854
59.997
59.94
60.105
60.044
60.024
60.155
60.04
59.886
59.903
59.882
59.995
59.915
60.096
59.934
59.923
59.905
59.882
59.998
59.918
60.008
59.887
59.939
59.947
59.837
60.024
60.063
59.852
59.896
59.821
59.981
60.034
60.008
59.906
59.874
60.016
59.767
59.933
59.886
59.884
60.039
59.53
71.963
71.929
71.92
72.046
59.759
59.797
51.753
47.591
45.805
45.101
45.413
59.746
59.704
59.868
59.691
59.79
59.611
59.609
59.638
47.673
46.662
46.687
46.712
48.103
48.536
47.908
47.019
47.923
48.084
48.167
52.186
52.728
52.832
53.007
52.818
53.176
52.958
53.352
53.08
53.097
52.819
52.712
44.593
