46.322
45.995
45.693
45.624
46.769
46.194
46.038
45.252
46.423
46.715
45.493
45.35
45.797
46.6
46.713
45.564
45.425
46.3
47.04
45.623
45.557
46.237
46.423
46.119
65.959
65.969
66.132
66.051
66.138
45.535
46.191
46.219
70.005
70.037
69.916
69.963
70.008
70.052
70.025
70.02
69.97
45.783
46.553
46.656
58.203
58.174
58.342
57.7
57.29
45.14
45.298
57.794
57.741
57.694
58.074
60.648
63.222
65.864
65.784
58.486
58.422
58.432
52.344
55.583
50.718
54.69
50.113
45.535
45.913
47.828
49.743
49.548
48.327
47.64
59.96
59.225
59.814
59.359
59.825
53.103
46.381
46.101
65.266
64.957
46.64
46.002
45.998
45.994
46.41
45.899
45.375
46.345
45.904
45.923
45.845
46.042
45.739
46.933
46.978
47.023
45.188
46.633
45.104
46.797
45.084
46.538
45.419
46.5
45.507
46.479
45.45
46.721
45.437
46.872
45.354
46.689
45.477
46.651
45.274
46.867
45.024
46.683
46.749
46.814
45.66
46.557
46.007
46.327
46.372
46.765
47.158
47.078
46.998
46.986
46.974
47.2
47.425
45.295
46.171
46.133
45.841
45.829
45.013
50.995
48.474
45.953
45.75
45.712
57.681
57.391
57.753
51.798
45.844
46.718
46.872
46.78
48.446
51.141
49.503
49.336
49.087
49.548
48.162
50.191
48.645
48.762
48.879
50.117
49.555
50.117
50.794
50.969
50.364
50.909
51.053
66.058
65.801
66.226
65.843
65.888
65.933
66.087
66.033
66.029
66.1
66.012
66.013
66.102
65.949
65.92
65.89
50.929
51.872
50.754
50.904
50.484
50.644
51.021
49.836
50.733
51.631
51.273
50.915
51.267
51.195
51.662
51.835
66.063
66.057
66.078
66.022
65.933
66.061
66.053
65.878
66.348
65.945
65.992
66.137
61.314
61.903
62.237
62.57
71.758
67.046
62.334
62.044
61.578
62.34
49.851
48.716
48.209
47.701
62.447
62.367
56.276
50.185
47.523
47.175
53.458
50.405
47.352
47.927
47.19
46.452
59.517
59.155
58.103
58.311
57.777
57.085
56.73
57.251
69.603
70.047
70.251
58.71
58.479
59.258
60.037
49.751
50.85
52.068
52.592
52.589
52.919
51.649
53.479
52.647
54.261
54.348
54.435
54.59
54.711
54.833
54.88
54.927
54.931
54.936
54.902
54.868
54.997
55.127
67.657
67.983
68.222
68.493
68.799
69.068
69.307
69.557
69.807
69.795
57.757
57.656
57.768
57.601
57.435
56.824
54.788
53.691
54.064
52.291
53.415
52.53
51.327
51.487
51.647
75.671
75.718
76.005
52.325
53.044
53.382
53.825
54.81
54.889
55.236
54.874
53.877
52.846
52.965
51.905
52.844
52.295
53.508
52.694
53.597
52.641
53.064
52.644
52.831
53.342
52.813
65.158
65.081
52.55
53.611
52.35
53.178
53.107
53.29
54.276
52.681
53.184
52.933
52.653
54.998
53.328
54.617
65.018
65.171
65.318
54.44
53.814
53.807
53.022
52.799
53.913
54.119
53.632
53.514
54.049
54.747
53.889
54.196
54.502
54.395
54.289
54.06
48.583
51.313
54.043
54.381
54.364
65.035
65.056
60.094
55.131
43.316
42.974
43.117
43.143
43.169
42.979
43.215
48.966
54.718
65.024
64.966
65.021
65.132
65.109
65.057
65.069
64.999
64.994
64.948
65.017
65.131
65.154
65.132
