52.676
51.297
51.251
52.737
56.651
57.328
58.005
58.499
59.476
60.3
61.737
50.414
50.987
51.198
51.516
51.238
50.561
49.233
47.892
47.811
48.891
49.843
61.618
61.598
49.636
50.58
50.463
50.273
50.51
50.072
50.325
61.851
61.879
48.974
50.604
47.405
46.837
46.843
47.373
46.473
46.825
47.514
54.746
53.718
54.511
55.196
55.944
56.634
57.969
58.484
59.751
60.469
60.868
61.268
60.911
60.567
60.398
60.608
60.729
60.851
60.954
60.975
60.996
60.779
60.562
60.239
60.262
60.286
60.439
60.321
60.235
60.215
60.314
60.301
60.14
60.22
60.326
60.426
60.524
60.621
60.607
60.415
60.474
60.559
60.651
60.236
60.158
60.14
60.178
60.336
60.528
60.812
60.859
60.907
59.925
58.024
55.077
57.498
59.919
59.957
60.093
60.543
60.64
60.69
60.627
60.619
60.557
60.66
60.719
60.696
60.946
61.101
60.572
60.089
60.327
60.551
60.466
60.226
60.159
60.154
60.08
60.18
60.127
60.336
60.484
60.717
60.727
60.737
60.553
60.63
60.613
60.595
60.524
60.614
60.41
60.482
60.427
60.578
60.7
60.823
60.581
60.402
60.169
59.987
60.244
60.879
49.458
50.897
52.123
52.681
52.912
52.753
52.916
52.647
52.904
52.393
52.485
52.508
52.488
52.958
48.002
51.408
54.814
61.93
61.455
61.376
61.65
61.908
62.069
61.904
61.893
61.894
61.902
62.082
61.98
61.879
61.338
60.797
59.639
57.522
54.047
51.331
52.669
56.014
57.301
58.154
59.256
59.921
50.293
50.987
60.384
60.287
60.424
60.141
59.993
59.987
60.07
59.977
60.002
60.203
60.291
60.246
60.228
55.008
49.787
48.802
49.058
50.645
48.605
47.803
45.378
46.662
47.946
49.134
60.467
60.633
48.262
48.012
48.624
48.737
48.85
48.94
49.762
49.439
60.829
60.09
59.341
58.665
59.016
59.013
59.192
59.429
59.034
59.161
53.235
47.31
48.278
60.694
60.263
60.062
59.921
59.978
63.409
66.839
66.939
66.851
59.88
60.128
60.207
53.163
53.072
53.304
57.117
60.93
60.447
59.94
59.442
59.607
60.144
60.222
60.3
60.467
60.635
60.51
60.385
60.426
60.538
60.439
60.235
60.362
59.937
59.336
59.453
60.019
60.394
60.575
60.757
60.345
60.116
59.905
59.985
60.337
60.572
60.653
60.734
60.816
61.418
62.02
62.526
63.031
51.408
50.602
69.691
69.49
69.317
69.406
65.739
62.072
62.115
62.158
62.311
62.464
51.14
50.318
50.926
50.424
50.709
50.735
51.268
51.755
51.757
52.074
52.39
52.468
52.874
52.736
52.751
52.846
52.469
52.383
50.658
63.821
64.371
51.125
50.864
50.682
50.546
50.566
50.313
56.391
53.06
49.728
50.383
49.909
50.24
50.344
50.528
50.707
51.52
50.931
50.342
50.085
50.329
50.534
50.742
50.374
62.779
62.666
50.679
50.517
50.73
50.627
50.955
50.829
50.703
50.601
50.626
50.446
50.728
50.394
62.268
62.045
62.309
62.606
50.552
50.956
50.553
53.41
53.427
53.443
54.918
54.198
54.935
55.841
55.694
55.702
55.838
55.853
56.131
56.281
56.433
56.818
56.834
56.851
56.572
56.63
56.65
56.247
55.281
56.299
56.462
56.613
56.289
56.472
57.042
57.574
58.153
58.708
59.228
59.002
58.773
58.544
57.946
58.233
58.418
58.382
58.09
58.309
58.527
58.317
58.153
57.988
58.46
58.191
57.922
58.33
58.561
58.561
58.583
58.203
57.85
58.012
58.272
58.347
58.501
58.762
59.172
59.074
58.178
58.966
59.754
59.928
59.878
59.922
60.104
59.838
59.668
59.671
59.935
60.067
60.137
60.231
60.176
60.148
60.412
61.074
50.307
50.881
51.248
51.006
50.852
50.642
50.861
50.401
50.378
50.644
50.811
50.493
58.823
55.254
55.943
56.633
51.37
49.985
56.405
56.942
57.039
57.044
56.911
57.386
57.91
58.365
58.817
47.727
48.029
48.365
48.32
48.08
60.536
60.366
60.416
60.587
60.461
48.177
48.271
48.182
48.304
48.263
48.112
60.337
60.366
60.343
60.354
60.452
60.515
60.555
60.472
60.545
60.464
60.594
60.744
61.04
60.741
60.614
60.438
59.986
59.465
59.496
59.572
59.674
59.46
59.475
59.556
59.619
59.694
59.831
60.203
60.445
60.849
60.879
60.908
60.478
60.255
53.358
46.46
48.018
