43.072
48.953
49.141
58.228
59.349
59.807
60.071
60.194
60.317
61.006
60.984
60.633
48.808
47.827
59.914
60.259
60.576
60.518
60.545
60.572
60.517
60.462
63.904
67.346
67.426
60.778
60.542
60.307
63.507
66.948
62.931
58.914
58.982
54.195
54.643
54.725
54.952
53.159
55.244
54.205
52.216
53.561
54.906
54.102
54.564
54.244
54.027
53.121
52.998
72.053
71.592
71.266
71.343
71.5
71.658
71.812
71.776
52.738
52.964
52.643
64.693
64.899
65.042
64.828
65.104
64.812
64.793
64.885
64.976
59.125
65.757
72.39
72.627
53.687
54.615
54.612
55.144
55.379
55.497
55.507
55.488
55.064
54.787
55.309
55.531
55.358
55.208
53.383
67.041
67.098
67.026
55.171
55.211
53.613
52.673
52.961
52.326
53.066
54.861
55.645
54.131
53.363
54.041
54.353
54.108
53.825
54.427
55.216
55.066
55.053
55.359
55.185
55.244
55.16
54.787
55.173
55.176
55.232
55.021
53.66
43.194
43.514
43.859
55.274
56.131
56.396
56.147
55.898
55.847
55.572
56.212
55.882
55.391
55.705
56.059
56.239
56.006
55.773
55.802
55.511
55.894
56.105
45.092
44.896
58.639
58.443
57.668
57.268
57.133
57
56.772
56.885
56.564
56.319
55.666
55.508
54.699
54.155
53.871
53.467
53.725
53.984
52.268
51.938
52.666
64.839
65.082
64.697
53.052
52.362
52.171
52.295
52.25
52.458
53.01
54.341
52.681
54.649
56.616
56.701
58.677
60.653
57.088
53.524
55.186
66.716
66.536
66.419
66.407
66.427
66.49
66.688
66.789
55.144
55.002
55.345
54.785
55.226
54.909
54.938
54.437
55.046
54.791
54.276
55.409
54.915
55.093
55.174
53.97
55.755
54.689
54.871
54.877
54.143
55.599
55.414
54.96
55.258
64.036
64.012
64.326
55.872
54.666
54.242
52.47
55.034
63.775
64.103
47.367
47.614
54.027
64.246
64.132
55.659
47.187
47.513
47.083
58.296
58.766
58.946
66.965
66.991
67.041
67.044
61.751
56.458
56.086
55.83
55.816
55.827
55.835
55.931
56.088
56.105
56.061
55.978
56.085
56.09
56.175
56.213
56.241
56.284
56.308
56.139
54.715
45.007
45.214
55.529
54.678
55.199
54.904
54.556
54.195
54.033
65.217
64.972
52.9
52.989
52.963
52.913
52.993
53.001
53.937
54.873
53.252
52.382
45.209
45.108
44.864
63.556
63.459
51.633
51.513
51.556
51.684
51.666
51.599
51.098
63.534
62.105
61.902
61.699
61.076
65.181
58.028
50.875
51.728
52.513
53.467
53.906
53.559
53.487
53.073
52.659
53.556
52.42
52.733
53.046
54.028
53.754
53.194
45.88
45.329
44.962
44.595
44.885
52.005
51.924
51.889
51.948
52.004
51.694
52.594
54.08
54.141
53.403
53.171
53.227
53.387
53.467
53.336
53.169
53.285
54.421
55.871
53.628
44.866
45.363
51.399
53.202
52.88
44.694
44.915
45.009
45.037
52.503
54.617
54.965
54.983
54.087
55.286
53.279
57.11
52.351
47.592
47.752
60.336
60.411
67.655
67.788
68.363
61.746
49.775
50.402
54.577
58.752
59.176
47.463
48.909
49.112
49.315
48.658
48.001
48.106
48.173
48.239
53.576
53.335
57.802
50.649
43.497
44.966
44.528
46.914
71.843
71.261
71.492
71.722
71.986
72.215
72.241
72.076
59.287
59.082
58.876
55.938
54.163
57.895
57.948
57.97
57.993
57.812
57.631
57.277
57.581
57.885
57.663
57.882
58.101
58.227
62.131
52.605
43.078
43.053
48.996
49.64
48.545
48.714
59.711
59.568
59.507
59.44
59.619
59.719
59.991
59.848
59.866
59.883
59.72
59.557
59.366
59.441
59.23
45.591
52.466
59.342
59.517
59.837
59.767
59.748
60.42
45.855
47.073
59.429
59.352
59.581
59.81
56.181
61.429
57.526
53.624
51.97
52.536
59.13
63.206
59.497
55.789
54.647
53.424
53.88
54.365
54.851
53.831
52.812
53.651
52.99
52.328
67.028
66.938
66.991
66.942
56.793
55.345
61.187
60.057
58.927
59.031
59.135
