67.297
66.977
52.888
51.57
50.252
46.836
48.037
49.237
50.857
54.731
53.29
51.85
49.46
49.671
49.883
50.469
48.207
52.668
51.408
50.148
49.8
46.876
45.913
49.676
48.797
48.017
45.945
47.433
47.564
46.691
45.819
49.467
50.772
51.735
52.116
53.238
53.564
54.052
53.96
53.726
53.811
54.104
54.126
54.084
54.469
53.376
53.81
54.582
53.547
52.687
54.097
54.92
53.473
52.778
54.411
54.842
53.257
52.882
54.516
53.619
53.733
53.088
54.016
53.813
52.955
53.447
53.103
53.484
53.638
52.742
53.905
53.691
52.811
54.048
54.115
53.526
54.686
54.458
54.821
54.734
54.872
54.833
54.679
54.572
54.465
54.729
54.525
55.074
54.768
54.781
54.751
54.49
54.389
54.33
54.946
54.585
54.872
54.755
54.222
54.812
53.95
55.002
54.701
55.842
55.956
56.289
56.832
57.188
56.745
56.893
56.659
56.687
56.626
56.452
56.452
56.558
56.609
56.65
56.667
56.556
56.209
55.363
53.034
57.14
51.248
55.813
51.183
56.288
52.695
49.102
49.855
50.8
50.542
50.284
50.68
50.468
50.256
50.111
50.498
50.559
50.761
50.962
50.87
48.892
50.124
50.944
50.595
50.246
49.941
49.1
51.454
52.064
52.817
54.436
54.559
54.86
55.199
54.802
54.633
54.43
54.606
54.373
54.401
48.783
43.164
43.128
54.859
54.514
53.176
52.075
50.187
49.19
59.743
59.705
49.361
43.546
44.516
43.879
43.392
43.442
43.492
50.682
50.853
50.999
52.29
52.889
53.409
53.503
53.827
53.949
53.962
53.975
53.896
54.039
54.043
54.048
54.345
54.966
54.893
55.652
55.579
56.045
56.229
56.412
56.348
56.631
56.22
56.368
56.516
56.378
56.35
68.29
68.372
68.356
68.375
68.394
56.425
56.578
56.768
56.403
56.679
56.693
56.633
57.44
56.976
58.138
58.571
58.72
58.644
58.236
58.456
58.805
58.865
58.838
59.068
58.882
58.925
58.846
58.873
58.778
58.65
58.559
58.44
58.337
58.171
57.647
56.206
55.109
55.187
55.388
56.283
56.575
57.523
56.861
56.952
56.608
55.83
56.976
55.895
56.404
56.321
56.588
56.964
56.357
57.094
57.015
56.47
56.69
57.187
56.598
56.809
57.48
55.993
57.307
56.494
56.032
55.395
54.757
54.728
54.825
55.32
55.694
57.193
57.328
58.664
58.947
59.534
59.82
59.776
59.781
59.813
60.019
60.285
59.859
47.921
47.474
60.178
60.81
61.039
60.498
60.237
59.851
59.648
59.681
59.698
59.561
59.591
59.582
59.529
59.606
59.747
59.726
59.741
59.516
59.776
59.628
59.553
59.545
59.749
59.718
59.655
59.625
59.745
59.915
59.581
59.21
58.813
58.718
58.034
58.802
58.339
58.851
58.498
58.903
58.946
58.618
58.929
58.625
58.632
58.424
58.34
58.263
58.128
57.984
58.635
57.415
56.957
56.257
56.49
56.234
56.123
56.561
56.467
56.041
56.309
56.583
55.953
55.675
55.431
55.114
54.894
55.099
54.121
55.375
55.13
54.548
55.683
55.394
54.673
55.636
55.494
55.249
54.72
54.685
53.865
54.401
53.992
65.429
65.008
65.105
65.253
65.426
65.459
65.485
65.319
65.208
65.449
53.841
54.622
54.707
55.039
67.163
66.996
66.79
66.827
66.888
66.929
66.922
66.946
66.99
66.995
66.975
66.994
66.982
66.995
67.014
54.689
54.715
54.672
53.85
54.283
54.716
54.916
55.115
49.944
49.791
49.893
49.912
49.931
50.138
49.994
50.142
50.022
50.116
56.981
56.806
50.335
49.875
50.179
50.011
50.167
56.821
57
56.836
56.98
56.827
56.951
56.91
56.939
56.975
57.182
56.586
56.787
56.882
56.976
56.93
56.883
56.877
56.89
56.931
56.941
57.025
57.085
57.153
57.306
57.518
57.775
58.032
58.396
58.824
58.524
59.207
58.709
59.147
58.402
58.675
58.171
57.77
57.671
57.648
57.632
57.519
57.291
57.053
57.109
57.112
56.965
56.894
56.822
56.886
56.882
56.91
56.949
56.95
56.722
56.618
56.514
56.897
57.509
56.799
56.09
52.034
55.07
52.738
56.974
52.188
47.401
48.93
50.458
48.992
47.526
