80.53
80.642
80.956
81.328
81.84
82.349
82.449
82.412
82.418
82.437
82.433
82.429
82.445
82.337
82.423
82.451
82.47
82.573
82.642
82.588
82.457
82.325
81.907
82.162
82.361
82.486
82.626
82.834
82.809
82.45
55.469
47.976
49.739
50.374
50.707
50.505
50.304
49.269
49.972
49.558
49.955
49.252
53.378
48.841
53.087
57.334
56.434
43.329
43.106
56.72
56.074
56.73
56.341
56.98
56.666
42.99
43.05
48.434
53.818
53.187
52.557
53.556
54.791
56.026
81.325
81.498
81.684
81.929
82.079
82.57
82.88
83.339
83.534
83.461
83.388
83.386
83.432
83.479
83.433
83.43
83.492
83.486
83.558
83.56
83.499
83.44
83.292
83.145
83.013
83.259
83.411
83.641
83.87
71.746
59.622
59.458
59.355
59.364
59.342
59.32
59.289
59.417
59.545
83.808
83.564
59.506
59.489
83.054
83.012
83.247
83.426
83.712
83.923
83.827
83.522
83.248
82.974
82.907
83.064
83.246
83.603
83.787
83.868
83.816
83.501
83.177
83.069
82.89
83.098
83.33
63.4
63.39
63.242
63.147
63.032
50.849
50.641
82.884
83.173
50.883
50.805
83.715
83.88
83.758
83.495
83.248
83
82.916
83.129
83.372
83.745
83.833
83.92
83.623
83.327
83.22
82.915
82.915
83.099
83.398
83.683
74.934
66.184
66.515
67.257
68.566
75.889
64.84
53.79
53.754
66.255
66.202
74.903
83.604
83.373
83.141
82.921
83.053
83.268
83.482
54.516
54.554
54.677
54.508
54.777
66.497
82.951
83.055
66.682
75.18
83.678
83.919
65.69
65.877
65.703
65.402
65.816
53.895
55.098
53.976
54.12
52.397
72.243
71.934
63.435
54.936
54.335
54.924
55.333
55.846
56.149
56.117
56.141
56.294
56.023
55.899
55.422
55.513
55.696
55.677
55.636
55.869
55.868
55.779
55.98
56.166
56.117
56.117
56.321
56.199
56.124
56.205
56.275
56.354
56.332
56.281
56.171
56.098
56.182
56.266
56.258
56.066
55.835
55.549
55.115
54.477
54.187
54.069
54.059
53.689
53.89
53.48
53.847
53.7
53.107
44.597
44.644
44.141
44.632
44.69
44.064
45.258
59.131
67.077
67.355
60.999
61.594
62.066
62.433
62.587
62.517
62.321
62.209
62.364
62.354
62.622
51.001
50.882
50.959
50.883
50.928
63.132
63.216
63.142
63.092
63.285
63.489
63.403
64.713
66.022
66.199
65.993
50.5
49.937
58.871
58.892
59.046
51.796
51.311
51.325
51.692
51.86
51.298
51.265
51.343
51.258
51.691
51.051
68.58
68.467
65.132
61.797
61.959
62.086
62.214
61.45
62.106
61.411
60.716
50.381
51.129
51.48
51.832
67.84
66.557
65.612
57.478
57.095
57.573
58.052
58.224
58.397
58.355
58.666
58.978
59.157
59.223
59.116
59.107
59.309
59.5
59.415
59.361
59.433
52.301
52.338
52.551
59.104
59.367
59.436
59.351
59.489
59.53
59.587
59.492
59.471
59.486
59.532
59.418
59.418
59.515
59.526
59.402
59.562
66.495
66.451
66.393
66.532
66.72
59.502
59.633
59.673
59.586
59.547
59.433
59.256
59.215
59.143
59.07
59.151
59.267
59.429
59.436
59.28
59.098
59.038
59.315
59.137
58.969
59.77
66.884
66.744
71.636
71.547
71.313
71.338
61.57
51.802
51.934
55.667
59.401
59.193
58.368
57.543
56.139
56.062
56.003
55.918
55.57
56.261
56.386
56.352
56.06
55.899
55.907
55.772
55.176
55.579
55.907
61.164
57.346
61.882
57.937
57.378
56.819
55.712
55.582
55.453
55.455
55.457
55.343
54.774
54.204
53.992
61.454
61.517
61.676
56.97
52.263
56.955
55.82
54.684
54.887
54.763
54.575
61.423
61.544
54.4
54.463
54.578
54.816
54.762
53.908
54.564
54.757
54.905
55.325
56.979
55.326
55.427
55.529
51.232
46.935
47.457
47.426
47.395
47.265
47.405
47.327
47.405
47.61
47.365
47.483
47.323
47.214
47.45
47.154
47.659
47.43
47.114
47.891
47.3
47.295
48.031
59.592
59.611
59.608
59.616
59.662
71.494
71.421
59.352
59.208
78.436
78.414
78.413
78.395
78.418
78.434
78.398
78.361
78.419
78.389
78.439
78.437
78.411
78.387
76.828
75.269
75.497
75.521
75.457
75.386
75.548
75.38
75.372
75.477
75.345
75.413
75.383
75.48
47.498
48.442
80.367
80.465
80.406
80.415
80.403
80.409
80.428
80.491
80.487
80.405
80.468
80.411
80.391
80.412
80.417
80.496
83.33
83.387
83.371
83.362
83.424
83.438
83.41
