58.221
57.074
56.964
56.853
56.768
63.368
53.805
51.307
53.951
56.595
56.78
48.554
48.293
57.422
57.5
57.147
56.794
56.544
55.682
56.587
57.119
57.209
56.868
57.277
56.892
53.814
54.116
53.481
52.846
52.717
52.706
52.696
52.924
55.687
60.298
58.874
60.304
59.895
56.986
57.338
56.891
46.197
47.939
48.674
59.589
59.806
60.083
60.062
59.58
59.098
59.143
59.188
56.704
48.523
47.673
53.676
48.918
44.159
43.532
44.241
44.041
61.26
60.006
60.019
53.826
53.653
53.48
53.011
52.541
51.536
52.203
53.531
53.72
53.365
53.013
52.958
49.73
49.821
47.97
49.379
50.788
49.283
50.54
50.5
51.458
51.596
52.109
53.009
53.9
53.835
54.8
54.263
53.909
53.887
46.008
45.984
53.796
53.645
53.777
53.991
54.206
54.065
54.013
54.279
54.545
54.108
54.204
49.973
51.836
53.698
53.799
45.839
46.091
54.038
53.976
54.032
45.777
46.158
53.812
53.827
53.899
53.86
53.82
53.702
53.826
53.972
53.951
53.929
53.7
53.791
54.246
54.301
54.097
53.961
54.291
54.163
54.034
54.111
53.691
54.413
53.975
53.943
53.654
54.198
54.322
54.445
53.647
54.367
54.442
54.248
54.167
53.859
54.305
54.721
53.715
54.021
53.905
53.939
53.9
53.776
54.032
53.855
54.269
53.996
54.184
53.968
53.912
53.925
53.784
53.91
54.059
53.871
54.05
54.035
53.856
53.958
53.8
53.643
53.557
53.609
53.849
54.468
53.672
53.615
53.552
53.053
53.17
53.287
53.572
53.857
54.98
53.994
53.008
55.211
53.63
53.056
53.65
54.244
53.833
53.925
54.584
54.078
53.571
49.114
44.657
44.73
55.152
53.644
54.056
54.468
54.222
54.072
53.923
54.454
54.087
54.751
53.675
53.528
54.062
53.83
53.201
53.275
53.614
53.65
53.582
53.037
53.118
65.037
65.114
65.001
64.791
64.904
65.016
56.445
57.528
57.579
58.833
59.532
59.902
60.123
60.534
60.921
61.179
61.271
61.069
61.04
60.969
60.993
60.843
60.719
60.792
60.443
59.712
58.925
59.573
58.361
58.465
58.569
58.692
58.816
59.103
58.872
58.979
58.582
58.853
57.493
56.657
56.724
57.222
57.72
58.169
58.544
58.481
58.369
58.856
58.269
58.652
58.388
58.252
58.339
58.352
58.258
58.477
58.059
57.641
58.425
58.556
58.604
58.461
70.121
70.259
58.038
58.567
58.753
58.854
59.007
59.036
58.817
54.94
54.825
58.86
58.905
58.829
58.804
58.653
58.61
58.526
58.481
58.524
58.54
58.55
58.501
58.589
58.593
58.628
58.705
58.751
58.807
58.886
58.889
58.741
58.594
58.54
58.506
58.394
58.538
58.638
58.61
58.65
58.73
58.735
58.718
58.554
59.025
58.691
58.487
58.601
58.325
58.902
58.57
58.672
58.527
58.427
58.619
58.534
58.725
58.501
58.339
58.36
58.506
58.622
58.894
58.418
58.581
58.455
58.637
58.735
58.563
58.57
58.478
58.564
58.379
58.659
58.716
58.704
58.614
58.641
58.779
57.307
55.835
56.311
58.354
58.624
58.685
58.758
58.769
58.492
58.587
58.445
58.169
52.097
52.876
53.149
53.078
53.057
52.954
53.013
53.079
52.971
52.986
52.903
52.96
52.973
52.886
52.961
52.991
53.048
53.101
52.938
53.023
52.883
52.981
53.008
52.998
52.948
52.957
52.938
53.05
