65.94
65.93
48.956
48.929
47.997
55.873
55.723
57.51
58.247
58.784
57.915
56.895
57.358
57.802
58.247
54.513
53.48
54.042
54.774
54.514
54.254
55.163
53.283
54.236
54.788
54.079
53.747
54.437
54.011
54.023
53.385
55.097
52.464
50.814
49.624
60.553
60.943
60.736
60.803
60.734
57.155
56.66
56.675
49.388
49.505
49.392
49.349
49.076
48.74
49.746
46.744
49.842
52.941
53.82
53.563
58.691
59.021
60.572
50.239
51.22
53.177
53.294
53.624
66.031
66.019
66.003
65.997
65.975
66.034
55.827
56.416
55.749
55.558
55.239
55.37
55.253
55.137
54.635
54.558
54.387
54.368
54.07
54.019
54.232
54.153
54.185
66.167
66.076
66.04
65.994
66.084
66.074
55.257
55.815
56.285
56.043
56.022
55.946
56.185
55.685
55.669
55.266
55.245
55.223
67.759
68.009
48.603
52.647
56.692
56.182
55.55
55.54
55.982
56.217
56.441
57.283
57.865
58.461
58.691
58.734
58.856
58.941
59.07
59.055
58.96
58.801
58.641
58.377
57.751
64.424
71.097
71.054
71.023
55.649
55.746
55.999
56.015
56.038
55.678
55.477
54.836
53.883
68.034
68.01
67.973
67.952
67.944
68.005
54.312
54.375
54.437
54.656
54.688
54.632
54.566
54.122
48.666
58.349
50.803
59.427
68.051
68.046
53.552
54.309
54.129
53.814
53.533
53.714
53.665
53.455
53.485
53.354
53.224
65.659
65.724
53.531
53.643
53.673
53.762
53.918
53.942
53.917
53.844
53.813
53.752
53.724
53.758
66.015
65.961
65.95
65.952
65.985
66.043
66.034
66.06
66.077
58.977
58.964
65.927
65.918
65.92
65.895
47.192
46.96
46.794
51.828
51.961
52.561
52.633
64.316
64.307
52.861
52.835
52.572
52.118
52.32
52.496
52.605
52.853
52.854
52.415
56.035
55.994
64.09
64.223
63.954
64.021
63.854
63.957
63.68
64.097
60.394
60.723
60.904
61.223
61.126
60.412
60.086
60.279
60.472
60.998
61.395
60.748
57.598
58.117
57.524
47.03
46.882
58.792
58.767
58.901
58.952
59.023
59.084
58.983
59.254
59.473
47.292
47.227
47.109
46.957
46.652
46.853
47.019
47.533
47.097
46.93
46.594
46.653
46.962
46.684
50.498
54.312
54.528
54.387
54.605
54.823
55.003
55.605
55.745
55.958
56.293
56.512
68.472
68.35
68.308
68.234
56.181
56.388
68.432
68.374
68.377
56.29
56.427
56.32
68.257
68.218
68.15
68.107
68.071
68.157
56.404
56.071
56.506
56.795
68.279
68.262
56.402
56.209
56.463
56.273
56.12
56.677
56.206
56.307
56.188
56.539
55.866
56.377
56.721
56.723
56.726
56.224
56.816
56.139
56.172
56.248
56.013
55.777
56.075
56.686
56.237
55.8
55.955
56.218
56.153
56.231
49.66
48.663
50.068
56.632
56.172
56.972
57.596
58.22
56.643
56.613
56.907
49.316
49.484
49.984
49.485
49.921
46.584
46.856
46.802
47.171
47.188
46.95
46.82
46.856
47.056
46.965
47.124
46.88
47.042
47.002
46.946
46.764
46.901
46.994
47.114
47.344
46.752
46.885
47.004
47.131
46.927
46.643
47.389
47.091
51.414
55.736
56.198
47.864
47.632
46.56
43.96
45.45
47.673
48.077
46.999
46.265
44.867
47.377
48.623
47.854
55.045
56.024
56.391
55.976
55.237
55.382
55.709
56.059
56.093
56.023
55.956
55.788
55.761
55.792
55.873
55.902
55.941
55.921
56.054
56.031
55.957
55.367
49.09
46.078
46.305
47.022
47.4
47.156
46.823
46.589
46.965
47.173
47.05
46.769
46.975
47.276
55.74
55.685
57.362
48.992
49.47
49.164
48.938
48.804
48.646
48.922
49.011
48.949
48.968
49.134
48.919
49.5
48.814
49.188
48.623
49.416
49.521
49.627
47.959
49.88
50.131
50.382
47.351
47.218
47.086
47.024
47.327
47.16
46.726
46.702
47.407
47.851
47.034
46.075
46.65
47.955
48.213
