66.827
74.969
74.941
67.155
58.925
52.837
52.857
53.039
52.941
53.103
82.085
82.105
82.011
52.87
52.985
52.728
69.956
70.028
52.927
51.421
49.914
49.653
48.749
49.463
48.474
47.365
45.357
49.029
47.125
45.222
45.904
47.979
48.063
47.003
45.943
46.602
47.261
48.488
47.901
47.315
45.756
45.468
48.681
47.295
47.3
47.98
40.953
41.241
41.529
57.996
57.981
57.987
58.208
58.295
58.382
58.351
58.266
58.074
57.423
58.023
57.867
58.056
59.43
53.957
48.484
47.941
48.019
47.89
47.722
59.858
60.05
59.688
56.975
54.261
51.685
49.109
47.159
60.503
59.289
46.615
46.858
45.339
46.937
46.838
46.644
46.5
46.355
46.435
46.082
46.265
45.574
45.886
45.493
46.18
45.919
45.84
46.333
46.587
45.454
46.512
47.708
47.533
47.359
47.302
47.245
47.19
47.136
45.315
46.883
47.345
47.806
48.013
48.219
48.635
49.05
48.757
50.719
48.65
50.527
48.773
49.285
48.123
48.563
49.003
48.702
50.452
62.081
55.448
64.657
56.983
65.323
63.438
61.553
67.397
58.085
59.932
61.779
48.72
56.855
64.99
64.996
64.948
64.95
64.965
65
64.888
57.785
57.997
58.155
58.013
58.066
58.075
57.952
57.956
57.812
53.469
47.029
48.448
49.538
49.709
50.013
48.933
50.279
49.067
48.919
49.245
48.944
48.644
48.961
49.278
49.953
49.804
49.655
51.021
51.341
51.065
50.789
49.985
50.852
56.16
61.468
62.536
62.653
49.746
50.242
51.191
51.14
50.707
50.149
50.757
50.302
49.847
49.894
51.423
50.39
49.624
50.372
62.662
62.8
62.793
62.787
62.677
49.956
49.739
51.497
51.398
49.682
50.711
50.757
51.199
51.513
51.094
50.674
52.02
53.365
52.108
50.851
51.397
50.779
51.758
50.654
50.51
49.118
48.538
47.958
48.048
48.137
48.458
49.602
48.27
48.715
49.159
48.483
47.807
66.026
66.029
66.048
46.357
45.408
46.367
46.441
52.911
59.381
60.199
59.61
59.994
58.764
58.358
58.601
58.845
58.529
58.213
57.895
57.436
57.594
57.84
58.086
58.12
58.287
58.24
58.221
57.719
58.11
58.317
58.615
46.224
46.931
47.231
59.582
61.342
47.304
47.053
46.946
46.839
46.624
45.132
45.552
46.463
46.681
46.597
46.513
46.565
45.126
45.89
46.303
46.032
46.019
46.033
46.506
46.979
47.094
47.21
45.584
46.385
46.248
45.671
47.142
44.882
46.721
45.825
45.888
45.933
45.885
46.188
46.096
46.005
46.76
46.346
46.791
47.235
47.16
46.994
46.827
46.8
47.58
48.36
48.908
48.525
48.143
47.989
47.836
49.723
48.652
48.483
48.313
50.064
49.662
49.259
48.442
47.624
47.602
47.58
48.199
48.819
48.599
48.379
61.523
61.65
50.45
48.886
48.486
48.072
47.658
47.638
47.618
48.953
50.288
51.05
51.813
51.637
51.462
48.351
47.444
47.377
47.31
47.645
47.98
47.836
47.693
47.609
47.524
47.642
47.76
46.466
45.171
48.252
50.907
60.447
59.979
53.881
56.951
52.699
56.326
59.953
60.275
59.771
60.156
48.428
46.545
45.571
45.033
45.565
46.097
46.334
