46.583
52.012
57.441
57.641
58.085
58.89
60.299
60.323
67.456
67.539
67.974
61.793
50.482
51.241
51.4
51.56
75.406
75.253
51.443
51
51.86
48.76
55.365
61.97
60.679
60.848
61.112
60.813
60.17
60.677
61.183
50.163
50.123
50.55
51.114
51.678
53.532
53.356
54.429
56.357
54.775
55.27
55.765
54.194
52.624
64.781
64.89
64.941
65.092
53.377
53.114
53.764
52.512
53.397
53.147
52.55
53.49
52.768
52.964
53.177
71.858
71.784
71.812
71.923
71.917
71.657
71.427
71.239
52.117
51.068
61.167
61.444
61.317
61.571
61.058
51.554
53.331
71.171
71.067
71.141
71.258
71.38
71.494
71.551
52.119
52.33
60.856
61.059
54.941
49.994
50.695
50.855
51.014
70.472
70.643
70.726
70.603
70.435
70.208
69.742
69.015
68.248
67.808
67.368
67.641
60.922
60.785
60.736
72.815
72.876
73.129
73.172
49.493
49.15
61.434
61.5
60.022
68.552
64.965
61.377
57.425
58.164
58.904
58.236
55.816
51.199
50.525
53.218
54.011
54.805
55.717
56.58
61.617
61.645
61.3
53.09
53.189
53.848
53.869
53.537
53.778
53.135
54.057
53.517
53.492
53.466
53.245
53.025
52.338
53.483
53.073
52.663
53.177
72.069
71.806
71.541
71.508
52.898
53.113
53.019
52.925
53.533
60.916
61.03
60.953
77.096
77.053
53.061
53.31
52.85
71.522
71.245
71.306
71.467
71.711
64.983
64.995
61.306
57.617
58.339
58.41
58.457
57.847
57.865
62.752
62.659
62.946
63.224
63.412
63.204
62.842
62.836
62.83
62.806
69.826
64.669
59.513
57.644
60.332
76.073
76.584
76.629
60.916
60.994
60.535
56.417
56.765
55.978
56.859
58.909
60.958
61.837
61.59
65.995
70.399
70.346
70.043
69.739
51.102
50.854
51.601
52.08
52.825
53.731
76.943
76.933
74.406
71.878
71.983
71.973
71.923
72.033
53.803
54.419
63.107
71.795
71.977
72.111
72.115
71.994
71.87
71.858
71.777
57.168
52.575
52.504
52.486
52.491
52.671
53.067
53.29
52.791
52.524
54.012
52.758
52.98
52.726
55.199
57.673
57.634
58.261
58.39
58.52
65.176
58.953
52.731
52.31
52.409
52.877
52.923
53.592
52.792
52.124
52.803
52.83
52.857
53.243
53.629
53.667
53.31
52.953
53.576
53.091
77.033
76.999
65.794
71.424
62.719
54.013
54.032
59.803
60.028
53.802
54.72
76.998
77.006
77.014
77.034
77.014
77.032
67.351
57.669
56.323
56.413
56.998
57.584
75.334
75.541
78.823
68.634
58.444
58.292
58.95
59.609
72.469
73.205
73.366
73.527
72.999
72.416
72.151
72.306
61.078
61.553
61.439
61.393
60.479
59.838
59.196
59.424
59.838
60.282
53.872
52.915
54.351
52.881
54.268
55.655
52.908
