73.534
73.302
72.524
60.746
59.31
60.961
62.166
62.972
64.206
64.586
76.218
75.734
75.094
74.946
74.394
73.673
73.302
72.871
56.838
57.036
56.897
56.111
54.883
58.762
58.632
59.657
59.203
58.748
59.158
59.148
55.462
56.367
56.609
56.852
56.645
56.734
56.831
56.899
56.901
56.836
56.864
64.839
65.578
56.888
56.922
57.064
57.15
57.045
56.94
56.953
56.984
56.702
56.882
56.827
57.109
56.958
56.858
56.72
56.642
56.935
57.503
58.095
58.669
59.534
59.589
59.959
59.752
59.761
59.793
59.588
59.899
59.586
59.724
59.473
59.196
58.219
57.808
57.91
59.655
59.905
59.998
59.93
59.625
59.622
59.133
58.869
58.382
58.001
57.951
58.371
58.735
58.852
58.748
58.692
58.414
57.859
57.478
57.756
57.912
58.04
58.225
58.163
58.396
57.87
58.421
57.71
58.365
57.904
58.758
58.479
58.732
59.029
58.831
59.275
58.941
58.529
59.176
58.085
57.018
46.329
46.273
46.614
51.435
56.257
56.6
56.829
56.798
56.64
57.227
57.79
57.773
58.823
59.375
59.152
59.133
59.281
59.286
58.843
58.707
58.835
58.728
58.583
58.659
58.945
58.853
58.853
58.979
58.744
58.495
59.175
58.816
58.715
58.558
58.874
59.279
58.642
58.656
58.692
58.657
59.221
58.544
58.514
58.764
59.055
58.837
58.656
58.517
58.488
58.689
58.589
59.346
58.685
58.52
58.998
59.075
58.609
58.938
58.91
59.172
59.186
58.59
58.603
59.463
58.863
58.543
58.899
58.882
58.489
58.183
59.104
72.681
72.111
71.047
58.741
49.838
51.43
50.733
49.312
48.684
48.96
49.236
51.603
54.029
56.298
57.577
57.959
58.483
58.763
58.728
59.508
59.197
59.203
59.237
58.759
58.911
58.618
58.324
58.564
58.645
58.632
58.446
58.668
58.895
58.687
58.666
58.824
58.728
58.721
58.88
58.908
58.767
58.914
59.088
58.543
58.996
59.251
58.587
58.255
58.106
59.362
58.288
57.958
57.506
57.878
57.72
57.794
63.231
63.202
63.525
63.681
63.725
64.058
64.151
64.021
64.255
64.184
64.084
64.348
64.478
64.396
64.401
64.377
63.274
62.81
62.81
63.598
64.318
64.349
64.365
64.381
75.953
75.772
75.704
75.477
75.197
74.983
62.6
62.287
62.112
61.987
61.896
62.121
62.272
62.142
62.37
62.449
62.458
62.457
62.201
62.702
62.546
62.738
62.442
62.82
62.686
62.673
62.845
62.612
62.955
62.771
62.968
63.107
62.807
62.933
62.839
62.677
62.64
62.485
62.509
62.969
63.606
63.967
64.367
64.093
64.239
64.204
64.581
64.735
64.982
65.062
64.742
64.545
64.369
64.294
64.577
64.411
64.22
64.5
64.32
63.746
63.73
64.06
64.61
65.05
65.577
65.361
65.3
65.499
65.434
65.205
65.369
65.408
65.256
65.101
64.931
64.712
64.952
65.034
65.616
58.095
58.37
58.523
