55.357
61.199
60.069
58.938
59.044
59.15
59.405
55.998
54.766
53.95
53.149
58.463
54.006
49.55
54.929
51.231
50.698
50.165
51.239
44.456
44.128
45.292
52.466
53.243
52.955
52.825
53.134
53.139
53.145
52.619
52.754
53.095
53.124
53.246
53.302
52.622
51.892
51.228
52.715
52.62
52.677
52.902
53.162
53.228
53.285
56.255
54.863
53.483
53.637
53.198
52.606
53.005
53.109
53.214
52.743
52.805
53.024
54.315
52.78
52.52
52.616
52.712
53.946
53.58
53.086
52.88
52.996
53.112
53.251
53.359
53.403
53.304
52.909
52.536
52.164
52.944
53.101
53.396
53.692
53.815
54.772
67.007
67.287
67.469
67.793
67.9
67.987
67.737
44.583
45.135
45.118
55.716
68.521
68.142
67.68
67.385
67.192
67.007
66.794
66.555
66.314
65.305
64.296
63.94
63.978
64.057
56.991
54.502
53.477
53.655
65.254
65.631
65.476
65.487
65.488
65.142
65.123
65.441
50.564
50.633
64.23
63.85
70.367
76.884
76.226
70.215
64.203
52.861
52.629
53.328
53.932
54.318
49.997
49.641
49.147
49.171
47.662
49.967
52.273
52.074
52.789
52.872
53.234
54.913
54.995
54.944
55.158
55.072
59.384
59.124
63.252
67.38
66.991
54.992
54.327
54.136
53.744
53.081
52.208
61.199
70.189
69.447
51.739
51.141
53.617
54.281
53.153
53.366
55.191
54.195
50.718
50.805
51.165
49.776
50.402
51.184
53.153
53.559
52.952
52.345
52.566
51.449
51.007
62.716
61.865
61.416
61.083
61.142
61.202
61.832
61.786
60.999
49.314
49.084
49.033
48.361
59.238
58.729
58.898
59.119
59.184
59.461
59.93
60.079
60.142
60.059
59.635
59.485
59.581
59.54
59.368
59.383
59.397
58.862
59.057
59.492
59.611
59.16
59.113
59.13
58.876
58.938
58.893
59.233
59.201
54.307
49.412
54.724
55.107
55.491
54.257
54.205
51.936
49.973
50.521
48.868
54.934
53.049
55.032
66.895
