45.764
44.123
53.72
63.976
64.282
59.661
55.04
54.328
53.036
51.53
52.358
53.096
58.972
59.282
56.333
54.57
53.658
53.808
53.959
55.824
53.323
53.88
54.438
54.612
58.96
58.837
58.713
56.277
56.61
56.943
55.137
53.94
53.706
53.818
56.264
57.262
58.26
55.814
54.945
53.551
54.063
53.81
53.302
52.794
53.543
54.293
44.309
44.225
43.783
52.022
51.824
50.207
49.736
49.264
50.114
50.963
51.372
63.766
64.169
52.574
52.614
52.635
52.507
52.38
52.117
52.161
52.128
52.279
52.691
52.931
53.178
53.23
53.021
52.22
53.949
55.678
54.965
53.935
52.904
51.188
52.644
51.714
51.752
52.117
52.256
52.677
52.345
52.019
51.692
52.066
52.48
52.981
54.567
53.107
52.675
51.729
63.941
63.951
52.44
52.877
53.248
53.118
52.999
52.996
52.762
51.048
52.24
53.432
52.523
44.523
44.525
44.903
52.781
52.817
52.739
45.295
45.112
44.709
52.741
53.082
55.26
54.666
55.471
67.023
66.874
67.213
67.447
54.591
55.414
54.807
55.147
54.937
54.814
54.71
54.116
54.039
53.783
55.122
54.117
53.968
52.084
50.201
57.503
64.805
64.734
53.38
51.693
53.354
53.42
53.485
52.267
53.269
53.138
52.716
52.294
52.442
52.95
52.42
52.102
51.301
51.625
51.761
51.897
53.018
51.759
71.434
71.349
71.222
64.202
64.019
64.113
58.097
52.081
51.883
52.651
53.036
53.598
54.113
54.57
54.186
54.89
53.165
54.27
53.321
52.57
52.867
52.572
53.011
52.564
52.619
52.296
52.72
52.246
52.782
61.938
71.094
71.059
57.667
64.02
58.251
52.483
49.662
50.858
50.595
50.332
50.858
51.384
50.614
53.354
56.093
64.037
64.065
54.661
52.556
51.554
50.186
49.666
49.147
60.871
60.958
61.046
61.31
61.274
60.482
63.963
63.993
63.91
63.9
56.061
57.432
58.803
58.5
58.179
58.407
58.635
58.908
59.181
59.307
59.408
59.309
59.065
59.158
52.52
45.882
45.601
46.858
47.457
47.159
46.665
46.892
52.952
49.418
45.884
47.503
45.618
43.733
59.794
59.677
58.074
55.318
54.896
52.713
46.971
56.907
52.762
48.617
62.276
53.206
58.648
51.1
43.552
43.875
43.724
43.573
43.716
45.512
47.307
47.745
55.543
59.085
58.864
55.144
47.705
47.641
47.171
55.393
54.694
55.997
47.533
47.053
48.967
50.88
49.279
47.677
46.927
48.895
50.863
50.963
46.56
45.821
51.443
51.79
52.232
52.514
71.898
72.108
52.843
53.129
53.139
52.909
52.991
52.985
51.951
60.469
68.988
68.936
68.9
68.949
64.222
64.308
56.218
53.759
53.013
58.9
56.088
53.277
52.784
44.847
45.254
53.012
53.045
53.025
64.912
64.809
64.805
52.728
52.589
52.373
64.556
64.527
64.536
64.546
64.523
64.527
64.576
53.227
52.893
52.549
52.363
64.82
64.12
64.074
64.08
45.743
44.714
44.507
44.616
52.376
52.649
44.391
45.22
44.934
45.056
44.896
52.582
52.183
52.167
52.661
52.8
53.153
53.562
53.035
52.485
51.827
48.823
50.958
53.093
51.16
54.769
53.468
53.155
52.448
53.996
64.797
65.207
53.744
53.53
51.774
60.378
68.982
68.943
43.14
43.732
61.582
62.423
63.264
50.975
51.101
51.534
53.132
53.653
52.879
52.104
63.893
64.086
42.965
43.504
55.498
55.043
54.424
54.419
53.992
54.219
54.446
55.022
54.816
55.024
54.365
54.493
54.733
54.973
55.041
54.514
54.681
54.231
54.307
54.559
54.794
54.161
54.848
54.674
54.642
54.399
53.861
53.324
53.908
53.806
53.704
53.419
53.055
53.224
53.27
53.316
54.327
53.58
52.957
51.488
50.473
51.159
56.024
60.889
60.808
56.181
51.554
50.53
52.075
52.324
52.745
52.915
53.264
54.841
53.671
52.501
52.776
52.905
52.58
52.551
52.518
52.381
52.857
52.786
53.028
52.572
71.738
71.584
71.548
52.947
53.073
53.566
53.893
53.492
54.979
54.265
54.146
54.47
54.435
54.194
54.605
53.802
54.651
54.24
54.414
54.365
54.973
54.266
54.911
55.068
54.98
54.715
54.74
43.929
42.99
50.197
52.734
55.271
54.326
54.336
51.039
50.545
50.025
49.965
50.105
50.245
50.138
59.092
