48.089
48.207
48.62
52.596
51.115
52.001
52.646
51.328
53.335
51.12
48.904
49.69
50.989
51.01
51.458
51.435
51.952
51.796
51.941
52.235
51.901
51.665
51.87
50.173
47.826
47.645
48.05
48.635
48.632
48.629
48.552
49.011
49.471
49.509
49.547
49.84
50.078
49.859
49.64
50.718
49.191
49.833
48.288
47.248
46.536
47.638
47.084
46.586
67.34
61.818
56.296
56.754
58.575
58.714
59.018
53.659
56.94
60.221
60.07
59.591
58.958
59.443
59.928
47.277
49.255
47.355
47.089
46.823
59.833
60.07
60.279
60.488
60.341
60.194
55.761
57.964
60.167
60.038
60.13
60.186
60.146
60.05
59.954
60.082
60.214
60.188
60.457
60.726
47.525
49.317
54.479
59.641
59.601
59.773
59.944
59.797
59.924
60.367
60.334
60.301
60.211
60.093
59.624
59.346
59.721
59.774
59.809
59.771
59.944
60.148
60.538
60.808
60.706
60.604
46.473
44.334
44.954
45.343
44.283
44.874
44.772
57.334
56.531
56.967
57.522
58.423
59.412
60.402
60.629
60.856
60.733
60.602
60.472
60.318
60.208
60.249
60.291
60.474
44.862
44.669
59.943
59.934
60.035
60.135
43.156
44.26
43.73
43.2
44.049
60.259
60.422
44.168
43.202
43.019
43.045
43.015
51.907
51.329
52.589
52.195
52.143
52.701
52.179
52.839
52.187
52.884
52.428
52.954
52.116
51.323
43.533
43.219
43.193
43.168
43.09
49.802
47.998
61.024
61.341
49.944
50.453
50.3
50.147
68.847
69.049
50.228
50.348
50.299
49.572
48.536
60.547
59.849
45.884
44.811
55.627
54.677
55.7
56.723
57.494
58.139
59.37
59.755
59.609
59.513
60.217
48.368
47.811
60.688
60.545
47.019
47.223
47.126
47.63
48.134
59.99
59.516
59.043
59.622
60.347
60.777
60.722
60.514
60.149
59.795
59.902
60.009
60.276
60.582
60.597
49.123
48.231
46.641
45.051
59.954
60.25
60.105
60.227
60.179
60.324
60.316
60.321
60.265
60.212
60.56
60.219
59.844
59.959
60.107
60.265
60.422
60.285
60.149
59.94
59.741
59.762
60.147
60.406
60.313
52.44
52.895
51.268
48.659
48.146
47.694
53.236
49.985
54.559
50.251
54.52
58.788
58.651
59.186
59.774
60.023
60.539
51.455
55.988
60.52
60.349
60.394
60.049
59.952
60.711
60.995
