65.372
64.833
65.192
64.944
65.021
65.029
65.052
65.192
64.891
65.112
64.798
65.165
64.884
65.219
65.357
65.278
65.198
64.673
47.523
46.632
45.666
46.239
46.813
45.778
47.586
47.48
47.743
48.005
48.382
48.665
48.84
48.744
49.063
49.099
49.364
48.979
48.887
48.929
48.936
49.338
49.878
50.845
51.99
52.721
53.09
53.625
53.496
53.26
52.992
52.897
53.015
52.884
52.953
53.496
53.869
54.198
54.361
54.374
54.114
53.509
52.791
52.015
51.626
52.377
52.741
52.892
53.125
53.175
53.045
53.175
52.987
53.012
52.931
52.932
53.499
65.421
59.194
62.368
65.542
66.251
66.206
66.161
66.107
66.054
65.998
57.714
54.172
54.725
55.318
56.568
56.894
66.16
66.089
66.114
58.683
58.381
58.204
58.074
58.096
66.129
66.074
66.138
66.07
66.044
65.987
66.065
66.165
66.213
66.229
54.474
53.938
53.949
54.035
53.812
54.272
53.595
53.418
51.745
50.071
49.813
49.554
56.179
55.953
55.726
56.177
56.628
58.269
58.047
59.272
59.687
60.102
60.633
60.936
48.876
48.82
48.778
48.351
60.482
59.852
60.177
60.503
60.666
60.895
61.02
61.01
60.88
61.043
49.025
48.814
48.805
60.725
60.58
60.697
60.765
48.471
48.397
60.407
60.098
48.108
48.507
48.85
49.058
48.885
48.907
60.511
60.595
60.701
48.676
48.659
48.536
60.782
60.741
60.792
60.939
61.166
61.307
61.371
61.099
60.983
61.019
61.125
61.126
61
61.064
61.046
61.068
61
61.26
60.813
59.956
58.51
59.563
60.308
61.053
61.083
61.09
60.846
60.925
60.897
60.939
60.982
61.034
61.077
61.172
61.16
60.979
61.33
50.829
51.126
52.708
53.112
53.34
53.543
53.46
53.376
53.452
65.904
66.054
66.289
66.021
65.901
53.67
53.66
65.882
66.16
65.99
66.095
66.032
66.068
52.327
52.935
52.841
52.748
53.182
53.3
53.417
53.537
53.656
53.509
53.559
53.609
53.216
61.033
61.045
61.092
61.139
61.015
60.972
61.064
54.107
53.95
53.93
53.82
53.861
65.911
65.938
65.882
54.135
53.217
53.594
53.435
53.657
53.992
53.369
54.214
53.239
54.146
53.275
54.297
53.677
54.38
54.847
54.31
54.792
54.097
53.731
53.501
59.295
58.626
58.305
58.782
58.478
58.174
58.337
60.698
60.022
60.19
47.962
49.006
59.615
60.193
60.808
58.824
60.814
60.64
60.172
61.048
61.208
61.226
60.824
60.967
61.161
61.248
61.096
60.392
60.632
60.539
61.026
60.901
60.776
60.355
59.934
60.495
61.158
49.13
49.112
48.983
48.855
49.295
49.059
48.824
47.337
49.673
54.061
52.032
56.641
52.9
49.159
50.153
61.022
53.949
55.703
57.458
51.928
50.752
47.976
47.204
51.823
53.078
51.565
50.051
52.198
54.344
56.896
54.114
51.332
49.772
49.672
50.602
49.6
49.283
50.1
50.729
60.565
60.561
60.092
59.624
61.476
