61.528
57.966
58.442
58.292
59.029
58.055
57.992
57.716
57.44
61.352
61.242
60.701
60.28
60.579
61.277
61.055
61.196
61.132
61.099
61.437
60.759
60.859
60.551
60.611
63.735
64.36
64.378
64.453
64.621
64.629
64.765
64.954
65.054
65.4
65.705
66.105
66.15
66.857
67.636
67.578
66.844
65.915
64.538
62.244
62.54
62.837
59.43
64.124
60.495
56.865
57.267
57.323
57.429
57.495
57.346
57.214
57.019
56.98
57.309
57.096
57.116
57.31
57.056
55.494
66.008
66.063
50.96
51.441
50.415
51.084
51.758
53.265
53.979
54.652
54.875
54.884
54.829
54.43
54.281
54.075
54.089
54.53
54.405
54.738
54.798
66.348
65.849
66.177
61.034
55.891
57.753
58.842
59.774
60.302
60.746
61.148
61.314
61.758
61.678
62.047
61.874
62.681
62.756
62.862
63.241
63.502
63.605
63.373
63.176
63.367
63.516
63.284
63.015
63.028
63.195
62.928
62.698
63.039
62.943
62.998
63.266
63.267
63.301
63.253
63.238
82.712
82.014
63.155
63.297
63.425
63.552
63.787
66.923
66.566
65.495
65.523
65.935
66.476
65.066
66.205
68.867
81.669
81.696
81.25
68.6
67.02
66.388
65.945
65.987
84.122
83.379
83.02
82.57
74.178
79.174
84.171
83.258
66.184
65.949
66.016
66.084
56.887
57.358
58.449
59.281
59.908
60.126
61.079
61.444
61.396
61.677
61.977
62.102
61.929
61.96
62.046
62.417
62.577
62.442
61.745
60.126
58.932
59.38
58.624
59.456
59.042
64.126
63.809
63.661
63.002
62.967
61.777
61.15
60.902
60.728
60.892
61.069
61.054
61.092
61.226
61.129
60.831
60.891
60.693
60.681
59.824
60.036
60.497
60.841
60.559
60.769
60.214
60.614
60.548
61.059
60.508
61.332
60.603
61.148
60.999
60.566
60.869
60.388
60.801
60.333
60.009
60.146
59.622
59.064
59.335
58.935
59.066
58.696
58.752
59.099
59.009
59.783
59.794
60.604
60.648
60.882
60.622
61.147
60.662
61.026
61.006
61.052
61.301
61.08
60.978
61.23
60.923
61.109
60.645
60.727
61.135
60.865
60.823
60.78
61.216
60.914
60.838
61.261
60.762
61.213
61.275
60.751
61.351
61.079
60.918
61.417
61.035
61.167
61.464
60.866
61.275
61.465
61.136
61.249
61.185
61.211
61.187
60.955
61.052
61.04
61.034
61.179
61.123
61.181
61.106
61.042
61.075
60.919
61.148
60.976
60.982
61.125
60.95
61.034
60.519
61.102
60.901
60.895
60.793
60.832
61.113
60.726
48.95
49.095
48.879
49.184
49.077
49.171
49.005
48.973
49.147
48.783
49.141
49.159
48.996
49.016
48.63
67.852
67.973
68.131
68.076
68.087
68.056
68.097
68.079
67.991
68.069
68.039
68.084
67.993
68.096
68.065
68.141
68.046
68.057
67.995
67.963
68.05
67.88
67.878
68.078
68.096
68.132
56.254
56
55.892
55.784
56.581
56.197
55.813
60.637
60.932
