65.911
65.912
65.844
65.85
53.727
54.114
53.542
53.893
53.962
53.975
53.936
53.76
54.135
53.852
53.871
53.952
53.917
53.946
53.759
65.922
65.937
65.969
65.965
65.929
65.773
65.84
65.869
65.898
65.855
60.88
60.826
54.487
53.907
53.671
54.051
54.3
53.526
53.834
54.097
65.986
65.911
53.88
53.93
53.783
53.895
53.988
53.776
53.859
54.071
53.814
53.951
54.069
53.833
53.807
54.014
53.975
53.664
54.13
53.948
53.572
54.117
48.787
49.216
55.031
60.847
60.84
60.851
60.862
60.932
60.86
60.931
60.934
60.922
60.937
56.81
56.432
57.469
56.375
55.876
57.301
56.164
55.134
53.521
53.616
54.567
53.853
53.896
53.94
55.763
57.587
58.801
59.404
49.343
48.248
47.286
46.971
65.915
65.986
66.014
65.951
66.036
54.334
54.809
55.36
55.533
55.405
55.368
55.27
55.173
54.932
54.252
53.818
53.828
53.629
53.649
53.71
53.67
53.763
53.884
53.813
53.684
65.667
66.108
66.026
66.038
66.026
66.044
55.397
55.8
55.898
55.814
55.515
67.467
67.999
68.062
68.126
67.989
68.002
68.061
56.464
55.934
56.249
56.265
55.819
56.023
56.487
57.027
57.858
58.334
58.373
58.764
58.846
58.746
58.698
58.69
58.746
58.811
58.777
58.641
58.616
58.5
58.164
57.748
57.558
56.019
56.063
55.928
55.228
55.007
55.087
55.065
55.026
55.217
55.059
54.449
67.989
67.985
67.965
67.974
52.971
53.097
53.345
53.48
53.619
53.726
53.776
53.453
52.915
68.118
68.107
68.037
68.063
68.006
67.994
67.94
67.918
59.896
61.646
63.998
57.639
61.704
57.324
61.606
65.888
65.868
65.947
65.907
65.866
65.823
53.35
53.097
53.135
53.174
53.408
53.432
53.44
53.582
53.639
65.96
65.956
65.962
53.926
53.899
53.943
53.938
53.891
53.943
53.963
53.972
53.377
48.292
48.906
47.199
65.956
65.945
65.967
65.944
59.199
58.446
54.719
55.063
55.902
56.741
58.616
59.025
59.454
59.034
59.007
58.991
58.791
58.999
55.112
55.427
55.567
55.73
55.486
55.241
55.442
55.642
67.978
68.017
67.974
53.983
53.635
53.435
53.328
53.34
65.908
66.058
66.218
66.159
53.711
53.853
65.995
65.982
65.948
66.07
65.954
61.294
56.634
56.561
56.63
56.29
56.302
55.872
55.74
55.095
54.195
53.402
52.962
53.202
53.818
54.075
54.263
54.189
53.958
53.954
53.951
53.984
53.856
53.647
52.697
51.182
60.961
59.393
58.79
64.063
64.026
64.086
64.074
64.097
64.065
63.993
63.855
63.847
63.852
63.627
63.526
63.624
63.722
64.366
64.165
63.963
64.036
51.94
51.676
51.534
51.807
51.992
51.826
51.502
63.94
63.966
63.961
63.975
63.967
63.979
63.988
64.021
64.037
64.019
64.066
64.067
63.899
63.989
51.37
52.176
52.362
64.175
64.064
63.994
63.991
63.974
63.966
63.936
63.984
63.956
63.886
63.93
64.026
63.995
64.068
64.018
64.042
64.038
64.031
64.03
64.009
63.992
63.988
64.044
64.048
64.057
64.068
64.077
64.051
64.047
63.985
63.961
63.976
63.978
63.979
63.973
63.999
63.974
63.959
64.021
63.986
63.983
63.98
64.014
55.199
55.604
55.805
59.038
57.164
59.876
