79.057
79.162
53.351
55.261
54.597
55.088
79.142
79.131
79.085
55.019
54.926
55.023
55.042
54.981
54.977
54.989
54.945
54.837
54.98
55.225
54.894
55.212
55.134
43.176
43.104
43.34
43.558
44.19
43.559
46.264
45.938
44.397
56.123
54.725
52.957
51.188
43.588
44.138
44.351
43.87
43.749
52.614
51.018
50.549
50.8
50.765
50.281
50.321
50.239
50.391
54.498
55.058
52.701
55.953
55.082
54.21
55.664
50.442
50.345
50.497
50.43
50.1
50.176
49.71
49.884
48.128
51.506
55.163
55.254
54.892
55.38
55.091
55.296
61.721
61.818
61.384
61.2
49.8
50.047
49.875
61.617
61.645
54.889
55.167
55.052
53.763
52.656
52.782
52.984
51.681
52.614
52.343
48.124
50.844
47.448
50.815
51.302
51.789
50.764
50.681
50.906
53.23
54.218
55.104
54.906
54.607
55.033
55.144
55.259
55.168
55.04
54.704
53.841
52.978
51.405
51.081
51.19
57.105
63.019
62.903
50.812
51.867
52.685
51.396
51.62
52.276
51.309
50.421
49.808
50.522
50.377
50.233
50.138
49.908
50.059
50.211
50.111
49.839
50.168
49.92
50.092
49.981
49.594
51.112
52.79
50.562
48.335
49.004
48.689
49.343
53.028
53.518
54.481
54.584
54.608
54.533
54.861
55.023
55.285
55.361
55.51
53.102
53.269
50.888
52.728
53.116
53.017
52.917
53.098
50.345
47.602
47.647
48.852
48.04
47.725
48.56
47.936
47.819
47.868
55.443
55.358
54.822
54.908
54.953
55.432
55.285
55.215
54.651
48.832
48.481
48.107
47.932
54.251
54.746
53.68
54.144
55.34
53.294
53.309
49.836
48.335
48.917
49.169
51.218
50.008
48.415
54.682
55.6
53.608
55.116
55.382
55.465
55.522
55.319
54.954
54.817
55.134
55.174
49.08
42.987
44.364
45.094
44.592
43.496
47.061
50.626
50.188
50.236
50.163
50.09
50.037
49.73
49.841
54.893
55.368
55.501
48.834
49.227
49.005
50.852
50.469
50.085
55.223
55.386
55.29
55.62
55.416
55.499
55.301
55.179
55.285
55.391
55.402
55.412
55.549
54.372
53.196
55.071
54.698
55.081
54.876
55.004
54.883
55.07
54.884
55.106
54.922
55.005
54.988
55.167
54.998
54.343
53.971
53.6
54.828
56.031
56.813
57.674
59.047
59.574
59.661
59.545
59.546
59.813
60.257
60.011
59.87
59.865
59.59
59.216
58.954
58.933
58.802
58.87
59.008
58.831
59.093
59.144
59.227
59.193
59.285
59.381
59.432
59.376
59.441
59.404
59.376
59.305
59.307
59.234
59.209
59.18
59.133
59.113
59.127
59.1
59.125
59.168
59.152
59.197
59.168
59.143
58.989
59.181
59.197
59.196
59.2
59.331
59.334
59.215
58.675
58.314
58.789
58.595
58.622
58.967
58.832
58.558
58.876
59.497
59.93
60.192
60.08
59.528
58.974
55.397
55.944
55.061
55.37
55.939
59.364
59.323
59.115
59.035
59.01
59.012
58.9
58.884
58.758
58.874
58.667
57.753
56.817
56.059
57.446
56.472
56.729
57.333
56.624
57.467
56.526
57.402
56.473
56.445
56.555
55.368
54.936
53.687
53.601
54.576
55.098
55.453
54.897
55.529
55.443
55.134
79.15
79.135
79.07
79.085
67.161
55.236
55.268
55.167
54.619
54.565
54.51
65.406
66.276
50.781
50.592
50.088
50.031
50.184
50.186
50.006
50.092
50.065
49.999
50.132
49.994
50.126
49.98
50.384
50.146
57.149
56.91
57.49
58.069
57.444
57.026
56.744
57.12
57.497
57.263
57.287
57.244
57.542
57.137
56.815
56.635
56.923
56.948
57.182
57.128
57.203
56.965
57.103
57.05
57.046
56.966
56.732
56.764
56.692
51.448
49.458
57.518
57.828
58.734
58.477
58.994
58.436
58.595
58.663
58.388
59.065
58.369
59.123
58.495
58.782
58.571
58.389
58.368
58.348
57.98
57.759
57.556
57.318
57.08
57.055
50.049
50.117
49.992
50.138
50.029
57.079
56.982
57.013
57.025
57.115
50.114
50.055
50.117
49.955
50.137
50.215
49.936
50.073
50.009
50.078
50.089
50.257
50.426
50.119
50.011
50.069
50.139
57.224
56.966
49.973
50.44
49.922
50.18
50.196
49.834
50.191
50.026
50.353
57.239
57.132
57.099
57.074
57.102
57.031
57.121
