58.199
57.992
58.165
57.816
58.338
58.707
57.944
57.875
57.869
57.845
58.088
53.006
53.705
65.165
64.757
61.169
61.164
61.158
61.126
60.886
54.579
54.241
54.459
54.646
54.357
53.758
53.158
54.67
55.759
56.318
57.328
57.956
58.283
59.283
59.096
58.444
58.134
59.189
58.268
58.105
70.201
70.254
58.694
58.506
58.757
58.403
57.786
60.944
60.974
64.844
64.801
61.093
62.678
62.836
63.074
62.431
62.703
61.899
62.036
62.172
61.981
61.789
61.878
62.013
61.614
61.573
60.355
60.88
60.981
61.043
61.079
60.979
60.679
61.922
62.804
62.065
74.485
74.596
74.933
75.186
75.439
63.37
63.51
75.921
75.74
63.581
63.296
63.471
64.46
64.348
64.41
63.926
64.318
64.98
63.903
64.037
64.041
64.613
64.431
63.899
64.622
64.387
63.852
63.742
65.388
63.845
63.935
63.77
63.605
65.409
64.587
63.792
66.176
66.155
65.976
66.075
63.209
62.969
62.955
63.168
63.013
62.978
62.922
63.211
53.772
59.894
66.016
65.402
65.921
66.216
66.336
65.478
65.463
63.853
65.217
64.455
66.266
64.099
64.857
63.956
63.815
63.696
63.577
65.718
65.783
66.197
66.15
62.617
64.285
65.953
64.272
62.591
62.541
62.588
62.634
58.84
59.117
59.062
62.659
62.603
62.641
58.949
58.908
62.507
62.434
61.928
62.32
62.66
62.784
62.683
62.448
62.212
61.783
60.213
71.394
70.088
69.41
68.733
68.629
68.681
68.958
68.85
69.055
69.027
56.977
57.085
57.584
56.815
57.843
57.655
57.367
57.58
56.891
57.372
56.941
57.048
57.445
56.851
57.515
57.543
57.57
57.554
57.537
57.229
57.469
56.792
56.639
58.781
60.923
57.327
53.731
54.196
54.976
55.564
56.152
56.699
56.937
57.176
56.923
57.923
56.875
56.744
56.851
56.875
56.898
56.741
57.439
57.518
57.051
57.66
58.183
59.515
59.561
59.967
60.413
59.603
60.361
60.518
60.31
59.512
60.249
58.444
59.864
60.123
60.382
57.638
58.247
58.203
58.092
57.977
57.591
58
57.587
58.265
59.561
59.358
59.981
59.254
59.833
60.078
58.811
59.615
59.31
59.335
58.764
60.101
58.511
60.403
58.742
59.205
59.048
58.892
58.641
58.759
58.878
58.662
60.073
58.693
58.81
59.65
58.953
58.849
58.762
59.928
58.57
58.528
60.349
58.356
59.093
59.061
59.03
59.092
58.967
58.842
58.183
60.995
59.65
58.306
66.063
66.039
61.716
57.393
57.836
57.959
58.082
58.409
58.885
58.373
58.156
57.911
