82.626
82.648
82.716
82.653
82.601
82.444
82.415
82.386
82.429
82.472
82.574
82.61
82.644
82.625
82.643
82.506
54.82
54.784
78.34
82.308
82.33
82.534
82.576
82.593
82.57
82.523
82.552
82.483
82.481
82.479
82.303
56.82
56.991
56.88
56.585
55.714
55.402
55.467
55.531
56.345
55.853
56.067
55.663
55.772
55.88
56.411
56.942
56.036
56.767
57.498
57.279
56.585
47.638
47.334
46.59
52.631
58.673
58.529
58.672
58.81
58.919
59.013
58.936
58.833
58.831
47.054
46.552
47.585
58.672
58.461
58.638
58.815
58.974
59.051
46.784
46.895
47.334
59.003
58.808
46.97
47.662
47.631
48.213
47.186
47.655
48.622
52.367
51.39
49.192
48.125
50.072
49.531
48.99
47.793
49.501
51.007
50.008
49.01
47.206
59.415
59.05
59.18
47.525
49.286
50.563
50.079
52.126
51.871
51.614
50.885
51.732
50.79
51.43
51.926
51.147
52.055
52.071
52.443
52.039
51.903
51.528
52.461
52.182
51.902
52.244
52.586
52.191
51.746
49.228
46.851
48.326
48.008
48.012
48.016
83.439
83.48
83.544
75.019
66.495
60.896
62.892
64.213
65.068
65.77
66.015
65.868
65.643
65.635
53.731
52.637
53.83
54.555
54.321
54.588
54.298
54.642
54.383
54.413
54.536
54.047
54.469
54.186
54.282
54.403
54.683
54.632
54.141
53.303
51.639
53.149
54.659
52.605
51.956
44.981
44.313
44.332
44.352
44.353
44.354
44.042
55.27
55.856
44.322
44.222
44.13
44.526
44.263
56.184
56.32
56.326
56.287
44.347
44.199
44.421
44.224
44.265
44.432
56.095
56.003
44.325
44.563
44.505
44.457
44.445
44.167
44.323
44.29
44.256
44.23
44.211
44.205
55.78
55.809
55.709
55.687
44.462
44.461
55.676
55.08
53.862
55.189
53.413
53.022
52.631
44.142
44.475
44.22
44.186
44.072
44.032
43.976
43.908
43.943
52.941
61.939
62.191
62.133
62.46
62.589
51.081
43.731
43.938
43.909
44.186
44.371
44.214
50.981
50.974
50.924
51.114
51.605
48.317
45.028
45.016
45.319
50.573
50.846
50.751
50.795
50.694
50.678
51.603
50.997
44.849
44.116
43.45
51.98
68.457
68.344
58.389
59.318
60.145
61.253
61.674
62.265
62.641
62.7
62.773
62.486
61.954
61.221
60.846
60.471
59.613
68.023
67.951
67.78
50.481
51.32
50.99
50.608
50.643
50.679
51.448
50.9
58.845
58.358
58.089
57.821
50.161
51.175
52.19
52.303
59.063
59.376
52.405
52.215
59.352
59.351
52.225
52.456
52.647
52.612
52.542
52.194
51.912
51.93
52.817
52.548
52.516
59.161
59.345
59.282
59.367
59.335
59.513
59.575
59.459
59.324
59.221
59.449
59.468
59.299
59.305
59.382
59.468
59.462
59.308
59.306
59.333
59.357
59.328
59.234
59.563
59.36
59.157
58.933
59.186
65.931
66.181
65.632
59.075
58.77
58.959
59.286
59.216
59.348
59.491
53.211
52.757
52.485
52.196
52.386
52.446
49.91
49.888
71.404
71.309
71.4
71.373
71.278
71.307
71.248
71.23
59.29
58.954
58.405
56.439
55.623
55.894
56.078
55.983
55.728
56.062
56.126
56.19
56.223
56.051
55.703
55.658
55.996
56.08
56.171
56.484
56.62
56.542
56.418
55.879
55.795
55.271
54.748
54.807
55.232
55.376
55.521
53.537
55.841
61.099
61.271
61.161
61.331
61.413
54.618
53.845
51.896
53.895
48.519
48.995
43.025
43.489
43.628
43.27
54.828
54.586
54.414
54.337
54.159
53.939
57.741
56.575
55.408
54.416
44.533
45.259
83.495
83.445
83.435
83.499
55.3
46.257
47.344
47.073
46.801
46.926
46.978
47.03
47.357
47.129
58.768
57.754
58.338
58.923
47.504
47.021
47.346
47.513
47.24
47.402
47.602
47.219
47.531
47.461
47.272
47.594
47.303
47.23
47.5
47.184
47.509
47.455
47.239
47.323
47.298
47.107
47.328
47.415
47.301
47.563
47.446
47.141
47.797
47.279
47.318
47.865
47.072
47.539
47.97
46.468
59.537
59.737
49.006
48.784
47.319
46.753
47.358
47.656
47.164
47.899
47.302
46.85
47.654
47.588
46.909
47.661
47.181
47.133
47.589
47.243
47.364
47.725
46.972
47.509
47.579
47.121
47.266
46.733
46.201
46.487
46.774
46.474
48.433
46.531
47.706
47.084
47.654
47.018
47.735
46.874
47.231
47.713
49.281
50.85
44.115
44.315
44.496
43.829
44.698
45.567
48.923
47.641
46.36
47.344
45.997
45.354
44.71
44.657
41.131
41.985
43.675
41.43
41.814
42.487
41.996
41.583
41.854
44.205
43.97
44.655
45.34
45.311
45.281
47.204
47.229
47.253
50.839
54.425
54.687
54.275
54.527
54.533
54.458
