75.918
65.628
65.47
53.959
53.845
57.607
54.036
50.465
51.414
48.713
47.162
47.174
46.909
46.973
46.939
46.735
55.011
55.168
55.051
55.573
55.448
54.972
55.233
55.011
54.998
53.929
67.98
67.959
67.982
63.708
52.221
52.466
53.223
53.109
53.018
53.014
65.785
65.91
66.217
65.99
66.068
66.146
55.147
54.974
54.997
55.231
55.45
54.957
55.338
55.379
55.421
54.995
55.201
55.408
55.276
55.144
54.978
55.213
55.231
55.459
55.585
55.538
56.1
56.663
57.394
58.126
58.59
58.881
59.241
58.967
58.985
58.734
58.672
58.652
58.574
58.382
58.116
46.805
46.815
47.196
54.188
55.069
55.537
56.066
56.204
56
55.531
55.009
54.739
54.474
54.208
68.032
67.785
67.841
67.958
53.166
52.842
53.264
53.686
53.789
53.746
53.462
53.391
53.581
53.626
53.668
53.559
53.779
54.002
53.75
53.697
53.611
53.58
53.486
53.538
53.648
53.759
53.78
53.66
53.54
53.362
65.916
65.839
65.99
53.419
53.567
53.686
53.628
53.622
53.57
65.844
65.9
53.516
53.487
53.643
53.586
53.568
53.679
53.597
53.559
50.223
46.886
46.915
46.959
53.454
53.401
53.133
52.11
47.862
47.014
48.425
49.836
51.777
52.174
52.188
51.614
57.77
63.927
64.1
64.209
63.992
64.093
49.842
50.986
52.603
52.537
52.078
51.854
51.35
64.065
64.288
64.197
63.963
64.061
64.191
64.222
60.547
60.316
60.875
60.934
60.749
60.563
62.708
61.369
60.956
61.251
61.212
60.889
61.099
57.424
57.304
57.54
58.234
59.065
59.115
58.928
58.86
59.223
59.343
58.783
58.878
58.954
59.114
59.041
59.031
59.161
58.928
59.413
59.897
58.817
59.516
58.87
59.847
60.224
61.416
61.003
52.588
53.272
53.819
53.899
53.794
53.999
54.215
54.379
54.759
55.138
55.324
55.51
55.746
55.907
55.778
55.52
55.496
55.368
55.28
55.362
55.827
55.855
55.755
55.278
55.169
55.378
55.34
55.249
55.512
55.751
55.766
55.599
55.507
55.4
55.379
55.486
55.654
55.721
55.601
55.308
55.377
55.477
55.479
55.48
55.709
67.949
67.886
55.438
55.978
55.923
55.439
55.407
55.29
67.899
67.904
55.656
55.541
55.805
55.97
55.791
55.537
55.373
55.676
56.061
55.903
55.267
54.987
67.87
67.932
55.515
55.63
55.803
55.768
55.594
55.538
55.602
55.947
55.913
55.526
55.476
55.585
55.957
56.114
55.863
55.524
55.619
55.902
56.042
55.879
55.461
55.187
55.562
55.913
55.925
55.917
68.083
68.019
68.005
67.991
68.007
60.115
61.348
60.375
60.33
