53.6
52.67
52.711
53.621
53.228
52.255
60.815
60.998
49.247
49.934
50.239
50.544
51.119
70.04
69.752
69.476
69.407
69.423
69.471
69.575
50.776
50.08
50.561
69.639
69.961
49.127
50.743
50.904
50.855
50.234
49.673
49.872
51.376
51.606
49.672
47.738
48.311
48.883
52.447
50.747
48.781
46.814
48.563
48.22
48.069
52.726
51.001
49.528
49.926
50.485
50.598
50.71
50.906
50.259
50.279
50.007
50.073
49.673
49.945
50.337
50.589
50.589
50.583
50.439
50.475
50.607
62.521
62.634
50.557
50.172
50.171
50.362
50.14
50.255
50.548
50.787
50.824
50.787
62.019
61.499
49.456
49.449
49.618
50.156
50.392
50.61
69.91
69.789
69.42
69.072
68.923
61.523
60.492
59.461
56.95
56.25
57.124
56.473
55.767
55.49
55.287
55.168
55.555
55.727
55.9
56.193
56.652
56.627
56.766
56.944
57.192
57.435
57.471
57.615
58.325
58.137
57.993
58.093
58.193
70.44
70.273
70.374
70.555
70.628
70.652
70.728
70.636
58.442
58.181
73.842
73.78
73.746
73.768
73.971
74.202
74.397
74.592
74.613
74.385
74.258
74.263
74.084
74.091
74.245
58.396
58.492
58.516
58.459
58.127
57.572
58.677
59.782
67.01
67.323
67.475
67.415
67.421
67.162
66.842
66.722
66.732
66.888
67.229
67.647
68.225
68.471
68.572
68.953
69.23
69.445
66.037
62.629
62.723
62.842
62.567
62.334
62.247
50.801
50.083
50.047
50.011
49.84
48.556
47.769
47.59
46.686
53.572
55.735
56.568
56.89
57.146
57.676
58.139
58.806
59.472
60.088
60.454
60.461
48.186
48.177
48.068
48.157
48.432
48.49
48.422
60.352
60.111
59.809
59.795
48.611
47.744
60.55
60.476
60.411
60.14
60.048
60.004
59.88
59.924
60.135
60.302
60.484
60.624
60.675
67.571
67.356
59.812
59.805
59.645
59.897
59.983
60.37
60.565
60.616
48.652
48.618
54.616
60.615
60.477
60.363
60.479
60.395
54.32
48.244
54.38
52.056
49.731
52.312
54.894
55.205
55.123
57.826
51.581
45.336
45.642
45
45.78
44.856
45.263
45.508
44.445
48.385
48.145
48.279
48.23
48.181
47.399
48.446
48.064
48.386
49.167
49.105
49.042
49.035
49.195
49.354
49.045
50.935
52.824
46.743
47.278
47.161
48.293
47.916
47.539
47.366
46.871
46.376
42.991
43.989
43.179
42.982
42.971
42.96
50
48.861
47.722
43.251
43.99
43.357
43.158
42.959
72.211
72.096
72.118
72.155
74.166
74.138
74.163
74.169
74.128
74.145
74.134
50.849
43.638
43.694
42.958
54.118
53.876
54.784
54.833
54.883
54.927
54.028
54.029
54.031
53.099
52.862
62.54
72.217
72.151
62.473
58.868
55.263
55.262
54.897
55.146
54.611
54.91
