71.063
71.138
71.213
60.398
49.582
50.616
55.255
53.797
53.338
52.851
53.664
52.91
53.657
54.196
53.982
53.844
53.705
53.692
52.921
53.775
53.849
51.465
43.016
43.33
43.142
42.95
43.065
43.181
43.125
43.069
47.691
52.312
52.192
51.46
52.658
51.692
47.366
43.04
43.074
43.149
43.223
43.069
43.733
62.692
62.284
62.133
62.221
52.711
53.78
54.849
55.088
55.042
55.438
53.564
51.58
52.582
52.299
51.176
51.81
51.681
51.27
51.371
63.578
63.843
51.859
52.047
51.428
52.545
67.007
66.972
67.069
51.327
51.132
67.063
67.038
67.008
67.046
66.964
67.102
67.029
66.923
55.317
55.509
54.591
55.801
56.676
57.551
56.344
55.137
56.665
57.14
57.616
58.368
57.356
58.14
60.363
53.082
45.801
45.284
47.34
47.703
50.78
59.235
59.798
47.476
47.415
47.42
47.426
50.977
50.392
50.265
51.125
51.357
51.802
51.514
50.92
50.959
51.377
51.649
51.651
52
52.348
51.947
51.548
51.621
51.957
51.587
52.285
63.362
63.359
60.12
61.759
63.398
60.204
57.01
56.604
52.895
51.046
63.284
63.141
62.677
63.063
63.159
50.797
51.846
52.419
53.33
54.242
62.951
63.263
52.6
51.439
63.128
63.173
62.709
52.48
52.318
57.874
57.897
60.526
59.407
58.289
61.864
57.275
52.685
51.403
52.439
65.991
66.119
65.995
66.089
65.888
66.063
66.073
65.907
66.089
66.003
65.984
65.983
62.088
58.194
58.214
58.287
58.14
58.209
58.26
58.31
58.117
58.129
63.086
65.981
66.145
62.864
64.579
66.294
66.335
64.337
62.339
51.282
51.853
52.452
52.396
51.777
63.035
62.986
62.936
62.956
62.986
62.939
63.026
56.939
65.873
58.246
50.619
50.75
50.674
51.17
50.87
50.991
51.095
51.126
51.158
50.785
50.963
50.572
54.237
57.901
57.987
58.073
57.934
62.443
62.922
64.605
66.289
63.576
60.863
60.317
59.771
59.996
61.002
59.559
58.117
59.748
60.808
61.686
61.143
60.6
61.353
62.105
61.518
67.586
64.5
61.414
61.73
62.943
62.252
61.561
61.438
61.314
61.584
55.503
60.342
61.316
62.29
62.302
63.6
64.897
64.847
64.797
65.01
64.992
64.931
64.93
64.751
64.572
63.614
62.656
62.631
62.606
62.51
62.415
62.335
62.255
62.256
62.258
50.996
49.487
50.854
50.532
50.597
49.785
51.084
50.07
50.373
62.473
62.405
50.301
50.861
50.579
62.274
62.278
62.11
50.615
50.638
50.721
50.805
50.925
50.618
50.31
51.262
62.355
61.967
50.928
51.385
62.156
62.36
50.945
51.316
62.221
62.395
51.137
50.858
50.121
53.675
52.096
50.517
50.056
56.799
57.088
56.995
56.902
56.842
57.021
57.199
62.119
62.074
62.15
50.993
48.995
50.284
51.574
48.001
49.823
49.933
50.044
48.23
47.556
46.882
48.635
62.07
62.15
49.11
50.15
50.608
49.859
44.305
43.059
77.004
