52.936
53.165
53.13
53.148
52.845
53.012
52.933
52.995
53.077
53.34
53.139
53.065
52.907
53.058
52.857
52.781
52.865
53.058
53.296
53.002
53.133
53.193
52.874
54.142
55.41
48.277
48.011
48.08
48.111
48.12
48.46
47.845
47.68
48.008
47.987
47.942
48.263
54.541
57.216
57.953
58.617
59.276
49.295
49.405
73.24
72.627
71.964
59.372
53.647
53.165
48.185
47.503
48
48.514
48.296
47.234
47.743
71.538
72.037
71.935
72.021
72.203
59.73
59.791
59.241
72.987
73.04
73
72.993
73.028
72.898
60.477
53.991
54.076
55.888
54.399
55.994
54.746
55.128
55.511
55.73
57.01
57.155
57.201
57.222
56.842
58.163
57.753
69.975
70.002
58.011
58.213
57.882
73.308
73.168
73.1
73.006
73.064
73.361
57.932
58.085
57.885
57.472
57.316
57.698
58.081
58.529
58.976
45.866
45.52
46.574
45.374
70.009
69.916
62.434
54.953
54.753
54.841
55.157
55.442
68.092
68.007
68.043
68.035
67.984
68.007
67.992
67.954
68.089
68.006
68.161
66.11
64.059
57.068
57.66
57.857
57.661
57.917
57.884
57.93
57.83
57.615
69.794
69.806
57.628
57.716
63.592
60.376
57.161
57.274
57.338
69.797
70.024
70.069
69.896
69.651
57.239
57.124
57.163
69.69
69.8
57.814
57.451
57.088
55.229
54.536
54.578
55.112
55.135
55.872
55.9
55.929
55.023
55.304
54.166
55.747
49.889
55.317
52.627
49.937
54.095
49.609
45.124
45.667
57.341
57.185
57.03
57.389
57.578
57.529
45.72
45.583
45.632
57.149
57.354
57.183
57.362
57.541
57.637
57.669
57.661
57.533
57.211
57.406
70.097
70.015
70.03
69.953
70.031
70.095
55.137
54.494
55.19
55.419
55.994
55.886
55.818
56.325
55.879
55.783
68.012
68.038
67.973
68.082
68.062
44.977
45.582
46.196
57.556
57.496
73.352
73.567
73.645
73.636
58.017
57.96
70.017
69.937
69.898
69.981
70.074
69.981
69.947
69.947
69.8
69.653
69.506
57.797
57.614
58.462
58.252
58.413
57.796
57.642
69.912
70.035
69.992
71.51
73.028
52.503
53.82
55.63
55.669
56.878
69.399
69.993
58.592
58.961
59.173
54.027
55.212
56.397
53.227
50.057
50.676
51.042
51.38
50.644
50.636
50.7
50.918
50.75
50.703
50.626
50.331
50.117
49.655
50.798
49.189
75.051
75.033
51.08
50.788
50.436
50.757
51.146
51.041
51.1
51.163
51.373
51.386
51.373
51.247
51.803
52.241
51.674
50.679
62.616
69.7
69.622
69.698
69.482
69.155
68.733
50.694
50.839
50.867
51.218
51.178
51.283
51.24
50.814
50.653
50.478
62.401
62.53
62.639
62.726
62.681
62.636
62.664
50.774
49.16
69.941
70.08
70.069
70.002
69.955
69.974
70.001
56.031
56.735
57.044
56.88
57.148
57.395
57.443
57.341
51.592
45.843
46.589
76.974
76.98
77.015
69.756
62.498
62.679
62.991
63.19
63.714
63.999
64.636
65.068
65.348
65.244
64.94
64.434
63.636
62.8
62.736
62.458
62.477
62.732
62.819
62.702
62.578
50.205
49.795
49.931
50.067
75.01
75.011
58.534
58.407
58.356
70.607
71.077
71.754
72.262
72.626
66.871
61.116
66.948
72.781
72.75
49.749
49.152
49.537
49.808
50.079
50.715
49.18
51.712
49.886
49.074
50.793
50.191
62.655
55.6
53.552
51.504
51.069
51.305
51
69.826
69.554
62.532
50.844
50.877
50.857
50.892
51.166
51.281
51.405
63.551
63.832
50.747
52.455
47.414
45.922
45.929
46.256
