53.054
52.909
53.062
53.002
52.891
53.118
52.972
52.843
53.093
52.87
53.1
52.585
53.573
52.38
53.885
52.908
55.631
58.354
69.884
70.46
72.247
72.382
72.641
72.783
72.559
72.35
70.039
62.406
60.117
57.827
52.564
52.075
51.813
51.781
51.783
51.948
51.544
51.141
52.288
52.162
52.8
52.221
46.839
46.219
53.423
53.591
53.076
52.958
53.15
53.035
53.428
53.612
53.513
52.98
52.263
51.203
51.436
51.669
52.097
58.406
55.69
60.454
57.411
54.368
53.877
43.632
43.84
54.705
55.289
55.423
55.674
55.354
54.928
55.429
54.737
67.083
67.075
66.952
54.927
55.117
55.329
54.806
55.445
55.668
55.403
55.875
55.842
55.809
55.935
55.379
55.571
55.419
54.955
55.473
55.368
55.152
55.796
55.538
55.48
55.518
55.107
54.654
54.088
66.923
66.934
53.328
54.575
54.393
54.271
54.921
55.37
55.809
55.097
54.055
53.673
67.094
66.954
66.915
51.065
51.218
52.298
53.861
53.501
54.217
53.985
53.129
53.455
53.148
52.84
53.37
52.626
52.736
53.273
52.853
52.737
52.621
51.636
52.152
52.367
52.582
52.89
52.544
52.197
51.846
52.604
53.361
51.998
51.332
51.142
51.055
51.07
52.387
52.887
53.371
53.259
53.773
53.575
54.195
54.819
54.226
54.84
55.101
54.898
52.233
50.498
51.363
51.135
51.158
50.948
50.538
51.101
55.45
53.977
55.103
55.627
55.281
55.414
55.677
54.542
53.655
52.389
51.123
51.061
56.317
55.273
55.429
55.847
54.518
55.12
56.054
54.844
55.757
56.671
57.543
58.415
55.455
56.039
55.969
55.899
55.577
55.762
55.947
55.492
55.42
55.802
54.376
58.695
63.014
62.978
57.867
58.37
57.226
58.24
53.346
52.562
54.745
54.68
55.063
56.052
55.619
55.946
56.274
55.333
56.747
56.674
56.551
56.428
54.998
57.204
55.642
57.686
57.457
57.5
56.915
57.038
57.244
57.623
57.085
57.108
57.13
57.045
55.775
57.562
57.644
57.705
57.437
57.424
57.735
58.047
58.316
58.251
58.207
58.144
58.08
57.795
58.005
58.023
58.105
58.19
58.406
58.078
58.468
58.49
58.513
58.491
58.468
58.625
58.781
58.417
59.205
59.678
59.928
60.105
60.116
60.007
60.079
59.937
60.001
60.008
59.976
60.008
59.938
60.02
59.959
60.09
60.093
59.891
59.93
59.887
59.954
59.937
59.944
60.02
59.993
60.045
59.923
59.952
59.894
60.013
59.941
59.886
59.898
59.874
59.955
59.883
59.844
59.832
59.849
59.669
59.488
60.02
60.079
59.767
59.941
59.902
60.13
59.9
59.894
59.724
59.877
59.735
59.948
60.006
60.083
59.961
60.015
59.769
59.977
60.011
59.881
59.865
59.848
59.865
59.578
59.915
59.823
59.946
59.828
59.925
59.854
59.816
59.776
59.943
59.811
59.829
59.915
59.913
59.899
59.85
59.866
59.716
59.832
59.756
59.76
59.796
59.728
60.429
60.196
59.773
60.51
59.823
50.952
50.538
50.726
50.914
51.09
51.068
58.786
57.425
57.765
51.424
