83.049
83.067
83.195
83.559
83.668
83.866
83.844
83.59
83.318
83.197
82.924
83.041
83.204
83.503
83.681
83.869
83.758
83.68
83.292
83.073
82.916
83.118
83.332
83.531
83.744
83.945
83.719
83.474
83.216
83.119
82.868
83.058
83.342
83.419
83.762
84.006
83.77
83.479
83.305
83.014
82.841
83.031
83.314
83.629
83.879
83.946
83.746
83.491
83.215
83.031
82.936
83.154
83.283
83.53
83.747
83.996
83.82
83.351
83.224
83.024
82.888
83.109
83.466
83.638
83.82
83.964
83.662
83.651
58.616
58.872
71.133
83.395
82.857
83.212
58.564
58.545
83.777
83.711
83.512
83.417
55.821
56.021
56.202
46.16
47.382
47.356
47.33
47.284
47.033
47.357
47.633
47.37
47.5
47.844
47.613
47.578
60.2
59.785
59.538
59.479
59.559
59.663
59.788
47.422
47.653
47.874
47.258
47.67
47.629
59.906
60.298
60.544
60.329
47.98
47.702
47.092
47.729
47.602
47.489
48.43
48.051
49.516
48.767
48.556
51.02
49.415
50.783
48.549
48.55
49.295
50.132
49.025
49.644
49.444
48.796
49.293
49.789
49.376
49.396
49.415
50.422
49.506
47.718
46.678
48.703
48.042
52.784
51.286
49.788
71.056
60.787
50.518
49.88
49.744
49.609
49.399
48.932
48.465
47.952
46.889
47.248
47.622
47.402
47.366
47.561
47.374
46.944
47.111
47.278
47.148
47.26
47.505
49.862
49.825
49.788
50.095
50.268
50.441
51.437
52.064
65.185
65.877
66.289
66.358
66.427
66.545
66.74
66.825
66.862
48.041
46.848
47.393
48.049
47.012
47.656
54.351
73.339
73.063
73.4
64.199
54.997
55.003
54.903
54.518
54.581
54.536
54.375
47.348
47.582
47.446
47.323
48.243
54.149
65.455
65.16
52.207
52.228
52.249
52.516
52.782
51.874
50.966
52.104
55.317
56.021
56.132
56.324
56.276
56.246
56.048
55.957
51.612
51.818
51.475
45.001
44.661
55.931
56.008
55.971
55.881
56.004
56.126
56.103
55.906
44.394
44.553
55.61
55.947
56.047
55.956
56.034
56.016
56.055
56.196
56.426
56.391
56.267
56.026
55.653
55.089
54.284
54.878
55.131
54.061
55.083
54.951
53.493
53.57
53.648
54.73
54.214
54.575
54.531
53.953
44.641
44.331
44.517
44.367
44.642
44.472
44.453
61.622
62.435
69.649
69.789
51.02
50.996
51.579
44.54
44.426
44.452
44.255
68.386
68.629
68.679
68.008
55.995
56.42
56.896
56.452
68.533
68.496
68.512
68.527
68.527
68.531
68.46
68.39
65.151
61.912
62.26
50.876
50.992
50.945
50.898
51.737
51.755
51.408
52.241
51.249
51.308
51.414
51.508
50.755
50.613
50.47
50.437
50.404
50.356
50.308
50.454
50.344
50.235
50.466
50.369
50.272
50.234
50.197
59.534
59.059
57.829
56.942
56.306
56.591
55.994
57.587
68.819
68.889
69.033
57.758
56.75
58.039
57.645
58.045
57.849
58.346
58.525
58.704
58.689
52.605
52.764
52.657
52.549
52.353
52.453
52.178
52.14
52.257
52.096
52.293
52.49
52.451
58.713
59.108
52.422
52.581
52.67
53.012
52.509
52.096
51.446
59.064
59.272
59.215
58.998
59.221
52.485
52.363
52.474
59.361
59.558
59.254
59.277
59.274
59.311
59.215
68.477
68.38
68.525
68.581
59.607
59.525
59.17
59.193
59.338
59.579
59.235
59.44
59.65
48.564
47.414
46.029
59.166
59.248
59.49
59.812
64.105
68.398
68.618
68.695
68.771
68.693
68.615
63.872
59.129
53.524
55.08
55.597
54.922
51.7
52.842
54.127
56.219
56.509
56.721
52.136
52.426
52.595
52.482
52.486
53.6
56.428
56.431
56.982
70.25
83.517
83.51
83.499
83.481
53.324
52.88
52.433
52.682
51.889
52.18
52.4
52.501
51.967
59.281
59.75
59.719
59.697
59.687
59.747
59.864
59.93
59.97
60.01
59.908
59.533
52.009
52.236
52.275
52.356
60.514
59.927
59.339
59.375
59.375
59.572
59.768
71.738
71.951
72.252
72.531
72.705
73.031
73.21
73.347
73.413
49.893
49.55
50.014
49.832
50.645
50.526
50.192
73.749
73.876
73.842
73.765
73.73
73.809
73.793
73.75
49.757
49.628
49.708
49.594
49.8
80.434
80.441
80.4
80.435
80.435
80.451
80.469
80.515
80.47
50.08
50.092
50.047
50.014
49.941
49.832
83.19
83.425
83.459
83.44
83.395
83.41
83.441
83.379
83.409
83.389
83.382
83.452
83.441
83.479
61.612
61.545
43.699
