51.099
50.969
50.917
50.976
50.986
50.999
62.983
62.97
63.024
62.981
63.022
62.997
62.986
63.008
62.966
62.935
63.007
63.018
62.983
63.077
63.042
57.351
60.184
63.016
63.059
62.96
63.045
63.052
63.104
57.681
58.767
59.853
60.032
60.212
60.255
55.117
49.978
50.743
50.794
51.154
51.142
50.925
50.991
50.741
50.884
50.643
50.763
50.875
50.71
50.573
50.744
50.239
56.198
62.157
62.032
61.714
68.611
68.397
61.458
61.441
61.423
50.407
50.729
50.637
51.84
58.653
58.565
54.228
62.756
56.31
61.544
56.149
50.753
50.841
51.076
50.864
51.166
50.522
60.705
67.788
67.631
67.787
61.278
54.396
61.947
56.085
62.81
56.561
63.058
69.554
69.415
51.195
60.207
54.551
48.895
50.139
49.289
48.438
51.419
51.145
50.871
50.499
50.128
50.041
49.955
53.803
53.759
53.654
53.401
53.451
53.361
53.791
53.844
53.688
53.629
53.642
53.669
53.89
53.858
53.662
53.425
53.144
52.653
50.367
49.342
53.704
58.066
57.805
58.25
58.672
59.095
59.856
60.618
60.294
60.663
50.773
46.204
44.722
46.09
60.269
60.589
60.775
60.832
60.889
60.865
60.842
60.69
60.538
60.44
60.2
60.353
60.505
60.7
60.895
60.665
60.435
61.205
61.609
62.014
47.098
46.852
46.606
45.399
46.399
45.971
45.543
44.423
43.303
64.941
65.169
65.111
58.451
58.37
61.944
64.974
65.125
65.011
65.135
64.997
57.776
56.874
55.815
54.757
48.279
51.471
48.15
44.829
43.165
43.566
43.966
42.988
43.349
43.71
50.341
56.971
58.184
58.452
57.663
56.874
58.231
60.063
61.894
61.957
62.019
62.197
58.219
58.648
57.121
55.594
58.503
58.651
55.237
43.602
44.067
58.628
58.428
58.466
57.112
55.758
58.004
58.394
58.394
58.394
57.637
55.985
58.555
58.688
58.434
64.251
54.968
56.239
57.509
57.674
58.361
58.352
58.005
57.711
58.033
58.242
56.918
61.864
62.104
62.052
57.767
58.335
61.337
59.848
59.53
65.925
72.32
72.523
69.898
67.273
67.072
67.095
67.023
61.253
61.647
49.798
49.786
49.852
61.8
61.657
49.209
49.231
49.401
61.739
61.806
61.85
61.834
61.863
49.925
50.077
50.071
50.137
49.44
48.743
49.403
49.67
49.938
60.712
55.247
58.142
61.037
62.83
61.705
60.58
54.974
57.699
53.553
49.406
49.365
49.403
49.442
50.16
50.879
52.075
50.892
50.63
50.563
50.53
50.496
50.969
50.15
51.512
51.388
52.166
50.038
50.793
50.795
52.75
50.72
50.948
50.209
52.217
51.23
52.064
50.264
51.573
51.155
52.51
50.28
51.095
50.708
50.19
49.672
49.833
49.995
50.649
50.753
50.959
51.179
50.884
50.951
50.361
51.062
50.849
51.48
50.906
51.138
51.172
51.299
51.292
50.524
50.364
50.313
49.829
61.783
62.155
50.309
50.035
50.438
50.308
50.275
50.289
50.143
50.283
49.3
59.953
52.347
57.914
63.482
63.358
47.855
47.229
47.821
47.942
47.883
48.097
48.405
48.764
48.256
47.748
52.477
52.783
53.148
53.083
53.439
52.883
53.053
52.973
52.657
52.812
52.634
53.159
53.128
53.13
52.743
52.878
53.013
53.012
53.032
53.052
52.855
52.993
52.921
53.005
52.927
52.743
53.29
53.206
53.089
53.124
52.465
52.564
52.745
65.266
65.009
64.871
65.077
65.018
64.94
65.194
52.808
47.542
50.327
53.112
51.739
59.655
59.848
59.541
60.256
56.707
53.158
50.262
48.511
48.405
48.299
51.428
50.937
50.447
49.094
53.439
51.529
51.551
51.573
51.363
51.153
50.59
60.479
60.329
60.345
52.543
51.752
51.494
52.555
53.311
53.831
53.298
52.766
52.262
55.898
59.534
59.969
60.801
61.633
62.334
61.779
62.038
61.816
61.756
62.233
51.702
53.234
52.994
52.286
48.979
49.907
54.097
53.768
53.438
49.823
54.629
59.435
59.724
59.449
47.432
47.588
59.731
59.845
59.893
59.908
59.936
59.934
59.85
59.683
59.269
58.855
58.487
57.973
56.957
56.87
57.467
57.505
56.914
57.493
58.071
64.015
54.863
62.455
70.047
70.011
69.997
57.519
46.178
46.01
45.748
45.486
57.248
57.456
57.261
57.368
57.475
57.692
57.925
58.068
58.145
58.022
50.862
57.907
64.951
69.746
69.891
69.977
70.074
70.119
58.191
58.213
58.072
58.361
58.362
70.081
70.021
69.944
69.873
69.897
57.696
57.691
57.815
57.803
57.753
57.854
58.111
58.081
58.052
57.915
58.009
60.105
53.104
55.378
57.652
57.921
57.824
57.852
57.876
57.865
57.867
45.79
46
46.032
45.959
45.814
46.062
46.051
46.327
45.237
44.148
57.204
58.275
57.906
57.538
57.487
57.437
