74.124
59.031
54.68
50.33
51.854
52.037
52
52.156
52.61
51.628
52.916
54.791
54.423
55.655
55.719
55.572
55.871
56.461
56.792
57.182
57.107
51.437
51.108
50.761
52.839
52.089
51.659
54.344
57.029
57.165
51.562
54.504
57.447
58.01
58.523
59.001
59.238
59.558
60.057
59.974
59.892
59.554
58.858
52.431
51.92
52.059
54.782
53.892
55.696
54.394
55.862
56.24
56.617
57.087
57.557
57.325
56.792
55.718
56.248
57.238
57.497
57.432
57.333
57.164
56.755
56.926
57.2
57.541
57.402
57.416
57.347
57.165
57.149
56.969
56.521
56.699
57.006
57.17
57.335
57.458
57.584
57.445
57.034
56.591
56.669
56.838
56.737
56.366
56.31
56.759
57.005
55.677
56.128
56.579
56.819
56.731
56.257
56.46
56.555
55.622
57.359
57.54
57.394
57.121
57.372
57.807
57.743
58.009
58.5
58.722
58.912
59.101
58.815
58.528
58.064
57.6
57.097
56.875
56.719
56.439
56.158
69.293
69.422
56.913
56.769
56.655
56.155
56.493
72.185
72.074
72.118
72.163
72.13
56.17
56.096
71.763
71.201
70.871
70.542
70.528
70.515
54.553
54.586
54.411
54.748
70.499
70.758
70.819
70.54
70.423
70.25
55.101
54.709
54.696
55.242
54.464
55.801
54.882
55.37
54.487
55.366
53.008
50.918
51.37
51.355
55.71
54.74
55.63
54.518
55.65
55.002
55.134
55.069
55.087
54.75
55.226
55.117
54.774
55.204
55.619
55.713
55.806
53.283
50.76
51.487
43.054
43.01
50.834
50.588
49.981
50.664
51.229
50.505
50.998
51.931
51.131
50.967
50.663
52.207
50.818
52.117
52.383
51.816
52.772
52.604
52.112
51.897
52.238
52.884
52.119
52.61
52.45
52.697
52.11
51.645
52.526
51.642
51.649
52.591
51.848
51.889
52.371
51.407
51.603
52.107
51.98
52.33
52.354
51.829
52.364
52.025
52.068
53.025
51.264
51.897
53.116
51.934
52.363
52.004
52.629
52.336
51.883
52.872
51.967
51.842
52.305
52.233
51.959
51.918
51.727
51.588
50.8
52.134
51.506
52.71
52.58
53.122
51.673
51.54
53.02
52.031
52.107
52.304
52.607
52.02
51.296
52.626
52.352
51.716
51.081
51.728
51.863
51.94
51.602
51.802
52.531
52.601
52.262
64.198
64.265
52.47
52.25
52.597
52.754
52.984
53.568
51.886
50.205
48.556
47.061
48.394
47.967
48.184
48.14
57.989
57.058
56.817
56.416
56.21
56.329
56.442
56.329
55.855
50.849
51.33
55.946
56.011
55.914
55.968
55.788
55.676
55.827
55.906
55.846
55.544
55.835
55.869
55.873
55.813
55.691
55.924
55.764
55.742
55.795
55.6
54.13
43.061
43.047
43.251
43.821
44.504
47.022
49.54
50.845
51.409
51.371
51.789
52.089
51.959
51.686
50.921
51.166
52.356
51.481
52.434
52.692
51.805
51.271
51.022
50.972
51.868
51.505
51.889
50.88
51.465
52.723
51.744
52.332
52.414
51.18
51.858
52.39
51.448
52.251
52.276
51.05
51.41
51.362
51.583
51.506
51.981
52.431
51.329
50.87
51.639
52.332
51.688
52.337
52.811
52.595
51.527
51.613
51.059
51.71
63.316
62.665
62.716
62.503
62.318
62.263
62.299
62.336
62.563
62.477
62.391
49.926
49.674
61.812
60.647
59.391
58.492
57.581
57.681
58.108
59.216
60.051
60.244
60.158
59.553
58.948
59.237
59.833
60.098
60.135
59.803
59.544
59.604
60.085
60.565
60.724
67.633
67.439
67.163
66.876
66.944
67.261
67.456
67.393
67.274
67.376
67.412
67.524
60.254
60.051
59.986
60.067
53.36
53.937
54.41
54.666
54.715
54.634
55.529
55.389
55.249
54.698
54.362
54.328
54.37
54.401
54.643
54.611
54.696
54.24
54.159
53.631
53.187
52.877
52.787
52.298
51.225
55.334
59.443
58.522
58.561
59.027
54.266
49.506
49.668
49.83
48.586
50.308
48.747
57.428
57.538
57.606
58.073
58.817
58.926
59.387
59.25
59.187
59.241
59.206
59.067
58.847
58.936
58.972
59.1
59.071
59.01
58.766
58.645
58.546
58.414
58.417
59.017
59.366
59.93
59.984
59.562
59.38
59.152
59.037
59.012
59.108
59.211
59.338
59.408
59.482
59.505
59.456
59.287
51.654
51.312
59.133
59.364
59.766
59.854
59.746
59.5
59.349
59.234
59.166
58.89
58.812
59.213
59.472
59.118
58.532
58.259
57.985
57.94
57.894
58.44
52.56
52.443
51.228
52.273
52.411
51.642
51.604
52.18
51.536
52.347
51.907
51.889
50.688
51.464
52.24
51.816
52.011
52.168
52.006
52.013
52.126
52.171
52.129
52.066
52.015
52.168
52.009
52.023
52.023
52.307
