65.023
65.039
65.069
65.038
65.017
84.135
84.168
64.946
64.985
64.998
65.021
65.052
65.093
59.853
60.008
59.918
59.919
60.038
59.816
60.141
59.849
60.113
59.945
59.855
60.156
59.831
60.152
59.848
64.896
64.929
65.025
65.012
65.088
65.034
65.046
65.053
48.755
50.532
48.41
48.74
49.07
49.481
49.26
49.872
65.048
65.056
65.054
65.105
65.156
65.157
65.14
65.314
54.757
56.192
55.784
55.582
56.009
56.434
56.793
57.122
65.15
65.053
65.065
65.043
65.145
58.425
58.725
59.025
58.902
59.387
59.012
58.813
59.203
59.593
59.82
59.824
59.57
54.096
48.622
48.163
47.909
47.724
47.568
47.543
59.86
58.912
44.338
45.825
46.244
46.042
44.954
46.487
46.285
45.339
46.05
46.413
46.207
45.055
46.455
45.611
46.102
45.896
45.934
46.006
45.381
46.621
45.872
45.122
46.533
47.944
46.893
45.841
48.467
62.277
62.286
62.32
62.355
49.756
49.253
50.669
49.62
48.79
48.55
48.311
51.003
49.098
49.368
50.69
50.861
51.032
48.376
50.285
50.008
49.089
50.862
50.814
50.767
49.608
49.509
50.744
48.766
50.795
61.893
61.965
61.952
62.053
62.003
61.586
49.124
46.624
45.048
46.337
45.754
58.282
58.238
58.374
58.236
61.961
62.06
58.662
58.504
46.245
46.732
47.211
47.689
47.749
48.28
48.812
47.336
54.8
52.942
51.084
51.332
51.581
50.623
49.664
50.472
50.944
50.638
50.919
51.043
51.155
48.333
45.511
44.504
46.594
47.29
51.391
51.831
51.283
50.735
51.302
51.87
52.12
51.605
51.09
50.604
51.351
52.099
51.52
49.867
51.159
51.136
51.586
52.036
52.267
52.022
51.778
50.309
51.194
52.08
52.132
50.893
50.963
51.491
50.252
51.685
51.762
50.496
50.464
50.361
51.209
50.356
47.64
47.563
49.858
49.943
49.791
50.407
48.834
50.359
48.703
49.746
49.669
49.155
51.198
49.777
50.628
50.52
50.545
49.522
51.02
58.47
65.919
66.086
65.999
66.079
65.99
66.102
63.226
60.349
60.273
60.095
60.632
47.92
47.561
53.118
58.675
58.925
46.352
46.277
58.762
58.465
59.14
59.11
58.618
58.505
58.5
57.615
58.464
58.715
58.84
58.76
60.096
59.655
59.748
60.09
60.432
60.614
60.795
62.881
55.086
47.29
46.285
46.729
47.174
48.052
48.93
48.055
47.179
52.714
53.029
52.877
52.969
52.964
52.955
53.085
52.264
51.444
51.374
51.305
50.512
50.213
50.947
50.411
49.005
51.985
53.467
52.662
51.033
49.704
48.375
51.228
49.568
47.908
49.356
50.804
50.37
49.936
51.239
49.396
51.274
49.552
51.697
50.203
51.272
51.021
50.595
49.732
51.474
51.365
51.257
48.845
50.447
50.701
49.116
48.691
48.267
50.918
50.526
50.134
49.77
49.406
50.455
50.321
50.186
50.34
50.494
48.812
49.034
49.257
50.505
49.78
49.907
50.517
49.719
50.16
50.41
49.538
50.623
50.077
49.803
52.514
49.889
47.264
45.533
46.556
46.443
46.374
46.305
50.87
50.361
50.309
49.518
50.435
50.017
47.974
45.931
45.815
45.904
45.798
46.415
45.258
47.341
46.51
48.45
50.389
47.942
45.611
45.385
46.814
66.003
66.086
65.95
66.103
66.061
66.022
47.084
46.332
44.734
45.834
46.934
46.116
45.297
48.567
47.332
45.756
45.834
45.912
46.047
