46.449
46.003
45.557
46.098
47.594
45.716
45.599
46.181
45.923
45.89
45.857
45.733
52.412
58.096
57.788
58.254
57.725
58.084
57.781
58.047
57.903
57.933
60.348
59.274
58.2
58.232
58.264
55.026
56.629
58.233
56.553
55.837
57.907
57.926
57.945
58.342
58.749
58.655
58.762
46.656
47.038
59.165
59.67
59.01
59.577
60.143
60.167
60.181
59.832
59.874
59.933
60.148
60.024
48.184
48.527
60.786
60.622
60.662
48.699
48.813
48.712
47.629
46.545
45.47
45.24
46.944
45.193
46.692
46.717
44.622
46.612
46.686
45.333
46.586
45.851
45.95
46.361
45.674
46.216
45.105
47.681
47.047
47.213
47.378
46.231
45.544
45.289
45.035
45.754
47.255
46.03
45.031
48.568
48.842
47.993
47.145
47.665
47.917
48.169
46.482
47.207
47.932
51.318
50.123
48.929
49.252
51.151
51.053
50.955
50.545
48.855
50.306
49.108
48.348
48.461
48.575
50.732
50.276
49.074
51.364
50.917
49.55
50.866
50.863
51.207
46.638
45.6
46.322
45.601
46.012
45.936
45.577
46.007
57.878
58.164
58.247
58.436
58.901
46.463
47.05
49.919
48.521
47.124
49.672
49.204
50.155
51.107
56.559
52.835
49.11
49.242
49.925
50.608
51.002
51.218
51.176
51.084
50.973
50.863
51.181
51.498
47.295
48.247
46.834
45.421
51.408
50.189
49.045
51.919
51.319
50.593
50.667
51.337
52.006
51.249
51.378
51.508
50.617
51.972
51.851
50.704
49.558
47.537
45.517
45.056
46.06
47.063
47.295
46.221
45.148
51.983
51.681
51.571
51.461
51.879
44.965
45.742
46.134
46.404
46
46.334
48.213
66.242
66.17
46.632
47.117
48.224
49.332
49.949
50.566
50.722
50.878
49.109
49.6
50.091
49.028
51.019
50.991
50.962
56.004
51.918
59.124
59.348
59.572
53.68
56.727
52.203
47.678
47.513
53.492
59.47
66.011
65.957
66.113
58.126
57.24
57.299
57.344
57.401
57.472
57.681
57.954
52.61
55.597
58.584
58.232
58.675
60.715
62.628
58.391
54.153
54.838
55.278
56.177
56.029
56.773
56.812
68.702
68.86
69.075
69.266
57.383
57.455
57.392
57.357
69.425
69.193
69.198
69.275
57.212
56.905
56.921
56.891
56.997
56.981
69.011
68.963
68.97
68.985
69.095
69.189
69.251
69.222
69.249
69.27
69.264
69.185
68.899
56.679
56.449
57.404
56.671
56.991
56.411
57.064
57.288
56.015
53.726
54.842
54.115
53.014
53.688
53.706
52.792
52.906
52.571
52.045
52.214
52.313
52.671
52.467
53.514
52.919
53.469
53.071
52.022
50.054
50.225
49.65
50.11
50.174
49.611
60.343
60.745
61.146
55.341
62.033
68.725
68.931
68.946
68.961
68.845
68.961
68.924
68.887
68.895
49.672
50.135
47.978
49.415
49.57
49.492
50.086
49.933
49.872
49.93
49.869
49.807
50.583
50.742
51.379
43.361
43.519
52.21
54.521
52.521
52.875
53.228
53.145
53.062
43.05
43.043
53.851
51.987
54
54.468
52.293
54.234
55.255
54.202
54.678
54.975
54.744
54.944
54.888
57.792
59.037
58.829
58.911
58.804
58.876
59.036
59.068
59.149
63.212
67.276
67.195
42.995
42.982
43.062
43.054
43.262
43.278
43.292
51.105
58.919
59.094
59.022
59.124
59.84
56.36
52.881
53.383
53.32
53.257
52.352
53.272
52.038
53.15
51.902
53.132
52.171
53.431
52.394
53.657
53.475
56.354
59.232
59.244
59.413
65.006
57.752
50.499
50.497
50.67
62.78
62.824
62.754
50.783
50.613
62.486
61.624
62.08
62.011
61.99
61.76
61.322
61.28
61.238
61.606
61.763
60.786
59.808
61.68
62.144
62.376
50.766
52.069
57.251
53.069
48.887
46.665
48.211
47.813
47.908
48.298
47.331
48.586
48.587
48.589
47.193
48.721
49.134
49.145
49.156
48.933
48.711
60.089
59.947
60.143
59.718
60.379
60.38
60.382
60.279
60.176
59.86
59.543
59.622
59.701
59.672
59.643
59.825
60.008
65.956
62.876
59.796
60.246
59.837
59.822
59.91
59.85
59.992
59.633
61.401
63.168
59.876
59.984
59.779
59.747
59.902
60.6
49.197
49.574
50.779
50.061
50.436
50.811
62.871
62.813
62.857
63.027
63.048
59.691
51.369
50.426
50.051
62.824
62.957
62.931
55.722
54.545
53.369
49.136
47.573
48.789
49.535
49.519
49.503
51.68
63.043
63.036
64.939
66.843
58.634
50.426
50.526
50.246
50.35
50.455
50.647
51.55
51.652
50.961
50.388
49.814
51.652
70.028
70.006
50.244
51.291
51.759
51.048
62.961
62.861
51.034
51.138
