48.128
64.864
65.139
64.947
52.915
53.02
53.858
53.644
53.869
76.984
76.969
77.024
76.967
77.036
77.023
77.023
77.014
77.016
69.076
68.832
62.338
55.845
56.146
79.994
79.984
79.987
80.035
80.024
79.981
80.048
80.035
80.001
53.17
53.836
53.551
53.265
77.046
77.015
76.992
76.979
77.061
76.98
77.006
77.026
77.016
77.028
76.999
77.005
77.044
77.028
77.041
77.045
58.447
59.193
59.041
58.845
70.496
70.18
69.995
70.069
70.032
58.157
57.976
57.812
57.98
58.071
57.799
57.635
57.74
57.696
57.754
57.771
58.18
69.813
69.907
69.876
57.888
57.945
57.837
57.091
81.983
82.019
82.016
81.966
74.675
67.384
55.584
55.663
55.793
55.612
55.981
55.922
56.125
56.093
56.176
55.927
56.333
56.15
56.582
56.398
57.29
57.254
57.101
57.414
57.695
57.693
57.844
57.728
57.72
57.326
57.151
56.882
55.901
56.556
56.42
56.284
56.407
56.041
56.261
55.988
56.276
56.177
56.176
55.761
80.064
80.009
80.005
80.059
76.89
73.722
74.288
74.855
74.896
74.938
74.973
74.996
74.993
75.03
75.001
75.038
74.995
75.017
75.029
74.961
75.076
74.914
51.184
64.136
77.089
76.958
49.443
49.967
60.516
71.064
71.309
62.244
67.212
72.181
76.998
76.99
77.012
77.034
77.018
76.996
76.975
77.031
77.016
76.958
76.987
77.025
76.971
77.044
76.989
77.095
77.024
77.209
48.962
48.473
49.229
49.599
77.06
76.952
77.006
76.873
51.661
65.83
54.355
42.881
42.206
80.155
79.951
56.294
55.962
77.016
76.99
77.026
65.459
65.401
65.364
65.326
65.26
65.17
65.262
65.488
71.218
63.246
55.275
55.669
56.248
56.383
56.215
56.261
56.469
56.535
56.466
56.392
56.029
55.545
54.512
80.074
80.059
79.963
80.019
77.04
77.04
77.021
76.991
76.951
76.992
77.054
76.997
77.02
77.084
53.255
57.082
60.909
60.888
67.521
68.514
59.157
60.126
59.979
59.8
59.862
59.711
60.229
60.779
61.114
61.44
61.611
61.55
61.49
61.391
61.366
61.407
61.412
61.433
61.302
61.244
61.296
61.327
61.318
61.335
61.118
60.716
60.517
60.949
61.38
61.669
61.578
61.508
61.456
61.414
61.446
61.327
61.209
61.359
61.164
60.871
61.036
60.979
61.03
61.289
60.787
61.429
73.442
73.286
72.924
73.017
72.97
72.963
73.088
73.027
72.943
60.841
60.693
60.2
59.938
59.446
59.154
58.856
59.066
58.898
58.673
58.946
58.699
58.752
58.817
58.632
58.169
57.441
56.713
56.334
55.955
56.823
56.629
56.825
57.021
56.809
56.526
56.529
56.532
56.114
55.115
80.108
80.002
80.08
52.673
50.463
51.508
47.978
62.564
77.15
77.059
69.283
69.017
68.529
68.651
65.347
62.044
50.536
50.3
76.971
77.011
76.96
77.05
77.019
77.073
76.984
76.984
76.959
77.047
76.985
77.017
77.025
60.024
60.747
61.47
61.136
61.537
60.459
48.694
48.751
49.089
49.05
48.445
79.929
80.027
60.916
61.474
77.104
