43.494
62.249
70.314
70.316
70.333
70.313
70.352
70.389
70.338
70.003
52.965
53.11
53.255
53.48
53.704
53.62
53.536
69.072
68.767
68.662
68.625
68.714
68.756
68.887
69.043
69.27
69.206
69.321
69.783
69.962
70.034
69.712
69.777
69.842
70.065
70.082
70.118
70.154
70.077
70.238
69.791
68.985
69.284
68.312
69.936
68.359
67.758
67.873
67.941
68.101
68.333
68.642
68.502
68.682
69.131
69.037
69.372
69.775
70.205
69.748
70.184
69.716
70.226
63.023
64.655
64.695
64.707
64.783
64.736
64.688
64.755
64.649
64.792
65.064
65.155
64.978
65.086
65.039
58.473
57.564
58.286
58.315
57.963
58.197
57.426
58.641
57.957
57.352
58.446
58.416
58.386
60.083
61.781
64.043
64.1
64.301
64.396
64.41
64.514
64.767
65.042
65.067
64.703
54.441
56.263
54.682
59.316
60.252
61.188
65.274
65.05
65.062
65.044
65.016
64.959
65.068
65.163
65.295
65.744
63.482
61.219
48.045
47.899
48.163
54.922
61.681
63.951
64.324
63.594
64.105
64.226
63.593
63.964
64.392
68.205
64.712
61.22
62.271
61.845
61.673
62.316
61.946
61.755
62.189
61.781
62.067
62.13
62.115
61.664
61.322
60.98
65.629
64.014
62.398
60.529
59.912
59.584
59.694
59.87
59.906
60.547
60.363
60.89
60.478
71.948
72.048
72.045
71.867
68.448
67.77
67.092
67.381
67.615
67.61
67.598
67.674
67.627
67.717
67.995
68.29
68.451
68.511
68.571
68.727
68.917
68.989
68.935
68.844
68.818
68.32
57.954
47.587
47.417
47.248
46.896
43.778
44.532
44.862
45.192
66.796
67.163
66.898
66.681
66.634
66.709
66.706
66.692
66.672
66.716
66.782
66.819
66.917
66.917
66.262
53.384
43.755
43.736
54.439
65.142
64.942
64.909
64.856
64.75
64.763
64.783
64.866
64.981
65.082
62.321
62.062
62.004
61.988
62.011
62.033
62.011
61.985
62.147
65.54
65.283
65.276
65.364
65.482
65.499
65.726
65.737
65.923
66.096
66.283
66.326
66.334
66.301
66.377
66.41
66.339
66.219
66.043
65.368
64.508
63.856
63.203
63.743
64.697
65.164
65.251
65.177
65.069
65
64.975
64.842
71.998
71.977
72.017
81.122
81.046
80.955
65.453
65.342
65.173
65.137
65.101
65.149
65.107
65.065
80.99
80.985
80.988
65.268
65.266
64.935
64.861
64.787
65.215
64.922
65.017
65.21
64.882
65.434
64.794
65.599
65.004
65.583
64.995
65.435
64.811
65.459
64.865
65.556
65
65.657
65.138
65.583
65.17
65.413
65.526
65.302
65.697
65.193
72.066
72.007
71.964
72.004
71.997
72.007
72.016
72.009
71.966
72.031
71.977
71.978
71.989
72.001
71.982
81.196
81.084
80.988
80.991
80.956
80.988
81.005
80.951
82.127
81.996
82.018
82.006
81.993
81.991
81.987
81.804
81.032
80.981
80.982
80.981
80.999
81.027
81.008
80.944
80.988
80.994
81.021
80.986
80.968
81.016
80.994
71.922
72.025
71.994
72.009
72.006
72.027
71.998
72.009
71.999
71.985
71.979
71.967
72
71.999
77.116
77.027
76.993
76.974
77.004
76.987
76.975
76.972
77.011
76.972
76.971
76.965
76.981
77.012
76.797
77.008
76.975
76.984
76.981
77.004
76.979
64.968
64.999
64.983
65.061
64.954
65.016
65.005
64.995
65.01
64.984
