44.208
44.861
45.999
47.136
58.571
70.006
69.97
70.204
70.273
70.419
70.487
70.556
70.411
70.424
70.273
70.139
70.168
70.122
70.184
70.247
60.295
60.219
59.926
59.869
59.635
59.85
60.429
60.981
61.193
52.209
61.135
70.062
69.939
68.771
69.09
69.064
68.621
68.981
69.172
69.715
69.998
69.885
69.965
70.045
69.937
69.87
69.804
69.721
69.406
69.506
69.198
69.484
69.36
69.112
69.455
69.523
69.514
69.63
69.823
69.474
69.703
69.706
69.66
69.332
69.409
69.714
69.702
69.633
69.71
69.774
69.708
69.848
69.514
69.382
69.721
69.685
69.509
69.745
69.24
69.7
69.678
69.814
46.727
48.295
70.259
69.748
69.782
69.816
69.675
69.616
69.556
69.797
70.116
70.028
70.193
70.153
70.141
70.139
70.017
69.579
69.141
69.467
69.622
68.977
69.643
69.318
69.471
69.41
70.23
69.941
70.085
70.158
70.113
70.291
68.913
80.359
79.939
79.883
68.066
68.367
80.64
80.839
81
81.158
81.264
81.338
81.435
81.535
69.861
69.74
68.428
67.802
67.834
67.866
67.72
67.31
67.005
67.437
67.711
67.984
68.106
68.011
67.621
67.417
67.306
67.514
67.569
67.296
67.472
67.605
67.493
67.262
67.659
67.873
68.11
68.148
68.147
71.458
70.976
71.002
70.98
70.712
70.579
70.673
70.804
70.969
71.314
71.72
71.944
72.045
72.031
72.016
71.699
71.164
69.989
68.038
65.628
63.553
61.937
62.858
62.248
63.184
63.816
63.873
63.615
63.882
63.98
63.984
63.907
64.092
63.584
63.885
63.979
64.006
64.19
64.241
64.24
64.209
64.412
64.566
64.594
64.317
64.441
64.4
72.89
72.875
72.812
72.742
72.731
72.814
72.973
73.014
72.803
72.932
72.87
72.852
72.859
72.903
77.82
78.1
75.504
72.907
67.318
67.438
67.407
67.375
58.651
64.71
70.77
70.542
70.634
70.679
65.658
65.598
65.328
65.13
70.082
69.885
69.932
69.812
69.965
69.981
69.996
70.251
70.216
69.983
70.048
70.014
70.123
70.035
69.978
70.166
70.168
70.169
70.276
70.28
70.208
70.047
70.043
69.998
69.956
70.034
70.033
70.131
70.165
65.187
65.378
65.662
65.535
65.576
65.637
65.625
65.572
65.548
65.547
65.415
65.37
65.186
64.938
65.182
65.629
65.912
64.106
65.425
65.724
65.231
65.4
65.585
65.723
65.881
65.946
65.839
65.794
65.622
65.683
65.815
65.923
65.72
65.742
65.726
55.424
52.338
50.69
52.08
67.529
67.684
67.498
67.096
67.131
66.575
66.523
66.827
67.003
67.144
67.543
67.632
67.318
67.412
67.857
45.767
45.538
53.329
53.799
52.138
60.716
69.295
68.835
80.761
80.642
68.57
68.662
69.069
68.943
69.334
70.026
65.997
65.902
65.808
68.064
70.321
70.119
69.585
69.26
69.248
69.235
81.313
81.461
81.546
81.766
81.987
70.16
70.456
70.207
69.958
68.999
68.962
68.912
69.418
69.261
68.958
68.517
48.947
49.252
48.697
48.981
70.786
68.917
68.929
68.941
68.996
69.049
69.194
69.16
69.322
48.818
48.957
48.839
70.634
70.551
70.772
70.677
71.662
72.647
72.676
72.36
72.145
72.103
71.959
71.795
71.964
72.047
72.146
72.15
72.084
72.013
72.195
72.295
72.535
72.81
72.927
72.375
63.14
53.905
54.531
53.917
54.509
54.497
54.486
54.324
70.133
69.914
69.241
68.842
68.558
68.599
68.884
68.932
69.422
69.431
69.412
69.348
69.306
69.274
69.478
69.502
69.39
69.384
69.531
69.858
59.639
49.42
49.297
49.34
49.041
48.493
46.18
58.001
69.822
69.172
80.966
80.689
80.529
80.488
80.621
80.791
81.095
81.119
81.209
81.249
81.246
47.393
47.472
47.55
45.651
64.591
63.812
63.886
64.634
64.419
64.784
64.874
63.795
65.058
64.443
65.017
64.897
64.91
46.815
47.264
46.458
47.314
47.015
46.882
47.265
46.949
47.031
47.038
46.734
47.144
46.73
46.901
47.112
47.02
46.869
47.221
46.944
46.919
47.215
46.719
47.052
46.79
