66.084
65.924
65.985
65.685
66.011
65.828
65.925
65.922
65.961
65.905
65.903
77.881
78.048
66.178
66.093
66.221
66.158
65.989
66.029
65.956
66.002
66.448
64.94
63.873
63.452
63.403
63.492
63.525
63.608
63.831
64.141
64.681
64.166
63.904
64.669
64.812
64.288
65.091
64.22
64.366
64.226
64.136
63.386
66.01
65.973
60.999
61.217
61.929
61.857
62.017
62.191
62.204
62.086
62.281
62.255
62.542
62.517
62.672
66.024
65.985
66.022
65.985
66.058
65.994
44.942
45.517
45.869
46.09
46.05
45.956
45.819
56.207
56.164
45.966
45.913
45.974
56.06
55.548
48.218
47.956
47.926
47.896
57.107
56.709
56.768
48.041
48.098
47.864
48.172
47.936
48.086
47.831
56.076
55.355
54.227
54.566
55.177
55.283
55.242
55.158
55.355
55.455
55.164
55.085
55.077
54.901
55.36
53.079
54.748
51.061
50.263
52.83
54.302
49.448
49.923
48.656
48.512
48.335
47.948
47.976
48.662
47.646
47.5
48.351
47.842
47.993
47.867
47.974
47.725
48.206
47.94
48.057
47.798
48.021
47.974
48.118
47.825
48.117
47.951
47.976
48.011
48.036
47.978
48.001
48.037
47.879
48.039
47.994
47.954
48.304
47.903
48.297
47.564
48.287
47.821
48.28
47.839
48.119
47.881
48.289
47.559
47.897
53.518
54.563
54.422
54.064
53.63
52.788
52.691
52.593
50.91
51.937
46.982
48.646
49.784
53.209
54.2
54.776
54.785
54.355
54.609
54.744
54.533
54.68
55.056
55.494
55.787
56.296
55.889
56.034
56.147
56.856
57.703
56.983
57.022
57.062
57.629
56.682
56.606
57.176
57.746
57.87
57.745
57.896
57.631
57.658
57.575
57.126
56.49
56.51
56.523
56.464
56.587
56.262
47.167
46.909
47.103
47.089
46.669
47.036
46.96
46.966
55.83
55.72
55.681
54.893
54.741
54.535
54.742
55.013
55.285
55.077
55.161
47.383
46.727
46.816
46.905
54.288
54.401
54.295
54.548
54.599
54.238
53.765
53.66
46.971
47.098
54.402
54.764
54.925
55.504
55.109
54.704
54.768
54.966
55.486
55.348
55.521
56.251
55.86
46.82
47.329
74.973
75.039
75.023
74.978
74.991
74.968
75.01
75.01
74.98
74.974
75.013
75.009
75.004
74.99
74.977
68.636
62.296
62.801
62.826
62.737
62.589
62.681
62.673
62.759
62.818
62.382
63.037
63.042
63.544
63.083
62.898
62.8
62.816
62.842
62.844
62.993
62.914
63.108
46.954
47.041
46.986
47.033
45.8
45.715
46.263
63.786
63.328
62.382
61.912
62.066
61.986
61.917
62.086
62.305
62.487
62.656
62.729
62.611
62.245
61.565
61.231
61.257
61.367
61.325
46.017
45.974
46.036
45.896
45.975
45.999
46.269
45.781
60.806
60.427
60.322
60.213
60.1
60.189
59.953
60.098
59.632
58.847
58.002
57.688
58.182
58.249
58.447
58.423
58.35
45.972
46.168
45.918
46.013
45.798
46.166
