53.732
54.144
54.555
66.351
66.523
66.256
65.988
65.705
65.358
65.011
54.472
53.432
53.704
55.953
58.203
66.251
65.578
65.674
65.647
65.494
65.412
65.551
65.722
65.802
65.971
66.054
65.615
65.726
65.664
65.97
65.71
65.725
65.96
65.951
65.97
65.885
65.77
66.03
65.646
57.968
57.489
64.53
66.08
66.02
65.739
65.456
65.428
65.575
65.836
65.865
65.777
65.883
65.844
65.888
65.889
65.89
65.879
65.554
65.448
65.634
65.632
65.909
65.939
65.737
65.861
65.113
50.842
50.836
51.237
66.166
66.149
65.749
65.646
65.468
65.731
65.991
66.158
66.216
65.892
65.593
65.293
63.586
57.031
61.613
66.196
65.876
65.69
65.849
66.09
66.226
66.132
66.179
53.416
54.624
52.833
54.2
46.238
45.774
66.359
66.094
65.72
65.906
65.635
65.456
65.685
65.825
65.825
66.231
66.218
66.53
66.11
65.958
65.806
65.746
49.224
48.877
49.062
48.941
49.119
48.921
49.004
64.934
64.943
65.089
65.585
65.43
65.275
64.536
64.763
64.93
65.117
65.235
65.131
64.787
64.444
64.862
60.85
60.647
61.155
60.883
68.462
68.138
67.719
67.299
66.31
67.16
66.721
67.838
68.022
80.438
80.815
81.057
81.126
81.225
81.324
81.321
69.076
68.496
67.028
64.236
60.999
58.835
57.279
56.792
56.649
57.229
57.429
58.838
59.572
60.14
60.742
60.757
60.53
60.917
61.046
60.975
61.111
61.443
61.406
61.118
61.122
60.859
60.547
60.69
60.218
60.692
61.179
61.896
61.873
61.817
61.382
60.946
61.509
60.272
46.911
46.821
59.497
60.945
61.85
61.796
56.306
58.887
61.468
61.726
61.956
62.158
62.338
62.175
63.317
55.497
59.117
52.852
46.586
47.19
62.401
62.804
62.776
62.748
62.871
62.749
62.707
62.901
62.706
62.575
61.908
62.172
62.575
63.075
62.389
46.891
47.058
46.878
46.996
47.158
47.082
46.728
46.987
47.437
46.67
47.153
46.992
47.244
46.86
47.145
46.932
46.812
47.208
46.9
46.888
46.988
46.789
47.312
53.985
53.731
47.187
46.727
47.22
46.807
47.44
47.405
46.602
46.957
62.519
63.159
62.785
62.432
62.669
62.53
62.741
62.645
62.916
62.985
62.873
62.16
46.622
47.939
61.195
61.303
60.647
60.667
60.681
60.977
60.979
61.042
61.239
60.899
60.446
62.482
65.968
66.015
62.029
60.554
59.245
58.512
58.125
58.155
58.515
58.705
58.642
58.009
58.41
58.71
58.789
58.346
60.486
62.627
63.107
60.102
60.569
59.856
59.946
59.982
60.006
60.381
60.517
60.867
60.625
60.858
60.871
60.782
60.589
61.008
60.295
60.652
60.647
60.934
61.068
61.213
61.236
61.307
60.842
60.452
45.838
46.186
