44.516
44.487
43.852
43.762
43.649
43.577
56.553
56.162
55.77
56.887
44
44.132
44.352
44.571
43.709
58.961
61.663
64.364
64.19
63.942
64.099
64.046
63.998
64.051
64.042
64.044
64.009
64.052
64.094
64.04
55.447
55.432
55.144
64.1
63.972
63.961
64.043
64.068
63.964
56.218
57.514
57.298
56.853
56.117
56.174
56.232
56.094
55.956
56.431
56.31
55.682
55.283
55.201
55.363
55.711
56.163
56.41
56.37
56.782
56.539
57.074
60.572
64.069
64.016
64.001
64.053
64.02
63.987
63.918
61.135
58.351
59.998
59.778
59.7
58.709
58.646
58.984
59.348
59.82
60.206
60.544
60.333
60.6
60.669
60.832
60.763
61.089
61.233
60.482
54.058
54.263
54.711
53.621
54.197
64
63.635
63.388
63.435
63.391
63.388
63.574
63.753
63.904
63.82
63.778
64.086
64.033
63.979
64.153
64.201
64.282
64.318
64.601
64.054
63.965
64.085
64.061
61.143
60.787
60.807
60.757
60.761
60.885
60.817
60.604
60.482
60.508
60.554
60.909
61.014
61.006
60.991
60.859
60.83
61.051
61.436
61.763
62.894
63.587
64.285
64.242
64.176
64.212
64.28
64.575
65.032
65.19
65.512
65.469
65.529
65.689
65.825
65.527
65.777
65.773
65.531
65.857
66.007
65.416
65.439
65.877
65.61
65.78
65.893
65.73
65.637
64.005
63.893
63.93
64.185
63.224
63.114
63.283
63.374
63.195
63.33
63.61
63.765
44.537
45.194
45.305
45.846
45.383
66.645
66.557
66.02
65.301
65.053
64.697
64.815
64.959
65.012
65.441
65.587
65.885
66.276
66.232
65.758
48.245
48.092
47.521
48.556
48.427
66.288
66.383
65.874
65.507
65.628
65.188
65.621
65.711
65.731
65.928
65.826
65.059
64.219
63.467
63.466
63.444
63.507
63.64
63.748
63.926
45.221
45.571
45.402
44.832
45.303
64.674
64.297
63.782
63.601
63.708
63.707
63.733
63.584
63.499
63.592
63.569
63.546
63.737
63.844
63.834
63.756
63.796
63.767
63.7
63.566
63.77
63.818
63.847
63.813
63.778
63.718
63.62
63.579
63.663
63.786
63.827
63.773
63.793
63.819
63.906
63.836
63.745
63.68
63.701
63.827
63.907
64.04
64.133
64.125
64.052
64.03
64.069
64.086
63.987
63.85
63.811
63.796
63.88
63.907
64.253
63.948
56.18
56.257
55.928
55.738
55.818
56.035
55.983
56.053
56.101
55.965
55.716
55.507
55.941
56.516
56.134
55.581
55.383
55.686
56.251
56.957
58.999
59.102
58.637
58.744
59.254
53.657
56.032
58.408
58.803
59.174
59.297
51.975
55.61
55.726
55.843
56.857
50.069
49.013
47.957
48.298
56.259
56.506
50.766
57.482
64.198
64.061
64.111
64.075
63.927
63.934
63.942
56.847
57.052
56.991
57
57.125
57.1
57.089
56.907
56.969
57.031
56.782
56.896
57.009
68.755
