46.189
57.708
66.122
66.359
66.293
66.295
66.126
66.47
66.538
66.665
66.725
66.355
66.174
66.143
66.488
66.512
66.469
66.417
66.458
66.244
66.351
66.633
66.575
54.741
55.422
55.276
54.796
54.839
55.515
55.499
71.151
71.197
71.173
71.137
71.129
71.134
71.181
71.339
71.474
71.585
71.684
71.663
71.762
71.727
71.649
66.98
66.818
66.955
67.036
62.101
61.936
66.963
67.093
67.72
68.456
67.649
67.771
67.06
67.125
67.284
67.522
67.874
68.083
68.154
68.486
68.411
68.572
64.667
60.762
59.72
60.004
60.795
60.813
60.831
66.784
66.173
66.148
65.723
66.181
66.274
66.223
66.169
66.123
66.128
66.041
65.997
65.888
65.567
65.689
65.8
65.877
65.636
66.198
65.041
65.784
66.023
66.25
65.389
66.105
65.709
66.388
66.376
66.077
66.585
66.683
66.682
63.754
55.067
54.494
64.066
64.012
63.904
60.108
59.94
59.88
59.839
45.265
45.056
54.546
64.037
63.969
61.359
58.75
59.224
59.128
58.792
59.067
58.95
59.207
59.372
63.966
64.006
63.972
64.028
64.038
63.894
60.29
60.28
66.086
65.482
65.572
65.661
65.672
65.736
66.062
65.554
66.412
66.478
66.491
66.416
66.447
66.139
65.831
66.161
66.302
66.702
66.756
66.787
66.537
66.308
72.058
71.957
66.907
67.058
67.648
68.993
69.005
68.605
68.462
68.753
69.028
68.986
69.37
68.428
66.763
67.217
67.007
45.264
45.363
61.588
66.783
66.681
65.959
65.883
63.29
64.32
65.35
65.936
59.777
59.86
59.987
66.686
66.574
66.162
65.394
65.538
64.8
64.953
59.976
60.327
59.821
59.894
60.208
60.225
60.242
59.95
60.009
59.862
59.975
59.958
60.11
60.218
60.776
61.333
61.37
61.406
61.597
63.159
64.72
64.651
64.58
61.215
63.064
64.913
64.907
64.808
64.754
50.072
49.896
50.055
50.069
64.976
64.839
64.806
64.773
50.077
49.938
50.048
50.095
50.054
49.941
49.863
50.342
65.323
64.827
64.799
64.771
50.117
50.098
50.073
50.049
64.474
64.867
64.79
64.713
49.954
49.97
72.008
72.013
72.026
72.015
72.02
72.018
72.011
71.984
72.014
71.997
71.994
71.99
68.627
68.05
68.152
67.775
67.824
67.742
67.459
67.688
67.893
67.571
67.796
67.933
67.914
68.237
68.355
68.281
68.173
68.176
68.897
68.963
68.95
69.06
68.95
68.841
69.585
69.354
81.41
81.283
69.202
69.305
69.221
69.115
69.115
81.138
81.251
69.516
69.423
69.468
69.523
68.144
70.054
71.964
72.003
72.067
72.027
71.962
72.149
71.867
71.705
71.341
71.579
71.844
71.864
71.802
71.47
71.69
71.941
