49.979
50.448
50.916
51.32
60.311
59.585
58.899
58.588
58.39
58.382
58.505
58.685
58.762
58.848
58.814
58.871
58.756
58.387
57.84
58.233
58.354
57.776
58.627
59.477
59.48
59.482
59.093
58.92
58.802
58.798
58.939
58.946
59.001
58.958
58.833
58.163
59.17
59.414
59.063
59.68
63.238
61.702
60.667
64.404
64.504
64.009
63.485
75.04
75.024
75.069
75.344
75.529
75.715
75.934
64.275
64.413
64.47
64.523
48.709
49.086
49.125
49.178
60.876
65.717
65.528
64.714
63.885
63.754
63.725
63.842
64.086
64.135
64.197
64.146
64.094
64.064
63.614
63.794
64.234
64.27
60.871
60.836
61.191
65.953
65.286
65.34
77.375
77.604
77.263
77.307
77.352
77.457
77.328
77.603
77.629
77.655
77.819
65.781
65.704
65.598
64.634
64.306
63.978
63.392
64.021
64.024
64.133
64.002
63.765
63.594
63.691
63.553
63.596
63.651
63.705
63.827
63.897
63.756
63.779
63.855
63.711
63.636
63.999
64.049
64.284
64.501
64.825
59.123
46.813
46.655
47.12
71.042
71.219
63.216
43.341
44.314
43.162
44.229
44.593
58.997
59.014
59.03
59.155
58.806
58.456
58.384
57.65
57.721
56.877
57.763
56.431
57.922
56.583
58.054
57.086
58.208
58.57
58.998
59.322
46.029
44.742
71.006
69.138
68.003
66.868
67.2
66.675
66.397
66.437
66.791
66.763
67.244
67.503
67.907
68.205
68.15
67.587
67.345
67.729
67.959
67.798
67.389
67.289
67.835
67.927
67.85
67.847
67.945
68.561
51.206
50.023
48.697
49.369
68.089
67.848
68.103
67.807
68.31
68.464
68.447
68.43
70.072
71.713
59.427
59.875
59.594
59.089
58.584
58.527
58.859
58.616
59.094
59.149
59.249
59.441
59.022
59.393
59.234
59.852
61.32
62.475
63.615
64.287
65.265
65.394
65.514
65.58
65.719
65.689
65.684
65.679
65.634
65.647
65.625
65.642
65.663
65.701
65.636
65.36
64.818
65.252
66.721
66.7
66.707
78.5
78.125
77.91
77.93
78.049
78.242
78.554
78.783
79.012
79.191
79.37
79.521
67.371
66.229
80.149
80.206
79.216
78.713
78.21
77.743
65.695
65.69
77.656
77.536
77.607
77.678
65.843
65.748
65.616
65.371
64.621
65.002
63.791
62.595
62.954
62.104
63.536
63.689
63.641
63.538
63.571
75.892
75.894
75.963
63.81
63.829
63.945
63.912
63.811
63.731
63.725
63.792
63.776
75.893
75.972
76.013
75.976
75.981
75.987
83.063
83.132
83.147
82.999
83.034
83.069
64.017
63.949
76.091
76.058
69.994
63.93
64.031
64.144
64.095
64.052
76.027
76.062
76.039
76.017
64.048
64
64.027
64.082
83.155
83.064
83.03
82.996
83.1
64.162
64.08
64.043
76.01
76.073
64.078
63.997
64.03
64.103
64.058
64.086
64.078
64.07
64.039
64.007
64.09
70.086
67.103
64.119
64.149
64.157
64.215
64.242
64.269
64.217
64.175
76.034
76.111
76.112
64.143
64.104
64.135
64.22
76.126
76.198
70.236
64.273
64.163
64.155
64.147
64.253
64.228
64.138
64.187
76.103
76.182
51.641
52.227
52.101
51.867
76.118
76.039
76.136
64.153
64.05
64.16
64.073
64.045
64.007
63.959
63.918
63.998
64.078
64.061
70.074
76.086
76.09
79.639
77.836
76.034
64.428
64.245
64.008
82.903
83.039
83.085
83.13
75.972
64.076
64.147
64.141
64.123
64.113
64.142
64.167
64.102
76.052
76.053
76.125
76.005
67.523
59.041
58.942
64.178
64.086
64.001
64.02
64.019
59.032
59.011
58.889
58.829
58.997
59.052
58.975
58.964
58.953
58.893
83.161
83.273
75.901
64.196
64.13
58.817
59.146
64.132
64.045
58.836
58.982
58.992
58.904
58.897
59.043
59.016
58.885
59.068
50.557
48.815
47.9
46.985
46.258
45.746
45.234
45.912
43.395
44.657
43.164
43.273
44.252
45.239
46.226
44.672
43.119
44.872
58.896
59.426
50.991
51.849
52.707
58.508
58.963
58.69
59.131
59.014
58.897
59.103
58.894
58.934
59.052
58.732
75.952
75.951
75.943
75.927
58.788
58.969
59.034
59.026
59.071
58.989
58.866
58.946
58.945
58.943
58.881
58.932
58.983
46.65
48.17
47.87
53.315
58.76
58.945
58.97
58.907
58.599
43.787
44.9
45.008
