60.208
59.821
59.732
59.643
70.063
70.06
63.291
63.016
62.924
62.86
62.704
62.613
62.655
62.763
62.576
62.681
62.575
62.883
62.739
62.858
62.91
63.178
63.044
58.71
52.784
53.078
69.987
69.98
69.985
63.561
63.164
62.916
62.732
62.731
62.91
62.99
62.994
62.664
62.589
62.721
62.917
63.159
63.304
63.433
63.389
62.996
62.383
67.001
66.747
65.172
63.598
64.839
64.866
64.629
64.388
64.234
64.372
64.5
64.511
64.579
64.634
64.654
64.756
64.903
65.396
66.246
66.349
66.37
66.367
66.174
66.194
66.138
66.102
66.223
66.55
66.596
66.553
66.675
66.913
67.098
67.004
67.035
67.101
67.187
67.028
46.79
45.874
43.5
43.135
47.615
45.951
44.518
44.262
47.679
46.492
61.688
62.918
62.727
62.597
62.598
62.771
62.742
62.965
62.73
62.582
62.548
62.542
62.585
62.588
62.696
63.051
62.811
62.585
61.983
62.27
62.546
63.128
62.957
62.828
62.709
62.776
60.463
61.686
62.908
62.922
62.848
62.94
62.947
62.97
62.979
62.995
63.022
62.76
57.607
57.849
58.09
58.267
63.301
65.52
65.137
64.753
64.696
64.878
64.909
64.914
64.94
65.056
65.285
65.424
65.373
65.721
66.387
67.231
67.534
67.437
67.292
66.919
66.687
66.626
66.63
66.793
66.987
67.183
67.188
68.58
69.973
46.69
46.105
55.559
50.259
48.628
46.998
51.515
51.119
47.435
46.964
51.098
50.126
47.777
49.373
50.97
49.357
69.856
69.742
69.546
69.286
69.311
69.336
69.401
69.617
69.811
69.907
70.071
70.21
70.182
70.158
69.972
62.254
68.583
58.973
67.098
75.223
75.027
70.888
66.75
67.188
66.916
66.612
66.19
66.012
65.727
65.795
65.952
66.066
66.285
66.382
66.663
66.745
66.687
66.088
64.95
57.678
57.962
57.993
58.104
58.324
61.574
61.572
61.729
61.791
62.059
62.04
62.246
62.448
62.205
62.059
62.158
62.368
62.371
62.437
62.224
58.489
55.077
59.995
64.914
64.864
63.811
62.758
62.478
61.967
61.72
61.612
61.846
62.258
62.497
62.432
62.226
62.364
62.449
62.258
62.312
62.604
63.002
63.345
46.95
47.395
48.636
47.012
47.242
62.956
62.674
62.349
62.316
62.4
62.485
62.688
62.75
62.831
62.864
62.869
62.874
62.808
62.95
63.092
54.825
51.716
65.396
55.978
52.706
58.058
63.411
63.447
63.146
62.87
62.798
62.757
62.766
62.88
62.983
63.146
63.188
63.087
63.256
63.415
63.481
64.18
64.88
45.905
46.734
46.986
47.237
45.59
53.867
62.144
61.777
61.644
61.397
61.9
62.314
62.189
62.304
58.489
58.046
47.772
49.27
63.027
63.028
63.083
63.022
63.213
63.037
63.124
63.21
63.05
47.974
48.194
49.173
47.831
48.14
47.592
50.246
47.102
46.629
46.157
45.851
46.138
45.973
45.512
46.187
