45.983
45.972
46.579
45.704
62.897
63.386
62.944
62.742
62.695
62.717
62.803
62.823
62.703
62.744
62.74
62.865
62.984
62.979
62.889
63.371
63.513
58.913
54.368
60.74
67.112
66.883
46.166
46.727
64.271
65.264
65.263
64.977
65.049
65.049
65.075
65.28
65.238
78.779
78.888
78.883
78.738
78.667
58.043
57.897
57.973
66.84
66.694
66.074
57.961
58.033
66.525
67.174
67.107
67.42
67.732
67.188
62.728
64.678
66.628
64.526
67.406
67.683
67.96
67.977
81.443
81.992
82.018
82.175
82.168
82.078
81.631
81.503
81.725
43.084
43.969
43.98
61.83
61.393
61.395
61.397
61.753
44.068
44.286
62.155
62.644
62.947
62.912
62.759
62.887
63.016
57.142
51.268
51.137
51.006
57.24
63.474
63.509
63.331
63.271
63.233
63.157
63.257
63.241
63.237
63.225
63.185
63.139
62.984
63.15
63.596
64.041
64.68
65.349
65.187
65.125
64.977
64.81
65.169
65.136
65.354
65.587
65.549
65.667
65.847
61.613
57.378
57.467
62.967
63.061
66.26
67.332
79.712
79.771
67.117
66.667
66.951
66.812
67.135
67.359
67.367
67.52
67.68
65.083
64.92
64.991
65.034
64.94
64.829
65.148
67.591
70.034
70.139
44.137
44.408
44.254
44.121
44.113
44.569
44.194
70.055
69.824
69.635
69.507
69.658
69.491
69.608
44.691
43.617
46.741
69.239
69.69
69.937
69.852
70.081
70.404
70.351
50.461
50.358
50.084
50.093
50.044
50.484
67.417
67.805
67.531
66.899
66.693
66.459
66.657
66.714
66.615
66.636
66.746
66.891
66.982
67.144
66.96
66.063
64.076
61.79
61.361
61.666
62.344
62.356
62.545
62.488
62.442
62.615
62.585
63.053
62.804
62.783
62.783
62.912
62.922
63.165
62.586
42.969
42.999
43.02
43.071
43.26
43.023
53.985
64.947
64.627
64.498
64.275
64.084
64.018
63.834
64.142
64.275
64.48
64.534
64.767
64.969
65.181
65.164
53.329
52.717
52.105
51.825
51.544
58.3
65.056
64.966
64.841
64.785
64.997
64.842
64.179
59.274
60.073
64.855
65.376
65.049
64.717
64.745
64.617
64.711
64.876
64.826
67.795
67.869
53.825
53.029
59.062
65.095
64.844
64.592
64.551
64.424
59.393
54.363
54.33
54.073
53.816
54.475
55.134
67.795
67.935
67.795
67.794
67.939
67.977
67.935
67.956
67.876
67.468
67.63
67.19
66.838
66.698
66.54
66.684
66.573
66.504
66.754
66.724
66.861
67.065
66.779
67.014
66.087
63.002
62.787
63.897
65.006
64.989
64.897
64.929
64.974
64.739
64.647
64.834
64.836
64.557
64.824
64.914
64.816
64.893
65.067
64.997
64.728
64.802
65.121
64.885
64.393
64.958
64.862
64.637
64.858
64.864
64.555
64.782
64.946
64.772
64.966
64.974
65.019
65.068
65.027
64.674
64.82
64.758
64.009
64.447
64.885
65.003
65.239
46.151
45.807
45.952
46.088
45.738
46.364
46.004
45.782
46.225
46.212
46.198
46.093
45.52
46.059
45.965
46.16
45.957
45.704
45.861
45.887
