64.041
64.008
64.035
64.125
64.112
64.102
64
67.825
67.746
67.646
67.718
67.791
63.989
64.05
63.957
67.972
67.984
64.209
65.89
64.241
59.604
61.79
63.976
64.006
63.971
64.007
64.044
57.782
58.137
58.256
58.613
58.235
58.484
58.436
58.302
58.966
58.923
58.74
58.557
65.858
66.066
58.528
58.615
58.569
58.902
58.874
58.839
58.466
66.017
66.031
58.789
58.9
58.777
59.02
59.102
65.817
66.003
66.192
66.48
66.768
67.008
68.019
68.085
68.081
68.103
67.996
67.546
67.649
67.75
69.361
70.972
71.04
71.023
71.04
70.999
71.027
71.006
71.035
71.034
71.017
71.026
71.035
70.994
71.014
70.987
70.975
70.98
70.949
71.004
71.01
71.039
70.996
70.979
70.972
71.001
64.127
63.983
64.006
64.029
63.999
64.159
63.973
63.933
64.15
64.054
56.789
56.609
63.874
64.15
64.052
64.106
63.982
63.858
63.964
64.069
63.991
57.45
57.591
57.651
57.593
57.252
57.218
57.699
57.834
57.918
58.007
81.042
81.047
81.055
81.062
64.222
64.109
63.896
63.957
64.407
65.702
65.479
66.095
66.403
66.662
66.63
67.015
67.259
67.501
67.232
67.187
66.905
67.354
67.301
67.512
67.672
67.571
67.335
60.898
61.025
60.971
61.138
61.008
67.624
67.786
67.461
67.331
67.304
67.201
67.252
67.056
67.036
67.032
67.185
67.333
68.807
68.773
67.258
67.648
68.586
68.994
69.026
69.067
69
68.8
68.805
66.439
67.635
68.832
68.771
68.367
67.921
67.822
67.896
67.743
67.923
67.74
67.75
67.795
67.575
67.391
65.735
64.079
64.097
64.088
63.802
67.457
67.321
67.222
67.2
67.217
67.24
67.173
67.269
67.486
67.516
67.48
67.137
66.476
66.116
69.091
69.099
69.031
69.047
69.001
69.044
69.041
69.045
69.034
64.949
65.731
65.24
65.207
65.007
65.403
64.93
65.576
64.853
65.644
65.053
65.804
64.641
65.929
65.005
65.59
65.241
65.477
65.714
65.291
65.715
65.522
65.52
65.563
65.272
65.557
65.395
65.495
65.808
65.518
65.802
66.079
66.032
65.638
70.97
71.044
71.018
71.017
70.984
70.975
71.019
71.02
71.001
71.022
71.038
65.919
65.956
66.004
71.013
70.974
70.971
70.926
71.018
71.022
71.024
70.998
70.912
70.974
70.909
70.976
54.043
