51.355
67.499
78.958
78.411
78.058
65.948
65.87
66.096
66.101
66.04
65.936
66.202
66.468
66.746
66.541
43.857
43.404
43.771
44.253
68.039
68.846
68.654
68.291
80.197
80.098
80.047
79.985
67.804
67.883
79.888
79.945
79.93
79.908
68.014
68.014
67.008
44.599
45.39
69.067
68.856
68.483
68.273
68.514
68.679
68.633
68.5
68.459
68.56
68.524
68.335
68.216
68.566
68.81
69.096
68.51
81.088
81.171
80.948
81.041
80.483
79.919
79.437
79.291
79.332
79.373
79.414
79.428
79.569
79.556
79.543
79.733
68.13
67.677
74.304
80.932
81.111
76.029
76.059
70.872
75.545
80.218
79.715
79.412
79.38
79.277
79.295
67.269
67.458
67.514
67.571
67.808
67.96
67.98
67.386
66.715
65.576
64.491
64.313
65.12
65.049
64.978
77.122
77.22
77.364
77.508
77.456
65.306
64.97
65.467
65.178
65.614
64.764
65.781
64.799
60.855
71.927
58.945
61.432
63.919
63.896
63.976
63.953
63.942
63.961
63.939
63.922
63.809
63.375
63.36
63.928
64.2
64.631
64.798
60.592
56.386
56.865
54.165
59.518
64.87
64.626
64.387
64.135
54.342
44.549
44.43
63.756
63.782
63.885
63.94
63.911
73.489
58.538
67.218
55.26
43.302
44.185
43.677
43.85
44.023
63.874
64.043
63.978
64.011
64.138
64.043
63.744
63.624
63.813
73.47
83.128
83.023
73.337
63.652
69.83
66.912
63.993
64.041
63.924
43.871
43.068
75.87
82.983
83.041
83.082
83.588
76.114
79.522
69.09
72.575
65.725
58.876
59.278
58.997
44.423
44.044
44.28
44.516
44.883
44.749
44.616
43.231
44.046
43.704
43.361
43.974
43.563
43.423
43.676
43.731
43.598
44.202
43.633
64.879
64.713
64.267
63.912
75.945
75.816
63.426
63.645
63.726
63.788
63.735
43.829
44.187
43.312
44.372
43.213
43.848
43.371
44.124
44.054
44.053
66.639
66.553
78.334
78.103
65.944
65.999
65.855
65.628
65.885
77.99
77.906
77.879
65.958
65.882
65.943
65.821
66.074
66.291
66.642
66.859
78.899
78.863
78.618
78.539
66.513
66.835
66.584
66.77
66.957
66.643
67.364
67.391
67.418
67.928
67.906
67.684
63.868
60.052
49.119
48.861
49.208
65.727
65.704
65.502
65.03
65.026
64.983
65.133
65.281
65.177
65.579
65.201
64.918
64.29
63.906
63.523
63.08
61.825
60.351
60.863
63.825
63.874
63.82
73.278
67.285
75.03
69.313
63.595
63.515
63.306
63.097
82.719
82.656
82.728
64.079
64.13
63.175
63.592
63.522
62.322
61.121
60.849
61.083
60.473
