61.963
61.975
61.991
62.014
61.978
61.989
61.823
62.128
62.283
61.47
62.378
62.176
61.655
62.286
62.132
61.781
62.079
64.987
64.94
65.072
65.018
64.954
64.936
65.019
64.996
64.935
64.975
57.438
58.447
58.02
56.623
57.969
57.622
57.276
56.7
57.402
58.105
56.79
57.244
54.207
54.141
56.351
56.462
55.365
54.267
56.307
55.843
54.711
54.667
56.026
66.958
66.938
66.934
66.943
66.952
63.006
62.987
63.065
62.923
62.979
62.881
62.971
62.988
62.936
62.884
62.972
56.819
57.992
58.179
57.768
57.548
57.818
57.944
57.892
58.28
58.651
58.863
59.04
58.991
59.11
59.213
59.271
59.518
59.25
58.792
62.917
63.002
63.034
63.02
62.84
63.514
63.295
63.151
63.023
62.933
62.593
62.634
62.614
62.548
62.512
62.644
62.927
63.016
63.096
63.252
63.314
63.318
65.129
66.94
50.75
51.448
63.134
63.07
62.992
62.937
62.901
63.116
62.964
62.391
63.008
62.982
62.666
63.181
62.521
62.227
62.138
62.213
62.229
62.223
62.337
62.586
62.7
62.69
62.659
62.691
62.763
62.66
62.687
63.01
63.257
63.323
63.173
63.022
66.515
54.737
42.959
43.204
62.594
62.861
62.863
63.201
63.049
62.875
62.877
63.002
62.906
62.835
62.841
62.913
62.872
62.86
70.065
69.921
70.055
69.954
63.095
63.325
63.466
62.969
62.876
62.782
62.609
63.705
62.888
62.909
62.865
62.624
62.509
62.536
62.582
62.665
62.68
62.777
63.012
62.979
63.162
63.322
63.613
63.599
62.086
51.318
51.227
50.898
50.746
50.706
51.705
51.307
56.335
56.9
57.073
57.476
57.84
57.693
57.817
58.309
58.191
57.706
58.305
58.126
58.385
58.106
58.014
44.13
43.715
43.925
43.94
44.182
44.249
59.83
59.696
59.268
59.149
59.529
59.618
59.736
59.881
60.023
60.017
59.716
59.694
59.796
59.886
60.094
60.092
60.045
60.081
60.112
60.247
44.016
43.972
44.313
44.551
63.074
62.98
62.803
62.68
62.744
62.866
62.964
62.442
63.028
63.093
62.742
60.088
59.96
63.646
62.951
62.763
62.633
62.358
62.044
62.303
62.544
62.55
62.425
62.424
62.523
62.741
62.928
62.735
73.919
74.21
62.668
62.771
63.089
63.47
63.841
64.236
63.963
64.078
63.849
63.654
63.978
64.102
63.884
64.634
64.405
64.983
64.918
64.537
64.908
64.965
64.876
71.986
72.013
72.019
72.008
71.994
71.983
71.973
71.987
72.031
72.01
71.989
71.984
71.979
64.194
63.608
63.258
63.162
63.049
63.013
63.098
63.219
63
62.991
63.126
63.29
63.252
63.505
63.749
63.867
63.484
