64.017
64.081
78.035
78.029
78.039
78.02
78.027
78.066
64.074
64.071
70.872
71.058
70.988
63.698
63.694
63.449
63.465
63.481
71.013
71.039
71.001
71.066
64.881
65.215
65.095
65.305
65.053
65.152
65.044
64.95
65.295
65.237
65.687
79.956
80.061
80.073
80.038
80.029
80.001
80.047
80.014
80.033
80.039
80.032
80.052
80.046
80.049
80.04
80.044
80.057
80.019
80.018
80.039
80.011
80.026
71.135
71.043
68.265
68.308
68.065
67.823
67.778
67.926
67.966
67.98
67.932
67.928
68.013
68.095
67.825
67.353
67.252
67.456
67.748
68.006
68.173
77.977
77.987
78.089
78.062
78.021
78.048
78.045
78.026
78.062
78.025
78.01
70.977
71.058
70.967
71.032
71.003
70.996
70.991
70.999
71.002
71.023
71.006
75.997
76.041
76.075
76.002
67.369
67.564
67.969
76.084
76.026
76.001
76.113
76.109
72.194
68.279
67.861
67.615
67.445
67.343
67.275
67.383
67.574
67.775
67.933
67.933
67.883
67.851
67.908
67.94
67.828
67.347
45.488
46.95
56.683
66.416
66.024
65.891
65.826
65.846
65.887
65.989
66.078
66.167
66.13
65.998
65.926
66.129
66.368
66.615
66.287
45.446
44.835
45.155
45.476
47.002
48.067
57.194
66.322
65.836
65.405
65.226
65.165
65.274
65.476
65.807
65.987
65.882
65.572
76.035
76.074
76.036
76.067
76.053
76.03
76.094
76.026
76.047
76.097
76.085
76.007
64.668
64.354
63.982
63.835
63.69
63.566
63.535
63.581
63.688
63.682
63.706
63.813
63.73
63.674
63.673
63.676
63.693
63.681
63.689
63.701
63.801
64.032
64.113
63.976
63.73
63.558
63.499
63.476
63.413
63.425
68.222
79.935
80.029
80.071
80.08
80.031
80.025
80.05
80.016
80.046
80.032
79.994
80.019
80.028
80.04
80.013
80.089
80.039
80.059
80.024
80.032
80.047
80.02
80.047
80.053
80.036
80.029
80.029
80.028
68.032
68.023
68.072
68.089
46.154
47.064
46.2
45.767
46.481
46.714
46.189
46.612
47.159
46.155
46.699
45.907
73.239
73.031
73.019
73.041
73.059
73.043
73.002
73.027
72.98
73.026
73.045
73.027
72.99
73.008
72.998
72.968
73.01
73.036
72.995
73.037
75.07
75.042
75.042
75.029
71.054
71.032
64.152
63.991
63.821
63.796
63.822
63.922
64.058
64.186
63.838
65.137
66.436
64.658
64.019
63.862
63.923
64.448
64.746
64.115
64.117
64.492
64.238
63.984
64.016
64.382
64.446
63.695
55.693
47.69
45.745
46.668
46.47
63.536
64.093
63.889
63.77
63.78
63.88
63.963
63.913
63.754
63.736
63.877
64.154
64.205
64.055
63.753
63.266
63.012
62.761
62.125
61.34
61.362
61.067
61.053
61.194
61.385
61.558
61.86
62.359
62.607
62.726
62.682
62.559
62.796
66.372
66.122
65.878
65.78
65.924
65.988
68.006
68.09
67.638
67.81
67.781
68.025
64.253
60.481
61.04
60.847
60.675
60.527
60.519
60.5
60.559
60.41
60.357
60.307
60.373
60.336
60.043
59.843
59.968
60.258
60.334
60.383
60.574
60.937
61.13
61.106
60.744
60.664
64.044
64.132
64.298
64.007
63.953
75.905
