57.547
58.04
58.678
57.027
57.881
58.365
58.85
59.238
59.165
58.816
58.363
58.261
58.538
58.679
58.579
59.014
59.399
60.279
58.31
47.923
47.929
48.256
67.907
69.951
70.095
70.248
70.202
70.169
70.308
70.557
70.686
71.297
71.147
71.272
71.602
71.471
71.341
71.58
71.59
71.49
71.806
71.77
71.82
71.659
60.066
59.896
59.977
60.197
69.763
69.709
69.596
69.458
69.365
69.538
69.636
69.544
69.668
69.819
69.891
70.073
70.189
70.003
77.072
70.928
77.459
83.99
83.942
69.304
68.544
68.415
68.733
68.761
68.668
68.844
68.94
69.357
68.791
68.005
64.607
65.088
65.181
63.714
69.256
67.603
65.95
65.719
65.489
65.358
64.991
65.087
65.183
65.218
65.16
65.402
65.957
65.64
65.809
66.484
66.443
66.62
66.754
65.633
66.725
65.636
64.603
65.362
64.562
65.377
65.035
64.728
65.711
67.515
67.991
68.291
68.308
68.326
68.19
68.041
67.87
68.394
68.602
68.504
65.268
65.211
65.153
65.095
65.024
64.954
64.921
64.967
65.041
66.427
67.814
67.478
67.319
67.591
79.702
79.791
68.181
68.615
68.689
68.131
68.404
68.543
68.683
68.391
67.91
68.348
68.453
68.389
68.339
68.549
69.097
71.544
66.772
62
62
62.003
64.66
67.318
70.059
69.726
69.693
69.627
69.574
69.788
70.034
70.099
64.976
64.973
65.094
65.006
63.689
62.372
65.268
68.163
67.686
67.55
59.8
60.111
67.496
67.94
68.155
68.37
68.367
68.343
68.341
67.832
67.008
66.288
66.11
65.933
66.707
66.351
66.394
66.731
67.068
66.839
65.927
64.912
46.209
45.378
46.315
66.707
67.187
67.508
67.255
67.001
66.99
67.023
67.049
67.18
73.27
70.122
66.973
66.763
67.691
67.075
63.941
64.137
59.742
55.347
54.573
59.414
56.614
58.253
59.892
60.125
59.454
60.075
45.859
46.103
45.959
45.868
46.162
54.219
72.081
72.061
66.296
66.287
66.149
65.558
65.908
66.066
66.446
66.408
66.646
66.738
66.699
66.664
66.487
66.469
66.31
66.498
66.786
66.928
66.966
59.27
56.177
55.404
54.628
55.369
56.111
64.516
64.521
71.379
71.344
71.229
70.946
70.956
70.959
71.14
71.398
71.722
71.892
71.965
72.024
72.148
72.349
72.367
63.648
61.82
62.277
62.038
61.973
61.853
61.923
62.044
67.043
67.455
67.155
67.117
67.178
67.456
67.594
67.384
67.55
68.008
68.107
68.447
68.503
68.419
68.643
68.086
67.558
67.031
67.064
67.097
66.76
66.945
66.609
66.576
66.386
66.574
66.685
66.663
66.636
66.731
66.901
66.565
66.267
65.946
66.154
66.362
66.409
66.389
66.37
66.776
66.768
66.979
66.795
66.735
66.701
66.667
66.765
66.945
67.011
67.186
67.369
60.306
55.251
54.567
55.312
55.348
55.383
67.052
67.214
66.95
59.777
60.06
72.026
71.969
71.93
71.971
71.98
66.963
67.012
63.645
60.278
60.231
59.973
59.918
59.952
60.146
60.413
60.094
59.775
60.026
59.683
60.424
64.139
64.185
63.863
65.219
65.492
63.598
65.622
65.584
66.03
66.262
66.64
66.878
66.824
66.67
66.879
67.122
67.151
66.757
66.514
66.866
67.081
67.118
67.087
67.033
66.728
59.84
59.895
60.105
60.316
63.974
64.032
64.09
68.623
68.648
68.746
68.935
69.074
69.231
69.436
68.265
67.094
67.331
67.412
67.276
67.141
66.745
65.177
66.584
63.266
65.169
64.531
63.5
65.509
64.295
64.262
66.578
66.505
66.013
66.194
66.32
66.079
66.473
65.137
64.34
64.96
65.505
64.904
65.755
64.025
64.459
63.775
64.158
64.036
63.995
64.04
63.624
66.06
65.784
65.476
65.503
65.529
65.256
64.274
65.056
50.092
50.046
49.951
65.623
65.499
71.532
68.565
65.597
64.989
64.206
65.406
64.839
65.398
65.415
65.432
65.17
64.986
65.403
65.398
77.82
77.777
62.884
63.141
63.052
63.155
63.084
62.953
62.975
62.841
63.47
62.817
62.743
63.252
62.718
62.881
63.5
62.763
61.173
59.583
62.943
62.924
62.909
62.895
62.78
67.394
72.008
71.928
72.008
72.014
72.078
59.419
59.145
63.872
68.599
68.48
68.325
68.221
68.499
68.204
68.188
67.898
68.164
68.01
68.22
68.345
68.096
68.477
68.533
68.416
68.504
68.908
68.875
69.072
66.125
67.853
69.58
70.245
70.186
69.978
69.888
69.868
69.924
69.865
69.688
69.883
69.7
69.798
69.803
69.656
69.693
69.861
69.649
70.18
71.06
71.599
71.721
71.811
71.906
71.986
71.997
72.045
72.135
72.106
72.038
69.074
50.775
51.425
51.612
62.952
63.094
67.317
71.541
71.636
71.567
71.658
71.658
71.691
71.789
71.91
71.963
71.67
62.068
