54.102
54.087
53.934
59.556
65.177
63.661
75.952
76.02
76.017
76.044
76.056
75.962
76.059
76.114
57.24
62.726
68.212
68.014
68.124
68.113
68.131
67.98
67.905
67.546
67.506
64.084
64.38
64.195
63.952
63.969
64.099
64.364
64.044
61.251
63.13
62.739
62.868
62.588
62.979
62.967
63.195
63.626
64.191
64.004
64.796
65.173
65.029
65.046
64.938
64.655
64.635
64.683
64.714
64.63
64.741
65.099
65.344
65.673
65.862
66.067
65.79
65.831
65.996
65.715
66.078
66.803
66.638
67.575
67.318
67.31
67.533
67.496
67.701
68.021
63.861
64.025
64.427
49.472
47.734
63.776
68.065
68.446
68.076
67.821
67.778
67.868
67.945
68.085
68.061
67.93
67.835
67.777
67.483
67.059
66.98
67.064
67.596
67.698
67.689
67.438
67.705
67.882
67.897
56.574
62.464
68.354
68.098
68.016
67.933
67.256
67.614
67.978
68.026
65.954
65.781
65.87
65.909
66.198
63.092
63.125
63.158
63.304
65.481
67.657
67.55
67.323
67.382
67.345
67.419
67.586
67.721
67.793
67.367
67.471
67.586
68.046
67.657
67.546
67.496
67.488
67.375
67.381
67.43
67.502
67.634
67.661
67.558
67.674
67.45
68.032
67.91
67.838
67.684
68.463
66.797
66.24
66.146
65.821
65.913
66.057
66.177
66.268
66.212
66.193
66.15
66.057
66.015
65.939
65.932
65.994
66.031
66.156
66.297
65.911
65.842
66.124
66.313
66.11
65.809
65.67
65.604
65.606
65.543
65.627
65.692
65.747
65.702
65.632
65.561
65.633
65.857
65.806
64.991
64.23
63.745
63.047
62.327
62.49
63.12
63.497
63.67
63.743
63.788
63.815
63.87
63.94
63.878
63.905
63.838
63.794
63.677
63.727
63.736
63.82
63.869
63.77
63.864
63.945
64.014
63.936
63.841
63.798
63.814
63.798
63.769
63.606
63.808
63.88
64
63.87
63.885
63.857
63.906
64.004
63.923
63.847
68.197
68.042
68.018
68.045
68.051
68.013
68.044
68.014
68.09
67.945
68.155
68.101
68.047
68.079
67.983
68.034
68.092
67.922
68
68.078
67.857
67.892
67.927
67.962
67.997
68.029
67.917
68.05
67.959
68
68.039
67.976
68.094
47.066
48.814
49.244
48.809
49.245
48.933
49.078
49.081
48.707
49.155
63.971
64.063
64.024
63.876
64.309
63.955
64.112
63.995
64.004
64.092
64.122
64.002
64.001
64.326
63.793
64.056
64.074
64.05
64.123
63.804
64.094
64.229
64.156
63.364
63.169
62.758
63.191
62.969
63.24
63.493
63.557
63.152
63.538
63.451
63.955
65.071
65.144
63.746
63.43
63.598
64.115
64.324
63.885
63.958
63.949
63.796
63.918
64.373
64.523
47.068
47.111
47.269
46.973
46.75
63.855
63.56
63.175
63.069
63.365
63.262
63.124
63.604
63.761
63.543
63.441
63.506
63.338
63.555
63.498
63.75
63.91
63.653
47.485
46.96
46.642
46.907
55.099
53.197
62.172
63.26
63.273
63.047
62.777
62.887
62.541
62.724
62.545
62.904
62.919
62.934
63.184
63.329
63.477
63.432
61.946
61.185
60.559
59.318
59.223
59.817
60.383
60.634
60.947
60.914
60.953
60.996
61.005
61.136
61.076
61.087
61.005
60.872
60.802
60.897
60.816
61.004
61.047
61.018
61.192
61.387
61.552
61.436
61.284
61.195
60.812
60.929
61.008
60.901
61.074
61.041
61.127
61.399
62.364
63.33
64.153
63.912
64.116
63.999
63.946
64.048
64.083
64.037
64.063
64.081
64.118
64.143
63.954
66.741
67.016
67.131
67.377
67.549
67.85
67.656
67.64
67.653
67.217
66.758
66.034
64.573
63.508
60.938
58.74
55.331
53.957
57.05
57.04
56.289
55.538
56.721
57.407
57.832
57.838
57.916
58.129
57.984
57.527
58.385
58.368
58.599
58.609
58.31
58.265
58.234
58.52
58.541
58.636
58.78
58.874
58.994
59.189
59.161
58.757
58.438
58.401
57.489
59.133
59.638
54.947
55.717
45.045
43.518
55.205
