64.975
59.305
60.689
62.219
61.973
61.865
62.125
61.924
61.98
65.314
65.295
65.384
65.076
61.759
62.321
61.893
61.835
62.691
63.547
64.068
62.803
63.863
62.936
63.92
63.191
63.717
63.806
63.495
64.005
63.161
63.204
62.242
61.962
62.25
61.899
61.945
61.96
61.504
62.178
61.751
62.097
62.515
61.904
61.659
59.362
60.451
64.244
63.963
64.208
64.34
64.365
64.29
64.203
64.251
64.429
64.831
65.045
64.382
59.066
60.372
59.658
59.494
59.33
67.092
67.277
67.064
59.104
59.315
58.643
58.804
58.684
58.581
58.657
58.97
58.647
59.413
59.468
59.538
59.641
58.91
59.201
59.447
59.396
59.715
59.811
59.44
59.283
59.63
59.977
59.823
59.564
59.677
59.553
59.822
59.914
59.934
59.912
59.764
59.659
59.872
59.689
59.506
59.333
45.336
44.815
60.815
59.501
63.29
63.962
63.741
64.384
64.048
64.146
64.592
64.957
65.152
65.058
65.235
64.891
64.629
67.117
67.018
66.278
67.079
67.138
67.129
58.826
58.606
58.665
58.405
59.116
59.181
59.766
66.969
66.914
66.937
66.991
66.95
67.106
63.852
63.577
63.514
63.936
64.145
64.353
64.528
64.572
64.368
67.048
67.024
67.118
67.198
67.278
65.067
66.153
67.802
66.184
65.835
66.309
66.428
65.804
66.608
66.417
66.58
66.107
66.426
60.057
60.159
64.974
65.476
68.706
68.67
68.451
68.008
68.441
68.392
68.276
68.685
68.602
68.438
68.974
67.001
67.188
66.535
65.818
64.936
70.397
81.753
81.122
80.674
80.407
67.946
68.048
68.872
69.05
69.287
69.495
69.53
69.632
69.734
69.818
69.787
69.906
70.082
70.108
69.949
69.895
69.964
70.021
70.01
69.755
69.599
69.343
69.214
69.06
69.066
68.751
69.176
68.613
80.836
80.72
80.605
68.662
69.003
68.495
68.437
68.937
68.916
68.553
68.633
68.873
65.066
64.92
64.734
64.946
67.894
67.653
67.229
66.823
66.114
66.67
66.753
66.293
74.055
73.879
66.59
66.581
66.707
66.777
66.729
66.891
67.203
74.068
73.971
73.952
74.027
69.976
69.917
67.121
67.129
67.032
66.935
66.963
66.976
66.998
67.033
67.007
67.013
66.91
66.956
67
67.069
67.126
66.738
66.784
67.005
65.224
65.193
64.457
63.983
63.814
63.646
63.731
64.051
63.854
64.487
64.567
64.182
64.193
64.699
64.799
64.58
64.198
63.96
63.252
64.614
64.712
65.059
65.111
65.026
65.124
70.048
