46.458
61.129
60.99
60.37
60.385
60.143
60.5
60.893
60.693
60.429
60.619
60.696
60.033
59.367
59.323
60.131
61.209
61.469
61.626
62.088
62.162
60.106
58.05
58.155
58.043
57.923
57.804
57.747
58.532
58.71
57.857
66.021
65.96
66.033
65.993
66.007
66.058
65.909
66.071
66.008
65.954
66.051
66.006
65.967
65.725
65.269
64.929
64.857
64.685
64.688
64.786
65.069
65.353
65.228
65.73
60.7
63.406
59.691
62.807
65.923
65.246
63.743
63.426
43.811
44.098
63.654
63.614
63.632
63.65
63.099
62.771
43.902
43.775
62.183
62.212
62.169
62.525
62.881
62.592
62.237
62.124
62.177
62.418
44.124
43.95
44.099
43.893
43.891
43.86
62.962
62.735
62.586
62.384
62.331
62.592
62.658
62.614
62.518
62.217
62.235
62.345
62.588
62.492
62.837
63.258
63.125
62.442
62.206
62.475
62.561
62.466
62.417
62.533
62.687
62.89
63.064
63.032
62.963
62.977
63.06
62.968
62.762
62.738
62.933
60.493
59.966
60.087
60.11
65.009
64.899
64.627
64.45
64.512
64.379
64.66
64.628
64.764
64.684
64.282
64.9
64.94
65.031
65.218
65.307
65.369
65.429
65.503
65.611
65.594
65.329
64.362
61.311
58.261
58.138
58.014
57.805
57.595
67.918
67.342
66.91
66.84
66.759
66.88
67.106
67.333
67.456
67.589
67.65
67.653
67.531
67.547
67.603
67.67
67.672
67.645
67.61
67.736
67.763
67.831
67.879
67.648
67.697
67.758
67.736
67.84
67.963
52.735
51.28
67.684
67.694
67.753
67.768
67.725
67.689
67.681
67.793
67.878
67.927
67.835
67.717
67.641
67.729
67.822
67.75
67.702
67.777
67.88
67.888
67.851
67.773
67.683
67.733
67.755
67.773
67.773
67.775
67.739
67.762
67.744
67.702
67.669
67.606
67.544
67.498
67.678
67.712
67.731
67.121
67.328
67.536
67.955
67.533
67.836
67.814
67.793
67.508
67.919
67.909
67.9
67.76
67.7
67.955
48.358
46.933
67.329
67.953
67.959
46.88
46.754
46.629
46.261
45.894
44.411
44.503
44.837
43.895
67.731
67.844
67.937
67.905
59.07
50.234
58.956
67.678
67.511
43.678
44.174
44.067
44.398
44.729
43.759
44.666
43.952
44.058
43.808
43.341
44.305
44.754
44.622
44.489
44.545
45.037
45.529
44.481
43.434
69.394
69.339
69.467
69.595
69.808
69.945
70.04
60.837
65.211
69.585
69.643
44.763
42.942
43.049
58.848
59.275
59.036
59.121
59.213
59.307
60.233
60.663
60.572
60.84
61.108
61.087
64.342
67.596
68.965
70.035
68.31
68.366
69.069
69.421
69.514
69.675
69.854
69.317
70.048
69.962
69.819
69.315
69.633
69.411
69.493
69.581
69.668
69.756
69.814
69.887
69.733
69.685
69.704
69.85
70.119
70.059
69.631
69.983
69.829
69.885
69.962
65.476
67.373
69.271
69.82
69.77
70.165
70.362
70.375
69.952
69.8
69.759
69.489
69.482
69.886
69.921
69.873
69.673
69.646
69.631
69.681
69.514
69.346
69.456
69.208
69.514
69.553
69.632
69.691
69.76
69.768
69.338
69.375
70.188
69.982
69.934
70.462
69.499
69.487
69.544
69.372
69.36
69.749
69.833
69.83
69.808
69.785
70.412
69.95
69.982
70.233
69.841
69.717
68.521
68.921
68.447
68.337
68.228
68.283
68.577
68.871
68.769
68.855
69.463
68.739
69.166
69.4
68.636
68.121
60.839
56.02
55.419
61.222
68.156
68.455
60.615
60.553
60.466
60.795
66.755
68.003
67.806
67.651
67.8
67.226
67.849
67.877
67.867
67.814
67.498
68.116
68.468
68.378
68.202
67.944
67.748
71.79
71.682
71.331
70.874
70.815
68.49
68.303
71.557
71.767
71.976
67.462
70.005
72.549
72.278
72.435
72.02
72.167
67.948
61.039
60.765
67.815
67.845
68.086
68.215
68.72
68.282
67.844
63.448
63.913
63.711
64.051
66.131
65.064
63.996
63.878
64.1
64.323
64.527
64.506
64.367
64.334
64.111
64.389
64.569
64.433
64.471
64.51
64.628
66.238
67.849
67.922
68.118
67.873
60.91
60.988
63.159
65.33
65.315
65.231
65.156
65.139
65.102
67.881
67.942
67.921
67.765
60.797
63.16
65.522
65.516
65.381
65.344
65.439
65.635
65.965
66.272
66.606
66.739
66.304
66.092
65.823
