68.923
69.015
68.984
68.988
69.023
68.908
64.02
45.117
45.337
45.504
44.77
45.487
76.109
75.955
76.013
72.528
69.043
69.158
57.157
55.574
53.669
58.234
52.656
47.077
47.389
66.13
66.138
66.034
65.93
61.24
56.55
63.809
55.258
46.708
46.995
47.213
47.432
46.67
46.906
46.991
50.772
54.553
53.736
59.021
58.828
59.366
71.242
59.081
65.048
71.015
75.087
60.978
61.732
62.485
61.629
60.773
61.873
61.203
60.471
62.104
66.102
70.099
70.271
70.677
70.709
70.816
71.093
71.143
71.074
70.839
70.739
70.492
70.642
70.882
71.012
71.015
71.019
71.062
66.641
62.22
62.735
63.243
63.401
63.568
63.652
63.619
63.732
63.618
63.613
63.746
63.785
63.165
63.258
63.615
62.86
62.296
62.58
62.492
62.44
62.617
62.53
62.424
62.807
62.327
63.366
63.262
63.606
63.848
63.58
63.475
63.553
63.457
63.032
63.086
63.228
63.234
62.867
63.234
63.449
63.54
63.765
63.788
64.617
70.969
71.004
63.548
63.771
64.038
71.384
69.607
69.54
69.643
69.755
70.123
69.996
70.073
69.938
70.101
70.276
70.459
70.454
70.465
70.502
70.39
70.417
63.754
63.889
70.757
70.979
71.248
70.793
70.593
70.331
70.504
70.446
70.358
70.564
70.654
70.61
70.726
70.854
70.371
70.792
62.481
62.926
63.039
63.026
63.095
62.451
62.881
62.225
62.292
62.349
62.386
62.315
61.92
62.381
62.622
62.757
62.695
62.682
62.682
62.877
63.01
63.13
63.14
62.959
62.74
62.861
62.986
62.797
63.071
63.13
63.129
64.308
62.996
62.905
62.748
70.967
71.115
62.575
62.563
62.585
62.395
61.821
62.198
62.215
62.653
62.934
63.115
62.728
61.834
62.53
62.986
63.891
63.648
63.353
62.681
63.081
62.69
62.917
63.117
62.929
62.896
63.012
62.534
62.896
62.908
62.806
63.112
62.46
63.249
63.23
62.835
62.961
63.14
66.837
70.534
70.563
70.73
70.743
70.982
71.143
71.101
71.102
71.053
70.896
70.549
69.831
68.262
60.491
60.9
60.299
61.946
62.43
63.399
63.597
63.843
63.84
63.899
63.792
63.851
64.171
63.641
61.307
61.127
61.156
61.185
62.19
62.699
62.234
62.765
62.568
62.883
62.781
61.869
60.67
60.926
65.692
64.037
63.995
63.953
63.943
63.605
63.433
63.219
63.207
63.128
62.937
63.195
63.363
63.334
63.247
63.264
63.227
63.176
63.346
63.511
63.608
64.361
65.758
67.11
68.477
69.611
70.068
70.117
70.112
70.005
70.124
70.094
70.229
70.364
70.574
70.692
70.605
70.583
70.721
70.806
70.521
64.009
64.126
60.31
46.535
46.058
70.43
70.063
69.892
69.807
69.871
69.972
70.185
70.481
70.672
70.762
70.681
70.63
70.205
69.225
67.435
59.022
59.628
59.228
59.818
60.396
61.009
61.799
62.126
62.355
62.509
62.732
62.212
62.478
62.093
62.008
62.39
62.329
62.409
62.62
62.223
63.289
61.134
64.641
68.147
68.028
68.027
68.082
63.587
63.483
63.38
63.049
62.459
62.659
62.456
62.556
62.742
62.541
62.576
62.122
62.01
61.907
61.999
62.139
62.291
62.142
62.357
62.568
62.178
62.701
62.336
63.242
58.558
58.759
64.03
63.994
63.953
63.913
63.867
63.82
46.851
46.574
46.901
47.228
47.13
46.834
46.879
