48.638
49.138
49.177
49.168
49.385
48.702
48.967
49.164
48.764
48.935
48.917
49.229
49.117
48.492
49.556
48.763
48.659
49.371
48.456
47.219
49.86
49.739
50.128
49.975
49.968
50.017
50.012
49.956
50.075
50.034
49.901
63.017
62.548
62.391
62.275
62.164
62.171
62.226
62.384
62.633
62.76
62.665
62.54
62.598
62.842
63.432
63.821
64.086
64.155
64.149
64.2
64.188
64.223
64.356
64.375
64.302
64.252
64.089
50.05
49.965
50.024
65.68
65.301
65.039
64.832
64.547
64.473
64.555
64.73
64.829
65.018
65.246
65.468
65.643
65.731
65.62
65.665
65.71
65.565
65.501
65.436
65.599
65.897
66.084
65.973
65.57
65.377
65.529
65.674
65.647
65.461
65.461
65.916
66.116
65.891
65.533
65.498
65.683
65.91
65.796
65.813
65.542
65.775
51.273
50.752
51.165
50.826
50.838
51.093
51.11
51.178
50.52
51.093
50.885
51.394
66.169
65.678
65.281
64.743
65.066
65.149
65.426
65.578
65.77
65.937
66.217
65.939
50.77
51.239
50.206
51.249
50.983
51.385
58.423
57.814
57.298
57.268
57.413
57.662
57.265
57.06
56.84
56.58
56.838
57.146
57.222
57.172
57.328
56.865
55.909
56.028
54.843
53.804
54.155
53.096
53.545
51.942
51.373
50.993
50.623
54.086
53.418
53.241
53.704
53.506
53.635
53.15
53.179
52.732
52.564
52.496
52.309
52.287
53.534
54.793
54.839
54.661
54.53
54.332
54.425
54.447
54.697
54.62
45.933
46.026
54.891
54.771
54.732
54.87
49.222
49.64
49.781
49.921
49.875
49.829
49.655
50.182
49.884
50.035
49.943
50.002
50.108
49.72
49.998
57.197
56.379
56.388
56.208
56.433
56.708
56.46
56.82
56.809
56.762
57.141
56.907
56.999
57.205
57.403
57.008
56.782
56.834
56.074
57.081
56.817
56.329
57.383
57.342
57.069
56.72
57.343
57.585
57.758
57.795
57.505
70.062
69.987
70.052
69.965
70.022
69.981
49.92
50.069
50.077
49.954
49.831
49.985
50.023
50.026
50.037
49.954
49.912
50.172
49.827
49.946
50.033
49.994
49.961
50.04
50.325
49.833
61.111
61.008
60.758
60.8
60.716
60.878
61.441
61.661
50.129
50.109
49.993
50.513
50.432
50.351
64.218
64.013
63.913
63.87
63.709
63.552
63.712
63.504
63.615
63.503
63.506
63.526
63.847
64.456
64.492
64.839
64.75
64.768
64.591
64.705
64.588
64.866
64.888
65.186
65.334
65.617
65.837
66.063
65.99
65.999
65.67
65.641
65.588
65.702
65.737
65.589
65.441
65.627
65.706
65.814
65.588
65.344
65.552
65.847
65.998
66.093
66.013
66.05
66.147
65.998
65.876
65.658
65.711
65.669
65.773
65.734
66.062
66.298
66.348
66
66.184
