47.12
46.811
46.199
67.321
67.149
66.986
67.096
67.06
66.981
67.142
67.176
67.45
67.551
67.772
67.779
67.675
67.614
67.507
71.747
75.987
75.899
44.221
44.362
44.922
44.509
64.067
63.423
63.053
63.045
63.321
63.118
63.448
63.622
63.719
63.691
63.651
63.493
63.585
63.628
63.68
63.558
61.599
59.534
57.942
44.33
44.578
57.886
57.977
58.004
58.377
58.835
58.598
58.628
58.782
58.872
58.843
59.017
58.985
58.922
59.042
59.385
59.589
44.337
43.594
44.96
63.872
63.828
64.079
64.33
63.41
63.306
62.965
63.203
63.558
63.656
63.227
63.341
63.454
63.868
62.661
62.821
62.787
62.278
62.551
62.579
62.606
62.561
62.445
62.811
61.872
63.259
62.85
63.309
63.767
63.871
63.868
63.882
63.817
63.679
63.607
63.597
63.665
63.585
63.641
63.79
64.382
64.339
64.297
64.071
63.974
63.827
63.877
64.023
68.067
67.587
67.216
67.125
67.217
66.866
66.946
66.744
66.83
79.015
79.177
79.168
79.11
79.121
79.235
79.402
79.532
68.285
68.679
76.151
76.035
63.771
63.844
66.326
61.701
57.076
51.029
54.568
50.439
57.145
63.851
64.18
57.565
43.676
44.38
44.077
44.296
44.184
58.931
58.905
58.231
59.008
59.366
58.824
59.087
60.535
62.128
62.14
62.153
62.57
62.724
63.002
63.032
63.062
44.894
44.873
44.748
62.055
61.697
61.621
61.424
61.648
61.549
62.092
62.312
62.392
63.16
63.675
63.667
63.874
64.228
64.282
64.389
63.977
63.771
44.005
44.028
51.303
58.578
65.557
65.772
65.713
65.655
65.492
65.779
64.082
65.082
65.917
66.236
66.343
67.125
67.907
67.958
67.649
67.382
67.488
67.016
67.187
66.993
67.348
67.311
67.744
67.819
67.45
43.288
44.248
44.006
44.562
44.542
44.725
44.68
68.74
80.403
80.257
80.208
80.266
80.318
80.326
80.225
80.201
80.223
68.426
68.379
68.433
68.492
68.801
69.108
68.249
63.089
57.93
43.496
42.966
42.952
42.948
55.427
67.907
67.776
67.498
67.389
67.24
67.242
67.34
67.552
67.636
67.737
67.62
67.576
67.857
68.163
67.283
75.178
83.072
82.9
83.041
78.05
66.2
65.662
65.344
65.027
64.93
64.833
64.641
64.901
65.206
65.432
65.491
65.57
65.863
65.412
64.708
63.765
63.172
63.041
62.512
61.983
62.984
63.064
63.143
63.482
63.076
62.869
63.162
63.322
63.316
63.402
63.206
63.158
63.279
63.2
63.117
63.381
63.644
63.606
63.567
64.151
44.441
43.433
52.58
54.419
56.272
58.124
52.564
58.46
64.355
64.001
64.198
64.122
64.338
64.317
64.113
64.219
64.325
64.079
63.833
64.885
64.705
64.043
64.287
54.854
59.537
53.196
46.854
47.059
67.431
67.2
67.226
66.956
66.948
66.859
66.722
66.843
66.868
67.169
67.342
67.558
67.402
67.526
67.693
67.723
67.528
46.539
46.843
46.998
56.739
66.48
65.849
65.506
65.068
65.413
65.708
65.78
65.78
65.795
65.831
65.577
65.36
65.342
65.075
65.403
65.602
65.824
66.03
66.071
65.907
65.901
66.043
66.232
66.514
66.349
66.207
66.216
66.17
71.025
71.048
71.21
71.059
46.484
47.273
55.298
63.323
64.067
64.04
63.983
63.969
64.064
64.196
63.887
70.989
75.896
76.055
71.009
64.062
63.799
63.522
63.478
63.434
63.477
63.439
63.401
63.66
63.757
63.696
63.48
63.307
63.497
63.501
63.332
63.316
63.53
63.678
63.711
63.677
63.606
63.47
63.631
63.735
63.766
63.538
63.269
63.42
63.748
63.823
63.642
63.56
63.521
63.378
63.629
63.875
63.924
63.79
63.731
63.653
63.681
63.648
63.679
63.633
63.619
63.548
63.554
63.344
63.566
63.566
63.282
63.106
63.362
63.618
63.365
63.345
63.516
59.09
58.964
63.729
63.521
63.768
63.839
59.119
46.878
48.297
59.139
59.034
58.113
58.763
59.412
58.88
59.033
46.197
45.164
59.209
58.891
58.551
58.943
59.334
58.895
58.969
58.767
58.857
59.238
58.84
58.833
58.931
59.038
58.927
59.053
58.716
58.921
59.126
58.926
