45.853
46.218
46.217
45.979
44.606
45.256
63.583
63.518
62.559
62.33
61.27
61.711
62.35
62.412
62.498
63.187
63.213
62.639
62.779
65.402
65.163
64.74
62.637
64.587
64.815
64.801
64.674
64.555
64.687
64.88
64.953
64.936
65.337
64.925
65.566
63.061
62.801
62.542
56.241
61.653
67.065
66.891
66.828
66.716
66.577
66.561
66.266
71.977
72.004
72.051
72.009
71.933
68.151
67.968
67.74
67.494
67.618
67.727
67.624
67.615
67.704
67.654
67.649
67.707
67.916
68.183
68.326
68.192
67.811
67.329
66.955
66.79
66.655
66.715
66.789
67.002
67.04
66.934
66.833
66.869
66.93
66.802
66.461
65.85
64.674
64.172
64.711
63.646
63.636
63.71
63.784
64.23
64.15
64.165
64.173
64.017
64.433
64.256
64.633
64.456
64.283
63.453
60.994
61.931
62.867
62.246
61.979
62.553
62.711
62.814
62.945
63.252
68.53
73.808
74.005
73.962
74.127
73.948
74.071
55.751
56.356
55.671
56.324
65.547
74.769
74.852
75.087
75.07
74.932
63.215
63.054
62.831
62.626
62.674
63.215
66.622
70.03
70.014
70.063
69.979
70.318
69.047
68.829
69.134
69.087
69.014
69.438
69.772
69.981
70.055
70.062
70.182
70.229
69.939
69.484
70.105
43.184
43.254
43.119
42.985
66.766
66.662
66.651
66.681
66.764
66.808
66.738
66.442
65.789
65.174
64.332
64.723
64.677
64.517
64.923
64.929
64.551
64.798
65.156
65.033
64.803
64.967
65.043
65.23
65.032
50.42
50.574
50.813
52.489
57.639
62.79
62.776
62.625
62.927
63.128
63.164
63.361
63.258
66.976
66.978
66.809
66.872
65.079
64.606
64.758
65.278
65.207
64.707
64.755
65.516
65.122
70.146
70.185
68.662
67.139
66.799
66.645
66.332
65.129
64.81
66.989
66.786
66.808
67.031
67.69
59.847
59.942
59.745
59.415
59.166
58.582
58.604
58.627
58.694
59.415
59.483
52.628
52.845
53.281
52.717
52.865
53.458
52.81
61.929
61.872
61.544
61.76
61.536
62.058
62.246
62.41
47.034
47.216
47.589
63.17
63.066
62.798
62.695
62.732
62.765
62.747
62.679
62.768
62.741
62.73
62.756
62.839
62.904
63.02
62.968
62.789
62.901
62.755
60.627
59.129
58.914
58.7
58.529
58.495
58.568
59.358
59.214
59.33
43.083
43.044
43.249
62.925
62.8
43.254
43.095
67.048
67.044
43.225
43.055
66.985
67.068
43.27
43.429
69.927
70.121
58.519
60.296
60.034
60.127
59.921
59.936
60.227
60.085
61.867
62.753
64.321
65.123
65.692
66.057
66.421
66.494
66.644
66.794
67.107
67.449
67.555
67.645
67.934
68.183
68.096
68.187
68.277
59.666
59.735
60.112
59.637
59.496
59.356
59.83
66.821
66.75
66.464
66.287
66.387
66.474
66.782
67.034
66.644
66.58
66.205
65.994
65.099
62.887
60.539
59.777
59.36
59.208
59.204
60.969
60.998
62.652
62.119
61.824
61.826
62.01
61.422
61.911
61.496
62.038
62.227
61.711
62.51
62.711
62.863
60.203
60.913
63.279
63.398
63.75
64.102
64.512
64.127
64.392
64.129
64.168
64.386
64.508
64.331
64.527
64.205
44.685
44.313
44.788
45.142
45.296
66.541
65.764
65.729
65.348
65.626
65.452
65.878
65.983
65.958
66.238
66.147
66.517
66.543
66.664
66.279
64.433
63.127
62.691
62.942
63.33
63.773
64.447
64.179
64.561
64.42
64.645
63.369
46.16
45.624
45.796
45.968
64.753
64.741
64.838
64.618
64.694
64.67
64.439
64.662
64.493
64.624
64.668
64.691
64.887
64.92
64.866
64.778
64.746
64.524
64.631
64.694
64.757
64.937
64.829
64.78
64.899
64.94
64.87
64.898
64.992
65.053
64.999
64.872
64.902
64.837
64.879
64.906
65.001
65.084
65.134
65.088
65.031
64.986
65.099
65.038
65.115
64.996
65.574
66.153
65.709
65.264
65.54
65.087
65.082
65.376
67.223
66.835
59.246
60.445
79.176
78.987
65.182
65.027
64.783
72.032
69.68
67.328
66.443
66.121
59.432
60.151
60.063
59.974
59.91
59.845
60.297
60.361
60.425
