71.063
71.055
71.046
59.874
60.12
60.365
61.408
60.792
60.816
61.237
60.352
61.564
60.479
64.809
64.735
65.062
64.582
64.101
63.827
63.829
63.665
63.592
63.644
63.563
63.671
63.65
63.875
63.473
63.348
63.456
63.775
63.696
63.719
64.406
65.833
66.433
66.452
66.041
65.631
77.517
77.595
77.713
77.83
77.855
77.842
77.828
65.804
65.863
66.137
65.853
47.801
46.764
47.491
78.589
78.773
78.157
77.997
78.03
78.063
78.191
66.403
66.661
66.79
66.918
66.807
67.27
79.186
79.079
79.327
79.391
67.153
46.728
46.764
56.786
66.807
65.971
65.778
65.416
65.369
65.311
65.228
65.521
65.46
65.273
64.829
65.773
65.301
64.308
63.629
63.348
62.217
62.537
62.44
63.521
63.372
63.438
63.627
63.659
63.531
63.538
63.611
63.629
63.366
62.612
63.104
63.306
63.616
63.829
63.624
63.152
63.367
63.621
63.843
63.905
64.541
71.057
71.096
71.06
65.843
65.753
68.315
68.123
67.931
67.888
67.426
66.963
63.049
62.688
62.95
63.211
67.139
71.066
67.566
64.067
64.124
64.035
63.269
63.301
63.381
63.426
63.36
63.163
63.008
62.818
63.08
63.506
63.934
64.166
64.579
44.654
44.056
44.11
65.573
66.145
65.846
65.483
65.468
65.761
65.739
65.77
65.642
65.513
65.687
65.83
66.021
65.768
65.701
65.719
65.882
66.267
66.651
67
67.312
67.225
67.186
66.926
67.012
66.871
67.089
67.065
67.302
67.263
67.514
67.695
67.934
67.978
67.682
58.068
58.037
58.192
58.279
58.365
62.497
66.628
66.185
65.617
65.505
65.16
65.403
65.094
65.259
65.094
65.33
65.193
65.537
65.279
65.575
65.382
45.794
46.463
45.352
45.656
54.551
63.445
75.589
75.606
75.623
75.64
75.628
75.694
63.711
63.784
63.808
63.911
64.156
45.952
46.195
45.506
44.816
46.24
64.623
63.872
64.159
63.947
63.627
63.537
63.586
63.639
63.531
63.452
63.27
63.651
64.047
64.154
63.905
61.869
61.03
61.054
61.109
61.124
61.277
59.921
59.363
58.948
59.33
59.595
59.5
59.914
59.942
59.601
60.161
59.651
60.252
60.239
60.952
60.948
61.656
60.92
61.084
61.052
61.02
67.363
66.93
78.45
78.038
78.037
66.331
66.552
66.592
66.872
67.151
67.431
67.467
67.569
67.623
67.687
67.645
67.121
66.645
66.137
65.58
66.199
66.283
66.042
65.901
65.93
66.036
66.039
65.991
65.889
65.817
65.696
77.671
77.96
77.983
65.894
65.944
65.895
65.774
66.286
66.146
65.967
65.933
65.974
65.912
65.877
65.943
65.995
66.341
66.507
66.23
65.731
65.66
65.882
66.005
65.921
65.603
66.063
66.523
78.174
78.093
77.973
77.76
