46.039
46.138
46.004
45.714
46
67.031
66.46
66.541
66.525
66.16
66.615
66.552
66.046
66.093
66.141
66.725
67.31
67.179
67.43
67.545
67.565
67.747
67.929
59.642
60.2
59.792
60.005
66.806
66.179
66.339
66.177
66.743
66.566
66.472
66.763
66.858
66.798
66.631
66.951
66.893
67.441
60.029
59.784
60.145
59.674
60.119
59.845
59.861
61.281
62.462
62.605
62.483
62.342
62.522
62.588
62.653
62.514
62.482
62.402
62.446
62.808
63.25
63.616
63.06
65.242
60.632
64.01
60.015
63.751
60.079
61.332
62.584
62.191
61.909
61.729
61.797
61.825
61.895
61.923
62.024
62.142
62.333
62.363
62.38
62.534
62.525
62.349
61.83
60.052
49.975
47.97
53.884
59.798
59.728
59.806
59.943
60.041
59.965
59.956
59.924
60.066
60.242
60.24
60.235
60.301
60.239
59.171
43.893
45.1
42.723
46.907
45.333
43.759
52.495
61.232
61.41
61.35
61.407
61.47
61.497
61.456
61.521
61.727
61.81
61.648
61.487
61.653
62.002
62.189
62.178
62.1
62.135
62.247
62.308
62.176
61.97
62.086
62.376
62.437
45.182
59.576
73.969
73.949
74.036
74.06
68.933
63.805
63.051
63.68
63.18
62.837
63.307
63.235
62.86
62.872
63.257
63.48
62.914
62.961
63.285
63.192
62.986
63.116
63.381
63.02
63.116
63.288
62.923
62.499
62.771
62.833
63.763
63.237
64.033
63.814
64.58
64.615
64.528
64.556
64.593
64.585
64.573
64.487
64.465
64.519
64.544
64.626
64.734
64.918
65.089
65.086
64.36
69.986
69.986
69.992
69.998
70.006
70.03
70.022
69.961
66.868
66.549
66.405
66.239
66.414
66.578
66.563
66.626
66.714
66.641
66.781
66.869
66.77
66.644
66.587
66.647
66.545
66.644
66.818
66.829
66.905
66.862
66.777
66.79
66.826
66.869
66.919
66.952
66.988
66.968
66.926
66.892
66.903
67.001
67.015
67.024
66.89
66.855
66.878
66.992
67.071
67.02
66.9
66.837
66.861
66.967
66.972
66.914
66.749
66.78
66.992
67.014
67.005
66.936
66.929
66.828
66.777
66.805
66.62
66.592
66.8
66.776
66.405
66.588
66.832
41.681
43.586
42.744
43.903
43.888
42.614
44.834
43.417
43.555
65.056
65.052
64.963
64.999
65
65.013
65.023
64.957
64.987
64.992
64.991
65.023
65.033
64.965
64.961
64.983
69.969
69.964
70.051
69.957
69.971
69.985
69.999
69.976
69.959
70.021
69.963
70.002
70.023
69.988
70.005
74.788
74.972
74.996
75.041
75.015
74.988
75.016
75.011
74.995
74.984
74.981
75.033
74.979
