68.965
70.396
70.521
70.199
70.531
70.605
70.827
71.247
71.276
71.028
70.397
69.284
70.989
71.022
64.088
63.765
63.731
63.929
64.138
64.106
63.75
63.535
63.839
63.785
63.867
63.815
63.694
63.691
63.763
64.121
64.17
63.808
63.929
63.922
63.35
62.39
62.633
62.396
62.579
62.389
62.683
63.84
63.845
63.853
63.898
64.175
64.727
64.79
64.329
64.246
64.304
64.028
63.767
63.6
63.843
64.318
64.314
63.863
71.073
71.061
64.195
64.319
64.269
53.197
53.542
53.887
63.695
70.261
70.032
69.679
69.561
69.296
69.333
69.659
69.876
70.06
70.005
70.033
70.164
70.324
69.993
54.556
62.521
56.859
51.197
52.675
52.318
49.776
60.377
70.978
70.816
70.611
70.392
70.251
70.062
70.11
70.218
70.459
70.793
70.622
63.168
62.953
62.885
62.895
63.148
63.4
62.812
63.202
63.078
62.539
62.906
62.39
62.775
61.645
62.256
62.219
61.879
62.176
62.46
62.713
62.668
62.745
62.594
62.525
50.743
50.844
51.04
51.256
50.37
51.405
62.649
62.887
63.392
62.852
62.846
62.746
63.016
62.65
62.696
62.389
62.784
62.488
62.192
62.83
62.415
62.774
62.185
62.717
62.576
62.357
63.009
63.086
63.209
64.104
63.456
65.574
65.975
66.297
66.619
63.515
64.922
63.557
63.661
63.616
63.57
64.678
63.349
64.091
63.957
64.038
64.031
64.108
64.314
64.168
63.777
63.947
64.117
64.374
63.964
70.185
69.984
70.168
70.338
70.57
70.777
70.916
70.994
70.947
70.646
69.921
68.623
67.9
64.47
64.744
64.234
64.141
63.935
64.209
64.218
64.33
64.272
64.46
64.21
64.638
64.204
64.381
64.308
64.234
62.679
61.124
63.019
62.811
62.807
62.827
62.509
63.051
62.578
62.835
62.736
62.317
63.302
63.605
64.143
64.075
63.908
63.724
63.607
63.541
63.665
63.62
63.613
63.508
63.484
63.682
63.697
63.647
64.306
64.01
63.757
60.597
60.76
64.868
64.951
69.905
70.073
70.066
69.996
69.979
70.001
69.928
69.988
70.163
70.356
70.421
70.333
70.13
58.162
53.984
62.307
70.63
70.414
70.38
70.423
70.372
70.508
70.963
70.436
70.355
70.358
70.294
70.243
70.301
70.227
70.313
70.254
70.524
70.377
47.025
47.412
47.041
46.473
63.826
75.965
75.958
76
75.917
72.102
68.286
68.082
67.845
67.823
67.88
67.935
67.914
67.914
67.947
68.065
68.159
68.187
68.141
68.04
67.95
67.926
46.429
