58.16
56.3
54.441
54.175
54.114
53.849
53.624
53.508
53.366
53.312
53.416
53.645
53.625
53.664
53.695
53.588
53.476
52.928
53.086
53.366
54.15
53.607
53.636
53.633
53.418
53.525
53.221
53.515
53.472
53.383
53.278
53.275
53.184
53.6
53.741
53.727
54.224
54.316
54.172
54.218
61.153
61.218
52.958
51.528
50.839
51.957
52.024
52.091
52.095
52.098
51.978
51.858
51.42
52.152
51.106
60.899
60.861
60.786
50.659
49.806
51.599
53.481
51.905
51.858
51.567
51.674
51.651
51.629
51.645
51.662
51.385
51.313
51.077
51.034
43.465
43.627
43.895
44.241
45.912
49.61
46.87
58.371
54.476
50.58
50.881
50.606
50.331
50.474
53.926
57.378
56.944
49.433
50.158
48.79
50.098
51.405
49.954
57.3
57.727
58.27
52
50.095
50.647
51.069
58.245
58.218
58.434
58.341
58.072
59.483
60.894
60.809
59.578
53.619
53.803
53.843
53.969
53.47
53.963
54.171
54.168
53.949
54.105
54.083
54.032
53.956
54.036
53.975
54.059
54.04
54.056
54.015
54.026
54.036
54.027
54.044
54.289
53.208
52.126
53.901
54.839
54.568
53.927
53.95
53.189
53.122
51.594
51.056
51.116
51.071
51.785
51.7
52.434
52.097
51.83
51.041
51.966
51.49
51.049
50.885
49.728
46.34
51.758
50.478
49.198
49.748
49.187
49.091
48.912
49.819
50.8
50.219
50.34
51.872
58.282
57.891
48.636
49.238
54.741
54.805
54.552
54.299
54.65
45.597
44.393
43.454
44.655
45.855
55.039
54.942
55.135
55.628
55.717
55.807
56.074
55.841
55.794
56.069
55.79
55.605
55.245
54.429
53.999
53.957
53.757
53.629
53.811
53.516
53.872
53.58
53.887
53.408
53.829
53.438
53.783
53.14
53.573
53.387
53.314
53.572
53.453
53.581
53.449
53.623
53.579
53.555
53.825
53.146
54.078
53.046
54.238
52.977
54.233
52.996
54.306
53.978
53.651
53.529
53.627
53.538
53.42
53.704
53.239
53.883
52.838
54.181
52.82
54.298
52.829
54.264
52.936
54.277
52.751
54.14
52.755
52.842
52.929
53.456
53.435
53.21
52.984
53.641
54.142
53.201
53.444
54.187
53.377
53.815
53.505
53.483
54.176
53.946
53.172
53.299
53.925
54.192
53.179
53.482
53.747
53.604
54.266
53.402
53.06
54.113
53.652
53.123
54.188
53.156
52.975
53.782
53.607
53.158
53.741
53.494
53.19
53.595
53.928
53.104
54.426
53.189
53.165
54.577
52.907
52.702
52.761
52.95
54.391
53.705
53.438
54.174
53.609
55.023
54.126
55.427
54.086
55.713
54.349
71.05
71.01
43.806
44.697
44.454
