45.538
64.208
64.186
64.095
46.078
45.902
64.022
64.287
65.255
65.566
66.129
66.253
66.177
65.716
65.444
65.498
65.653
65.599
65.549
65.744
66.148
66.164
66.193
66.011
66.023
66.162
66.368
66.271
66.138
65.962
65.846
65.702
65.689
65.827
65.824
65.794
65.781
65.731
65.73
65.901
66.09
66.368
65.67
65.715
65.697
65.774
65.986
66.087
65.986
66.049
65.993
66.244
66.099
65.934
65.923
65.775
65.95
65.646
65.791
66.036
66.634
64.995
63.357
70.05
69.948
46.604
46.443
70.032
69.987
46.205
46.654
69.94
70.04
69.964
46.657
45.869
61.241
61.563
46.842
46.245
61.38
54.261
47.143
46.664
58.166
58.255
58.442
58.757
58.97
58.865
59.352
59.046
59.413
59.091
59.045
59.945
47.046
48.996
50.946
68.418
68.748
68.914
68.742
68.922
69.137
69.581
69.871
70.073
70.264
70.552
70.928
71.01
70.736
70.404
70.5
70.539
70.354
70.347
70.524
70.774
70.913
43.004
44.049
43.604
44.744
43.75
44.427
71.546
70.826
70.139
70.247
70.457
70.613
70.7
70.828
70.964
44.339
44.026
43.759
44.095
55.879
72.797
73.045
72.084
71.316
71.039
71.016
71.138
71.365
71.727
72.089
72.372
72.434
72.501
72.62
72.507
72.018
71.13
70.437
70.131
70.411
70.619
70.617
70.163
69.753
70.055
65.915
65.984
68.542
71.099
70.688
70.512
70.504
70.469
70.506
70.522
70.372
51.461
55.406
49.448
43.49
44.842
70.294
70.427
69.79
69.434
69.405
69.59
69.769
69.87
69.746
69.381
70.122
69.879
69.853
69.628
69.911
69.645
69.341
69.054
69.028
69.002
68.997
68.991
68.931
68.871
68.957
69.042
69.071
69.047
69.045
69.043
69.136
69.206
69.337
69.334
69.29
69.23
69.185
69.268
69.326
69.323
69.334
50.419
52.406
60.795
69.185
69.492
69.4
69.193
81.372
81.396
69.24
69.415
69.534
69.407
69.342
69.589
69.451
69.397
69.391
69.416
69.44
69.4
49.107
48.833
69.569
69.75
69.778
69.638
69.625
69.612
69.599
69.482
69.692
69.758
69.606
69.679
69.719
69.759
69.694
69.824
69.941
69.808
69.546
68.497
67.501
67.182
67.158
67.503
67.523
67.375
67.246
67.404
67.505
67.649
67.671
67.72
67.764
67.799
50.521
50.141
49.867
50.759
67.89
67.913
67.969
67.918
48.499
49.497
48.381
47.265
47.524
47.783
48.206
49.419
67.931
67.907
67.977
68.08
44.821
44.801
45.223
44.648
67.826
67.823
67.839
67.848
67.99
68.081
68.007
67.913
67.865
67.885
45.756
57.079
51.244
45.409
