43.777
43.262
55.151
54.178
53.734
54.056
71.223
70.96
54.213
52.622
53.359
52.646
53.147
53.648
53.431
54.401
54.43
54.346
54.958
54.92
54.784
54.838
54.802
53.532
54.663
52.846
53.342
52.92
52.499
53.125
53.347
53.881
53.131
52.623
48.916
47.495
53.45
54.331
68.043
68.052
68.038
68.025
68.071
68.57
53.459
52.731
52.788
53.4
64.746
57.473
50.201
48.893
50.055
49.37
49.803
50.123
48.338
50.232
49.966
49.699
49.878
49.98
50.083
48.17
50.073
48.962
49.693
49.742
50.199
50.157
48.857
50.292
50.256
50.22
50.105
49.991
50.087
49.735
49.384
63.8
63.818
54.413
57.716
56.306
54.896
52.753
52.253
52.456
51.117
51.589
51.74
50.799
51.768
51.219
50.752
52.904
51.506
52.131
52.296
52.738
53.365
57.254
55.441
53.628
52.093
51.404
51.494
51.284
50.997
50.738
50.479
50.548
50.501
50.454
50.625
50.798
50.97
52.032
51.544
53.069
53.518
52.59
71.067
71.179
71.044
71.006
71.174
71.002
71.141
53.188
54.112
54.252
54.391
71.082
71.055
71.045
71.035
71.053
71.048
71.075
61.376
54.614
54.863
54.655
55.09
54.96
54.471
55.299
55.538
55.577
55.501
60.946
60.781
55.721
55.214
60.922
60.904
60.964
61.048
60.398
52.025
52.13
58.999
58.266
58.257
57.516
58.067
57.352
57.927
57.839
58.154
58.065
58.858
58.521
58.656
59.053
59.048
58.797
58.856
59.267
59.651
59.526
59.405
59.603
59.443
59.336
59.074
59.27
59.524
59.585
59.573
59.051
59.112
59.35
58.983
59.246
58.999
58.86
59.222
59.355
59.442
59.372
59.373
59.608
59.471
59.112
59.05
58.992
58.856
59.069
59.066
59.269
59.258
59.209
58.744
59.054
59.029
58.855
58.745
58.265
59.024
58.152
57.939
58.771
58.27
58.095
58.145
58.667
58.883
58.92
58.964
59.155
59.344
58.895
58.681
58.265
57.08
56.481
55.894
56.128
55.185
55.125
54.677
55.497
55.43
55.557
55.45
54.588
55.379
55.469
55.459
55.439
53.95
54.082
52.078
50.869
50.993
51.546
51.867
52.188
51.523
50.228
51.793
51.37
50.922
51.982
51.663
51.521
51.772
51.462
52.094
52.442
47.659
47.166
47.593
77.998
78.074
74.195
70.316
70.049
54.57
53.359
53.188
52.758
52.678
53.397
53.662
53.867
54.045
54.305
54.166
53.968
53.925
53.971
54.026
53.863
53.649
53.731
54.005
53.316
46.035
46.164
53.593
53.591
53.578
45.828
46.057
45.96
53.705
53.536
53.653
53.703
53.898
54.333
54.893
