43.917
43.888
43.898
43.89
43.846
43.867
43.917
43.89
43.941
43.981
43.948
43.953
43.961
43.964
43.888
43.853
43.848
43.874
43.887
43.821
43.855
43.909
43.92
44.064
44.014
43.912
43.945
44.005
44.007
44.035
44.059
44.035
43.935
43.821
43.811
43.86
43.843
43.418
48.527
53.637
59.549
59.983
59.713
59.545
59.424
59.423
59.392
59.35
59.481
59.107
59.235
59.003
59.017
59.032
58.741
57.76
56.993
58.137
59.006
51.038
56.363
49.749
55.647
61.546
61.219
61.298
43.252
43.682
61.414
61.229
61.026
61.368
61.154
61.366
61.301
60.785
61.343
61.678
62.757
62.952
63.036
62.959
62.959
62.97
63.003
62.785
62.454
62.412
62.552
62.761
62.77
62.601
62.086
54.031
54.408
65.997
66.134
66.12
65.036
63.952
63.524
63.302
63.343
63.384
63.565
63.392
63.592
63.793
63.989
64.166
64.138
64.423
64.758
59.591
61.853
64.115
64.184
64.073
64.544
65.015
64.497
64.239
64.17
64.107
64.083
64.039
64.099
64.195
64.442
64.512
64.251
64.123
64.366
64.654
63.636
56.212
56.427
60.83
65.234
64.681
64.5
64.336
64.194
64.077
76.085
76.155
76.32
64.396
64.382
64.398
76.5
76.425
64.225
64.464
64.005
64.005
64.107
64.51
64.97
64.383
64.259
64.028
63.878
63.909
63.952
63.989
64.024
64.157
64.383
64.676
64.475
64.331
64.124
63.686
44.674
44.806
44.912
44.644
63.145
63.108
63.058
63.008
63.03
63.052
63.005
62.958
62.98
63.001
62.725
63.011
62.451
62.371
61.106
59.676
58.751
58.146
58.526
59.237
59.466
59.883
59.946
60.104
60.448
60.49
60.419
60.225
60.154
60.169
60.055
60.035
60.195
59.956
58.927
54.936
54.217
53.497
52.012
51.146
58.072
57.616
57.045
57.779
57.906
58.044
58.075
58.244
57.901
57.608
57.943
58.068
58.03
44.044
44.041
44.11
44.101
44.271
44.207
44.075
44.386
44.268
43.897
43.956
43.965
43.906
44.063
44.233
44.322
44.401
44.289
43.893
52.131
52.242
43.91
43.851
44.22
44.319
51.977
53.006
44.625
43.59
44.245
52.242
52.753
44.349
44.295
44.145
44.084
43.811
43.624
44.041
43.879
44.047
44.103
44.081
43.938
49.734
51.301
52.869
52.186
52.105
51.882
51.621
52.501
51.843
51.513
51.77
52.308
53.177
52.784
58.208
58.976
44.014
44.088
43.207
53.463
53.453
52.107
60.292
60.734
60.925
60.277
60.139
60.072
59.934
60.157
60.437
60.229
60.609
60.425
60.843
60.8
61.122
59.711
59.583
53.098
54.489
43.565
44.123
44.283
44.2
44.117
44.205
43.978
44.117
44.144
44.182
44.205
44.021
44.057
43.859
43.652
44.156
44.031
46.468
54.176
63.454
69.197
69.033
69.011
66.398
63.785
63.823
63.86
63.842
63.904
63.929
64.033
64.157
64.288
64.568
64.758
66.881
69.005
69.086
69.098
67.005
64.912
64.792
64.593
64.454
64.335
64.156
64.074
63.97
63.933
64.021
63.905
63.934
63.877
63.982
63.972
63.7
62.202
57.351
60.609
63.868
64.229
64.182
63.924
63.859
63.803
63.795
63.791
63.808
75.942
76.044
76.064
76.058
76.023
64.032
63.499
61.544
58.049
54.554
54.579
59.454
64.33
64.386
76.143
76.04
63.886
63.868
63.836
75.851
75.81
63.844
64.109
64.385
64.318
64.136
63.953
64.071
64.111
63.994
63.877
63.719
62.806
62.727
62.513
62.401
62.905
62.281
63.154
62.274
63.085
62.567
62.268
61.925
63.003
61.605
60.82
44.334
44.881
60.64
61.262
60.93
60.723
60.592
60.59
60.433
60.318
60.418
60.432
60.574
60.569
60.598
60.394
59.737
64.032
63.885
64.004
52.635
55.606
58.577
58.353
58.293
58.049
58.238
58.191
58.263
58.335
58.259
58.452
58.186
58.454
58.723
58.532
58.521
58.943
58.748
58.385
44.194
44.056
58.759
58.611
58.886
58.784
58.583
58.662
58.709
58.821
58.932
59.234
59.276
58.714
58.796
58.925
58.782
58.866
58.699
58.702
58.951
59.303
59.405
59.27
59.252
59.174
59.393
59.837
59.604
43.896
44.417
44.148
44.337
44.16
44.194
44.043
43.977
43.978
44.062
49.509
50.893
52.276
52.133
52.213
51.681
68.052
67.962
68.059
68.059
67.95
68.011
43.752
44.013
43.756
