62.863
63.018
63.109
62.875
62.882
63.077
62.952
62.867
63.067
63.126
63.023
58.341
64.643
70.944
71.302
70.997
71.13
71.057
70.826
70.594
57.435
56.623
57.545
56.286
57.875
57.82
57.583
58.096
57.37
58.354
58.976
58.576
58.893
60.817
62.74
63.33
63.344
63.359
63.377
63.396
75.959
76.012
63.942
63.558
63.635
63.887
64.138
45.724
45.843
45.5
45.158
45.139
44.865
44.592
67.661
67.286
66.847
67.054
66.727
66.44
66.346
66.447
66.465
66.435
66.44
66.413
66.641
66.943
67.294
57.853
57.001
45.046
46.19
57.491
68.791
68.594
68.375
68.217
68.227
68.277
68.356
68.387
68.4
68.368
68.275
68.037
68.178
68.272
68.2
68.258
68.022
67.672
68.02
68.528
69.626
69.338
69.015
68.842
68.67
68.722
68.838
68.916
68.96
69.093
69.03
68.959
68.914
68.975
68.789
44.732
46.712
68.61
68.835
68.544
68.529
68.381
68.379
68.498
68.539
68.404
68.281
68.26
68.366
68.297
68.248
68.117
44.822
45.225
45.017
45.101
44.722
63.004
68.962
68.875
68.45
68.179
68.277
68.345
68.105
67.894
67.791
67.846
67.928
67.965
68.044
68.037
44.997
45.103
44.942
45.014
44.345
67.482
66.517
66.429
66.341
66.251
66.251
66.2
66.249
66.299
66.203
65.962
78.215
78.254
66.328
66.231
63.481
69.772
76.063
76.019
69.981
63.943
63.706
63.485
63.264
63.436
63.26
63.091
63.288
63.236
63.294
63.352
63.159
62.171
61.304
59.954
59.586
58.016
57.373
56.341
56.914
57.531
57.348
57.341
57.954
57.552
58.101
57.658
57.6
57.791
58.133
58.098
58.064
58.251
58.148
58.34
58.538
58.778
58.735
58.473
58.256
58.593
58.31
58.731
59.128
59.346
59.241
59.298
58.992
59.241
59.297
59.349
59.143
58.662
58.763
58.977
59.272
58.899
58.946
59.054
59.507
43.877
44.028
43.356
43.423
44.483
43.316
44.144
43.412
67.942
68.011
67.996
68.03
67.995
67.952
67.933
63.626
65.08
66.534
71.18
71.066
61.706
61.666
59.695
58.991
58.714
58.581
58.675
58.505
58.807
59.194
59.423
59.586
59.625
59.727
59.669
60.031
52.266
57.659
63.051
63.144
64.305
64.434
64.218
64.061
63.914
63.935
64.053
64.227
64.22
64.336
64.515
64.743
64.582
64.446
63.7
68.021
61.182
64.184
67.187
66.907
66.594
66.281
66.22
66.239
66.203
78.385
78.221
78.3
78.379
66.71
66.95
66.069
43.935
44.722
43.696
43.709
43.784
68.613
68.429
68.42
68.216
68.04
68.036
67.934
67.894
67.901
67.914
67.954
67.939
68.062
67.952
68.609
68.438
68.267
44.578
45.041
68.122
69.173
68.89
68.633
68.62
68.759
68.632
68.732
68.814
68.795
69.079
68.913
69.257
68.928
68.977
68.354
68.238
68.522
68.35
69.148
80.517
80.282
80.137
80.083
79.978
67.985
68.07
68.139
68.17
80.243
80.227
68.34
67.746
68.344
68.259
78.796
78.81
78.815
69.162
68.504
68.071
68.143
68.035
67.87
67.853
67.647
67.832
67.756
67.838
67.87
67.867
68.081
67.857
68.085
73.415
59.207
44.999
45.211
60.638
63.612
66.587
66.568
66.396
66.186
66.049
65.964
65.862
65.935
66.052
65.955
65.873
65.99
66.197
65.398
56.99
57.012
57.011
75.931
76.096
63.701
63.759
63.388
63.201
63.412
63.623
63.762
75.908
76.02
64.084
64.076
63.693
63.207
63.868
63.816
63.912
63.956
63.888
64.445
63.997
63.846
83.566
82.838
63.698
63.638
63.725
82.732
82.965
83.02
83.075
44.031
44.163
53.925
63.688
63.796
63.823
63.722
63.865
63.955
63.941
63.981
64.06
64.019
64.088
63.972
63.859
75.864
75.73
69.798
63.867
63.895
63.908
63.891
63.898
63.906
63.785
63.834
63.824
63.815
43.452
43.575
83.391
83.264
73.615
63.965
64.019
64.107
82.976
82.943
83.236
79.552
75.869
75.852
75.836
82.994
83.079
83.072
83.065
79.518
75.971
48.375
50.186
49.788
47.666
49.06
49.09
49.12
50.992
50.636
50.281
