44.025
43.899
44.135
44.003
44.082
44.065
44.143
43.96
43.928
43.858
43.941
44.071
43.813
44.244
44.086
44.255
43.871
43.963
44.056
43.947
43.838
43.967
44.095
44.217
44.339
44.246
44.246
44.367
44.267
54.399
54.989
55.58
56.351
54.133
54.484
53.763
54.412
54.14
53.868
53.926
53.983
53.87
54.16
53.789
54.382
53.248
54.686
50.041
52.3
54.559
53.66
71.282
70.924
71.236
71.047
71.009
71.039
58.102
59.062
58.984
59.092
59.19
59.641
59.829
59.981
59.935
59.979
71.019
71.023
70.962
70.996
71.03
63.438
63.763
69.875
66.944
71.559
67.752
63.945
52.872
52.714
51.204
51.961
63.845
63.779
63.664
63.63
63.826
64.115
64.662
65.631
65.817
65.848
65.938
65.914
65.976
65.975
78.093
78.109
66.091
66.129
66.16
66.107
66.097
66.084
66.107
66.078
66.199
66.604
67.115
67.557
67.732
67.605
67.642
67.777
67.726
67.615
67.769
67.773
67.758
67.993
68.045
68.018
44.888
45.067
44.717
45.309
45.332
45.355
69.375
69.295
68.878
68.675
80.593
80.497
80.575
80.652
80.71
80.769
80.827
80.911
69.057
69.113
68.488
56.866
56.96
57.19
56.751
57.06
56.92
68.107
68.094
67.865
67.875
67.754
68.025
67.966
68.03
67.868
67.92
67.859
68.159
67.925
67.793
67.91
67.614
67.472
67.779
67.897
68.052
67.938
79.81
79.656
79.581
79.563
79.497
79.608
79.609
79.61
67.729
67.762
67.802
67.843
67.604
67.536
66.657
65.325
65.15
65.567
77.691
77.639
77.522
77.583
77.524
77.465
77.517
77.539
77.56
77.549
77.475
77.523
77.537
77.378
64.772
64.153
63.251
62.103
62.563
63.023
75.068
74.929
75.065
75.068
74.744
75.099
75.021
74.943
75.588
63.529
63.47
63.309
63.149
62.943
56.162
57.119
56.286
55.453
56.876
58.299
57.781
57.831
57.543
57.676
58.02
58.363
58.457
58.645
58.721
58.573
58.567
58.61
58.664
58.459
58.463
58.466
58.187
58.665
58.816
58.657
58.529
58.048
57.896
58.5
58.523
59.044
59.117
58.894
58.706
58.535
58.797
59.114
58.971
58.735
58.771
59.091
59.281
59.132
59.085
59.164
43.34
44.361
44.176
43.991
44.26
44.245
44.174
44.215
44.178
43.718
44.941
43.884
44.015
51.45
58.885
63.811
59.705
61.748
63.792
64.188
64.041
63.894
63.414
61.971
61.245
59.642
58.9
58.956
58.815
58.908
58.984
59.284
59.518
60.155
63.783
64.128
63.864
63.79
62.499
64.019
64.069
63.92
63.92
63.833
63.731
63.84
63.975
64.023
64.157
64.069
64.054
63.999
63.964
63.475
