45.652
45.916
46.077
45.728
46.673
62.57
62.029
61.89
61.655
61.663
61.71
62.141
62.234
62.312
62.589
62.595
62.794
62.754
62.724
61.383
45.622
46.396
45.995
46.451
54.033
64.038
63.613
62.867
62.295
62.367
62.227
62.059
62.154
62.453
62.606
62.5
62.047
62.398
62.716
62.829
63.067
63.004
78.839
78.739
66.797
66.73
66.918
64.965
64.895
64.913
64.798
64.615
64.601
64.658
64.754
65.084
65.233
63.775
65.132
67.121
66.876
66.811
66.905
66.82
66.611
66.626
66.445
66.367
66.723
66.967
67.012
66.813
66.947
67.306
67.443
67.58
67.57
67.561
63.183
63.66
56.148
44.157
43.778
43.694
43.652
43.631
43.475
43.904
44.051
43.815
44.261
44.188
61.679
61.615
61.815
62.101
62.205
62.098
62.024
61.948
61.84
61.978
61.862
61.95
62.35
62.277
62.412
62.374
61.932
57.043
57.695
58.347
60.631
62.915
62.762
62.547
62.293
61.754
62.176
62.108
62.099
62.392
62.614
62.391
61.792
62.202
62.806
63.205
63.019
70.029
69.951
69.945
69.97
67.162
64.355
64.313
64.09
63.94
63.942
64.11
63.966
64.427
64.531
67.287
70.042
69.91
67.917
66.814
66.505
66.642
66.422
66.384
66.406
66.397
66.331
66.528
66.344
66.464
66.583
69.254
69.541
66.115
62.689
62.674
62.667
62.672
62.829
62.816
62.92
57.705
50.283
51.203
50.849
50.36
50.445
50.484
50.255
50.169
50.019
69.043
69.049
69
68.955
68.895
68.843
68.935
69.101
69.281
69.474
69.702
69.851
69.745
69.74
69.195
61.567
53.939
64.414
74.89
75.098
67.085
66.947
66.671
66.38
66.301
66.406
66.374
66.573
66.725
66.647
66.474
66.526
66.676
66.782
66.967
66.859
50.689
43.206
43.261
43.11
50.894
50.578
56.736
62.893
62.71
62.778
62.714
62.784
62.745
62.684
62.628
62.504
62.493
62.765
62.862
62.89
63.064
62.939
62.963
62.931
62.855
63.316
63.778
64.233
64.357
64.392
64.18
63.984
63.847
63.841
64.057
64.253
64.393
64.637
64.888
64.805
64.871
64.994
64.789
64.725
64.095
78.194
78.697
79.001
65.004
64.746
64.599
64.473
64.641
64.451
64.588
64.531
64.397
68.135
66.53
64.924
64.561
64.62
64.646
64.608
64.805
64.746
64.431
79.551
79.483
79.425
79.411
62.642
62.272
61.966
61.977
61.705
62.052
61.769
62.363
61.571
60.904
59.717
59.254
59.091
59.14
58.996
59.071
59.693
60.039
60.331
60.622
62.68
64.283
64.85
65.667
65.915
66.207
66.235
66.347
66.509
66.58
66.628
66.779
66.48
66.173
65.913
65.321
65.201
65.16
65.165
65.34
65.311
65.27
65.129
64.642
64.457
64.667
64.508
64.994
65.502
65.204
61.76
70.925
80.09
80.101
61.675
62.096
62.284
61.566
46.254
45.26
45.566
45.873
46.057
