74.022
73.93
62.875
62.965
68.071
67.769
67.391
67.142
67.169
66.959
67.082
67.507
67.776
67.973
68.042
67.863
67.742
67.798
68.03
71.967
71.962
72.016
72.048
72.012
72.017
71.937
71.98
71.971
72.018
67.469
67.581
67.204
66.92
66.807
66.321
66.513
66.753
66.206
66.862
66.961
66.948
66.728
67.285
66.925
74.086
73.929
43.795
44.175
69.969
69.95
70.06
63.769
63.077
63.425
62.948
63.061
63.11
62.829
63.034
63.035
63.669
55.273
59.845
64.417
64.601
64.247
64.139
64.378
64.356
63.884
64.502
64.75
64.97
64.998
64.769
64.611
64.378
64.511
65.149
65.313
65.51
65.516
64.905
64.892
64.978
64.87
65.922
65.119
64.93
64.785
64.692
64.722
64.73
64.826
65.031
65.157
65.093
64.851
64.879
65.08
65.453
54.318
43.183
43.134
43.119
43.103
43.07
43.809
61.876
61.906
61.978
61.963
62.009
62.016
61.981
62
61.984
61.961
61.898
62.592
64.279
64.946
64.499
64.186
64.111
64.316
64.255
63.324
63.697
64.486
64.646
64.578
64.387
64.5
62.9
59.02
59.028
50.072
49.889
50.001
50.113
64.744
64.608
64.296
64.254
64.377
64.516
64.574
64.535
64.408
64.295
64.374
64.451
64.308
64.386
64.621
64.883
66.966
66.896
66.797
66.028
64.889
64.849
64.851
64.84
64.842
64.716
65.807
66.897
67.01
67.01
67.45
67.289
67.26
67.083
67.04
66.909
67.139
67.171
67.462
67.44
67.465
67.67
67.754
67.656
67.682
67.812
67.934
68.043
68.026
67.932
67.862
67.934
68.06
68.113
68.049
61.85
61.961
55.329
54.652
55.303
55.262
66.716
66.776
66.275
66.091
66.136
66.055
66.108
66.057
66.097
66.193
66.112
66.227
66.365
66.499
66.856
67.043
73.963
74.019
74.057
74.095
66.647
65.461
64.276
64.405
63.734
63.329
63.461
63.597
63.817
63.567
64.073
64.324
64.413
64.574
64.509
64.369
64.244
47.255
46.789
47.017
47.081
46.481
46.683
47.199
61.695
61.693
61.421
61.114
61.423
61.588
61.431
61.367
61.443
61.561
61.72
61.828
61.976
61.951
61.892
61.924
74.826
75.055
74.977
75.039
75.038
74.991
75.008
74.999
62.668
62.514
62.386
62.49
62.485
75.012
74.968
62.825
62.73
62.744
62.617
62.676
62.647
62.768
62.557
62.532
62.238
62.257
62.338
62.664
63.257
63.212
62.842
62.684
62.492
62.546
62.875
62.969
62.831
65.426
65.299
65.189
63.785
63.12
62.727
62.67
62.527
62.383
62.287
62.338
74.071
73.913
62.311
62.1
62.229
62.644
62.582
62.521
62.754
73.965
73.992
62.181
61.806
63.598
65.39
65.307
65.018
65.206
64.946
64.9
64.483
65.129
65.289
62.725
63.236
63.143
62.873
62.428
61.937
62.313
62.758
62.907
62.764
63.024
63.097
63.055
59.245
58.95
58.852
59.057
59.003
63.176
62.947
62.871
62.895
62.892
62.686
62.464
62.586
62.627
62.668
45.909
45.812
46.235
63.094
62.927
62.758
62.931
63.557
45.939
45.876
45.996
45.813
46.183
45.7
45.93
45.922
45.84
45.763
45.986
45.981
45.812
45.967
45.965
45.913
45.906
45.859
45.892
45.903
45.668
