46.352
65.137
65.5
65.478
65.444
65.484
65.494
65.516
65.654
65.723
65.722
65.844
65.82
64.482
63.143
62.572
65.606
65.007
64.698
64.717
64.67
64.541
64.865
64.511
64.845
64.742
64.738
64.611
64.88
64.721
64.917
64.847
64.967
64.852
65.01
64.936
64.812
65.468
65.581
65.887
66.193
53.274
68.195
70.507
72.818
73.143
73.25
73.238
73.309
73.429
73.544
73.673
73.658
73.7
73.902
74.321
74.58
74.704
74.651
74.597
58.882
66.63
74.378
82.964
83.011
83.139
83.22
83.301
83.231
74.494
74.327
73.596
72.919
72.587
72.278
72.693
72.773
72.979
73.253
73.615
74.017
74.375
74.545
74.584
74.556
74.649
74.742
74.694
74.303
73.779
71.861
71.707
71.943
72.034
72.127
72.387
72.161
72.333
72.242
72.451
72.652
72.679
72.56
72.508
72.592
72.673
72.737
72.734
72.697
72.677
72.535
72.354
72.32
72.454
72.384
72.394
72.459
72.596
72.691
72.714
72.686
72.722
72.751
72.658
72.543
72.5
72.549
72.757
72.884
72.996
72.991
72.831
72.628
72.603
72.721
72.708
72.659
72.655
72.49
72.71
72.924
72.952
72.967
46.849
46.668
51.717
48.652
45.587
46.917
44.541
57.182
51.955
46.728
46.51
58.193
52.585
46.977
46.617
61.047
61.636
60.935
46.956
46.308
69.934
70.002
46.848
46.702
61.657
61.13
71.845
71.787
71.694
71.882
72.069
72.248
72.353
72.452
72.496
71.948
69
66.052
66.038
51.625
53.275
54.925
69.367
69.854
72.598
73.109
73.016
72.726
72.544
72.732
72.82
72.817
72.611
72.494
72.537
72.474
72.488
72.561
72.666
72.764
72.719
72.613
72.592
72.54
72.614
72.732
72.869
72.584
72.812
70.876
67.158
63.44
62.965
74.869
74.98
74.927
74.95
75.073
75.071
75.046
74.744
73.945
51.948
50.551
49.864
50.116
50.067
71.407
71.117
70.792
70.758
70.811
70.917
71.033
71.032
71.168
71.186
71.168
71.101
71.037
71.04
71.095
71.149
71.106
71.048
70.963
70.91
70.923
71.041
71.069
71.07
71.072
44.973
44.879
71.049
71.041
71.005
71.014
70.945
70.877
70.98
71.029
71.035
70.91
70.98
70.934
70.906
70.91
70.907
70.971
70.918
71.02
71.044
71.073
71.134
71.109
71.084
70.989
71.085
70.969
71.064
45.696
45.363
46.2
45.748
45.297
49.936
49.749
49.561
70.845
70.806
70.748
70.689
70.837
60.01
49.182
49.387
49.073
48.173
49.625
48.989
48.73
49.116
49.089
48.958
49.257
48.464
49.178
49.194
48.694
48.696
49.124
49.284
48.272
49.459
49.144
48.651
48.917
49.006
48.929
49.255
48.438
49.567
49.314
48.272
49.386
48.996
49.201
48.636
48.924
