69.097
70.222
71.346
70.979
70.578
70.666
70.651
71.057
70.91
71.216
71.405
71.755
71.959
71.75
70.872
70.896
70.578
70.241
70.014
70.082
70.146
70.106
70.122
70.115
70.189
70.299
69.815
60.93
59.733
59.922
60.738
59.47
68.779
68.469
68.159
80.457
80.563
80.657
68.619
68.745
68.818
68.891
68.845
67.924
53.501
52.61
53.688
69.422
69.274
69.408
69.54
69.425
69.361
69.506
69.764
69.701
69.693
69.331
56.707
55.829
54.952
54.752
54.553
65.271
64.859
65.052
65.12
65.197
65.106
65.107
68.128
68.08
68.465
68.622
68.849
68.719
68.079
68.107
65.598
65.035
65.114
65.234
65.23
64.089
64.343
64.214
64.18
64.99
64.859
64.553
63.697
64.564
64.532
64.038
64.781
58.407
58.059
57.754
58.639
58.433
58.226
58.087
58.218
58.155
57.433
58.591
57.667
57.659
58.21
61.523
64.837
65.352
65.209
64.868
64.697
64.599
64.505
64.663
64.738
64.745
64.72
64.663
64.407
63.133
61.86
65.174
65.044
64.794
64.541
64.352
64.541
64.481
64.358
58.245
58.136
57.728
58.326
64.394
64.156
63.991
64.188
64.385
62.842
64.365
62.867
64.159
63.105
63.331
63.876
62.758
64.106
63.09
64.712
65.487
65.215
65.066
64.981
57.721
58.293
58.14
57.849
58.03
58.003
58.424
57.773
57.988
58.067
58.153
65.872
65.002
59.848
59.036
58.637
58.96
59.299
58.715
58.86
59.679
59.483
57.809
58.78
57.903
57.025
61.636
64.251
64.093
67.476
67.6
67.608
67.452
67.261
67.297
67.541
67.832
68.082
68.342
68.559
68.566
68.424
68.463
68.65
68.516
68.623
68.815
68.881
68.735
59.951
60.068
64.047
64.121
66.106
66.214
66.238
66.151
66.428
66.214
66.175
66.315
66.251
66.293
66.623
66.618
64.455
63.968
64.02
64.071
60.08
60.013
59.775
64.848
64.762
64.849
64.492
64.576
64.829
64.639
64.368
64.289
64.264
63.729
65.961
64.6
65.104
65.206
66.974
66.323
66.035
66.265
66.096
65.937
66.163
65.913
66.044
66.208
66.373
66.4
65.835
66.411
66.66
66.117
66.653
66.737
66.522
66.553
66.304
66.263
66.535
66.142
66.537
66.507
66.544
66.802
66.508
66.182
66.528
66.294
66.709
66.812
66.13
66.318
65.52
65.238
64.955
64.856
64.932
67.235
66.972
66.741
66.018
67.617
67.817
67.833
67.777
67.848
67.691
67.643
67.793
67.942
68.123
68.081
68.059
68.036
68.041
68.045
68.464
80.384
80.48
68.605
68.602
68.648
68.65
68.652
68.741
68.699
80.616
80.492
68.758
68.699
68.587
59.949
60.138
60.142
60.146
59.951
59.87
59.754
64.198
68.642
68.812
68.878
80.71
80.62
80.742
68.805
68.787
68.752
80.669
80.575
68.649
68.72
68.731
80.769
80.728
80.868
80.785
80.797
68.766
68.838
68.815
68.792
68.651
69.017
68.482
68.666
68.935
68.769
69.225
69.045
68.754
69.234
68.663
69.176
69.008
68.406
69.17
69.133
69.096
69.253
69.109
68.965
68.604
68.47
69.327
48.052
47.944
47.778
48.073
48.289
48.505
47.468
47.604
47.74
48.116
48.131
48.168
48.058
47.94
48.378
48.01
47.59
48.385
48.001
47.958
56.488
58.007
58.527
57.597
