43.914
43.905
44.073
44.093
44.015
44.118
44.089
43.971
43.892
43.92
44.062
44.06
44.237
44.107
43.979
44.004
43.98
43.887
43.947
44.006
44.149
44.009
43.969
44.055
43.817
43.812
44.057
43.951
44.123
44.1
43.926
43.88
43.888
43.784
44.038
44.132
44.098
44.083
44.054
43.771
57.033
57.605
57.425
57.273
57.47
57.407
57.449
57.405
57.418
57.529
57.555
57.454
57.88
58.197
58.575
58.706
58.754
58.777
58.776
58.743
58.795
58.897
58.801
58.345
57.882
58.188
58.715
59.009
59.229
59.062
59.046
59.142
59.353
59.525
59.802
60.06
60.117
60.358
60.412
60.566
44.121
45.625
45.727
45.828
45.941
46.009
45.919
46.011
46.036
45.932
46.025
45.97
45.985
46.018
45.844
46.023
45.917
45.987
46.031
45.969
46.026
45.989
45.958
46.01
45.929
46.025
45.983
46.007
46.054
45.895
46.088
46.037
45.965
45.837
46.17
45.934
46.025
46.044
45.914
61.261
61.156
61.045
60.888
60.638
60.8
60.726
60.613
45.993
46.037
45.932
46.058
46.014
45.88
46.012
45.992
46.054
45.931
46.019
46.052
60.109
60.224
45.928
45.956
45.992
60.688
60.844
60.739
60.545
45.973
45.965
60.589
60.54
60.442
46.01
45.964
45.972
60.43
60.097
46.065
45.971
45.945
46.038
46.025
45.872
46.185
45.929
46.022
45.905
46.054
46.026
45.997
55.75
55.583
55.851
56.063
56.386
56.417
56.717
56.589
56.204
56.168
56.014
56.08
55.802
55.81
55.599
55.288
55.163
55.661
56.181
55.772
46.141
45.817
50.813
48.888
51.023
51.197
50.822
50.715
51.962
54.555
52.91
54.086
53.125
54.302
53.578
54.005
53.901
53.278
53.097
53.775
52.336
54.541
53.123
54.1
53.552
54.293
54.408
53.324
54.922
55.033
56.294
63.1
62.988
63.027
63.061
62.945
63.016
63.019
63.047
63.054
62.978
63.03
63.022
62.988
63.013
52.747
50.876
51.196
50.998
50.8
51.701
52.116
52.123
52.019
51.833
52.759
52.778
52.089
51.838
52.29
52.997
52.916
62.398
62.24
62.264
62.33
62.592
62.786
63.029
63.24
63.431
63.529
63.674
63.627
63.567
63.462
63.555
63.74
63.913
64.013
64.186
64.282
64.307
64.079
63.48
62.776
62.516
62.331
62.145
62.303
62.46
62.255
62.071
61.991
62.013
62.139
62.119
62.06
62.053
62.2
62.158
62.16
62.209
62.267
62.308
62.434
62.572
62.654
63.226
54.93
54.696
55.133
55.213
54.861
54.303
53.917
53.531
44.08
44.061
59.973
59.4
59.197
58.988
59.131
59.513
59.34
59.318
59.095
59.244
59.631
59.935
59.986
59.945
60.366
60.357
60.669
60.188
59.44
58.804
58.556
58.632
57.715
57.564
57.198
57.066
58.289
58.283
58.157
58.009
58.105
57.959
57.798
57.924
58.245
57.856
58.328
58.659
58.598
58.628
44.52
44.277
57.815
58.104
57.625
57.922
58.261
58.909
59.057
59.233
59.043
58.806
58.485
58.048
58.175
57.893
58.158
58.259
58.876
59.037
59.033
58.885
58.642
44.06
44.313
43.962
44.265
43.815
43.836
43.72
44.001
43.951
59.353
58.644
58.285
57.952
58.249
58.295
58.697
58.951
59.14
59.493
59.894
60.136
60.564
60.65
60.978
61.161
61.37
61.726
61.876
61.933
61.914
43.53
43.845
44.117
44.153
44.163
43.992
43.893
60.84
60.919
60.689
60.904
60.802
60.702
60.679
60.744
60.573
60.623
60.706
60.789
60.867
60.946
60.859
60.66
60.534
60.562
60.698
60.94
61.181
61.359
61.379
61.038
60.672
60.531
60.681
49.213
48.793
48.99
49.016
48.692
49.099
48.941
49.007
49.01
48.777
48.969
49.161
48.537
49.302
48.682
49.05
49.131
48.738
49.169
