45.988
46.061
62.477
62.617
62.307
61.905
61.753
62.351
62.823
62.393
62.279
62.265
62.263
62.413
62.995
63.161
63.33
46.101
46.143
45.66
45.834
46.045
46.113
46.085
62.952
63.569
62.525
62.586
62.339
62.263
62.482
62.687
62.654
62.79
62.857
62.687
62.491
62.56
63.286
45.964
46.037
45.829
46.075
45.956
45.725
64.821
65.245
65.019
64.726
64.486
64.857
64.811
64.642
64.779
64.609
64.858
64.756
64.824
65.262
66.566
66.929
66.973
66.744
66.615
66.572
66.796
66.62
66.483
66.663
66.86
66.862
66.811
67.185
67.526
46.19
46.121
45.884
45.89
46.055
46.08
45.85
46.164
51.471
49.833
51.013
69.986
69.921
69.96
69.95
69.94
66.312
62.684
62.554
62.456
62.179
62.27
62.34
62.222
62.135
62.646
62.782
62.916
63.012
63.04
63.05
62.926
62.773
63.368
63.246
63.258
63.202
63.609
63.269
63.204
63.061
62.915
62.85
62.946
62.812
62.724
62.725
62.987
63.179
63.322
62.939
57.019
57.341
57.662
50.636
50.301
63.706
65.986
65.326
65.449
65.305
65.286
65.377
65.293
65.12
65.11
65.461
65.507
65.859
65.941
66.487
67.144
79.334
79.109
78.931
78.752
79.292
79.833
79.746
66.463
66.657
67.032
67.652
67.059
59.38
70.752
82.125
82.153
82.128
82.172
82.084
82.288
82.228
82.064
81.634
72.02
62.406
46.45
54.499
49.779
59.686
69.593
69.604
69.455
69.329
69.443
69.578
69.485
59.846
64.944
70.042
69.764
69.646
69.668
69.793
70.233
70.166
69.457
70.979
51.055
51.234
51.413
50.124
48.835
66.698
66.659
66.326
65.977
65.942
65.861
65.988
65.988
66.427
66.006
66.669
66.854
66.747
66.921
67.015
66.759
58.691
50.623
48.698
50.014
55.797
61.581
61.57
61.532
61.499
60.673
61.098
61.256
61.319
61.751
62.222
62.211
62.375
62.63
62.633
62.397
65.018
64.93
65.133
64.942
65.25
65.131
65.633
63.567
62.904
62.353
62.032
62.086
62.097
62.19
62.268
62.257
62.038
62.36
62.354
62.111
62.27
62.558
62.766
62.675
62.006
62.864
48.829
47.793
59.957
62.888
62.821
62.844
62.991
78.55
78.613
48.053
47.885
47.747
60.188
62.725
63.114
62.934
62.988
63.057
63.192
63.324
60.024
53.042
51.357
54.382
64.694
64.081
63.845
63.619
63.436
63.171
63.065
62.874
62.941
62.926
62.958
62.909
63.094
63.103
63.068
62.698
61.294
61.443
60.548
59.824
60.411
61.186
61.96
61.633
62.19
62.151
62.014
61.87
57.944
54.018
56.106
58.195
57.383
58.121
64.539
64.713
64.54
64.368
64.365
64.37
64.375
64.277
64.791
64.831
64.818
64.148
63.441
62.441
61.749
61.796
49.875
50.501
52.434
50.518
56.808
63.097
62.78
62.483
62.53
62.622
62.584
62.534
62.479
62.499
46.285
46.221
62.733
62.897
62.782
62.717
62.758
62.798
62.643
62.744
62.835
46.123
46.006
45.988
