72.051
72.056
72.034
72.054
84.166
83.988
83.99
83.987
83.984
83.981
84.012
83.998
83.97
84.017
83.987
84.023
83.99
84.016
84.003
83.995
84.031
83.965
83.956
84.017
84.027
71.996
72.077
72.067
71.959
71.927
71.892
71.962
71.914
71.978
72.021
72.046
72.092
72.058
72.087
72.09
72.088
74.055
76.022
72.04
72.062
72.047
72.081
72.074
72.005
71.965
72.031
71.989
71.921
71.835
71.964
72.041
72.055
72.035
72.056
72.219
72.049
72.026
72.066
72.026
62.238
62.549
62.453
62.464
62.673
62.964
63.302
63.596
63.836
63.966
63.963
64.059
64.45
64.936
65.311
64.912
64.89
65.158
65.403
65.267
70.011
69.946
70.019
69.979
70.014
65.411
65.201
65.091
65.069
65.21
69.544
68.659
69.184
68.931
69.191
69.142
69.075
69.161
68.979
69.222
68.93
65.429
65.278
65.283
65.334
65.361
65.322
65.19
65.126
65.149
65.264
65.434
65.273
69.884
69.99
69.914
69.898
69.983
69.896
64.803
65.115
64.952
64.843
65.088
65.262
65.488
65.576
65.468
69.487
69.501
69.514
69.474
69.433
68.892
63.447
63.774
63.42
63.488
63.484
63.311
63.326
63.761
64.18
62.599
62.203
62.118
62.053
62.062
60.561
61.173
61.399
61.304
61.107
61.096
61.61
61.752
61.623
60.121
53.13
52.989
53.019
52.797
52.843
62.67
63.019
62.68
62.503
62.592
62.655
62.649
62.693
62.796
62.919
63.262
63.137
62.34
68.982
69.038
68.969
69.164
76.588
68.935
61.282
61.052
60.948
61.291
61.16
61.171
61.575
61.132
83.984
84.016
83.981
83.986
84.006
58.477
59.43
58.945
59.164
59.375
59.563
59.723
59.693
59.301
59.016
58.964
59.069
58.64
59.075
59.679
59.502
59.543
59.868
59.647
59.175
59.449
59.445
59.286
59.615
66.976
67.013
67.007
67.065
67.031
67.118
67.06
67.054
45.141
44.843
45.097
45.098
60.253
60.249
60.022
44.85
45.035
44.998
45
59.947
60.024
59.933
60.157
76.987
76.974
76.981
77.004
76.98
76.965
64.642
64.566
64.49
64.574
64.605
64.636
71.968
72.003
72.085
72.039
72.045
71.965
72.09
71.925
59.906
59.878
59.832
56.945
57.632
58.474
58.842
59.016
59.205
59.244
58.97
59.268
59.373
59.324
58.982
58.95
59.216
59.153
58.961
58.872
58.828
58.272
59.203
59.249
59.003
59.103
58.957
58.821
58.821
59.059
59.145
59.044
59.031
58.129
45.256
45.019
44.885
46.434
60.227
60.544
60.862
60.635
60.49
60.568
60.68
60.835
60.924
61.436
61.862
62.056
61.948
66.951
71.955
72.052
72.042
72.048
69.326
66.604
66.409
61.183
62.031
61.314
61.433
61.328
61.477
61.467
61.359
61.862
61.838
61.426
61.296
61.209
61.066
61.603
61.414
61.858
61.73
62.137
62.157
62.075
65.411
65.365
55.252
54.854
55.343
54.444
55.628
54.95
65.677
65.208
66.174
67.14
67.12
61.54
61.749
61.649
61.596
61.528
61.701
61.662
61.963
61.615
62.444
61.202
74.001
74
74.005
73.992
73.958
74.058
60.481
60.637
60.464
60.081
60.262
60.177
60.444
60.646
60.45
59.158
63.642
67.061
67.045
60.177
59.791
60.153
59.471
58.94
59.504
59.665
59.746
59.851
60.041
59.924
59.952
60.171
60.221
59.821
59.223
57.336
55.448
55.76
57.315
57.854
58.409
58.341
58.81
58.859
58.713
58.921
58.869
58.597
57.687
67.052
71.97
71.853
67.188
66.943
67.534
60.18
59.295
58.409
58.069
58.305
57.922
57.978
57.999
58.269
58.522
58.35
58.075
67.123
66.943
66.987
66.888
66.941
60.057
60.094
57.113
57.595
56.961
56.783
56.577
56.462
56.53
56.221
56.417
56.627
56.446
56.668
56.651
56.92
57.188
57.175
66.993
66.967
67.066
67.022
66.99
67.001
67.028
67.021
67.011
66.989
66.624
67.078
67.101
57.988
57.486
58.7
66.858
66.934
67.114
67.068
66.972
66.577
66.568
66.559
67.274
67.108
67.057
67.022
66.904
66.962
67.002
67.076
67.036
67.049
67.005
66.93
67.072
67.083
67.136
66.873
67.222
67.119
67.016
66.82
65.042
66.538
64.558
64.724
64.583
64.442
64.926
65.409
65.093
65.507
65.16
65.102
64.933
58.237
58.157
57.588
57.439
57.493
57.548
57.933
58.177
58.014
58.34
57.922
58.199
58.087
58.119
57.979
58.186
57.955
58.132
57.937
58.197
58.309
58.638
58.687
58.862
58.711
64.735
65.22
62.493
61.853
62.238
61.85
62.062
64.967
64.628
64.595
64.505
63.934
63.945
64.321
64.493
64.717
64.94
65.112
65.233
65.471
65.75
65.578
61.773
61.946
62.042
61.85
61.999
62.134
61.832
62.127
61.988
64.969
65.253
64.984
64.843
64.798
61.784
61.985
58.131
58.057
57.965
65.017
64.989
67.532
70.075
69.941
67.488
65.035
65.027
65.019
65.014
65.01
60.482
59.122
59.254
59.386
59.442
59.498
