65.085
65.113
65.111
67.103
66.582
66.181
65.951
66.135
66.03
66.263
66.336
66.384
66.546
66.318
66.609
66.594
66.365
66.619
66.48
66.474
66.664
66.572
66.652
66.878
66.891
66.78
66.572
66.813
66.874
66.467
66.599
66.855
66.835
66.652
66.683
66.899
66.759
66.661
66.805
66.932
66.932
66.666
66.615
66.888
67.008
66.947
66.827
66.755
66.859
66.95
66.946
66.85
66.776
66.857
66.938
66.957
66.83
66.669
66.564
67.319
66.942
66.493
66.499
67.034
67.044
66.905
66.823
66.913
67.055
67.077
67.098
67.069
67.077
67.087
66.984
66.931
66.9
66.974
67.016
67.053
66.768
66.642
66.847
67.051
67.07
67.037
66.738
66.7
66.937
67.063
66.92
66.502
66.578
66.859
66.855
66.722
66.78
66.983
67.097
67.13
67.052
66.783
66.613
67.06
66.973
67.209
66.95
66.913
66.886
67.261
67.128
67.023
67.062
67.137
67.19
67.325
67.215
67.104
67.599
64.163
64.124
63.991
63.827
64.2
64.002
63.774
64.087
63.997
63.998
63.98
63.979
64.087
64.02
63.957
63.977
63.965
64.068
64.017
63.956
64.034
63.935
63.929
64.058
63.891
64.02
64.049
63.921
64.025
63.939
59.499
59.907
53.832
58.878
63.924
60.764
57.604
58.186
57.828
58.435
58.348
58.788
58.067
63.988
64.024
59.734
59.818
62.294
64.771
63.202
63.271
63.26
62.846
63.479
63.31
63.745
59.919
59.971
59.95
59.794
59.513
60.226
59.835
70.006
70.043
70.057
70.11
70.101
70.438
70.75
70.856
71.003
71.149
71.366
71.573
71.583
71.126
71.502
71.582
71.606
71.596
71.779
60.75
60.904
63.651
63.464
67.404
71.343
70.394
69.975
81.893
81.698
81.789
69.768
69.671
69.582
69.493
69.705
69.691
69.871
70.38
70.023
69.514
62.693
61.775
61.48
65.683
69.886
69.056
68.999
68.869
68.894
68.919
68.896
68.889
68.98
68.884
68.973
67.913
67.661
67.408
66.561
65.714
65.241
65.278
65.683
65.177
65.744
65.743
65.728
66.121
66.144
66.301
66.011
66.482
66.551
66.269
66.32
66.372
66.356
66.444
66.792
66.764
66.768
66.575
66.636
66.928
66.982
52.729
52.867
59.718
68.339
68.463
68.102
68.243
68.294
68.345
68.217
68.487
68.756
68.808
68.824
68.554
68.288
64.226
60.163
52.874
52.641
68.913
68.674
68.104
67.646
79.321
79.346
79.432
79.621
79.802
79.874
80.165
80.456
80.49
80.524
80.375
80.504
80.632
80.641
80.65
68.361
68.459
68.554
68.381
67.988
67.178
66.573
66.083
65.751
65.607
65.463
65.278
65.113
64.993
64.891
64.693
64.556
64.63
64.704
64.691
64.681
64.592
64.621
64.759
64.847
64.934
64.818
64.827
64.911
64.98
65.037
57.099
57.437
57.379
61.904
62.052
57.321
56.616
59.466
66.781
66.594
66.322
66.562
65.872
66.251
66.397
66.644
66.934
66.948
66.79
66.633
66.368
66.382
45.558
45.885
45.56
45.831
46.191
45.751
46.182
46.007
46.152
45.835
46.181
46.088
46.072
46.071
46.557
54.821
55.331
55.147
54.631
55.271
55.766
46.188
46.13
45.821
46.247
45.991
46.064
