47.416
45.984
46.843
46.903
46.94
57.568
57.874
57.511
57.584
57.537
57.5
57.761
57.603
57.903
58.021
58.011
58.007
58.338
58.424
58.585
58.765
58.524
45.165
45.167
45.161
45.332
44.897
63.081
62.987
62.777
62.345
62.653
62.639
63.093
62.739
63.084
62.788
62.362
62.393
62.424
61.822
61.588
61.612
61.68
61.625
61.596
61.64
61.534
62.238
62.565
63.47
63.557
63.636
63.585
63.508
63.071
63.541
63.375
62.591
63.225
63.195
62.884
63.318
63.336
63.279
63.367
63.66
45.05
44.821
43.967
64.147
64.042
64.248
66.137
65.811
65.444
65.787
65.897
65.848
66.149
66.451
66.631
66.672
66.633
66.751
66.923
67.044
67.032
47.099
53.3
51.718
50.135
45.9
45.755
58.703
58.987
58.882
56.017
56.027
56.156
56.285
54.992
56.616
51.901
60.226
59.991
59.755
59.836
59.882
60.016
59.94
43.161
44.449
44.876
46.339
47.802
62.306
63.109
62.708
62.515
62.113
62.64
62.71
63.01
62.46
63.173
63.449
62.852
62.273
62.067
61.95
62.258
62.394
62.514
44.085
44.086
44.306
44.574
62.599
63.377
63.439
63.566
63.47
63.328
63.469
63.281
43.98
43.751
44.181
43.403
64.4
64.921
65.135
65.103
65.367
65.239
65.445
64.758
43.235
44.067
44.286
67.905
67.213
67.134
67.054
67.028
67.049
67.398
67.337
67.48
67.357
67.27
67.505
67.571
67.674
67.978
67.639
55.932
44.226
44.269
44.654
44.86
44.782
44.513
68.123
67.583
67.109
66.636
66.497
66.546
66.854
67.046
67.12
67.443
67.892
67.955
68.163
67.884
67.402
65.805
62.437
60.13
59.669
60.024
60.836
61.448
62.072
62.652
62.658
63.002
63.189
62.721
63.23
63.295
63.479
63.578
63.486
63.628
63.678
63.769
63.863
63.958
64.071
64.185
64.036
63.888
63.715
67.15
66.819
66.483
66.22
66.325
66.844
66.794
66.91
67.686
67.736
67.545
67.864
67.622
66.916
65.764
64.061
59.185
67.497
68.204
68.912
69.037
62.581
62.97
62.958
63.183
63.225
62.856
63.258
63.47
63.562
63.248
63.313
63.619
63.87
64.275
63.253
58.008
56.293
54.579
56.74
55.576
54.411
61.633
52.494
60.774
62.345
63.917
56.082
51.785
67.432
61.054
54.676
46.981
46.349
47.01
47.433
46.536
47.064
47.187
61.986
62.437
62.502
62.596
62.345
62.637
62.365
63.117
62.742
62.991
63.366
63.347
63.038
63.562
63.754
83.024
83.034
83.052
83.084
83.068
63.962
63.944
63.634
63.608
63.56
63.394
63.166
63.441
63.856
64.261
64.287
64.342
64.428
64.471
64.508
64.505
64.485
47.645
47.052
46.472
46.814
46.925
47.037
66.217
65.704
65.383
65.533
65.374
65.761
66.034
65.328
47.078
46.847
46.858
65.62
66.319
65.623
65.698
65.546
65.414
65.61
65.228
65.542
65.477
65.461
65.293
65.298
65.524
65.621
65.679
69.132
69.102
