74.081
73.946
73.979
61.919
62.673
62.294
62.095
61.936
62.092
62.242
62.281
62.233
62.131
61.985
75.042
75.136
74.88
62.04
61.747
61.651
61.83
61.606
61.93
61.852
62.025
61.961
61.857
61.812
61.647
61.613
61.66
61.75
61.852
73.917
73.918
74.016
74.145
73.926
73.939
63.036
62.791
62.642
62.627
62.572
62.611
62.573
62.692
62.79
62.914
63.048
63.18
63.46
63.146
70
69.967
69.483
67.136
67.018
66.995
67.053
66.982
63.459
63.101
62.782
62.702
62.694
62.761
62.785
62.918
63.075
63.308
64.051
67.038
66.984
67.026
66.941
66.934
66.996
66.979
47.474
46.027
44.476
43.01
49.373
50.004
50.391
50.777
48.351
47.734
46.067
51.695
57.324
56.971
57.76
57.388
57.329
57.267
57.483
57.517
57.509
57.449
57.56
57.158
57.86
57.86
57.981
58.434
58.691
58.32
51.26
50.718
58.424
57.926
57.612
57.886
62.554
62.515
62.188
62.281
62.475
62.356
62.395
62.524
62.439
62.561
62.698
62.89
63.048
63.049
62.643
58.136
51.531
50.879
56.814
62.75
62.923
62.543
62.429
62.597
62.767
62.562
50.98
50.424
70.279
69.976
70.058
69.908
62.954
62.93
62.369
61.608
61.994
61.988
62.322
62.655
62.716
62.789
62.895
62.889
62.921
62.915
62.696
62.555
43.024
43.269
63.002
63.573
62.81
52.947
43.083
43.448
51.164
50.695
56.869
63.043
62.825
62.582
62.396
62.326
62.138
62.245
62.251
62.039
62.224
62.446
62.559
62.568
62.455
66.192
69.929
70.004
69.92
69.988
69.916
70.026
69.931
66.546
63.16
62.835
62.341
62.144
61.947
61.896
61.967
61.9
62.035
61.911
61.142
59.209
57.542
56.515
55.103
59.046
62.988
62.862
62.865
62.867
62.837
59.42
56.003
57.556
56.852
57.58
57.308
57.494
57.615
57.38
57.787
57.514
57.144
57.492
56.647
71.879
71.963
72.062
72.056
72.015
71.987
71.969
71.993
71.981
71.989
72.061
60.266
59.741
59.134
59.152
59.547
59.627
59.683
59.693
59.733
59.757
59.803
59.691
59.555
59.438
59.662
60.004
43.772
44.363
44.13
44.237
43.947
44.19
62.724
62.767
62.74
62.633
62.635
62.662
62.626
62.232
62.678
63.124
62.804
62.592
62.458
62.498
62.844
62.854
62.84
62.818
62.715
62.512
61.91
62.633
62.769
62.774
63.002
62.549
55.785
56.053
56.004
55.852
56.092
56.141
64.741
64.66
64.814
64.643
64.472
64.791
64.406
71.959
71.997
71.989
55.702
55.55
71.968
74.952
75.013
75.003
74.993
74.978
55.846
55.887
56.12
56.24
55.944
56.089
74.045
