75.969
75.997
75.985
75.952
76.003
76.014
76.005
76.025
76.032
76.027
76.019
75.997
76.006
76.009
76.083
66.086
56.088
55.898
56.144
56.048
56.081
56.02
55.999
56.071
55.988
48.911
48.911
49.147
49.004
49.065
48.964
48.68
49.282
49.46
52.744
56.028
56.018
47.797
47.234
49.584
49.239
47.787
49.514
48.848
48.095
49.342
48.973
49.293
49.613
50.116
50.618
49.992
49.556
49.121
49.456
49.336
49.216
48.829
49.512
50.194
55.502
52.789
50.075
49.081
49.631
50.181
52.524
70.183
69.703
69.726
60.186
50.647
51.946
50.588
49.701
51.942
51.992
52.864
51.374
52.761
50.772
56.004
53.123
58.987
64.851
63.875
63.987
64.078
64.1
64.253
64.064
71.108
70.993
70.959
71.225
70.816
70.858
70.9
71.115
71.088
71.178
64.127
51.725
52.713
52.694
51.92
52.117
51.226
52.027
50.139
48.252
50.823
51.873
50.694
52.572
51.105
49.639
51.19
51.217
67.695
67.059
66.804
66.77
66.825
66.76
71.714
71.555
71.434
71.357
71.273
71.191
71.091
71.058
71
70.98
66.316
48.336
47.945
52.539
51.764
50.688
52.448
56.643
54.252
51.86
51.492
51.507
61.06
60.374
61.908
51.784
51.838
51.609
44.398
45.24
57.336
56.981
57.054
57.126
57.404
44.556
45.379
45.433
45.487
57.442
57.228
57.26
45.144
44.959
44.782
45.015
45.285
57.199
57.083
57.015
57.075
69.192
69.115
69.053
68.943
68.78
68.745
68.824
68.786
68.806
68.808
69.067
72.478
71.133
71.144
70.96
71.109
71.064
71.045
71.019
71.031
71.033
71.082
71.09
71.059
71.038
71.053
70.982
45.018
45.416
60.519
61.113
60.9
61.696
45.195
45.095
45.054
45.172
44.736
45.05
44.664
44.621
45.159
45.046
45.244
60.07
59.383
59.802
60.222
60.404
60.587
61.117
61.647
59.502
61.272
61.092
59.923
61.57
59.084
60.261
60.155
60.05
59.084
58.117
56.528
57.442
56.535
57.288
56.78
57.421
57.084
57.104
57.236
56.956
57.212
56.638
57.29
56.749
57.239
56.739
57.422
62.2
66.005
70.122
71.015
70.992
70.99
70.97
70.908
70.967
70.985
70.896
70.964
70.921
71.021
71.003
70.963
71.105
73.022
72.965
73.01
72.997
73.009
72.936
72.978
73.008
72.983
72.977
72.985
72.974
73.012
73.009
73.001
72.997
72.982
72.67
44.801
44.84
44.766
44.887
45.007
44.938
44.876
44.707
45.454
57.147
57.101
57.034
57.131
57.059
57.059
57.049
57.067
57.042
57.047
57.028
57.133
56.929
57.014
56.9
57.084
56.869
45.336
44.336
45.08
44.52
44.669
52.303
56.888
56.944
70.828
71.029
71.061
71.023
71.028
71.021
71.032
71.044
70.998
71.008
71.001
60.36
61.126
61.425
69.311
70.106
70.63
71.147
71.586
71.627
53.294
53.533
53.49
53.061
52.59
51.915
61.159
61.467
60.369
64.474
64.656
64.667
64.527
64.507
71.399
71.182
71.038
71.114
71.187
71.206
71.032
52.059
52.156
71.367
71.312
71.243
71.172
51.905
52.35
52.306
52.684
52.461
52.237
61.4
60.207
60.386
60.565
59.819
59.795
59.771
71.592
72.66
75.665
78.521
78.21
78.047
77.959
77.943
77.994
77.981
77.856
77.725
77.898
74.782
74.665
74.649
71.05
71.084
71.138
71.239
71.324
71.408
71.595
71.84
71.964
71.587
72.293
72.999
72.971
73.032
73.027
72.986
72.955
72.917
72.963
72.917
72.936
72.958
72.969
65.832
65.825
65.945
66.047
66
65.901
66.236
59.337
47.109
47.372
47.373
47.232
47.092
59.302
59.112
58.929
58.746
58.866
46.97
46.925
70.687
70.763
47.002
46.871
74.502
74.201
74.222
74.069
58.709
58.57
47.018
46.761
46.969
46.774
58.792
58.738
58.814
74.327
74.488
74.344
74.468
74.591
58.722
58.806
47.033
46.831
46.941
46.843
46.976
58.841
58.679
58.759
58.756
53.869
53.816
53.924
66.561
66.087
66.26
66.126
65.923
65.72
66.014
66.159
66.199
65.758
65.634
66.045
66.172
66.169
65.732
65.616
65.996
66.228
60.19
54.152
53.881
53.993
53.987
53.961
53.933
53.992
53.981
54.009
53.974
53.928
53.938
53.926
54.024
54.076
54.276
58.971
59.062
59.012
58.977
58.976
59.08
59.015
58.926
58.998
58.862
58.942
58.99
58.919
58.957
58.996
58.942
59.06
65.884
66.45
65.594
65.877
