54.08
54.172
54.387
53.216
54.008
54.118
53.613
53.652
53.691
46.829
47.146
53.482
54.37
53.9
54.049
54.154
54.056
53.801
54.25
53.847
75.753
76.017
75.978
75.989
75.937
75.969
75.979
75.936
75.97
75.977
76.011
75.973
75.981
75.946
75.955
54.087
54.215
59.696
70.97
71.018
71.067
71.04
70.998
71.055
76.007
76.091
76.014
63.953
64.268
63.989
54.088
54.098
53.502
53.353
53.205
45.978
46.622
47.615
47.308
46.978
46.964
47.057
46.879
47.134
46.89
47.097
46.913
46.973
47.011
47.086
47.072
46.93
47.074
47.044
46.915
46.858
46.963
47.09
47.248
47.021
46.797
47.036
47.088
46.847
47.098
47.15
46.978
47.094
47.003
46.882
47.147
47.451
67.916
68.452
68.959
69.069
69.449
70.063
70.435
70.735
70.987
70.893
70.517
74.998
75.011
75.015
75.001
75.001
75.015
74.987
75.005
71.513
71.215
76.062
76.115
76.133
76.265
76.392
76.495
76.446
76.451
76.591
76.723
76.714
76.819
77
76.913
76.781
76.713
76.725
76.678
76.623
76.695
76.859
76.94
76.958
72.08
72.246
72.222
52.32
53.538
53.64
54.078
56.436
58.795
69.182
69.594
70.271
70.596
70.805
71.036
71.135
71.163
71.198
71.262
71.328
71.311
71.378
71.291
71.194
71.254
71.275
71.296
71.193
71.192
71.141
70.97
58.875
58.483
57.781
57.118
56.455
43.331
42.477
42.877
43.25
55.61
67.97
74.945
75.065
75.151
75.12
75.046
74.991
74.944
74.838
74.716
74.839
74.835
74.877
74.928
75.119
75.046
74.973
75.05
75.018
75.014
75.046
75.152
75.116
74.89
74.784
74.872
74.855
74.822
75.009
75.089
75.001
75.019
74.938
74.752
74.7
74.878
74.979
50.877
51.239
52.005
52.419
52.204
51.733
50.888
51.472
52.456
52.339
51.893
51.057
51.135
52.321
52.194
52.239
51.705
50.46
70.704
70.98
71.202
71.423
71.531
71.821
72.025
72.016
71.886
71.879
71.611
58.495
63.239
67.982
67.94
68.024
73.084
72.835
77.461
77.332
77.083
77.086
77.123
77.11
77.111
77.062
77.102
77.11
77.05
54.394
55.361
54.673
77.218
77.296
74.711
72.126
72.427
72.224
72.02
71.88
71.74
71.961
53.049
52.634
72.051
71.986
62.214
65.151
68.088
67.961
67.972
67.874
68.677
69.481
69.79
70.078
70.337
70.577
58.776
58.814
59.007
59.087
58.899
58.88
58.966
71.144
71.047
70.908
70.892
70.994
70.976
71.002
71.055
71.019
70.945
70.879
70.73
58.582
57.989
57.307
56.624
58.334
60.043
58.875
67.965
68.134
64.354
64.61
65.012
65.651
66.375
73.485
73.862
74.042
74.135
74.192
74.039
74.308
74.452
50.634
52.1
74.239
74.234
74.115
73.997
74.156
74.234
74.312
74.22
52.314
52.48
52.229
51.978
52.415
51.995
51.544
52.031
52.922
52.183
51.571
51.719
52.066
52.051
52.022
51.834
51.669
51.82
52.12
52.421
51.919
51.501
51.315
51.806
52.779
71.174
59.926
48.677
48.669
51.873
50.617
49.989
51.962
52.191
52.233
52.558
52.623
52.837
52.35
51.797
59.059
71.111
71.038
71.026
70.986
71.047
67.86
64.673
64.519
64.526
64.783
64.901
72.1
72.126
72.075
72.244
72.107
72.197
55.295
55.088
51.885
51.81
51.822
51.834
72.266
72.196
72.341
72.361
72.274
72.316
72.349
72.5
69.041
65.581
65.68
65.778
66.411
67.14
68.075
68.7
69.015
69.473
69.692
69.727
69.83
69.99
70.015
70.099
70.286
70.346
70.677
70.66
70.518
70.448
70.64
70.49
70.468
70.765
70.544
70.285
70.137
69.93
69.518
69.047
68.132
67.061
65.092
51.067
50.579
50.825
51.071
51.098
51.126
68.484
67.865
68.165
68.614
69.009
69.029
69.282
69.907
70.322
70.504
70.385
70.209
70.462
70.489
48.859
48.6
48.413
48.467
49.235
48.965
48.851
49.324
48.593
49.479
48.463
49.498
48.601
49.558
48.541
49.054
48.97
48.868
49.028
49.122
48.983
48.969
49.117
48.883
48.982
49.037
48.844
49.111
49.097
48.908
49.158
48.967
49.123
