58.766
58.967
58.78
59.12
58.836
59.375
58.782
59.1
58.781
59.156
58.698
59.131
58.666
59.272
58.777
59.084
58.677
65.976
66.495
66.814
67.133
58.671
63.262
59.267
55.272
56.751
55.432
55.561
48.737
48.906
48.82
48.735
56.825
56.675
57.222
57.424
56.742
57.951
56.794
58.231
57.281
55.771
53.72
53.921
53.66
54.14
54.79
55.06
55.331
52.917
60.315
67.713
67.616
74.74
74.707
74.657
54.935
55.673
56.357
56.464
55.618
54.737
58.952
59.027
58.78
57.268
55.757
54.7
53.643
53.706
53.769
54.072
53.421
54.032
53.315
53.228
53.14
53.321
58.839
59
58.961
58.843
58.872
55.729
55.134
71.679
72.278
72.167
72.239
53.496
53.041
53.16
56.021
58.882
58.945
59.089
53.638
53.835
71.321
70.988
70.727
70.615
70.517
70.771
71.002
59.211
58.979
59.236
59.052
58.868
58.911
58.954
74.14
73.897
73.785
73.678
73.728
73.757
73.871
74.029
74.214
74.428
74.465
74.733
68.167
67.546
67.314
68.019
68.822
62.583
56.344
55.894
56.057
55.148
66.06
66.332
66.351
66.37
66.364
55.149
53.962
53.315
52.667
52.736
52.805
53.734
54.663
56.547
53.021
54.514
54.397
54.281
54.041
53.217
53.914
52.263
51.769
51.913
52.057
52.106
52.113
52.12
44.581
43.442
63.855
63.392
63.537
63.441
63.892
64.019
52.742
50.864
52.326
50.82
50.357
49.894
51.357
50.947
51.54
52.336
53.77
53.755
53.74
55.238
55.4
55.563
52.819
52.979
54.685
53.511
53.579
53.648
54.908
54.724
54.541
55.204
55.756
55.673
55.398
67.65
67.781
67.641
67.633
67.839
67.734
71.163
74.592
74.595
55.503
55.676
55.382
55.806
55.816
55.826
55.761
55.793
55.826
55.457
54.888
55.452
54.8
55.827
56.283
60.034
53.358
54.947
56.537
56.374
56.388
56.029
56.081
56.366
56.5
56.713
56.496
56.461
56.62
56.431
57.192
57.591
55.793
49.492
43.191
44.994
52.07
51.937
51.881
51.826
51.855
51.884
54.361
53.096
51.831
52.09
56.846
56.704
57.05
54.907
60.368
65.829
73.021
73.437
73.679
73.938
55.143
54.591
55.886
54.37
55.324
54.344
54.866
54.166
54.757
55.348
55.184
55.019
56.648
58.277
55.776
53.276
52.609
51.587
56.791
57.383
56.892
57.158
55.425
60.243
74.803
73.562
73.372
73.357
73.277
73.197
72.92
72.882
51.016
51.286
51.555
44.874
45.003
43.425
50.132
56.838
58.523
63.866
69.21
69.421
69.785
70.244
70.921
71.466
71.473
71.221
70.839
70.646
56.834
55.94
56.567
63.125
67.265
65.964
65.66
65.929
66.197
66.284
55.274
55.387
55.427
55.467
55.335
66.93
66.932
67.174
55.365
55.972
66.966
66.678
67.024
66.52
66.978
66.773
66.938
66.698
66.84
66.696
66.746
66.779
66.841
67.179
55.473
55.488
55.504
55.742
55.673
55.564
55.584
55.478
55.628
55.881
55.803
55.725
55.654
55.464
55.381
55.866
46.063
45.529
44.242
55.492
55.55
