54.245
52.067
55.933
53.536
57.789
53.076
48.363
47.121
45.88
51.762
51.702
51.87
52.039
52.044
52.05
51.955
51.859
51.85
51.841
44.878
45.18
45.197
44.82
44.628
44.587
44.463
44.418
44.7
44.829
44.855
45.108
45.188
45.254
44.835
45.218
44.43
45.04
56.37
56.568
57.581
56.345
57.125
68.76
73.096
72.962
72.932
72.949
73.297
68.724
68.778
57.333
56.73
44.085
43.07
51.118
64.105
64.337
64.607
64.823
64.899
64.981
65.08
64.96
64.968
64.901
64.406
60.652
56.899
57.245
57.092
56.939
56.368
55.074
54.891
67.463
67.474
67.454
67.597
67.586
67.61
67.459
67.182
66.886
66.598
66.139
65.618
65.268
64.927
64.82
64.731
64.818
65.222
65.288
65.355
65.258
65.124
52.229
51.646
51.706
52.215
57.767
63.318
62.684
62.569
62.587
62.523
62.598
62.556
62.498
50.361
51.106
58.195
59.288
58.469
58.376
58.283
58.77
62.86
66.95
66.789
66.884
73.999
73.931
73.923
73.837
73.906
74.02
74.004
74.096
74.188
74.364
74.386
74.408
74.295
74.188
55.471
55.567
74.549
74.603
74.648
74.371
74.026
55.1
54.865
55.18
55.495
49.968
49.267
59.82
59.276
59.617
58.52
59.149
59.199
59.719
59.786
48.341
48.508
48.558
48.609
48.972
48.983
49.461
54.557
51.877
49.196
48.565
48.544
60.407
60.344
60.625
60.155
60.316
60.477
60.697
49.058
49.131
49.086
48.333
50.067
48.719
49.112
48.957
48.737
49.256
48.609
49.014
48.951
49.177
48.678
48.94
48.59
60.781
60.537
55.538
55.728
55.918
55.968
55.782
56.098
55.977
55.857
55.736
55.85
55.911
55.931
55.79
55.808
55.936
55.987
56.031
55.871
55.691
56.008
55.936
55.937
55.919
55.929
56.02
55.971
55.778
55.843
55.881
55.975
56.032
55.874
55.428
56.037
56.647
42.818
43.574
41.586
40.656
39.725
48.893
48.845
49.143
48.826
51.575
50.663
48.211
51.89
55.569
55.982
55.943
55.903
55.852
55.993
55.873
55.909
55.806
55.579
56.017
55.93
51.043
63.727
58.624
58.991
59.358
59.147
58.936
59.034
59.11
58.96
59.187
58.914
59.14
58.796
59.106
58.742
58.955
58.675
58.908
58.679
58.861
58.882
58.789
58.888
58.834
58.891
58.903
59.271
58.985
59.221
58.811
59.158
58.72
59.142
58.756
59.06
59.365
59.337
60.682
62.028
64.502
66.977
66.982
66.9
66.682
47.517
47.189
48.58
44.686
49.376
54.065
48.972
51.328
53.685
54.247
54.264
59.445
59.506
59.86
59.494
59.153
58.99
59.07
59.028
58.978
58.737
58.892
63.086
67.28
67.339
59.445
59.4
59.354
58.704
59.184
59.063
58.573
58.933
58.947
58.659
53.371
54.048
58.812
58.912
58.804
59.357
68.529
67.502
67.333
59.461
59.44
59.205
47.175
47.175
47.047
47.077
53.879
54.169
54.757
53.447
54.859
59.118
59.211
58.741
70.232
70.171
70.202
70.101
70.08
70.01
69.984
69.697
70.023
65.659
66.176
59.404
60.209
60.416
61.933
62.462
62.931
63.554
63.494
63.434
61.334
59.235
58.98
58.724
58.785
54.401
54.913
55.425
55.649
51.207
59.567
67.928
67.674
72.409
72.287
72.131
74.107
76.082
76.188
76.468
76.643
76.72
58.47
56.783
56.194
66.38
76.566
76.818
65.243
53.668
65.054
58.005
50.956
52.656
53.005
51.402
51.783
51.016
50.699
50.382
51.404
50.728
50.052
49.611
49.17
49.078
49.749
50.421
50.291
50.161
49.386
49.865
51.135
52.405
51.812
51.219
51.388
51.56
51.731
53.361
55.482
56.293
55.812
55.398
55.705
55.236
55.332
50.964
54.766
52.816
50.866
50.613
47.044
50.547
54.05
54.219
53.849
54.079
53.931
53.976
53.879
53.746
53.741
