63.717
63.844
63.97
63.842
63.885
63.929
63.998
64.068
64.037
64.081
64.126
55.886
56.272
56.657
55.811
54.964
53.668
52.372
54.002
47.369
49.288
46.869
47.164
47.984
47.747
48.052
48.156
48.26
47.233
48.749
50.546
49.869
49.192
49.113
47.946
47.659
47.192
48.408
48.69
46.586
47.491
46.468
54.411
51.121
47.83
48.29
50.11
51.929
49.421
49.787
50.153
47.279
48.591
49.903
48.463
43.874
47.263
50.652
60.071
59.406
58.744
47.092
45.503
46.192
45.957
48.651
48.461
48.271
75.829
75.928
76.476
76.816
77.066
77.476
77.525
77.574
73.635
73.814
73.698
73.582
73.614
73.46
73.374
68.436
49.444
49.689
61.787
61.703
61.596
61.437
61.349
61.344
61.233
61.366
61.423
61.377
61.238
61.197
61.383
61.603
61.577
61.583
67.708
68.104
67.955
67.905
68.042
50.08
50.915
51.59
50.898
51.384
51.034
51.333
51.037
50.741
50.928
51.327
50.912
51.551
51.338
51.499
51.521
50.481
61.749
73.017
72.996
72.97
73.043
68.522
64.001
63.542
63.925
64.05
64.013
63.812
71.077
70.962
63.918
64.046
64.289
64.343
64.359
63.866
71.077
70.951
71.047
70.988
71.026
55.848
57.497
64.967
64.497
71.701
71.896
71.562
76.366
76.379
76.227
76.157
76.096
76.146
76.151
76.085
76.174
76.172
75.853
75.915
76.16
76.232
75.971
75.825
76.083
53.055
53.057
51.728
56.373
55.982
56.015
55.626
56.817
71.391
70.698
70.408
70.27
70.499
70.459
70.419
70.301
70.533
70.699
70.832
70.829
64.114
64.078
63.873
63.959
64.061
63.876
63.944
64.007
64.079
63.884
65.398
65.102
64.848
65.679
72.236
72.141
72.109
72.262
72.363
72.326
72.403
72.658
72.936
72.988
72.8
72.711
72.816
72.854
72.812
72.797
72.678
72.553
72.622
72.517
72.375
71.954
71.829
71.627
71.429
71.192
71.044
70.904
70.748
70.68
70.5
63.175
63.213
63.032
62.921
62.95
63.001
63.028
62.989
62.998
62.879
62.844
62.911
63.03
62.865
62.817
51.062
51.303
62.757
63.313
62.984
63.019
53.199
54.163
58.622
63.082
63.014
62.875
63.148
62.848
63.019
59.119
58.939
58.93
58.925
58.925
59.374
58.568
59.277
58.8
59.086
59.371
58.616
59.062
59.469
58.194
59.98
48.649
48.835
48.688
48.734
48.779
48.555
49.275
48.419
48.698
49.149
48.306
60.575
60.747
49.885
49.954
50.376
49.186
48.499
48.609
48.45
48.287
48.951
48.79
52.269
50.991
49.712
49.558
49.988
49.565
49.142
48.639
48.206
48.088
48.686
48.381
58.204
