53.846
53.028
48.088
47.676
50.695
53.714
51.38
49.046
48.695
48.892
49.249
48.835
48.383
48.408
73.064
73.117
73.171
73.097
73.023
66.436
59.849
64.014
56.708
65.077
73.446
73.975
74.067
74.394
49.545
51.021
51.627
49.936
51.78
50.88
49.98
70.593
75.639
75.679
75.678
75.737
75.612
51.994
57.597
53.053
48.508
46.568
52.846
69.689
69.428
69.098
69.094
68.95
68.566
75.032
74.927
75.029
74.967
75.001
75.018
74.977
75.036
75.095
75.386
74.993
74.655
74.77
51.838
52.511
53.183
53.1
53.017
53.161
53.306
54.084
54.126
69.032
68.858
52.855
54.115
53.33
53.959
53.838
53.717
54.582
50.614
51.388
51.271
69.464
69.408
69.298
69.557
69.702
62.411
62.151
61.832
61.833
61.833
62.331
62.656
62.916
70.188
70.367
70.858
71.028
71.127
64.718
53.866
53.593
61.721
69.849
69.844
70.308
68.784
68.547
68.738
69.005
69.116
69.166
69.283
69.238
69.229
69.169
69.078
68.986
69.052
69.117
69.211
68.83
68.641
68.215
67.682
46.393
44.88
45.18
45.48
46.418
49.729
48.374
47.018
56.686
67.962
67.988
67.962
68.071
68.261
68.423
68.471
68.212
68.052
68.219
68.387
68.26
68.184
55.876
56.792
55.887
54.982
53.195
52.465
51.994
56.719
55.916
56.048
56.697
54.266
55.428
56.59
56.161
56.304
56.715
68.477
68.382
68.278
68.173
56.228
56.727
56.917
57.107
56.727
56.57
56.263
56.221
56.061
55.695
56.18
55.91
55.827
56.167
55.972
55.811
56.129
55.902
55.375
56.012
56.002
55.575
56.242
56.356
62.262
56.598
60.835
65.071
65.247
64.79
64.648
64.994
65.209
64.9
64.721
64.978
65.119
65.161
64.763
64.946
65.171
64.98
64.847
64.925
65.035
65.079
64.972
64.885
64.994
65.085
64.966
64.911
56.055
56.098
55.961
67.201
66.733
55.399
55.479
55.559
55.607
55.649
65.039
64.909
65.008
64.883
65.208
64.811
57.789
56.323
75.042
74.912
75.009
75.061
68.191
56.459
54.462
55.999
56.112
55.593
56.259
56.052
57.748
67.653
67.592
67.575
55.869
56.036
55.819
55.618
55.488
55.321
54.258
54.701
54.697
54.035
54.66
54.37
55.012
55.282
55.533
55.854
56.126
55.978
55.756
55.672
55.276
55.342
55.379
55.004
54.664
54.212
54.013
53.382
53.562
65.638
72.72
72.698
72.638
72.594
72.589
72.585
72.558
72.532
72.403
72.494
72.55
53.348
53.157
53.576
53.086
53.016
52.893
52.643
48.124
59.211
70.297
70.071
70.386
70.516
70.611
70.604
70.905
71.257
71.608
71.76
52.699
52.525
52.441
52.5
47.21
47.334
47.459
46.433
46.996
47.559
48.496
49.433
50.168
50.903
67.439
67.355
67.247
67.42
67.69
67.532
67.117
67.146
67.175
67.027
66.867
66.863
66.837
66.87
67.046
67.126
71.853
71.9
71.998
72.095
72.169
72.057
72.008
72.187
72.162
72.062
71.964
71.968
71.916
72.041
72.274
72.363
72.392
72.3
72.421
72.28
72.187
72.212
72.289
72.472
72.582
72.519
72.52
48.627
48.99
49.483
50.123
49.962
50.461
50.849
51.236
48.222
45.208
45.485
46.452
48.029
48.418
48.806
50.243
51.68
45.292
46.469
47.646
46.733
45.722
47.021
46.775
47.136
47.455
47.774
47.405
47.007
46.564
46.12
46.455
45.917
46.778
47.448
48.238
45.67
46.522
52.376
47.91
58.399
68.888
68.897
66.017
65.962
66.038
65.969
65.992
66.053
65.929
66.046
66.073
66.104
65.971
65.838
65.868
61.054
61.135
71.895
71.823
71.703
71.673
71.812
71.773
71.808
71.953
72.154
71.987
72.062
71.944
71.914
72.091
72.048
72.104
72.069
71.96
72.037
71.99
60.759
61.005
61.093
61.094
60.975
60.923
60.994
61.032
61.07
60.897
61.038
60.999
61.062
60.923
70.049
69.85
70.026
61.006
60.958
61.01
61.009
60.977
60.998
60.908
60.947
60.649
60.959
61.076
61.049
60.9
61.024
60.93
60.974
61.032
60.97
61.022
60.919
61.094
73.044
72.915
61.027
60.74
60.587
60.593
60.928
61.052
61.158
61.148
61.16
60.947
60.743
60.519
60.296
61.125
60.977
61.043
60.984
61.107
61.073
61.052
60.997
60.742
60.753
60.49
60.998
66.088
65.938
65.947
65.986
65.988
66.055
65.983
65.973
66.034
66.006
66.001
66.029
65.956
65.981
61.085
61.115
