46.114
45.884
45.938
45.973
45.822
46.009
45.828
46.009
45.91
45.914
45.867
45.897
46.102
45.864
45.971
45.937
45.825
46.062
46.048
46.092
45.885
46.054
45.956
46.011
46.122
45.981
46.033
46.016
45.915
46.081
45.991
45.89
46.049
46.229
46.463
56.268
51.492
46.717
46.283
46.055
45.89
45.938
46.291
46.007
45.899
67.969
67.273
67.397
67.814
67.876
68.072
68.23
68.291
68.268
68.402
68.526
73.166
73.072
73.116
72.975
72.835
72.705
72.547
72.414
72.733
49.024
49.941
50.176
73.051
73.104
73.047
73.059
64.033
55.007
55.121
60.898
61.006
60.825
61.086
60.851
60.941
57.108
56.936
56.723
56.678
69.696
69.278
69.429
69.733
69.384
57.215
57.1
64.344
71.588
71.906
72.008
72.015
72.71
72.851
73.051
54.414
54.001
60.891
61.074
61.134
64.263
63.841
63.764
64.091
63.687
73.347
73.289
73.379
77.551
77.662
77.922
78.175
78.427
63.196
63.475
63.396
63.318
63.362
75.399
75.241
75.108
74.87
74.866
75.022
51.203
50.82
70.028
70.341
70.435
61.212
51.99
51.307
50.971
51.437
51.61
51.784
53.53
55.276
43.691
43.872
43.987
43.972
44.014
44.067
43.525
44.305
57.647
52.302
56.319
60.335
60.942
60.869
60.797
50.08
48.753
55.077
52.74
50.402
45.039
43.746
43.596
43.779
43.878
43.969
43.877
67.376
71.891
71.585
71.276
71.096
71.068
71.049
71.202
71.252
71.265
71.055
70.957
71.056
71.163
71.177
71.185
71.209
71.136
71.252
71.445
66.085
60.725
61.064
60.903
60.749
60.915
60.942
61.016
61.09
60.775
47.426
48.712
60.372
60.347
59.899
59.946
60.208
59.896
59.773
60.268
60.259
60.151
60.194
60.3
60.248
60.125
60.289
60.363
60.331
60.087
60.065
60.186
60.187
60.278
60.437
60.266
60.306
60.354
60.402
60.659
60.671
61.195
61.161
60.994
61.255
55.927
55.87
55.814
51.425
51.428
56.219
53.442
58.491
54.522
56.297
58.071
49.162
49.332
48.961
49.352
49.578
49.366
48.715
48.274
48.371
48.469
49.312
50.155
48.123
49.657
48.233
49.513
55.88
55.927
55.787
48.866
48.964
48.863
48.924
48.827
48.999
48.908
49.218
48.674
49.072
48.906
49.154
48.586
49.155
48.907
48.845
49.011
48.993
48.777
48.943
49.156
48.804
49.049
49.085
48.972
48.669
49.235
48.991
48.977
48.94
49.14
48.84
48.868
49.247
48.732
48.999
48.9
49.207
48.823
48.947
49.044
48.927
48.792
48.989
49.104
48.775
49.164
48.499
48.431
48.859
48.826
47.417
48.182
68.07
80.163
79.757
80.026
49.26
48.855
49.288
80.021
79.992
80.031
79.969
79.985
49.287
48.719
49.003
49.021
49.08
49.111
49.143
49.164
48.89
49.032
48.758
49.126
49.133
49.129
49.124
73.007
72.963
