54.553
54.775
55.371
53.929
54.837
54.23
53.623
54.631
55.639
54.159
54.638
55.623
54.79
57.497
53.608
53.65
53.692
57.22
54.138
51.057
51.074
51.091
51.725
51.944
70.518
70.534
51.756
53.375
50.701
52.103
53.807
53.77
54.213
54.657
55.186
55.998
56.803
56.288
55.558
56.016
56.474
56.926
56.89
56.679
57.299
55.721
44.708
44.857
44.742
70.67
70.747
71.079
71.44
44.039
44.18
44.7
44.742
44.783
44.349
44.538
45.054
56.41
56.426
56.384
56.342
56.539
56.614
56.27
56.284
56.255
55.392
55.677
55.962
56.113
55.75
55.758
55.766
55.048
54.943
55.642
54.003
44.647
44.821
44.853
44.884
45.053
45.416
45.779
45.616
46.68
47.745
46.622
45.498
45.582
45.665
45.655
45.645
44.129
45.332
44.649
45.556
53.732
55.263
54.492
52.019
52.214
51.934
51.879
53.155
53.977
54.8
54.854
55.697
68.066
68.353
68.601
56.872
57.369
56.939
57.018
56.892
57.414
57.123
56.962
56.341
54.992
52.19
49.388
46.941
47.591
72.4
72.441
72.458
72.566
72.82
73.192
48.835
47.494
47.963
48.432
48.145
47.857
49.049
47.858
50.558
49.622
48.685
48.938
49.191
48.418
47.184
48.597
49.559
52.184
52.798
49.626
47.266
48.173
49.098
47.595
47.67
48.993
47.438
49.726
52.015
62.974
63.175
63.281
63.271
63.201
62.863
49.728
49.486
60.755
60.657
68.429
68.162
44.837
45.527
43.675
46.835
45.221
43.606
43.663
43.655
68.943
68.904
68.879
58.053
53.646
49.239
50.643
46.753
46.826
69.02
69.04
69.096
46.519
57.835
51.879
45.924
43.848
45.373
44.172
44.321
44.469
58.24
58.012
46.555
44.526
44.995
49.579
46.936
44.293
46.052
43.063
43.345
44.718
44.385
44.052
44.898
58.309
58.239
58.805
45.833
45.1
48.853
47.375
45.897
49.176
73.988
74.01
74.015
73.985
73.981
73.94
73.955
73.982
74.023
50.247
49.319
49.886
50.198
49.812
49.427
50.355
49.923
50.287
52.474
52.955
52.025
51.336
50.647
49.986
43.215
43.276
43.306
49.187
50.08
44.23
45.156
45.262
50.497
50.117
48.873
44.236
43.489
50.007
48.54
68.934
68.947
47.63
47.148
48.73
50.313
47.547
45.508
44.678
45.975
47.272
48.471
49.669
48.087
46.504
45.247
45.094
46.478
70.561
69.619
44.826
46.151
45.103
44.244
46.2
51.408
63.656
64.374
65.112
65.788
66.256
66.524
66.876
67.152
67.46
67.667
67.422
54.687
43.994
45.441
46.207
44.912
47.095
48.248
44.252
43.836
49.695
48.04
57.645
76.134
75.901
75.864
75.767
75.815
75.947
76.031
76.072
76.229
76.421
76.547
43.302
43.233
43.149
43.2
43.183
43.189
43.116
43.107
43.12
43.177
43.01
43.045
43.01
42.976
70.129
70.136
70.135
69.918
57.844
55.482
54.927
54.378
43.051
43.084
69.065
68.003
67.816
67.975
67.519
67.524
68.024
67.572
67.624
68.076
68.158
68.101
64.986
61.87
63.15
63.815
64.415
64.656
64.255
64.908
64.882
64.855
65.052
65.249
64.994
64.739
53.051
52.931
53.674
53.159
65.038
65.002
65.045
53.284
53.249
53.773
53.814
53.92
54.205
54.466
54.489
54.541
54.519
54.554
54.608
54.789
54.736
54.86
54.457
54.717
55.088
54.768
54.961
55.304
55.316
55.379
55.345
55.551
56.453
55.678
50.819
58.881
51.585
59.25
55.453
51.656
62.836
74.017
74.008
74.007
74.051
74.037
74.012
73.974
73.953
73.984
74.024
74.057
74.05
74.024
73.981
66.98
69.021
71.063
70.794
70.375
70.371
58.066
58.223
58.229
58.121
57.931
74.022
74
73.991
73.998
74.019
73.886
73.745
73.604
48.67
48.915
74.028
73.602
73.872
49.568
48.721
49.223
54.446
59.67
59.752
60.08
71.913
72.44
72.929
73.245
73.488
73.806
73.907
74.02
50.567
51.394
52.22
51.211
52.873
51.458
52.104
51.892
51.846
51.837
52.007
51.862
51.535
51.534
62.696
63.071
63.431
63.553
64.099
64.248
63.841
53.468
54.832
54.132
62.458
62.454
62.207
62.321
62.059
61.75
53.697
54.435
55.173
50.486
49.306
49.405
49.723
50.041
54.717
53.18
74.03
74.019
74.016
74.005
74.058
52.884
52.537
53.114
53.228
53.342
52.835
53.081
54.185
53.369
53.625
54.625
53.593
55.044
54.483
54.274
53.72
54.372
53.493
54.307
53.662
53.638
54.27
53.412
53.892
53.906
53.701
54.455
53.733
54.303
53.636
53.77
54.649
55.068
54.744
54.871
54.775
54.747
55.257
55.451
55.179
73.987
73.964
55.114
54.573
54.967
55.448
54.334
73.972
73.862
74.04
74.034
74.002
73.984
74.01
74.059
74.046
74.018
73.996
73.993
73.996
74.011
74.039
74.048
74.03
74
74.011
73.988
74.036
74.033
74.017
74.008
73.981
74.007
74.029
74.059
74.045
74.015
74.001
73.971
74.01
