55.89
56.484
53.998
51.512
48.482
47.134
47.288
46.7
45.901
45.101
44.839
44.577
45.982
45.231
47.584
46.965
46.345
45.743
44.309
44.141
43.972
48.444
49.248
50.052
50.056
43.077
42.957
42.952
43.158
43.236
50.164
50.182
50.279
50.182
50.085
50.241
50.377
50.45
50.412
50.291
50.363
50.32
52.766
55.213
55.281
55.453
55.18
55.505
55.232
55.548
75.272
75.237
75.165
75.134
55.594
56.259
68.795
68.636
68.589
56.244
56.707
56.583
68.394
68.681
68.683
68.435
68.669
68.894
68.865
68.679
56.611
56.09
55.599
81.115
81.115
81.077
81.101
56.806
55.985
55.165
64.406
64.344
64.173
51.352
43.801
43.517
63.381
63.089
63.125
63.113
63.527
63.61
63.76
63.604
63.495
63.642
63.44
63.737
63.551
63.794
63.768
51.518
51.44
51.611
51.781
51.575
43.564
43.397
43.468
43.355
43.425
43.269
43.182
43.081
61.372
61.406
61.553
61.512
61.824
61.691
50.01
50.1
50.038
50.084
50.347
79.071
78.989
79.004
79.019
79.044
79.069
79.096
57.718
57.3
56.644
60.08
59.825
59.166
60.214
60.434
60.253
60.826
60.63
60.883
43.77
43.648
43.35
43.547
43.417
43.418
43.482
44.358
71.358
71.424
71.523
71.527
71.29
57.841
58.452
59.062
58.939
58.815
58.683
58.322
58.209
58.205
58.37
59.968
58.263
54.193
50.123
48.494
48.328
48.162
81.07
81.128
47.086
46.098
80.994
79.034
79.067
79.053
79.038
78.993
79.048
66.953
54.857
54.986
55.832
56.677
56.526
56.712
56.538
58.077
69.876
69.466
69.494
76.47
76.476
76.471
69.232
69.211
69.209
69.386
69.787
70.076
70
69.969
69.938
69.871
70.096
70.244
70.393
58.204
58.151
58.075
57.653
66.762
66.533
61.638
62.051
82.933
82.961
81.107
71.219
61.33
61.148
61.511
61.739
49.937
50.188
48.479
50.811
50.996
49.921
49.762
49.603
51.839
52.289
52.54
50.975
49.41
53.165
56.92
67.284
74.227
74.053
73.943
73.892
73.924
73.866
73.834
73.696
54.518
54.588
73.823
73.865
73.85
73.675
73.598
54.357
54.335
54.421
54.507
73.696
73.578
73.604
73.735
73.719
73.796
74.055
74.231
74.38
55.023
55.524
56.424
54.312
54.006
56.149
58.291
57
56.807
58.15
57.197
56.503
56.917
57.356
54.672
54.003
54.118
53.899
53.679
78.289
78.266
78.174
78.051
54.463
46.78
47.856
48.126
48.395
48.154
48.287
48.42
50.375
52.33
52.302
52.274
53.468
53.459
53.85
54.516
55.23
56.101
55.973
56.17
56.312
56.453
56.841
56.528
57.218
56.949
57.39
57.023
57.463
57.107
57.235
55.878
47.968
47.906
47.8
48.41
47.68
60.15
59.628
71.774
71.971
71.883
59.181
58.552
57.682
57.43
56.657
57.101
56.646
56.937
56.639
56.367
56.824
56.389
56.522
56.569
56.256
58.692
56.934
56.771
56.675
56.045
56.365
56.719
56.477
56.009
55.61
54.645
53.058
82.931
82.948
82.972
83.024
82.954
61.629
61.725
62.293
62.331
62.586
62.931
63.079
62.88
62.792
62.522
48.935
47.551
48.303
83.995
84.019
84.022
84.024
67.075
67.398
67.924
68.443
68.67
68.897
56.675
56.886
56.863
56.798
57.152
57.168
57.224
57.162
56.877
56.601
47.933
47.731
47.942
48.052
58.14
58.064
58.204
58.475
58.46
58.498
58.168
57.922
57.747
47.895
47.711
47.962
47.903
74.658
74.316
74.155
73.981
73.984
73.906
65.664
69.783
73.902
73.938
73.708
73.55
73.647
73.612
73.392
73.253
73.27
73.323
73.189
73.153
73.119
72.954
72.922
72.616
66.836
61.056
46.315
46.91
62.962
55.585
62.549
69.512
69.542
69.498
69.535
69.651
69.367
69.099
68.799
68.258
67.741
66.68
66.39
66.79
67.189
67.64
67.908
68.368
68.692
68.755
51.465
50.719
49.973
50.849
45.443
46.589
49.187
46.807
44.427
44.683
45.997
51.073
70.889
70.301
69.993
46.72
46.774
46.898
46.826
46.573
46.16
46.134
46.107
46.669
45.92
46.418
45.198
45.397
44.634
43.628
57.355
56.664
60.977
61.499
48.981
49.636
49.374
49.112
48.737
48.699
55.212
55.259
55.318
55.378
55.336
55.294
54.561
55.136
55.711
70.724
70.223
75.094
75.166
75.294
75.436
75.425
75.356
75.595
75.724
75.853
75.644
75.581
75.519
75.545
75.776
75.838
75.901
51.042
51.091
51.169
51.247
51.195
51.12
51.046
51.248
75.65
75.677
73.202
70.726
70.926
71.231
71.536
62.685
53.835
52.588
54.516
53.321
52.126
57.132
56.795
56.815
56.898
56.874
57.131
56.84
56.933
81.097
81.122
81.125
81.124
81.124
81.052
56.814
