49.014
49.143
48.764
49.22
48.911
48.93
48.799
49.114
48.39
47.452
49.329
49.367
47.578
49.257
49.193
47.14
48.718
49.422
48.225
47.702
49.758
48.749
47.132
48.284
49.435
46.964
48.434
49.903
46.201
46.729
49.89
48.433
46.976
49.118
48.099
47.081
48.361
49.642
46.654
45.732
48.998
49.594
46.305
47.957
49.803
47.326
48.006
49.541
50.254
50.967
49.862
48.621
56.401
50.761
57.308
63.856
64.02
55.68
47.339
48.827
48.799
48.771
48.772
47.854
44.962
45.685
48.568
63.971
63.973
64.097
64.018
64.065
64.111
49.312
58.604
67.897
68.028
67.87
72.52
72.454
67.865
67.923
67.954
68.32
68.8
68.972
68.921
68.905
68.441
58.901
49.36
49.064
48.227
49.352
49.223
48.495
49.287
62.006
62.216
62.041
62.068
61.99
61.937
62.081
62.126
62.026
62.123
61.996
61.741
62.87
55.944
55.834
56.029
55.98
55.94
55.91
55.883
55.719
55.581
55.736
55.954
53.419
58.245
55.295
52.346
53.298
51.629
52.079
50.76
50.215
49.671
73.063
73.064
73.031
73.026
73.034
73.006
72.989
71.054
70.822
70.822
70.896
71.173
71.236
71.116
71.117
70.975
71.033
70.979
71.067
70.981
71.031
70.984
71.015
70.994
71.009
70.997
58.819
58.773
63.579
63.789
63.995
64.218
64.613
64.479
64.569
64.564
64.48
65.014
64.489
64.517
64.54
64.521
64.502
64.598
65.066
65.059
53.889
52.312
52.156
55.601
56.4
55.142
55.174
55.533
56.212
56.257
56.191
59.702
58.42
58.838
58.854
59.262
71.436
71.285
71.136
71.155
71.161
71.276
71.394
64.16
53.543
55.352
57.297
65.325
65.755
66.344
66.575
66.682
66.376
66.282
55.155
54.573
66.357
65.999
65.919
66.17
66.222
66.379
54.4
54.448
66.349
66.47
54.472
54.44
54.61
66.66
66.63
66.637
54.531
54.447
54.181
53.987
53.8
53.665
53.704
58.805
59.041
58.907
52.971
52.803
58.997
59.028
58.953
59.014
59.1
51.559
51.695
51.547
51.4
50.89
50.53
50.262
60.164
58.203
59.502
59.221
62.8
63.097
63.088
62.888
63.034
63.103
62.875
62.989
63.083
62.859
58.902
58.539
58.49
58.746
58.795
58.753
58.96
59.179
59.377
59.257
59.934
59.466
51.231
56.04
55.156
54.272
60.826
61.069
61.138
60.902
60.972
60.977
61.032
60.928
61.168
61.025
60.919
60.949
60.961
61.044
53.469
53.312
53.176
53.414
54.073
53.748
53.957
54.025
54.077
54.126
54.132
54.112
54.162
54.089
53.971
53.715
54.592
54.679
54.766
54.789
54.811
54.904
54.997
55.059
55.353
55.198
56.527
55.356
57.315
58.114
58.913
56.68
58.203
