54.074
54.062
53.831
53.979
54.108
54.39
53.946
52.414
50.882
68.395
67.633
72.856
72.718
60.675
48.633
48.727
48.682
48.451
48.499
48.3
48.257
45.759
52.557
50.466
54.859
59.252
58.788
59.837
68.534
68.937
69.145
69.084
68.948
49.434
49.955
54.261
48.927
50.168
51.41
59.141
58.932
64.591
70.25
70.209
70.435
70.778
71.013
71.006
70.977
70.851
70.557
70.269
64.434
58.598
58.689
58.781
58.767
58.781
58.816
58.885
58.954
59.124
59.295
59.284
59.057
58.966
58.875
59.335
58.629
54.106
54.314
54.522
58.602
62.101
61.663
61.126
60.916
61.207
61.094
61.204
61.072
61.028
61.185
60.473
61.035
61.324
61.613
65.594
69.575
69.845
74.661
74.817
75.117
75.268
75.285
75.086
75.311
52.654
51.658
51.192
51.02
50.474
51.542
55.893
57.348
57.368
57.388
65.299
72.241
72.44
72.407
52.68
52.539
76.978
76.847
76.846
76.972
77.093
77.208
77.156
52.38
53.094
51.306
51.295
51.283
53.512
55.741
56.074
68.971
68.974
55.896
56.056
56.028
52.849
52.765
67.948
67.85
67.941
64.05
63.176
63.075
62.798
62.63
62.573
62.408
62.406
62.5
62.083
62.518
62.953
63.337
63.407
63.187
63.138
63.125
63.195
63.069
63.135
63.206
63.262
63.317
51.557
50.97
50.798
50.625
51.134
51.645
51.509
50.895
53.785
72.373
72.279
72.327
74.719
77.111
76.871
76.756
52.12
53.226
54.012
54.631
54.677
52.855
52.948
77.143
77.122
76.94
52.529
52.247
51.453
76.731
76.891
52.249
52.304
52.195
52.219
52.243
54.035
53.727
54.09
59.902
65.713
66.464
66.829
66.974
67.119
66.924
66.956
66.677
66.899
66.79
55.174
49.133
48.691
48.847
49.002
44.861
44.645
45.079
45.513
45.735
45.957
46.358
46.245
47.117
45.714
46.389
45.274
44.159
43.022
55.89
55.411
57.04
61.681
66.322
66.633
66.725
55.286
55.776
54.306
66.664
66.857
54.242
55.58
55.86
55.215
54.57
55.035
57.528
55.612
55.409
54.354
57.734
56.037
56.374
57.067
56.596
56.125
55.601
56.066
69.116
68.762
75.928
75.9
75.831
75.87
75.916
75.878
75.906
56.98
57.061
56.912
56.888
56.934
57.675
56.382
56.538
56.675
56.584
57.263
56.919
57.073
57.323
57.548
57.467
57.433
57.177
57.134
57.091
57.386
57.405
57.323
57.241
57.192
57.365
57.373
57.381
57.245
57.143
57.161
57.098
57.054
57.003
44.294
44.778
44.728
45.014
45.13
45.246
45.144
45.296
51.716
51.738
51.942
51.958
44.487
44.812
51.85
56.967
56.997
56.839
61.66
62.19
63.011
71.143
71.894
72.598
73.017
73.332
73.339
73.001
72.85
53.356
53.165
55.938
56.761
56.472
50.411
44.35
44.566
44.587
44.572
45.075
45.578
61.096
61.084
61.13
60.989
60.809
60.629
61.094
61.56
54.154
52.318
50.483
53.97
57.457
58.132
58.702
59.407
59.965
60.073
60.411
60.83
59.975
59.686
56.782
48.927
49.005
55.356
55.481
55.603
55.725
60.983
66.24
66.614
67.265
67.338
67.411
67.336
67.276
67.435
67.656
67.77
67.697
67.573
55.94
56.354
68.351
68.2
68.059
68.043
68.106
68.088
68.115
68.05
67.945
67.864
67.741
67.611
55.63
55.602
55.86
55.915
56.018
56.344
56.367
56.762
57.158
55.962
55.897
56.273
56.263
56.107
56.256
56.404
56.429
56.391
56.358
56.326
56.106
56.058
56.326
56.094
55.861
55.67
55.869
55.877
56.051
56.108
55.793
55.814
55.741
56.029
56.109
56.03
55.721
55.869
55.938
56.138
55.884
55.717
55.779
56.011
56.051
55.879
55.843
55.813
56.406
57
56.124
67.674
67.665
67.719
67.789
68.19
56.113
56.687
68.857
69.069
69.254
69.221
69.187
56.78
56.498
70.965
70.752
58.929
58.954
59.347
59.74
59.846
60.326
60.054
59.968
59.634
59.494
58.756
59.326
52.214
61.529
70.843
70.825
71.068
71.105
70.897
70.959
71.026
70.919
70.53
69.553
54.408
53.939
53.982
54.928
56.523
69.094
69.326
69.03
69.131
69.232
69.233
69.208
69.193
69.197
69.202
69.139
69.151
69.166
69.126
69.13
58.082
56.319
57.003
69.156
69.314
69.211
57.161
57.28
57.467
57.526
57.124
57.356
56.867
57.412
57.784
58.156
56.799
55.441
60.828
57.628
54.429
53.976
53.829
53.682
55.901
57.446
57.224
57.425
57.626
57.663
57.7
56.623
57.246
57.014
56.781
57.836
57.992
58.149
58.248
58.095
57.943
57.233
57.693
58.001
58.194
58.387
59.117
58.824
58.991
62.22
61.965
59.21
58.865
58.834
58.804
58.783
58.608
58.433
58.259
53.847
