58.803
56.908
58.69
57.103
57.085
57.067
54.989
60.793
59.281
57.77
57.383
56.996
55.127
56.827
55.225
57.076
71.866
71.861
71.972
71.785
71.799
72.147
72.417
48.997
48.937
48.99
49.104
61.377
60.817
49.032
48.716
49.053
48.925
48.908
48.891
59.994
61.357
60.736
60.994
60.843
61.121
60.905
61.166
61.041
61.103
61.25
61.115
61.123
49.194
49.165
49.111
63.099
63.194
56.035
56.053
56.077
55.987
55.997
56.004
55.831
56.022
55.851
63.725
64.119
63.908
63.938
63.926
63.992
64.096
63.887
64.084
63.922
64.248
63.465
65.433
65.769
55.929
56.081
56.037
55.533
75.864
75.804
75.881
75.994
76.186
67.821
68.024
67.944
67.995
68.04
67.999
68.021
67.957
51.864
51.94
51.962
51.286
50.609
52.014
52.857
53.424
76.26
76.007
75.899
75.841
75.9
75.824
52.028
52.086
51.877
51.792
51.923
51.935
51.905
52.058
52.065
52.132
52.154
51.464
51.671
55.9
55.64
55.315
71.362
71.121
71.051
70.989
71.117
71.219
71.25
71.117
70.976
70.963
71.043
71.045
59.086
58.825
58.877
59.031
59.154
58.921
58.668
75.831
76.004
74.602
73.2
73.059
77.818
77.592
77.529
77.379
77.224
77.263
77.063
65.997
66
65.925
65.919
65.976
65.949
65.922
65.85
77.474
77.536
72.622
72.718
77.884
77.667
72.553
72.605
72.56
72.515
72.471
72.469
72.497
72.474
53.73
53.553
53.324
58.876
59.026
53.077
53.016
58.972
58.931
53.18
52.822
53.262
53.702
53.155
52.643
52.18
52.361
52.381
52.4
51.308
51.932
50.964
51.738
70.952
71.117
70.919
71.088
70.967
71.029
71.004
71.008
71.011
71.086
63.672
64.054
65.081
65.762
66.187
66.468
66.632
66.56
66.487
66.688
67.027
66.858
67.023
67.217
67.411
67.482
67.552
67.756
55.292
54.607
67.71
67.725
55.399
55.317
55.381
55.692
56.282
57.044
56.744
58.235
58.699
59.051
58.941
58.904
58.997
58.795
58.692
59.221
64.034
64.142
64.093
50.161
51.525
52.235
52.515
51.871
55.738
56.919
51.733
52.736
53.74
54.523
55.96
51.55
51.661
51.763
51.865
51.537
63.886
64.078
64.04
63.973
63.859
64.027
63.952
64.186
52.065
50.175
67.442
67.407
67.163
63.551
59.94
60.94
50.735
51.67
53.438
54.618
67.873
68.76
69.479
73.047
72.984
72.989
72.985
73.049
59.475
59.415
59.81
60.071
59.855
59.756
59.919
60.055
60.257
60.273
60.26
60.221
60.156
59.941
59.763
59.871
59.943
60.229
60.109
58.823
58.416
56.713
56.6
57.995
56.805
57.004
58.007
56.287
58.082
57.933
57.785
57.929
58.074
57.52
57.612
63.69
69.768
69.789
69.619
69.516
69.622
69.687
69.776
69.907
70.144
58.495
51.746
52.003
76.051
76.005
75.972
69.343
69.091
69.004
69.016
68.973
68.998
69.131
71.008
71.063
71.141
71.266
71.227
72.997
73.077
73.002
73
73.031
73.014
72.998
73.018
73.034
73.017
72.98
72.949
65.967
65.885
61.86
65.304
68.748
68.734
75.938
75.955
75.942
75.924
75.927
75.952
75.953
75.974
75.987
76.017
76.024
76.058
76.068
76.067
76.125
76.171
76.162
56.984
57.577
56.889
57.741
56.861
57.757
56.653
57.604
56.665
57.822
67.562
67.935
58.867
