49.116
48.617
49.5
48.702
49.037
50.228
61.995
69.78
70.161
75.391
75.554
76.02
51.919
51.732
51.925
51.531
51.747
50.503
50.623
50.743
50.068
68.163
74.736
74.597
74.656
74.804
74.749
74.794
74.899
74.87
74.534
74.293
74.108
74.173
69.595
54.941
54.802
55.017
62.007
61.468
63.402
66.911
70.42
70.624
70.725
70.721
70.776
70.782
70.806
70.692
70.676
70.706
70.24
51.745
50.124
49.472
49.39
48.767
48.844
67.881
67.941
68.031
68.122
68.138
68.142
49.29
49.655
68.456
68.422
68.345
65.291
62.237
65.345
57.369
49.392
49.559
68.202
68.284
68.578
68.872
69.474
50.443
50.393
47.962
45.531
46.249
62.081
63.854
56.384
66.032
58.378
50.725
50.714
50.703
76.501
76.05
76.007
76.148
76.17
75.966
75.96
44.567
44.749
49.894
72.951
73.137
72.853
72.837
72.822
72.772
72.722
48.069
49.482
48.33
48.063
50.156
49.064
47.971
48.325
49.368
49.39
49.411
49.06
48.709
48.306
49.278
48.923
48.92
48.917
49.833
48.675
47.517
47.667
47.818
49.017
50.217
49.149
48.418
47.687
50.169
49.195
48.221
73.046
72.942
61.673
62.838
64.003
65.558
67.113
68.039
68.951
69.619
70.505
59.267
58.857
58.087
59.855
60.977
60.88
61.048
61.057
61.088
61.119
67.685
70.219
69.946
70
70.068
63.911
57.753
57.058
56.826
57.36
55.554
55.371
56.676
55.585
55.779
74.693
74.714
74.765
74.596
55.591
55.775
55.328
55.708
55.527
55.295
55.427
55.556
55.056
54.91
47.039
47.101
47.262
46.767
47.131
66.211
72.95
72.939
72.88
72.845
72.759
72.509
72.271
72.146
71.872
47.254
47.89
47.349
46.773
54.94
63.108
62.621
62.649
62.744
62.793
62.934
62.826
62.896
62.885
62.975
62.989
62.779
62.991
62.867
63.166
62.878
63.268
64.03
64.782
65.534
65.833
65.67
65.634
72.591
72.485
72.096
76.931
76.81
77.01
51.186
64.161
77.136
77.169
77.356
45.046
44.917
44.627
45.422
45.179
45.159
44.732
44.305
48.468
52.631
72.041
72.006
72.107
71.853
71.718
71.814
71.975
72.12
54.745
52.178
45.323
45.05
45.241
45.327
44.961
45.151
44.518
49.647
46.005
45.389
44.773
44.931
45.229
45.245
45.17
45.188
45.357
61.124
60.965
61.138
45.002
44.505
45.334
45.437
45.45
45.375
44.438
65.436
66.442
67.012
67.174
67.283
67.4
67.564
67.556
67.639
67.709
67.835
68.193
68.309
68.191
67.993
67.71
67.269
54.904
54.518
54.804
54.869
54.933
54.803
54.674
59.005
63.336
63.592
64.216
64.659
64.835
64.926
64.94
64.984
65.073
65
65.11
65.162
65.27
64.969
64.888
64.787
64.657
64.548
64.44
64.12
51.512
51.932
51.924
51.803
51.674
52.075
51.618
60.837
60.976
61.163
61.445
61.689
61.718
61.716
61.831
62.103
62.256
62.086
62.223
61.959
61.779
61.059
56.958
57.221
57.73
64.26
70.79
74.658
74.576
74.552
74.464
74.527
74.414
74.385
74.381
74.582
74.729
74.68
74.651
74.621
74.653
74.645
50.894
43.174
43.017
74.381
74.437
74.462
74.351
74.287
74.203
74.266
74.365
74.464
45.101
44.044
44.605
44.129
44.172
44.216
44.194
44.129
44.23
44.348
44.347
44.187
44.157
44.71
44.36
44.235
44.668
42.172
42.705
43.238
47.52
51.803
50.789
67.932
68.048
64.039
