56.713
57.069
53.761
53.872
53.44
69.054
68.939
49.116
50.287
50.192
50.084
49.818
46.638
48.688
50.738
52.613
50.502
50.312
68.655
68.4
68.477
68.854
68.893
68.645
61.266
53.888
50.587
52.31
54.155
55.691
53.464
55.264
52.432
52.814
50.873
62.984
62.429
66.363
70.297
70.323
70.401
70.631
70.782
70.919
71.084
52.379
50.966
52.56
52.142
54.787
54.368
66.738
66.975
67.167
67.216
67.453
67.691
67.801
67.7
67.594
67.555
55.328
55.592
47.535
47.061
46.557
45.547
44.526
43.505
68.155
68.213
68.281
68.313
68.483
68.923
69.122
57.527
57.781
57.815
58.001
57.944
56.808
49.683
50.668
51.652
53.268
54.884
54.661
55.637
55.809
54.633
54.598
54.563
55.471
55.793
55.683
56.147
55.718
55.381
55.655
55.928
56.495
56.168
55.779
55.607
55.751
56.243
55.948
55.79
55.698
55.631
55.832
55.948
55.733
55.754
56.184
55.959
55.992
55.824
55.84
56.017
56.438
56.074
56.548
46.907
47.131
46.889
47.104
46.856
46.874
46.913
47.259
47.046
46.976
46.839
46.969
47.038
47.179
47.286
48.768
55.652
54.241
55.166
54.813
54.461
47.082
47.03
47.729
48.427
48.988
47.367
45.747
53.423
64.363
64.044
47.44
47.206
45.711
45.826
45.941
54.205
54.378
54.986
66.98
66.897
66.716
66.61
66.588
66.56
66.495
66.36
66.448
54.178
54.268
60.755
67.241
67.141
67.223
66.789
82.63
82.594
66.224
65.846
58.075
50.303
50.312
49.056
50.36
50.348
57.954
56.41
54.866
55.103
55.341
54.73
55.515
55.356
55.43
55.448
55.4
55.773
55.524
54.714
50.939
47.164
46.606
44.04
44.174
47.896
46.044
44.071
45.919
45.03
43.905
45.075
44.534
43.993
44.283
46.001
52.823
49.862
59.001
68.14
67.474
72.175
72.085
71.905
71.872
71.777
51.896
48.772
49.63
49.479
49.116
50.53
50.746
49.257
49.227
50.453
50.107
49.332
49.846
50.474
49.547
48.788
50.115
49.759
48.936
48.113
50.172
49.151
48.13
49.58
50.003
50.425
48.132
49.93
51.875
49.422
48.158
49.888
50.028
46.007
45.445
44.182
44.402
44.622
