58.998
80.041
79.987
71.506
71.215
70.78
76.845
78.513
80.181
54.271
44.917
44.977
48.899
52.821
74.352
73.895
73.839
73.713
73.771
73.714
73.814
73.898
71.096
72.914
74.732
74.959
74.976
75.158
75.489
75.679
75.373
75.433
75.492
75.328
75.1
75.221
75.394
75.266
75.138
51.04
50.782
51.925
50.398
50.997
51.16
50.729
51.312
50.821
51.5
51.395
50.643
51.3
58.96
59.021
58.875
59.01
58.923
58.99
58.964
58.967
58.842
58.962
58.897
58.982
59.273
58.815
59.028
59.241
59.129
59.262
62.888
63.108
62.92
62.941
58.847
58.793
63.487
70.843
70.685
70.533
70.677
70.667
70.599
70.715
68.259
65.803
62.081
58.359
58.398
58.018
58.144
58.27
58.276
58.051
57.826
58.263
58.208
57.544
58.181
58.276
58.287
58.298
57.91
57.904
57.898
63.892
64.046
64.084
64.122
63.87
56.788
55.358
56.414
55.887
56.39
55.618
56.46
54.788
56.716
54.985
56.994
55.012
54.92
54.829
54.587
54.345
57.14
56.895
56.65
56.623
56.596
56.108
55.62
68.063
67.991
67.998
68.066
68.021
67.975
65.193
62.411
59.908
59.849
59.502
59.156
58.977
57.926
58.782
58.432
58.337
59.256
58.777
59.184
59.38
59.715
58.828
57.449
56.823
56.919
56.942
56.986
56.969
57.04
56.939
56.988
56.811
56.764
56.864
56.818
56.908
57.045
59.849
62.652
69.091
68.929
68.834
68.778
68.828
69.065
50.748
50.157
50.54
50.923
51.865
52.184
51.738
54.322
49.325
53.18
57.034
60.923
71.502
71.161
70.992
70.71
70.692
70.848
70.831
70.657
70.66
70.865
71.013
71.082
71.095
71.286
71.591
71.803
72.014
72.3
72.462
72.247
71.964
71.746
67.897
64.048
63.915
63.944
63.973
63.814
63.655
63.657
63.404
63.618
63.341
63.064
63.084
63.197
63.196
63.074
62.988
63.013
63.09
63.199
63.204
63.024
62.987
63.062
63.05
63.034
63.149
63.493
63.78
63.794
52.038
52.386
52.442
62.99
62.899
55.107
59.047
51.548
44.049
43.813
44.117
44.422
44.046
44.035
58.189
59.145
59.539
58.838
58.571
58.888
63.719
68.55
67.822
72.286
72.017
67.112
67.147
66.869
66.797
62.936
63.022
62.963
63.074
63.075
63.089
62.925
62.989
63.02
63.041
63.012
63.024
62.934
65.691
68.448
67.858
67.702
67.752
67.89
72.983
72.947
72.875
72.803
72.589
72.598
72.606
72.678
72.75
67.511
67.606
67.725
67.661
67.792
67.861
67.856
67.842
67.921
67.998
67.982
67.971
68.073
68.213
68.046
67.828
67.866
67.928
67.95
67.809
70.37
69.17
67.971
64.619
63.996
63.373
62.987
62.843
63.021
62.966
63.036
62.935
62.993
63.045
62.946
63.006
62.832
63.12
63.218
62.473
63.163
62.847
62.53
63.056
62.833
62.61
62.846
48.566
49.04
52.411
55.781
55.982
56.055
55.986
55.946
56.101
55.924
56.065
