70.826
70.895
77.71
78.061
78.063
78.018
78.066
78.045
78.013
78.069
78.059
78.09
79.925
80.023
80.031
75.136
75.028
75.002
75.013
75
75.05
74.999
75.052
58.955
59.019
65.124
61.051
60.043
59.035
59.132
58.645
58.751
51.007
61.024
71.04
71.004
70.954
51.538
50.537
51.02
71.012
70.951
70.884
71.144
51.654
51.677
51.64
59.039
59.37
59.254
59.103
59.178
59.031
55.915
56.768
56.314
55.82
55.326
63.184
71.043
71.134
67.958
64.783
65.794
66.636
67.325
55.936
56.848
56.572
56.922
57.438
58.087
57.567
58.245
58.164
58.082
72.982
73.019
73.006
72.992
58.292
59.163
58.843
59.269
58.585
58.774
59.059
59.012
59.532
58.973
59.507
59.795
59.721
59.044
57.636
55.992
57.345
56.945
56.967
57.013
57.011
56.957
56.833
57.088
56.843
64.19
64.028
64.033
64.032
65.678
67.324
67.217
67.491
67.62
67.671
62.039
68.754
75.47
75.616
75.823
55.146
56.468
56.273
56.374
57.062
56.93
56.938
56.964
56.99
56.958
57.037
57.341
69.537
69.561
70.01
57.903
58.125
58.283
58.442
59.061
58.194
58.123
58.052
57.955
57.857
57.769
57.681
57.282
56.558
56.66
56.959
57.258
66.54
66.687
66.932
66.834
67.188
67.273
70.79
74.307
74.324
74.381
74.559
56.602
56.303
74.767
74.656
74.798
74.94
67.976
56.223
56.487
62.33
59.427
71.233
83.04
83.028
83.027
83.017
83.033
83.039
58.531
59.171
83.066
83.006
83.006
82.993
83.004
60.063
61.63
60.655
60.907
61.413
61.221
60.526
66.034
71.083
71.042
71.019
71.032
71.035
70.997
71.036
71.023
70.993
71.068
70.966
65.509
65.352
65.289
65.227
65.395
65.563
72.79
63.905
64.922
65.94
54.898
54.894
54.891
52.417
52.597
52.777
53.564
54.352
60.153
56.431
68.225
60.113
52.001
52.763
52.519
52.274
58.74
59.005
58.792
58.58
59.031
58.919
59.161
59.121
59.076
63.58
58.817
59.064
59.31
54.027
54.035
54.043
67.847
67.925
67.943
68.088
70.937
75.033
74.994
75.007
75.044
75.044
74.995
75.032
63.059
63.035
63.011
63.069
63.077
63.111
63.144
63.037
79.971
79.902
43.061
43.956
43.497
44.713
61.358
78.003
82.928
82.998
83.042
83.052
82.984
82.992
82.971
83.007
51.137
64.59
78.043
78.053
78.041
78.065
78.071
78.006
78.072
66.882
55.692
56.404
55.567
74.436
75.057
75.114
75.068
74.975
75.009
75.013
75.057
74.959
74.995
75.032
73.103
71.175
71.018
70.984
71.049
51.475
50.608
51.737
51.295
71.089
70.946
71.161
68.568
69.762
70.956
71.007
71.059
71.04
71.03
71.021
65.095
59.17
59.141
59.113
59.149
71.072
70.977
71.049
71.097
70.906
71.023
70.928
70.808
65.314
66.186
66.975
67.58
68.038
68.702
76.292
76.614
76.852
77.191
77.617
70.906
70.938
70.97
70.961
70.912
70.811
70.92
71.167
71.107
71.038
71.09
71.139
71.026
58.026
56.122
57.816
56.808
56.963
57.094
56.918
56.929
56.952
57.017
57.045
56.983
57.041
56.882
56.868
56.866
56.91
57.06
58.317
58.189
58.061
58.236
58.411
58.498
58.584
58.624
58.664
59.295
58.555
59.257
57.963
57.574
56.889
56.884
56.803
56.723
58.962
70.449
70.734
70.842
70.698
70.656
70.56
70.389
70.445
70.466
70.331
70.474
70.688
70.7
70.769
70.955
70.918
71.017
70.889
70.524
70.435
57.362
56.963
56.789
56.896
56.595
56.987
57.162
57.119
56.751
57.175
56.958
57.064
56.593
57.707
56.471
57.867
57.138
57.512
56.982
57.055
57.398
56.975
57.736
58.112
63.3
63.014
62.863
63.03
63.059
62.875
63.047
62.955
63.075
63.196
63.243
58.21
58.811
58.66
58.509
63.467
71.794
71.777
71.439
71.465
52.765
52.644
71.114
70.979
58.793
59.372
61.306
63.241
63.225
63.508
63.644
63.809
63.656
63.72
63.823
64.02
64.249
64.755
64.947
65.028
64.898
54.544
44.175
44.356
45.811
55.908
63.018
63.093
55.808
62.719
69.629
69.221
69.017
69.178
69.338
60.033
67.235
61.241
65.1
59.533
53.966
54.62
54.533
54.446
54.541
54.636
56.992
59.349
59.088
58.497
59.051
58.819
58.928
59.157
59.386
68.94
68.881
68.764
68.441
68.388
68.512
68.566
68.62
68.776
68.932
69.342
69.314
69.412
69.466
69.047
68.583
68.119
59.964
59.547
59.307
55.993
56.131
55.977
59.261
59.008
58.829
59.036
59.636
46.838
45.926
45.195
45.282
46.578
46.085
45.5
45.592
45.824
46.119
45.465
46.873
54.789
54.871
54.953
45.91
45.592
56.26
