56.885
56.764
56.671
59.851
63.032
63.967
64.659
72.535
72.844
73.128
73.45
73.397
54.187
54.604
53.548
51.85
56.978
57.193
69.023
68.901
68.921
69.071
65.496
61.92
62.072
62.187
62.303
62.283
62.257
62.287
62.079
61.922
62.054
62.185
62.737
63.669
65.287
55.95
56.977
58.172
58.387
59.109
59.645
59.776
59.767
59.282
58.797
57.538
56.279
56.007
55.735
55.696
55.721
55.573
55.695
55.511
55.326
55.288
55.249
67.705
67.725
67.963
68.025
68.032
68.063
68.057
67.983
67.962
68.367
68.403
67.858
68.206
55.552
56.301
68.257
68.109
68.358
68.34
68.105
68.045
67.935
67.825
67.652
67.596
55.016
56.598
56.313
56.028
55.846
68.011
67.858
67.915
68.21
68.292
57.068
56.297
55.771
56.324
56.561
56.118
56.206
53.34
54.768
56.196
71.07
70.89
48.904
48.925
48.778
49.082
55.653
55.752
56.233
55.934
55.65
55.79
56.165
56.131
55.892
55.609
55.897
56.297
56.038
55.92
55.623
55.712
56.279
56.161
55.934
55.671
55.745
56.147
67.499
67.438
67.581
67.687
67.74
68.095
68.135
68.322
68.357
68.51
68.569
68.703
68.615
67.424
55.81
54.722
57.826
57.34
56.854
57.659
58.984
58.825
59.125
58.959
58.94
58.969
59.508
55.396
56.688
58.096
59.964
61.832
70.652
70.703
70.654
70.704
70.547
70.469
70.488
70.256
69.518
68.704
58.812
58.754
58.836
58.761
59.152
58.21
69.549
69.131
69.046
68.835
68.78
68.82
68.779
68.686
68.747
68.844
68.863
68.793
68.86
68.926
68.911
68.897
68.896
68.895
68.997
56.468
57.708
56.453
56.959
56.434
56.391
57.267
59.365
58.687
58.781
58.951
58.911
58.775
58.5
56.953
57.547
57.226
56.906
56.47
56.456
57.225
58.134
56.31
58.056
57.828
57.6
56.567
57.854
56.623
56.935
57.329
57.723
54.23
54.152
53.933
54.062
53.879
53.781
54.111
53.948
53.853
