58.418
57.984
58.396
58.221
58.135
58.05
57.92
57.75
48.917
53.676
51.215
48.754
50.106
48.976
48.481
49.225
49.968
67.479
66.585
71.558
71.632
71.595
71.717
71.725
63.98
64.066
64.038
64.01
49.009
48.601
48.721
48.67
48.829
48.691
67.677
67.782
67.969
68.066
68.136
68.119
61.14
61.102
61.064
60.89
64.327
67.764
67.814
67.813
67.764
60.743
60.696
67.472
67.32
60.562
60.821
63.342
62.121
68.165
68.281
68.171
73.342
73.362
73.366
73.17
73.228
73.319
73.409
73.427
73.425
73.424
73.42
73.415
73.554
63.922
63.763
65.912
68.061
68.125
67.89
67.927
68.005
68.082
68.121
67.892
62.913
63.138
68.043
71.041
71.092
71.053
71.002
71.011
71.009
71.024
71.029
70.967
71.027
71.019
71
71.044
63.743
63.865
64.067
64.078
63.869
63.832
63.914
64.095
61.44
58.785
58.823
59.273
63.984
63.855
59.138
58.985
63.708
63.851
63.896
63.916
59.336
54.756
55.446
56.158
56.597
64.462
71.212
71.039
70.808
70.63
70.629
70.462
70.501
70.842
70.858
70.879
70.816
70.717
70.264
63.822
63.896
63.999
63.954
64.498
64.176
64.037
63.919
63.815
66.021
65.488
65.02
64.552
71.885
71.897
71.866
71.703
71.728
71.861
71.94
71.945
72.07
72.287
72.544
72.61
72.655
72.72
72.773
72.806
72.659
72.726
72.891
72.871
72.786
72.823
72.834
72.748
72.704
72.794
72.785
72.712
72.63
72.638
72.721
53.766
53.753
72.521
72.5
72.455
72.525
72.609
53.862
53.523
54.16
54.527
58.738
62.95
62.985
63.102
63.009
62.979
62.95
62.958
62.966
62.998
62.971
63.159
70.772
70.856
70.525
70.607
70.622
71.186
70.936
67.07
63.204
63.004
63.114
71.002
71.019
70.932
68.085
65.237
65.894
66.143
66.033
66.13
66.384
66.693
66.615
66.706
67.241
67.28
67.181
67.083
67.26
67.437
67.536
63.899
63.983
63.853
63.89
63.927
64.016
57.788
56.109
59.321
57.349
57.742
58.247
58.752
51.348
51.913
51.872
52.479
52.168
51.858
51.777
51.178
52.095
52.751
53.407
52.818
50.938
57.857
58.643
63.919
63.916
63.956
58.677
58.987
59.112
58.899
58.686
58.962
59.055
59.149
58.91
58.63
58.939
67.459
63.505
59.551
59.599
63.618
63.923
53.474
55.007
68.643
69.509
70.463
71.138
59.768
60.11
60.068
59.978
60.148
60.367
60.357
60.343
60.358
60.207
60.169
60.403
60.559
60.28
59.924
60.098
60.425
60.453
60.348
60.305
60.264
60.232
60.278
60.437
60.086
59.925
59.782
58.286
59.403
60.263
60.291
60.165
60.012
58.828
58.706
57.851
57.223
69.003
68.982
69.209
69.475
69.726
69.618
69.517
69.836
69.811
70.176
70.235
70.251
70.328
70.258
70.256
70.286
70.198
70.209
70.094
64
64.026
64.019
63.969
64.064
64.061
63.851
58.201
58.31
70.686
70.754
70.775
70.792
70.82
70.722
70.852
71.068
71.147
71.322
71.531
71.372
71.08
58.911
57.694
65.979
65.797
54.042
53.77
55.633
57.497
57.575
57.662
57.637
57.461
57.591
57.289
57.794
57.538
57.569
57.889
57.441
57.83
57.533
57.006
57.448
57.132
57.114
56.579
57.746
57.745
56.965
62.979
63.03
63.011
62.992
62.999
63.081
63.084
71.241
71.038
71.004
71.017
71.022
71.01
71.005
71.023
71.016
71.057
70.802
62.379
62.686
63.157
63.532
63.74
64.001
63.758
63.638
64.016
64.859
64.64
64.189
64.696
71.152
71.009
71.001
71.003
71.013
70.998
71.052
70.987
70.999
70.986
71.028
70.95
71.048
70.939
71.039
70.973
71.014
71.162
70.931
72.111
73.291
73.425
73.39
73.238
73.57
71.388
69.205
69.232
69.491
76.267
83.043
83.084
83.091
68.806
68.824
58.711
58.745
58.963
83.026
82.961
83.016
83.112
83.105
83.11
63.316
