65.978
66.042
65.765
66.251
65.878
59.198
59.183
58.801
59.23
58.75
58.552
52.605
46.658
47.027
58.481
58.444
58.406
66.02
65.966
65.93
66.049
58.67
58.729
58.955
59.055
59.311
65.945
65.945
65.99
66.275
70.46
68.566
73.274
73.328
73.234
77.002
76.962
75.113
73.263
73.149
72.872
66.95
61.027
61.107
61.177
61.068
48.802
49.429
49.906
68.867
69.134
69.258
62.341
62.664
62.366
62.488
62.324
62.576
62.643
62.837
62.621
62.852
62.867
62.765
62.962
62.875
62.898
63.072
63.052
63.003
63.184
63.197
63.046
63.022
63.122
63.077
63.113
62.815
63.13
63.573
63.689
63.732
63.554
63.364
63.442
63.466
63.679
72.962
73.101
73.002
73.049
73.097
73.028
72.98
72.999
72.964
72.973
73.037
72.96
73.001
60.931
60.92
61.072
61.154
61.132
60.914
61.029
60.984
61.005
61.043
60.999
60.951
60.916
65.975
65.974
65.978
65.972
66.027
65.997
65.979
66.021
66.035
66.557
65.931
65.306
65.452
65.598
65.504
66.126
66.554
66.858
66.493
66.448
66.705
66.704
66.35
66.009
66.223
60.897
61.091
61.083
60.985
61.088
60.977
63.763
66.549
66.356
66.283
54.157
53.509
61.332
60.671
61.147
61.047
61.066
61.191
63.639
70.477
70.661
75.236
75.296
75.58
75.765
69.818
69.996
65.478
60.961
60.902
61.231
69.652
69.873
69.249
68.624
73.157
72.904
72.755
74.545
76.336
61.222
60.772
60.798
61.216
60.623
61.358
74.98
74.997
74.863
74.469
74.888
74.999
75.001
75.013
75.025
74.981
75.002
75.006
71.34
70.911
70.25
70.278
70.216
69.729
74.977
75.043
74.981
70.602
66.223
59.967
59.436
60.323
60.46
60.444
60.14
60.214
60.288
66.194
65.959
66.006
65.97
66.144
65.858
65.984
66.044
65.965
66.019
65.953
66.048
65.882
66.036
65.963
66.048
66.036
66.06
66.021
66.092
65.882
72.084
71.658
71.562
71.492
71.585
71.654
65.956
66.029
62.862
59.695
56.083
61.266
53.215
54.505
55.796
56.077
56.358
56.796
57.233
52.131
56.247
50.636
55.662
50.968
55.911
60.854
60.53
65.58
64.664
64.944
65.381
64.801
64.979
64.902
65.324
64.998
64.914
65.261
64.67
65.241
65
64.799
65.153
65.146
65.139
60.939
60.937
65.137
64.907
65.181
60.971
61.151
65.231
65.721
65.691
65.661
66.229
65.726
65.756
66.043
65.746
66.395
65.697
66.094
65.893
65.813
65.762
65.712
65.76
65.809
65.906
65.971
65.847
66.197
65.757
66.31
66.104
66.068
65.994
66.008
65.904
66.065
66.083
65.999
66.034
65.958
66.027
66.02
66.056
66.012
66.008
65.95
65.976
65.959
65.988
66.026
65.951
66.086
65.923
66.078
66
66.066
65.729
66.461
67.982
74.009
80.035
80.027
80.034
80.016
79.998
80.018
79.996
80.081
80.033
80.048
80.062
61.37
60.892
61.279
61.005
60.771
61.201
61.135
