48.89
49.362
49.358
49.437
49.822
55.288
57.653
56.93
56.791
56.652
56.301
56.958
43.19
43.039
48.777
49.271
49.343
49.415
49.454
49.41
49.334
49.747
49.89
50.034
57.878
56.847
54.493
55.155
55.816
56.669
56.696
55.013
56.098
56.962
56.289
56.68
55.774
57.288
57.118
56.948
57.851
54.891
50.001
51.101
47.093
53.958
48.473
53.87
48.417
42.964
43.118
43.136
43.153
43.063
43.183
43.048
43.413
43.334
43.514
53.464
53.662
53.631
53.6
53.966
43.513
43.456
74.137
73.943
73.856
73.826
43.404
43.398
54.754
66.89
66.723
66.814
67.048
66.89
66.644
66.678
67.01
67.342
67.485
67.609
67.531
55.538
55.336
54.856
54.571
66.327
78.082
78.181
78.318
78.191
78.064
70.542
63.021
63.06
63.02
62.64
61.973
61.507
61.655
61.803
61.984
61.868
61.979
62.254
62.555
62.597
62.542
62.537
62.736
62.835
62.878
62.922
63.032
63.076
63.059
62.859
50.152
44.458
44.095
43.625
43.828
43.686
43.646
43.704
43.9
43.504
60.641
60.778
61.124
61.19
61.416
61.48
61.34
61.085
44.496
44.475
43.227
43.392
43.521
43.487
43.308
43.272
43.172
43.1
54.847
60.127
59.704
59.529
58.857
59.018
59.179
58.982
59.301
58.949
59.488
58.904
58.321
57.586
55.655
55.668
55.681
61.299
66.918
67.018
71.131
71.055
70.861
70.634
74.409
74.399
75.784
77.168
67.489
57.81
53.524
49.238
49.023
49.071
48.798
51.572
54.346
54.004
54.832
57.723
56.929
52.278
47.626
46.848
47.134
46.068
57.824
58.613
47.209
47.366
47.055
58.949
55.362
51.775
47.252
47.235
46.836
51.67
55.433
54.634
55.741
55.97
55.655
55.707
55.757
56.516
56.913
56.881
56.849
57.08
57.293
57.506
69.426
69.301
69.311
69.805
69.964
69.753
69.55
69.383
69.167
69.232
69.457
69.689
57.776
57.357
56.287
48.629
48.173
66.583
66.528
55.555
48.74
50.885
53.029
62.076
62.094
62.229
62.4
50.676
51.096
51.727
51.626
51.524
51.167
50.116
49.821
49.526
51.043
52.56
59.591
56.356
57.446
58.537
66.73
73.816
73.946
73.9
73.716
73.447
73.255
73.2
73.186
73.161
73.204
73.305
73.334
73.426
54.267
54.247
54.178
54.142
54.183
54.317
54.266
73.355
73.558
73.888
73.884
73.916
74.036
74.13
74.032
54.893
54.768
55.17
55.565
55.51
53.463
47.087
46.929
46.865
57.03
56.48
58.42
57.225
56.584
56.586
46.656
46.817
46.881
46.946
46.567
46.757
46.946
46.818
61.87
