48.889
48.842
49.378
48.94
48.771
49.307
49.282
81.13
81.369
74.129
49.903
49.839
50.151
50.462
49.668
48.872
48.78
48.73
49.253
49.175
68.051
68.085
68.001
65.113
62.225
62.449
62.386
62.712
62.687
51.32
50.543
50.771
50.999
50.385
50.686
52.597
54.508
55.102
55.095
70.295
70.685
70.935
70.872
70.891
71.104
71.279
71.167
70.952
70.852
70.672
70.185
50.643
49.44
49.198
48.351
48.225
68.19
67.927
67.885
67.899
67.898
67.954
68.01
67.838
60.591
64.167
67.743
67.801
67.812
67.738
49.205
48.502
49.052
67.819
67.946
68.048
68.164
49.426
50.167
50.187
49.399
48.44
76.112
75.737
75.98
83.097
83.09
51.577
57.757
63.937
64.273
54.31
65.393
76.475
76.169
75.812
75.495
75.448
75.659
75.73
75.897
76.125
76.251
76.147
76.085
74.46
72.835
73.052
73.052
72.781
48.112
48.506
49.928
47.114
47.811
47.869
47.928
48.63
49.332
56.65
58.8
55.006
65.441
60.559
55.676
55.897
56.126
55.661
52.634
49.607
48.153
52.236
56.319
55.562
52.953
54.445
55.938
55.707
61.888
68.069
67.949
60.857
61.109
64.844
65.768
66.637
67.385
67.947
68.841
69.382
69.833
69.64
55.766
55.309
53.119
50.929
49.48
58.742
68.004
68.001
68.133
59.688
57.587
57.82
58.221
57.883
57.815
57.538
57.907
57.54
57.128
56.86
56.293
54.736
54.478
55.183
54.405
62.917
70.892
71.048
69.36
67.673
55.321
55.84
55.456
55.276
55.609
55.343
54.68
54.696
54.518
54.222
47.115
46.552
47.865
47.009
66.481
65.938
72.975
72.884
72.824
72.886
72.854
72.705
72.373
71.553
70.611
69.703
62.307
62.132
61.995
61.994
61.989
61.973
62.23
62.406
62.425
62.214
62.227
62.117
61.872
61.82
66.348
70.876
70.894
68.014
68.086
68.203
68.124
68.046
54.667
56.28
73.789
73.357
73.007
72.881
77.839
77.754
77.513
77.457
72.606
72.694
72.784
72.777
72.78
72.763
72.758
72.752
72.67
72.686
72.525
72.303
72.345
72.36
72.341
72.282
72.556
72.64
72.692
72.771
72.776
54.436
44.781
45.071
45.307
45.065
45.351
45.081
45.082
51.65
52.63
53.611
44.475
44.921
45.286
45.251
45.265
45.11
45.049
57.101
69.093
68.933
69.053
45.395
44.857
45.312
45.218
45.584
44.937
61.084
60.991
52.7
44.41
44.918
45.111
50.085
55.059
67.048
67.179
67.255
67.406
67.714
67.851
67.961
68.132
68.13
68.209
68.287
56.077
55.713
55.536
55.603
54.695
55.143
58.244
61.344
63.437
61.65
57.324
52.998
53.279
52.384
64.51
64.864
65.201
65.389
65.646
65.911
65.39
65.468
65.546
53.612
52.969
53.517
54.198
52.75
52.611
52.391
51.349
52.276
52.036
52.132
52.098
51.966
52.162
53.047
69.732
68.915
73.941
74.122
69.356
69.691
70.267
70.249
70.214
70.157
70.18
70.154
70.048
69.886
69.904
69.731
69.814
69.43
43.373
43.049
43.64
44.231
63.199
75.414
75.39
75.455
75.579
75.469
75.458
75.439
75.466
75.436
75.277
75.059
75.04
75.054
74.968
75.016
74.847
74.709
74.816
74.827
74.742
75.158
75.133
75.346
73.079
70.812
70.97
70.831
70.776
70.849
52.703
52.187
50.983
56.102
56.122
55.762
55.701
55.397
55.712
43.098
43.615
43.477
44.406
44.29
44.15
44.277
44.306
44.206
44.474
44.526
44.378
