78.006
77.984
77.999
77.972
77.977
78.005
77.978
77.999
78.021
78.055
78.03
78.302
70.938
70.992
71.053
71.003
71.03
71.041
71.035
71
70.981
64.07
63.883
64.004
64.017
64.163
64.265
63.984
64.135
63.564
62.992
62.92
63.08
46.734
46.857
46.888
47.127
47.053
46.905
46.864
47.065
46.929
47.208
46.877
46.983
46.976
46.894
47.1
46.853
47.157
47.015
46.94
47.007
47.079
46.928
46.858
47.206
47.095
47.027
47.087
46.929
46.941
46.931
46.97
46.867
47.161
47.047
47.061
47.085
46.896
46.995
47.02
47.031
47.029
46.969
47.017
47.043
46.804
47.219
46.811
47.6
48.061
77.787
77.374
76.99
76.903
57.79
57.317
57.717
57.708
57.819
57.048
56.208
46.505
47.218
46.889
46.909
47.073
49.258
58.724
65.484
65.401
65.218
65.148
65.12
67.558
69.996
70.056
70.071
70.084
69.961
70.018
70.058
69.994
69.911
69.981
44.981
46.906
47.362
47.818
48.102
48.386
58.208
58.257
58.236
58.117
58.184
58.25
58.649
58.794
58.939
54.128
49.316
46.829
47.185
47.724
47.44
47.427
47.414
47.924
47.784
47.657
47.53
47.845
47.768
60.385
60.32
47.372
47.647
47.387
47.141
60.014
60.064
47.398
47.369
47.317
47.709
60.17
60.061
47.004
47.089
47.278
47.466
48.319
49.172
74.683
74.935
75.247
75.505
75.649
75.83
75.923
75.932
76.02
76.268
71.56
71.66
71.643
53.067
52.755
50.423
48.092
48.447
46.979
45.512
46.367
47.222
49.603
71.413
75.008
74.584
74.481
74.452
74.297
74.142
74.139
74.085
73.968
74.019
74.191
74.193
74.246
51.564
63.007
74.449
74.489
74.53
74.557
74.463
74.307
74.151
74.187
74.319
74.451
74.577
50.782
49.543
52.852
52.3
51.747
63.039
56.16
53.916
64.077
58.233
52.389
53.276
54.164
53.058
51.953
52.881
51.356
49.832
48.67
48.251
52.209
74.39
74.397
50.292
49.653
50.878
52.103
52.052
49.171
48.324
48.683
50.957
51.854
49.516
47.178
48.901
47.677
52.508
52.261
50.403
48.544
48.527
76.026
76.031
76.019
76.027
48.651
48.375
75.985
75.979
52.201
48.169
48.844
75.994
75.96
75.931
76.045
75.986
75.988
75.998
75.997
75.986
75.982
76.04
76.016
76
76.013
76.013
76.005
75.963
75.992
75.995
76
70.979
70.998
71.035
71.054
70.988
70.972
76.015
76.028
76.018
76.013
76.007
76.04
76.003
75.966
75.976
75.976
51.291
51.022
51.212
51.963
52.192
52.459
52.194
51.928
51.806
51.666
52.069
52.235
52.127
51.749
51.422
51.604
52.402
52.331
52.186
61.588
54.819
53.673
52.528
52.726
51.575
59.16
59.136
47.469
47.319
52.673
59.177
58.903
47.586
47.852
47.164
53.843
59.005
53.579
53.36
53.141
52.893
52.646
75.983
76.066
48.442
47.63
53.565
52.615
50.516
48.417
47.701
47.278
45.589
43.66
47.163
48.506
47.684
46.863
49.713
52.563
50.68
48.796
48.844
47.567
71.412
71.05
70.801
70.655
70.658
70.842
43.022
44.314
47.561
58.465
58.395
58.453
58.706
58.893
59.006
59.133
59.316
59.136
59.686
47.794
48.22
48.008
59.581
71.155
71.017
71.016
71.014
70.977
71.044
70.716
71.876
72.136
72.694
73.375
73.991
74.371
74.678
74.923
75.117
75.259
75.315
75.324
75.204
75.171
75.122
74.973
75.005
75.166
75.463
75.562
56.102
56.371
56.465
57.013
56.216
56.99
52.738
53.159
50.763
48.366
49.316
48.151
52.955
53.334
51.007
48.679
48.496
69.344
68.184
68.12
68.261
68.314
68.171
67.666
68.148
68.359
68.029
54.88
55.602
55.94
56.278
55.926
56.173
56.018
56.196
56.106
56.001
56.099
56.153
56.021
56.338
55.686
64.936
64.678
64.759
64.767
64.918
71.885
71.902
71.611
76.349
76.285
76.269
76.385
76.491
76.569
76.657
76.829
76.996
77.254
77.347
77.383
77.373
77.377
77.2
77.112
77.172
77.194
77.099
77.106
77.155
77.172
77.155
77.113
77.016
72.08
72.044
72.106
72.182
72.251
72.249
72.231
72.268
72.271
72.316
72.478
72.464
72.363
72.318
72.377
72.51
72.588
72.503
72.511
72.615
72.625
53.378
53.445
53.005
52.681
52.018
51.355
52.384
53.414
51.188
51.924
51.707
50.934
50.16
50.591
51.022
53.162
55.301
55.759
65.894
58.323
67.16
75.997
75.996
75.993
55.085
55.965
55.992
56.182
56.015
75.987
76.031
75.967
76.019
75.972
75.974
56.028
56.099
55.936
55.936
55.855
56.045
56.225
56.225
56.225
75.999
75.987
75.988
76.019
76.018
76.04
55.458
56.451
53.936
51.421
53.048
52.063
55.954
