57.051
56.817
67.689
67.655
67.83
67.608
67.465
67.523
74.351
81.18
81.182
56.976
56.384
58.157
59.93
59.387
59.556
49.735
48.736
47.144
47.519
48.034
49.714
49.932
49.727
49.887
53.224
56.56
56.792
56.76
48.86
54.637
60.414
67.168
71.506
70.86
58.186
58.265
51.019
49.066
47.113
49.805
52.497
52.401
52.042
51.785
51.809
52.286
52.523
52.216
51.465
59.869
60.802
55.009
49.216
49.482
48.506
49.124
49.575
50.025
59.346
70.793
70.342
58.366
55.099
51.832
51.874
52.296
52.069
51.336
52.21
73.004
65.119
57.235
56.792
66.934
70.075
59.125
48.175
49.593
48.502
47.599
47.446
47.293
48.061
48.7
47.996
47.292
72.889
73.005
66.434
59.864
50.578
48.597
49.364
38.976
39.687
67.576
66.416
62.336
63.673
65.01
65.363
58.217
59.438
60.2
60.51
61.25
61.422
47.801
49.601
49.223
48.844
61.797
61.262
60.978
60.694
61.193
60.799
61.075
61.35
61.33
62.425
70.465
71.038
71.035
75.538
75.283
75.129
75.025
75.288
75.514
75.508
75.384
75.779
76.142
76.263
76.204
76.34
76.483
76.627
76.746
76.731
76.537
76.422
76.73
57.742
56.309
51.615
52.763
53.911
47.042
46.974
46.903
47.034
47.001
46.868
47.222
46.971
46.991
46.92
47.424
45.318
45.958
45.295
46.827
48.164
53.787
59.411
59.176
59.209
59.332
66.697
71.909
71.906
71.632
71.468
59.697
59.781
59.866
47.726
49.604
49.274
48.944
49.095
49.246
49.004
48.866
60.832
60.939
49.119
48.978
49.318
48.686
48.891
48.25
48.334
51.144
53.954
53.404
65.053
65.643
66.108
66.422
54.756
54.673
66.523
66.243
65.518
52.708
43.769
43.696
43.771
43.936
65.49
66.059
66.435
66.804
82.96
83.15
83.204
83.231
83.259
83.341
83.423
83.583
74.66
74.58
74.543
55.333
54.649
56.133
57.617
69.082
69.02
69.189
69.221
68.97
67.999
67.029
60.393
53.757
49.614
49.242
48.95
49.419
69.42
69.647
74.66
74.423
49.509
49.3
73.75
73.955
74.266
74.477
74.362
52.623
49.978
49.548
49.621
49.695
49.654
49.631
49.608
49.692
49.666
54.238
54.699
59.48
64.261
71.552
71.865
71.919
52.71
52.949
52.323
51.803
76.771
76.892
53.073
52.734
76.933
76.917
76.962
72.14
53.487
53.362
54.39
53.959
54.566
51.363
50.772
57.308
57.147
57.538
47.333
48.481
48.221
45.619
45.809
45.998
48.277
48.202
46.673
43.618
44.96
68.225
67.969
67.618
67.223
67.356
67.49
67.264
72.169
72.174
72.077
72.084
61.229
50.374
51.824
52.021
51.909
52.015
52.234
52.22
52.405
52.154
47.695
48.608
59.121
58.955
45.77
45.438
45.666
45.894
44.576
45.256
44.596
45.549
44.671
44.902
46.005
45.911
69.18
69.279
51.235
49.747
51.896
49.153
50.406
51.66
52.146
51.343
51.468
51.28
51.092
50.916
51.111
51.307
75.263
75.607
75.804
75.742
75.494
75.377
75.362
75.253
75.169
74.988
74.874
74.97
45.5
45.338
45.319
45.311
45.302
45.905
69.327
69.715
69.825
69.72
69.754
69.503
69.43
45.222
44.763
45.58
45.698
45.816
44.356
45.561
45.115
45.224
45.152
44.841
44.569
44.506
65.168
65.143
65.314
65.355
65.245
68.551
71.857
71.883
72.087
72.162
72.336
72.35
72.47
47.856
47.817
47.988
48.074
48.029
48.142
54.812
54.442
59.062
58.309
47.579
47.672
47.906
47.912
47.704
48.167
48.794
49.421
70.58
70.688
70.432
70.341
70.77
70.893
70.667
70.467
70.516
48.926
53.013
57.1
56.809
52.563
54.698
51.09
47.481
47.427
49.121
48.3
47.119
48.829
47.909
47.68
48.136
48.133
47.593
47.766
47.877
47.987
47.833
47.679
48.205
48.245
48.183
47.996
47.285
47.945
48.294
49.152
55.146
55.302
55.458
55.384
55.311
54.783
49.117
49.589
49.544
49.499
49.659
49.772
49.704
49.871
49.783
49.79
49.782
49.842
50.16
49.968
50.342
74.436
74.697
74.999
75.268
75.543
75.612
75.561
75.695
75.83
75.819
75.681
75.544
75.292
50.308
50.257
50.181
50.275
74.61
74.77
74.987
75.014
75.154
75.293
57.287
56.876
57.452
54
50.547
50.35
50.528
53.774
57.02
56.947
50.486
50.892
69.628
75.123
75.28
50.969
50.504
49.173
50.646
50.474
48.707
50.488
50.339
49.341
50.112
50.507
49.714
50.207
50.7
51.325
57.352
56.991
55.459
53.927
57.812
56.616
56.466
56.84
48.769
50.265
50.468
49.83
49.578
48.954
49.411
48.619
45.042
49.176
45.433
49.892
50.885
51.878
43.107
43.862
53.441
53.224
53.577
54.099
54.048
54.102
54.157
54.271
54.171
54.012
54.11
53.126
