44.465
44.812
44.666
45.036
44.666
44.345
44.916
43.16
71.009
70.718
68.537
66.357
65.977
66.181
66.497
66.537
66.779
67.247
67.484
67.722
68.239
68.708
68.634
68.586
68.501
68.176
67.836
67.334
55.241
53.139
55.055
55.178
62.102
58.565
65.611
72.656
72.403
77.273
77.26
77.335
77.247
77.166
77.205
77.189
77.154
77.095
77.061
76.924
76.878
76.617
52.325
51.927
51.94
51.39
50.259
49.477
49.29
49.285
49.281
49.535
49.789
68.875
68.904
69.299
69.628
69.616
70.365
70.352
70.276
70.388
70.397
70.126
70.545
70.368
70.44
70.365
70.525
70.39
63.748
63.726
63.703
54.236
55.268
56.301
55.779
65.228
65.181
65.183
65.097
72.32
72.47
72.518
72.34
77.301
77.161
77.102
77.321
77.244
77.142
77.348
77.23
77.5
77.138
77.146
77.19
77.161
77.209
77.257
72.419
72.619
72.546
72.501
72.457
53.974
54.307
49.645
49.108
54.276
54.254
54.232
61.052
61.148
60.767
49.916
50.139
49.773
49.753
49.952
49.227
61.175
60.993
61.101
60.849
54.524
54.192
54.368
54.281
54.269
49.858
49.691
50.101
50.536
50.107
54.108
54.561
55.038
55.221
55.404
55.85
56.653
57.076
56.751
56.661
55.32
52.976
50.632
50.04
65.985
65.971
66.095
60.912
60.407
64.551
68.694
68.969
69.026
69.074
69.224
56.062
56.932
56.305
57.284
57.757
57.829
58.5
58.948
59.151
59.088
59.538
59.471
59.725
59.635
59.764
59.369
59.668
59.546
59.392
59.325
59.361
59.578
59.3
59.684
59.698
59.871
59.643
59.741
59.891
59.557
59.887
60.006
59.948
60.005
60.03
60.076
59.884
59.919
59.865
59.542
59.401
58.97
57.808
56.155
53.711
54.177
54.313
54.174
54.482
54.198
54.95
52.777
53.122
53.467
66.515
73.952
74.026
74.196
74.382
74.649
74.707
74.481
74.229
74.169
74.208
74.279
74.202
74.025
73.902
73.898
73.785
73.729
73.687
73.556
73.464
73.504
73.568
73.399
73.428
73.515
73.501
73.475
73.565
73.639
73.363
46.697
46.819
73.467
73.301
53.924
54.617
55.278
47.224
46.811
47.271
46.967
46.719
47.039
47.085
47.061
47.016
46.906
46.859
47.158
46.995
46.771
47.154
46.569
47.12
47.021
47.117
47.334
46.842
53.336
53.339
53.946
54.753
67.385
67.639
67.795
67.794
67.802
67.856
74.91
74.937
74.961
68.004
67.996
67.988
55.327
55.011
55.353
54.709
54.163
53.521
52.079
52.29
52.121
61.479
56.453
51.427
50.353
52.167
52.072
52.93
52.685
52.791
52.897
53.031
52.884
52.517
52.829
53.169
53.243
53.183
53.017
53.164
53.357
53.146
53.46
47.364
47.096
47.006
46.916
47.094
54.245
53.457
51.967
75.924
75.454
75.124
75.085
75.042
74.901
74.722
74.461
74.392
50.253
50.941
49.64
49.81
49.98
50.181
51.915
51.714
51.513
49.601
48.305
47.01
46.996
47.081
52.983
74.636
74.43
74.402
74.325
74.266
74.419
74.46
74.508
74.578
74.553
74.54
74.587
74.563
74.57
74.603
74.629
74.453
74.384
74.577
74.663
74.633
74.602
74.655
74.673
74.474
74.537
74.698
74.71
74.568
74.44
74.512
74.563
74.456
74.384
74.446
74.529
74.468
74.267
74.274
74.383
74.457
74.455
74.43
74.486
74.43
74.483
74.504
74.628
74.647
74.642
74.693
69.463
69.395
69.285
69.175
69.309
74.603
74.635
69.311
69.346
69.389
69.432
69.345
69.349
66.579
67.965
69.352
63.193
66.362
58.751
51.139
50.429
69.549
69.52
51.349
51.365
50.918
50.47
51.101
51.548
51.458
51.368
51.231
59.697
62.206
64.715
64.003
63.899
64.105
63.862
64.092
63.959
64.102
64.245
64.155
64.042
64.224
63.963
64.068
63.991
64.614
69.719
74.825
76.007
75.974
76.021
76.022
76.007
51.556
51.623
75.89
75.985
75.988
75.962
75.995
75.992
75.992
76.046
76.256
71.944
66.835
64.167
64.052
63.964
64.016
63.918
64.108
63.859
63.852
64.061
63.997
64.023
64.085
64.049
64.307
64.053
63.98
63.996
64.012
63.997
64.007
64.028
72.939
72.971
73.043
72.999
72.933
72.985
72.984
72.988
73.015
72.984
69.868
66.752
45.432
44.934
45.133
45.13
45.008
44.825
44.913
44.311
57.11
56.947
57.111
45.275
45.216
45.115
44.947
44.009
45.052
44.737
44.422
45.02
45.026
45.247
45.18
45.12
44.651
51.799
51.554
64.118
63.781
45.017
45.044
45.189
45.057
68.333
68.99
68.976
