63.019
62.985
63.047
63.028
62.768
68.582
68.632
68.868
62.662
62.81
50.558
50.264
63.032
62.923
63.013
62.883
62.951
63.019
62.962
61.139
59.316
59.417
58.419
60.143
58.507
58.275
58.896
58.853
58.136
58.928
59.436
58.474
58.2
59.191
58.964
58.736
58.747
59.098
59.869
60.284
60.7
60.966
61.235
59.89
58.545
57.693
58.7
57.7
59.117
60.535
59.968
59.401
56.778
68.373
64.249
60.124
60.625
61.381
60.953
60.853
61.349
61.138
60.737
61.358
61.016
60.941
61.25
64.602
67.954
68.026
68.018
67.973
67.93
67.923
80.042
79.96
80.004
60.068
59.703
58.983
58.511
57.894
58.533
58.364
58.151
58.707
58.675
71.073
71.491
59.66
60.229
60.14
60.333
60.527
60.992
49.574
49.523
49.572
49.768
49.66
49.534
49.371
49.364
49.624
49.04
49.367
48.75
62.197
61.435
68.439
68.368
68.454
73.341
73.309
68.77
68.513
62.708
56.904
56.556
57.112
56.813
56.659
57.112
56.368
56.862
56.98
56.77
56.608
57.011
56.868
56.877
56.938
75.149
75.181
75.181
75.216
75.536
75.777
76.173
76.504
76.897
72.265
72.566
72.923
73.158
68.496
63.834
64.064
63.897
63.882
63.867
67.003
65.246
63.49
69.873
69.838
69.899
69.959
63.278
62.628
63.35
70.394
70.537
70.466
70.331
70.311
70.063
70.042
70.159
70.07
69.945
69.911
70.003
69.883
70.345
51.718
51.957
51.461
50.647
50.834
51.367
54.434
53.978
53.522
54.144
54.283
54.422
53.112
63.026
62.961
62.958
63.048
65.609
68.17
68.357
68.76
68.884
68.614
68.166
59.091
58.595
59.147
59.22
51.542
51.508
51.773
52.039
59.34
60.704
60.009
59.531
59.344
58.997
58.914
58.81
58.711
58.534
58.361
58.681
58.545
58.411
58.469
58.557
58.581
58.675
59.357
73.053
72.993
59.135
59.606
58.852
60.19
60.269
60.113
59.958
60.293
60.629
60.961
61.178
61.331
61.492
61.464
61.19
60.995
61.032
60.977
60.739
48.873
48.804
48.851
60.882
60.986
61.056
60.951
60.973
60.982
61.122
61.332
61.224
60.974
61.937
62.457
60.693
61.614
61.196
60.545
61.791
61.563
63.022
62.43
61.838
62.606
62.71
62.815
62.659
62.656
62.653
49.679
49.721
49.993
50.672
50.936
49.791
48.828
54.766
49.344
43.921
43.128
44.334
43.354
62.495
61.263
61.525
61.788
62.844
63.9
43.218
42.387
63.848
67.817
67.785
67.995
65.976
66.984
67.991
68.071
68.147
