47.005
45.698
45.279
46.337
62.226
61.866
61.699
61.413
61.374
61.335
61.077
60.46
59.843
59.514
58.983
54.776
50.568
43.838
43.927
43.44
42.953
50.796
64.276
64.407
64.945
65.266
65.568
53.079
53.728
54.481
54.737
54.32
54.501
54.32
54.276
54.892
68.929
82.966
82.912
55.934
55.774
67.575
67.41
67.169
67.002
67.071
54.74
54.607
54.292
54.261
54.23
53.961
53.91
54.399
54.582
54.723
54.66
55.589
54.386
55.246
55.019
55.238
55.094
55.511
55.373
55.165
55.332
55.445
55.449
55.553
55.774
56.467
56.641
57.239
57.305
57.353
57.526
57.287
56.356
56.659
54.758
52.858
43.17
43.027
53.911
52.672
63.131
73.59
73.242
76.768
76.84
77.023
77.207
77.32
49.018
50.835
49.68
73.15
73.219
73.299
49.161
48.837
48.713
48.547
58.805
59.493
59.389
59.832
71.277
71.385
71.469
71.3
71.257
71.409
71.558
71.657
71.571
71.906
72.434
48.602
48.063
47.309
46.556
47.187
47.817
47.592
47.367
47.085
46.37
45.654
51.519
57.383
56.896
52.187
52.252
52.027
51.342
51.619
52.142
52.29
52.346
51.746
50.817
51.429
52.141
52.505
52.38
51.744
52.603
48.205
46.609
46.693
47.127
47.829
49.755
51.68
54.068
64.174
64.301
64.519
64.71
52.738
53.108
47.908
47.604
51.863
52.12
45.388
44.751
51.284
69.159
69.431
69.494
62.354
62.263
62.165
62.14
62.131
62.27
62.501
62.295
62.235
62.215
62.315
62.163
62.289
62.207
62.186
62.299
62.204
62.294
62.156
62.372
62.395
62.436
62.602
62.772
62.877
62.821
51.328
52.218
51.807
45.442
46.068
45.204
44.34
44.928
45.054
44.608
44.731
44.878
44.796
45.019
45.076
45.1
45.028
68.879
69.054
68.706
83.465
83.355
49.538
49.28
61.5
61.171
61.131
72.291
71.933
71.829
60.009
59.99
46.11
44.489
44.316
44.228
48.982
53.736
64.525
64.654
64.777
58.675
52.572
53.119
53.326
53.533
53.351
53.255
53.845
53.64
53.808
54.205
54.449
54.37
54.524
54.377
54.288
54.179
54.163
53.555
59.946
59.994
60.076
59.975
60.037
60.059
60.008
60.023
59.931
59.429
60.556
61.682
61.733
69.014
69.073
69.135
69.16
69.338
57.956
56.674
53.665
50.656
50.442
50.561
50.732
51.259
51.785
51.587
51.39
81.055
81.112
50.969
50.723
56.706
57.144
50.546
49.829
48.277
60.423
60.224
60.311
67.71
67.718
67.248
69.63
72.012
72.04
72.102
72.221
72.166
72.477
72.709
72.988
72.997
48.981
48.172
49.212
73.39
73.414
71.327
69.24
60.372
51.503
60.375
55.339
50.302
50.907
50.814
50.722
51.672
50.367
51.02
50.091
50.502
50.912
50.444
50.816
50.547
52.07
52.395
52.477
50.786
50.726
51.607
62.295
72.983
60.65
48.316
47.83
75.602
75.338
75.184
66.192
70.715
64.961
59.207
59.761
67.865
63.808
59.751
59.733
67.835
63.804
59.774
59.821
59.677
59.533
59.716
60.057
58.181
56.305
49.425
47.314
47.633
48.315
60.282
60.398
60.28
47.555
47.935
60.463
60.386
53.676
46.966
47.625
60.231
60.037
60.151
59.9
59.937
59.974
48.948
49.451
59.867
59.979
60.112
59.894
47.933
47.254
59.993
59.839
53.233
46.628
47.548
46.376
46.321
60.055
59.983
53.658
49.952
48.87
47.235
52.307
51.897
52.068
50.393
48.744
47.027
47.27
48.6
54.212
53.012
51.811
60.113
60.071
58.796
56.527
47.757
48.572
50.082
51.592
45.481
47.286
48.361
50.145
51.93
45.883
46.18
47.644
49.107
47.909
51.531
51.438
51.345
51.944
51.98
52.078
52.003
51.49
51.638
52.283
52.302
52.137
51.782
50.978
51.751
52.401
52.416
51.13
51.827
52.525
52.07
51.614
50.418
50.176
50.554
50.439
50.371
50.303
50.702
51.043
50.674
50.306
51.064
51.822
65.409
54.494
43.58
43.084
45.067
47.556
45.334
43.113
43.032
42.989
43.152
43.093
43.049
43.005
43.048
81.024
80.996
81.006
81.017
80.954
