45.035
45.107
61.105
63.403
63.28
62.71
64.062
63.967
63.784
64.026
58.08
56.23
54.379
66.203
66.316
66.402
66.415
54.852
54.357
54.334
53.031
52.259
62.93
61.379
61.092
61.229
69.024
69.51
69.915
70.238
70.444
70.223
70.024
70.229
70.2
70.151
70.299
70.446
70.469
70.467
70.639
70.491
70.386
70.579
51.465
51.486
51.698
51.926
51.513
51.1
51.572
51.495
51.629
51.517
52.339
55.078
54.942
54.805
55.944
55.576
55.793
67.85
67.669
67.437
63.605
65.771
67.937
68.066
67.93
63.354
58.778
58.535
59.245
55.006
51.201
51.56
59.907
68.253
67.142
71.518
71.046
74.761
74.977
74.77
74.518
74.708
74.934
75.127
75.148
75.208
71.251
73.272
72.285
71.297
71.182
70.879
70.96
63.581
61.265
61.16
60.81
60.805
61.35
60.823
62.834
61.353
61.31
61.316
61.559
61.437
61.185
61.074
60.956
61.037
61.191
60.928
60.981
60.906
60.693
60.474
50.239
51.343
50.832
50.321
50.411
50.501
60.712
60.601
60.598
60.794
60.681
60.791
60.783
60.774
58.473
56.172
55.965
55.623
55.993
55.838
56.178
56.174
63.27
63.006
63.081
62.59
63.02
63.003
63.166
62.808
63.122
62.994
62.974
63.261
63.077
62.893
63.329
62.968
62.457
63.303
63.075
63.074
63.103
63.131
63.657
49.848
56.714
52.137
47.56
49.288
48.631
48.587
49.039
49.141
49.149
48.624
50.159
48.094
47.589
50.414
49.628
67.969
68.004
62.039
62.94
63.842
56.278
56.129
55.981
67.995
67.898
45.208
44.179
56.065
55.973
55.91
55.859
56.034
55.993
63.414
63.159
62.845
62.834
63.147
62.955
62.965
62.916
63.104
62.91
62.919
63.075
63.13
62.644
63.49
62.411
62.927
63.443
61.806
61.405
60.377
66.626
57.335
48.044
47.31
61.271
60.969
60.84
61.13
60.949
60.785
66.71
67.143
67.744
75.282
75.867
76.39
76.656
57.791
57.73
76.923
77.144
77.264
77.277
77.289
77.281
77.287
77.422
77.533
77.665
58.559
58.109
58.491
58.344
59.157
58.198
59.308
59.286
59.73
58.832
59.372
58.424
56.392
56.913
56.916
64.126
64.075
64.145
64.287
54.657
45.026
44.568
50.612
56.655
56.83
56.966
57.101
56.267
68.186
68.49
68.48
73.043
73.011
73.03
73.026
73.024
68.702
68.247
67.954
67.837
62.267
56.698
57.249
57.253
57.253
57.299
57.512
58.115
58.174
58.415
58.636
58.792
59.083
73.051
73.007
73.007
73.015
73.042
73.068
59.127
59.127
59.06
57.842
65.367
60.289
66.604
72.919
73.115
72.884
57.989
63.177
68.365
68.186
68.334
68.341
68.351
68.44
68.469
68.473
68.661
68.684
75.709
75.584
75.551
75.472
57.531
56.144
57.287
56.951
57.341
62.914
63.104
62.978
62.866
63.143
62.904
63.002
63.109
71.136
82.965
82.908
61.872
60.814
61.135
61.129
60.695
61.327
61.005
82.998
83.016
65.992
66.032
65.829
65.909
66.03
66.233
66.436
64.347
64.562
64.698
64.942
65.206
65.334
65.434
65.353
64.959
64.845
65.001
65.329
65.356
65.229
65.234
65.581
65.527
65.454
65.34
65.665
65.78
65.573
65.544
65.576
65.545
65.249
65.096
65.13
65.398
65.492
65.483
65.53
65.831
65.774
65.561
65.647
65.847
65.983
65.778
65.664
65.576
65.489
65.602
65.888
66.009
54.536
54.855
79.98
79.953
59.07
58.358
57.907
79.887
79.898
70.993
71.059
79.905
79.946
59.012
58.642
79.969
79.95
79.903
70.918
70.978
70.983
70.962
59.121
