44.071
44.593
44.393
44.481
44.821
44.42
45.81
44.338
43.512
50.433
63.825
64.235
64.7
65.637
66.04
66.277
66.443
66.512
66.596
66.586
66.609
66.686
66.591
66.468
66.549
66.846
73.987
73.999
73.984
55.406
55.04
55.481
54.223
53.887
53.452
53.144
53.513
53.707
53.623
53.319
52.338
52.225
52.112
52.481
53.818
52.599
52.647
53.634
52.723
52.516
52.846
52.852
52.982
52.39
75.059
75.054
74.974
74.894
75.136
70.132
69.153
74.28
74.182
74.735
74.792
74.801
74.928
75.035
75.141
78.561
74.397
70.233
51.355
51.387
51.244
50.939
50.921
68.655
68.67
68.684
59.693
64.57
63.888
63.206
70.624
71.362
64.764
65.127
72.406
72.247
72.11
72.165
72.241
72.349
72.296
72.17
72.074
72.142
72.245
72.342
72.399
72.309
72.417
72.534
72.625
72.753
72.767
72.715
72.662
72.703
72.589
72.606
72.481
72.344
72.394
72.292
72.263
72.388
72.462
72.501
72.496
72.556
72.767
53.333
52.229
53.4
54.34
53.997
54.176
54.404
54.365
41.235
41.943
54.986
54.27
53.668
54.327
53.566
53.896
53.861
53.59
54.044
78.017
77.983
78.022
78.031
78.032
78.027
78.026
78.021
78.04
62.257
62.949
63.591
70.993
71.54
72.073
72.164
72.27
72.354
72.443
72.483
72.412
72.427
72.303
72.431
72.574
72.439
72.371
72.402
72.438
72.416
72.245
72.336
72.393
72.35
72.262
72.216
72.246
72.139
72.173
72.176
72.273
72.211
72.226
65.425
65.13
65.359
65.998
54.106
54.215
54.394
66.423
66.505
66.679
55.086
54.758
54.696
55.271
55.845
55.152
56.204
55.653
56.292
55.704
56.306
55.697
55.78
56.048
55.578
56.193
54.946
54.905
54.963
55.006
54.291
53.803
52.7
53.392
53.859
54.326
53.966
53.966
78.021
77.992
72.932
72.874
72.812
72.774
72.756
72.756
72.795
72.801
72.943
72.98
72.927
72.804
72.68
72.897
72.772
72.671
72.569
72.619
72.641
72.498
72.463
72.426
72.42
72.364
72.268
72.5
72.534
72.572
72.605
54.72
55.066
72.711
73.01
73.135
73.261
64.263
55.265
54.703
54.141
46.894
47.147
47.227
47.104
46.712
47.117
50.687
54.257
55.718
51.908
48.098
46.877
63.856
71.027
71.287
64.405
64.778
72.165
72.479
72.803
72.883
65.775
53.753
53.453
52.519
48.474
50.249
49.165
49.237
50.354
47.998
48.019
65.506
65.483
72.946
72.785
77.638
77.807
77.792
77.645
77.506
77.622
77.53
77.491
77.547
77.635
48.027
48.173
49.466
50.76
48.74
49.044
48.649
48.255
48.103
60.699
