54.718
54.882
55.036
54.923
54.693
55.709
50.863
50.558
50.253
50.928
58.869
59.102
58.76
58.791
58.999
58.712
58.63
58.981
58.534
59.319
58.925
58.687
59.195
58.403
59.17
59.035
59.161
59.212
58.859
58.737
56.675
54.612
53.719
53.711
53.614
53.517
54.163
53.935
54.852
55.769
60.012
60.025
58.778
59.597
59.325
61.452
61.429
59.831
61.523
59.85
58.578
59.223
58.983
58.906
59.264
51.742
50.528
58.818
61.831
61.249
61.796
61.998
61.833
68.841
68.58
68.117
67.62
69.913
64.82
59.728
59.606
56.276
57.759
59.242
58.624
64.1
69.576
69.957
70.242
70.412
70.406
70.377
70.408
70.159
69.778
69.369
69.269
65.434
61.598
61.968
61.543
61.117
60.974
60.904
61.24
60.753
61.257
60.824
60.363
60.214
60.139
60.065
57.676
62.538
67.4
68.068
68.553
69.122
69.503
69.503
69.457
69.537
69.388
69.111
68.784
65.219
61.654
61.655
50.462
51.66
52.093
68.99
72.508
72.421
72.397
72.432
72.432
72.25
72.016
67.004
61.43
54.661
50.337
51.755
51.454
51.153
64.405
64.267
64.427
64.762
64.787
64.843
64.866
64.887
64.934
64.71
64.338
64.386
64.294
63.994
63.883
66.301
62.326
65.635
68.944
68.723
51.823
51.721
51.733
51.794
51.907
51.858
52.043
52.027
51.803
50.982
54.007
56.552
59.096
69.75
69.719
69.728
69.673
69.796
69.683
69.584
69.835
69.826
69.765
69.917
69.702
69.994
69.978
70.416
70.462
70.245
70.261
70.092
70.202
70.093
70.195
70.044
69.94
69.778
70.079
69.752
63.073
56.393
55.448
62.92
64.704
64.856
65.347
65.513
65.35
65.155
65.119
64.92
65.248
65.616
65.769
65.468
65.567
55.735
60.747
57.893
62.02
66.146
66.081
65.969
65.858
55.852
55.571
52.723
51.776
52.728
52.064
51.4
51.487
56.57
54.89
54.493
60.479
66.464
66.857
66.941
53.843
53.96
55.555
54.806
56.162
55.972
54.905
55.024
51.84
49.926
47.888
47.541
47.726
47.154
46.496
46.249
46.84
46.554
46.375
45.843
46.592
46.178
45.765
46.199
48.624
46.149
50.003
53.857
65.992
66.651
66.918
67.122
67.116
67.357
67.837
55.886
54.679
55.499
56.034
56.086
56.137
56.178
56.219
56.29
55.263
54.844
56.152
56.197
56.243
55.771
55.493
55.931
56.325
56.431
56.538
56.623
58.589
69.416
69.736
69.398
69.326
76.116
76.061
76.177
76.108
75.984
75.889
75.998
76.05
75.983
75.884
75.856
66.394
56.932
56.75
56.568
56.666
57.265
57.001
57.014
57.257
57.295
57.539
69.091
69.107
69.1
69.149
57.38
57.362
57.101
57.495
57.45
57.383
57.328
57.456
57.532
57.781
57.316
51.582
51.515
44.192
45.1
43.776
44.864
68.95
69.157
69.04
56.734
56.929
56.913
