74.999
75.026
75.021
74.981
74.954
74.964
74.968
74.941
74.951
75.016
74.981
75.006
75.03
65.851
63.278
62.969
62.902
63.059
63.093
63.041
62.99
49.113
49.594
49.395
49.196
49.688
48.527
77.08
77.042
77.031
77.061
77.091
65.293
65.118
65.222
65.327
65.206
65.086
64.91
64.987
65.031
64.899
65.078
50.263
49.714
49.359
49.004
50.552
48.968
48.581
49.477
48.744
64.951
64.759
65
64.986
65.3
65.614
65.741
65.867
65.771
66.249
65.727
65.775
65.822
48.93
48.942
49.028
49.114
49.22
49.327
49.571
49.294
49.367
49.421
49.279
49.121
48.883
48.845
49.018
49.023
49.329
49.907
49.944
50.122
49.143
49.15
54.226
51.878
49.53
44.356
47.11
43.076
48.385
53.694
52.793
48.432
50.16
51.887
52.107
44.701
48.596
52.492
46.928
41.363
44.057
43.093
42.129
40.191
42.393
44.594
44.525
44.455
49.383
54.311
53.857
53.404
54.287
53.46
52.634
54.245
52.312
53.01
53.823
52.418
52.651
53.779
64.858
64.972
71.591
62.945
54.299
52.92
52.907
54.091
53.853
53.615
53.215
52.607
53.69
52.527
52.605
77.78
78.025
68.687
59.348
62.111
64.874
64.971
64.962
64.866
64.992
64.997
65.005
77.918
78.106
65.094
65.001
64.981
64.927
64.896
64.848
64.799
53.907
52.742
53.294
53.374
52.484
53.035
53.205
52.672
53.441
53.039
52.789
53.478
52.59
53.147
53.41
52.533
53.598
53.268
52.859
53.512
52.905
53.037
53.343
52.506
52.813
53.229
52.634
53.031
53.262
52.903
53.315
52.996
53.178
53.043
52.846
53.105
53.094
52.831
53.257
52.953
53.047
53.136
53.028
53.19
52.838
51.551
55.376
59.201
58.891
58.569
58.137
58.476
58.498
46.479
46.806
52.635
52.826
52.911
61.894
70.878
74.808
74.871
75.471
75.784
76.064
76.87
77.477
77.694
77.84
73.232
73.486
73.485
73.575
73.801
73.908
73.97
73.977
73.957
74.132
74.204
74.22
74.219
74.161
74.106
73.913
73.719
73.269
72.863
52.62
52.963
60.982
60.972
61.002
72.836
72.277
74.508
76.739
76.519
76.494
76.469
76.457
76.622
76.718
76.952
72.189
53.015
53.74
54.031
54.246
54.929
55.14
55.35
55.332
55.407
55.482
55.896
55.734
55.572
55.763
55.954
55.938
55.921
55.803
55.685
55.347
56.282
55.181
55.628
55.647
54.897
55.43
54.173
54.318
54.344
54.37
54.384
57.695
57.426
69.524
69.573
69.529
69.47
69.414
69.287
69.261
69.385
57.16
57.419
57.635
57.763
57.665
57.396
57.052
57.212
57.476
57.573
54.456
54.287
54.163
54.019
53.958
53.826
58.087
62.347
69.298
69.67
69.897
69.889
70.037
70.296
70.4
70.627
70.418
70.534
70.451
62.073
69.524
59.868
50.211
51.186
51.894
50.892
48.985
47.077
47.219
46.098
52.79
70.003
74.713
74.547
74.702
74.542
69.862
65.182
65.019
64.996
65.132
64.377
63.621
70.396
70.415
70.421
70.412
70.243
69.95
69.716
62.525
62.294
69.375
69.481
68.898
73.853
73.499
73.24
77.311
77.156
64.623
52.089
42.994
43.142
49.768
56.425
55.402
56.444
54.866
63.812
63.456
63.461
63.333
63.248
63.418
60.632
57.847
55.617
60.371
58.883
57.394
65.814
72.051
71.83
71.867
71.785
71.622
71.525
71.576
71.695
71.775
71.892
71.955
53.188
53.042
53.207
53.372
54.088
53.744
54.121
54.233
53.538
54.287
53.095
54.465
53.62
54.147
53.7
53.867
47.921
