60.184
58.86
59.501
55.727
55.712
56.042
55.256
54.469
55.309
73.905
73.95
55.383
55.404
55.369
55.255
67.294
66.968
67.293
55.961
55.415
55.103
67.404
67.416
67.161
67.532
74.585
74.685
74.765
74.79
74.873
74.767
55.598
54.799
55.167
55.786
56.338
56.338
56.337
56.174
58.132
57.457
70.518
70.865
71.063
70.808
70.435
70.15
69.715
58.699
54.728
58.937
59.601
60.265
70.522
70.489
70.346
58.241
56.945
56.897
56.354
55.438
54.522
58.556
58.902
58.499
56.225
68.717
62.188
62.15
62.111
68.787
68.762
72.138
64.359
56.581
56.577
75.543
75.492
62.299
68.917
62.392
55.866
56.505
75.434
75.616
75.699
75.655
56.785
56.984
56.316
56.884
56.031
58.918
58.91
58.706
58.307
59.868
57.583
58.179
58.774
59.16
58.514
54.085
55.81
57.025
57.023
56.466
57.46
56.659
57.443
56.47
57.651
56.881
55.473
54.065
54.131
54.077
58.933
58.901
59.087
58.973
58.828
59.002
58.799
58.99
58.752
58.946
58.701
58.887
58.958
59.29
58.818
59.185
59.184
66.073
66.325
66.686
66.963
66.821
66.851
66.897
66.819
66.539
61.536
56.533
56.143
54.627
54.917
55.292
55.217
55.812
56.116
56.219
55.974
56.008
56.398
55.984
56.433
55.316
54.438
52.642
54.216
58.968
59.383
67.418
75.452
75.584
75.596
75.539
75.493
75.37
75.363
75.153
68.042
67.415
67.231
60.833
54.435
55.106
55.675
54.873
54.483
56.134
56.904
53.877
53.621
56.068
55.253
55.004
55.421
55.397
55.373
53.218
53.081
51.782
51.398
51.395
53.148
54.9
53.48
52.762
52.044
53.202
53.385
53.568
52.69
54.798
53.207
56.761
55.202
53.309
54.508
53.876
52.586
55.433
58.279
69.205
70.068
70.932
58.533
58.605
58.911
58.668
59.901
55.949
51.997
51.985
61.726
61.386
68.612
68.708
68.863
69.122
69.411
69.739
70.047
70.206
69.939
70.146
43.108
43.696
71.722
72.351
77.096
77.347
77.402
77.448
77.494
53.904
52.359
55.031
54.164
53.297
53.911
54.524
63.531
72.539
72.657
53.567
54.977
60.179
65.381
65.837
54.306
54.318
52.553
52.375
52.196
54.175
54.737
67.08
66.547
66.561
66.476
66.408
66.576
66.382
66.654
66.742
67.002
67.079
67.078
67.209
67.406
67.68
67.627
56.854
49.293
48.075
55.614
56.831
48.153
47.016
46.181
48.628
49.225
46.666
47.783
48.148
46.997
46.511
46.024
44.881
43.737
47.67
45.743
65.019
65.631
65.575
65.569
65.533
65.117
65.092
64.792
64.214
64.226
52.157
52.052
51.92
51.914
51.981
57.363
56.6
57.1
59.635
58.394
57.154
54.328
51.501
51.435
62.757
62.875
62.936
62.782
59.61
56.438
59.37
62.302
62.522
62.903
62.627
62.582
62.454
62.644
62.589
62.847
62.243
63.132
63.205
62.837
51.424
50.77
51.764
51.74
51.688
51.878
51.989
52.198
52.191
68.962
68.892
68.912
68.953
68.918
68.884
69.031
56.355
53.95
51.545
44.352
44.869
44.532
45.179
44.663
44.471
44.439
51.915
75.611
75.793
75.846
75.887
75.898
75.827
75.825
75.837
75.886
75.891
75.868
75.911
75.877
