49.046
49.135
48.924
49.041
49.042
48.951
49.119
49.071
48.838
49.203
48.816
49.093
49.501
66.029
65.983
65.892
65.909
66.176
67.607
71.225
71.098
70.739
66.087
65.84
66.14
65.851
66.005
65.89
65.902
66.064
65.904
65.946
66.133
66.008
66.032
66.064
66.139
65.969
65.959
66.004
65.954
65.905
65.925
65.911
65.896
65.865
66.08
66.145
66.162
65.641
72.094
76.72
76.811
76.984
77.537
77.818
77.965
66.018
66.163
70.05
68.273
66.496
74.083
73.946
78.885
78.832
74.094
74.3
74.343
73.988
73.851
73.883
73.996
74.158
74.322
74.343
74.352
74.28
74.324
74.395
74.477
74.519
74.377
74.25
74.245
74.155
74.158
74.21
74.303
74.306
74.258
74.23
74.299
70.481
66.664
66.776
66.889
67.215
66.983
67.447
67.174
67.503
67.821
67.728
67.707
54.453
55.556
67.99
68.067
68.099
68.081
68.102
68.056
68.044
68.049
67.879
67.966
67.964
67.963
68.002
68.038
68.068
68.098
68.088
67.991
67.894
68.138
67.885
67.964
67.988
67.826
67.986
68.005
66.015
67.04
67.385
66.877
67.414
67.429
66.591
67.929
67.965
67.985
67.934
68.101
68.116
67.367
66.618
66.792
66.626
67.017
66.649
66.915
66.602
66.466
66.578
66.426
66.129
53.334
52.811
52.125
50.772
69.827
68.879
50.174
47.135
47.294
47.453
47.291
47.13
47.078
47.026
48.304
51.44
51.381
45.176
45.128
47.006
52.436
52.981
53.048
52.988
52.985
53.098
52.851
53.161
52.929
52.927
53.064
52.838
51.967
53.956
52.496
76.741
76.547
72.964
73.114
71.022
68.931
69.055
51.919
53.527
53.229
61.626
70.023
62.221
64.892
67.563
76.228
75.521
75.107
75.07
75.251
75.313
71.564
67.815
67.815
67.777
67.569
67.539
67.51
71.24
71.032
71.076
70.81
65.912
65.862
65.561
67.889
67.902
68.081
68.325
67.913
67.936
68.186
67.93
67.966
67.945
67.888
67.977
67.943
68.103
68.144
68.049
68.076
67.673
67.55
66.301
66.121
65.952
77.478
77.426
77.516
77.613
77.697
77.782
78.201
46.264
46.188
58.485
58.521
58.557
46.164
46.295
46.366
49.88
53.395
52.861
53.09
52.82
53.024
53.024
53.134
52.974
53.243
71.86
71.629
71.418
71.189
71.179
70.885
70.881
70.639
70.51
59.102
59.231
59.359
70.732
70.727
70.733
70.74
70.756
60.502
61.179
60.859
60.54
60.288
60.362
60.436
60.204
58.399
61.188
60.546
63.167
63.436
62.804
62.763
63.085
62.49
62.754
63.27
62.332
62.474
63.336
62.895
62.04
63.263
62.833
62.403
67.929
65.125
62.321
62.99
62.312
61.635
80.038
80.036
80.045
80.054
62.913
62.517
63.229
62.871
62.71
63.108
63.208
62.738
62.962
63.14
62.886
63.312
62.575
61.852
60.578
61.939
60.919
60.421
62.171
61.776
