48.321
51.136
51.355
50.893
50.43
51.55
52.389
51.621
52.159
52.113
52.068
52.629
54.403
54.605
55.278
55.182
54.84
55.162
55.008
54.995
55.118
54.925
55.035
55.044
54.963
55.107
55.001
54.748
55.269
54.878
54.753
55.358
54.923
54.995
55.15
54.886
55.218
55.111
74.007
74.031
74.037
49.101
47.723
47.1
46.43
44.936
74.034
74.022
74.02
73.951
73.997
74.046
49.455
46.605
47.052
45.5
43.948
46.055
58.34
58.664
58.507
58.351
58.508
58.837
59.067
59.065
59.052
59.039
47.681
47.591
58.973
58.799
58.812
58.827
58.62
48.534
47.08
47.511
47.942
48.798
49.318
50.876
52.433
52.166
50.397
49.69
48.984
46.643
47.542
48.987
48.916
48.845
48.637
48.888
49.139
47.301
48.353
48.74
47.444
47.815
48.047
47.771
48.104
47.677
47.549
49.963
51.681
49.307
48.717
51.65
49.687
47.794
46.928
49.847
49.161
48.474
48.302
48.609
48.289
48.738
47.406
52.514
54.491
54.416
47.822
48.334
47.665
47.414
48.423
48.224
47.419
50.275
49.406
48.537
48.769
49.001
48.491
48.735
48.979
47.75
48.15
48.934
49.245
49.557
48.906
48.256
48.539
47.888
47.701
48.32
47.954
47.779
48.451
48.218
71.973
71.749
47.746
47.55
47.948
47.355
47.584
55.115
51.394
47.674
47.256
48.025
47.594
47.828
48.062
47.43
47.619
47.824
47.774
48.114
48.188
47.955
47.796
48.34
47.73
47.408
48.449
47.496
47.995
48.087
47.675
48.091
47.928
47.888
47.988
47.944
47.999
47.869
47.821
48.689
48.193
48.027
47.902
47.886
47.949
47.835
47.737
47.694
47.536
48.003
48.141
47.931
47.888
48.013
47.915
47.922
48.021
48.73
66.47
66.606
67.275
67.604
61.996
56.389
56.861
57.417
57.846
57.935
57.822
57.812
55.824
53.837
55.618
43.106
43.741
44.053
47.495
50.938
53.574
55.234
53.838
54.253
52.16
51.233
53.435
54.026
54.617
54.424
53.93
53.436
52.298
54.6
53.562
52.523
63.959
70.82
70.933
71.049
71.238
71.329
52.007
52.586
51.768
52.437
52.106
51.9
51.922
51.379
50.155
49.99
50.045
47.843
48.954
51.231
53.509
54.268
54.428
59.41
59.579
54.836
54.992
59.768
59.866
57.256
54.646
49.228
47.973
48.081
48.189
48.066
47.943
47.631
43.485
43.734
51.316
50.124
49.889
43.293
43.627
44.236
48.881
49.329
49.778
49.763
49.747
49.718
49.688
