54.558
55.129
54.484
54.843
54.958
54.406
55.071
54.522
55.459
55.462
55.466
53.525
53.619
55.374
53.629
55.602
53.931
54.126
55.356
53.686
55.526
53.88
54.865
52.599
52.145
53.358
53.47
54.99
53.308
51.257
52.602
52.661
51.311
53.488
53.792
52.103
53.467
55.121
53.459
53.476
55.075
54.012
53.167
55.015
54.729
53.116
54.565
55.153
53.328
53.907
55.288
53.718
53.689
55.301
54.395
53.349
55.075
55.317
53.245
53.748
55.334
54.131
53.164
55.207
55.256
53.424
53.058
51.126
49.193
48.782
55.373
54.333
54.756
55.179
55.87
51.883
52.329
52.855
53.381
53.079
55.334
54.838
57.558
55.958
55.157
56.044
56.931
55.51
76.419
76.231
55.611
55.668
54.938
54.208
47.66
47.992
48.443
49.341
54.848
54.538
54.732
54.879
43.597
43.659
76.749
76.335
44.412
44.125
44.33
44.535
75.906
75.892
73.95
72.009
71.986
66.085
60.184
48.778
48.632
49.544
50.004
51.56
76.154
76.566
76.826
52.884
53.019
52.799
52.94
52.93
53.054
53.473
53.411
53.769
53.915
53.552
53.447
53.559
53.537
72.672
72.758
72.823
53.343
53.246
53.234
53.002
53.342
53.683
53.569
53.62
53.591
53.511
54.042
54.674
54.707
54.952
54.936
54.143
46.026
46.304
44.647
42.99
43.575
43.323
42.295
43.531
43.707
43.883
45.365
46.847
48.702
51.362
54.021
55.137
54.887
55.185
55.215
55.084
55.158
55.155
55.106
55.217
55.331
55.206
55.02
61.35
58.157
54.964
55.176
54.808
64.44
74.072
73.999
73.976
73.975
74.003
74.051
74.044
66.858
59.672
59.188
58.507
58.569
58.238
58.095
58.027
46.148
45.91
45.733
46.013
46.294
44.641
48.553
50.932
60.052
59.52
59.476
59.523
59.57
59.562
59.451
59.45
59.65
47.906
48.127
48.042
48.123
74.023
73.977
73.892
73.807
73.91
73.875
50.751
48.901
47.971
47.742
47.768
47.364
47.717
47.288
47.345
47.401
47.387
47.164
49.201
51.237
51.183
52.067
52.409
50.859
50.471
50.966
51.461
50.034
47.391
47.165
49.468
48.08
47.262
49.258
48.191
48.043
49.289
49.956
50.622
54.271
53.876
50.743
51.104
51.947
53.007
51.999
53.018
51.984
53.435
52.476
53.495
52.817
53.215
53.518
52.786
53.749
53.539
53.262
53.566
53.505
53.496
53.885
53.655
53.179
53.547
53.342
53.184
53.643
53.452
53.561
53.791
53.615
53.692
54.263
53.795
52.252
49.231
46.21
41.741
