59.648
46.402
46.48
48.49
47.244
46.716
47.138
47.56
58.024
59.651
59.011
58.836
58.661
54.226
49.791
49.75
49.709
51.291
49.417
47.542
48.434
47.598
46.761
47.134
47.181
46.199
48.664
47.735
46.805
59.92
59.068
53.533
47.998
46.49
50.069
50.297
50.525
45.309
46.355
49.107
48.883
49.088
49.294
45.62
46.659
48.442
50.224
47.871
48.063
48.254
48.746
49.238
48.528
47.971
47.983
59.897
59.737
59.636
59.86
59.899
59.974
59.865
59.683
59.645
59.751
59.833
60.038
59.677
66.763
66.557
66.49
71.35
71.351
71.365
71.297
71.29
71.267
71.26
71.245
71.223
59.176
59.216
59.069
47.637
47.474
47.37
47.498
47.551
59.603
59.478
47.159
46.796
46.753
47.959
47.836
47.714
46.022
47.116
48.21
48.439
62.007
61.636
61.235
61.081
60.985
60.973
60.898
60.905
60.775
60.82
60.989
61.09
49.197
49.347
49.516
49.805
49.736
49.943
50.047
49.879
49.866
49.977
49.399
49.215
48.246
46.666
47.043
47.42
47.329
71.604
64.809
70.223
62.203
66.734
71.265
70.806
70.774
70.682
70.554
70.378
70.274
70.233
70.319
70.512
70.752
63.878
59.249
58.949
59.108
64.311
64.267
58.987
58.974
52.156
52.054
52.327
51.989
52.005
52.03
51.915
52.127
51.871
52.281
52.274
51.052
50.754
51.691
52.276
52.779
51.556
50.891
50.226
73.597
73.569
73.483
61.847
67.715
73.583
73.632
58.655
66.05
59.619
53.188
63.409
58.087
65.97
73.853
73.884
73.792
74.072
74.048
74.024
73.927
73.861
73.796
68.794
63.791
54.128
64.104
58.7
53.296
53.404
53.512
52.656
78.004
77.977
65.15
52.322
53.357
77.972
77.984
77.991
78
78.032
78.05
77.999
77.955
77.985
77.995
78.005
78.015
78.037
78.007
78.005
77.981
77.997
78.015
77.985
78.021
78.001
78.013
78.005
77.991
77.996
78
77.977
78.009
78.015
78.008
78.001
77.984
77.983
77.984
77.981
78.009
78.006
78.029
78.018
78.024
78.016
78.01
78.001
78.019
78.022
77.999
78.01
78.004
77.991
77.981
77.961
45.806
45.802
50.561
55.319
54.998
54.677
55.203
55.728
78.007
66.227
74.616
64.735
54.854
52.99
52.681
52.372
54.665
53.632
53.754
53.367
52.98
51.292
49.604
59.179
59.067
59.032
59.136
59.057
59.045
59.025
59.112
52.002
51.933
52.08
52.047
52.023
51.984
51.945
52.126
51.679
51.999
52.526
52.218
51.238
51.112
52.043
52.342
52.415
51.744
50.752
50.989
52.208
52.509
52.43
51.519
50.574
51.593
52.494
53.394
77.938
77.963
77.988
78.012
78.024
78.023
78.039
78.01
77.999
78.009
78.003
77.98
77.985
77.971
53.993
60.804
67.614
71.749
71.055
70.938
70.877
70.816
70.892
70.968
64.738
58.507
58.444
64.762
58.972
65.015
71.058
70.958
71.189
71.42
72.156
71.555
58.788
51.006
61.057
71.107
70.815
70.56
70.55
70.628
70.684
58.518
58.816
70.566
70.793
70.834
70.874
70.766
79.998
80.009
58.651
58.72
79.969
80.034
79.96
79.995
79.965
79.961
79.958
79.984
79.983
80.001
80.027
80.002
79.993
79.984
80.007
55.145
55.503
56.35
56.38
56.116
56.595
56.857
56.689
56.522
56.496
56.471
56.544
79.975
80.02
56.72
56.701
57.23
80.015
80.006
80.005
80.005
80.005
80.003
79.988
80.015
79.971
80.011
80.007
80.014
80.006
79.877
73.986
68.096
55.794
56.647
55.619
55.505
66.895
73.833
73.809
73.778
73.872
74.218
74.547
74.711
74.599
74.508
74.378
67.814
61.25
47.727
49.005
48.779
48.553
48.043
49.433
49.12
48.175
64.475
64.708
71.926
72.15
72.486
72.48
77.165
77.241
77.416
77.431
77.428
77.395
77.45
77.531
77.521
77.473
77.539
77.529
77.428
77.464
77.475
77.46
77.406
72.503
72.468
72.487
72.415
72.432
72.362
72.349
72.441
72.5
72.364
72.255
72.216
72.169
72.235
72.261
72.172
72.12
72.236
72.223
72.159
72.222
72.224
72.235
72.445
73.739
75.032
74.963
74.956
74.95
74.998
74.981
74.964
74.977
75.045
75.004
74.923
75.398
75.873
75.967
76.116
76.049
75.875
75.994
76.113
76.002
75.786
75.915
76.044
75.999
75.955
75.924
76.038
76.076
75.912
75.945
76.05
75.986
75.993
76.028
75.998
76.03
75.99
76.047
76.023
76.025
75.983
76.003
76.015
75.99
75.985
76.018
