53.909
53.585
54.263
55.392
56.521
56.119
59.002
54.382
58.219
56.862
55.504
61.914
61.938
62.063
61.865
62.106
61.976
56.995
56.296
55.597
55.977
56.082
55.843
55.62
55.657
55.75
55.988
55.725
55.423
55.365
55.575
44.321
44.181
43.694
43.207
43.436
43.083
55.56
54.856
54.951
55.162
55.193
55.672
56.045
56.361
55.652
59.35
58.301
59.264
57.832
56.4
56.85
56.941
56.777
56.699
56.754
56.809
56.892
56.926
56.945
51.778
51.849
51.791
51.594
51.397
45.481
45.018
44.232
44.685
44.294
44.58
44.59
44.873
51.697
51.737
51.597
51.666
51.833
51.959
54.484
57.009
55.749
53.16
57.149
61.137
61.132
61.299
61.606
62.08
62.419
62.57
62.956
63.056
50.578
49.718
51.302
47.941
60.18
56.482
66.879
60.068
53.257
52.913
53.438
53.479
53.435
54.81
53.413
55.112
52.781
52.05
54.759
49.077
58.267
67.457
67.475
67.541
67.539
67.533
67.55
67.673
67.64
67.417
67.143
66.858
66.609
66.485
66.36
66.029
65.698
65.49
65.168
64.9
64.893
64.792
71.902
71.91
68.367
64.824
64.417
50.844
45.281
45.334
50.061
54.788
70.916
70.684
70.249
70.024
70.04
70.013
69.98
69.946
62.952
59.846
56.739
56.882
57.046
46.849
44.667
44.088
44.909
68.022
67.764
67.755
67.462
67.059
67.019
67.145
67.133
67.114
67.11
67.276
67.395
67.306
67.305
74.386
74.469
74.685
55.803
55.797
55.917
55.763
55.372
54.938
54.356
54.433
55.989
56.087
56.185
56.169
55.684
55.637
55.753
55.971
56.318
55.958
55.582
60.012
60.166
60.051
59.951
60.134
60.107
60.399
60.495
60.401
60.486
60.571
60.553
60.545
60.755
60.586
60.943
60.695
60.783
60.894
60.504
60.789
60.656
61.123
60.637
55.528
58.134
60.741
60.671
60.579
60.478
60.747
60.773
60.779
60.738
60.671
60.789
60.62
60.664
60.784
61.132
55.711
50.291
49.367
48.768
48.932
49.064
60.884
61.146
56.022
55.918
55.907
55.976
49.344
49.431
55.81
55.788
55.971
56.087
55.923
55.908
55.793
55.922
55.958
55.822
55.935
56.011
55.921
56.075
55.823
55.632
55.631
56.213
56.953
55.428
54.769
54.892
54.986
55.051
55.148
54.9
55.02
55.093
54.896
54.816
55.113
55.064
54.891
54.987
55.028
55.008
54.854
54.97
55.143
54.913
54.946
55.107
54.974
54.863
54.884
54.995
55.014
54.814
54.777
53.7
52.168
50.636
52.563
54.17
54.39
53.913
53.926
53.923
53.963
54.091
54.217
53.938
53.604
54.372
53.944
53.79
54.252
53.954
53.657
53.898
53.901
53.904
53.704
54.398
