53.705
53.776
55.327
56.878
55.509
62.067
62.142
62.098
58.24
55.027
54.067
66.732
67.344
67.699
67.992
68.285
55.943
56.235
55.939
56.72
55.602
57.671
57.2
57.476
57.727
57.329
57.634
57.865
57.942
57.995
57.854
57.478
55.18
55.283
52.801
56.012
59.222
58.953
58.699
62.149
65.599
66.35
74.131
74.326
74.648
74.978
75.22
75.115
57.132
56.202
55.294
58.967
71.032
70.912
70.97
70.942
54.525
54.132
54.142
54.152
54.926
53.791
54.462
53.958
54.213
53.937
55.103
53.801
53.675
53.876
52.971
52.78
65.189
65.217
64.885
52.805
52.593
72.163
72.199
52.967
53.1
53.903
54.707
53.496
53.075
53.962
53.038
52.773
72.016
71.591
71.564
71.523
71.394
71.473
52.151
52.259
51.596
43.258
42.997
48.454
53.911
74.625
74.495
74.365
74.21
74.139
74.126
74.094
74.114
74.231
74.394
74.624
74.807
74.819
74.941
74.884
71.385
67.886
67.05
54.495
55.093
55.583
56.072
57.033
61.62
66.207
66.076
66.07
66.281
67.082
66.817
66.552
66.454
66.356
66.395
66.433
66.385
66.533
66.421
66.31
53.916
53.853
53.426
52.453
53.064
53.676
54.116
53.906
52.384
57.554
54.649
51.744
51.395
62.824
62.981
63.236
63.527
52.634
51.104
51.397
43.095
44.854
44.55
44.246
44.775
71.04
71.811
72.445
52.655
44.526
44.592
52.717
53.939
54.61
60.599
57.758
62.134
58.287
54.441
55.296
55.802
61.836
67.869
67.468
67.623
67.546
67.469
55.549
55.36
55.739
56.118
55.733
55.964
56.196
55.926
67.96
67.532
70.933
69.5
68.067
67.563
67.762
67.96
67.305
56.013
56.066
67.707
67.472
67.602
67.44
55.818
54.028
55.518
54.901
55.084
55.869
55.87
55.871
55.751
67.863
67.853
56.051
56.027
52.461
51.824
51.186
56.02
56.241
56.381
56.52
50.633
44.746
45.142
44.544
45.211
44.618
44.346
44.613
44.771
44.48
44.873
44.801
45.098
51.93
51.678
51.738
52.102
51.856
52.384
65.214
59.013
57.985
56.957
55.205
56.519
57.832
65.359
63.809
62.258
65.22
64.876
64.871
64.991
64.937
64.691
64.748
64.793
61.124
57.455
57.22
60.425
59.543
55.823
52.104
51.865
51.657
44.589
45.67
73.514
73.246
61.167
49.087
43.633
44.471
43.92
43.682
43.791
46.786
50.61
49.999
56.147
68.528
68.964
69.174
69.643
69.903
70.599
70.971
71.077
71.386
71.732
71.109
70.802
69.147
67.493
61.78
64.734
67.688
67.26
67.493
55.471
55.639
55.634
55.577
55.466
67.527
67.392
74.256
74.162
56.063
55.255
67.553
67.548
67.388
67.506
67.537
74.406
74.534
74.616
67.544
55.625
55.792
55.623
67.406
66.984
67.059
66.698
66.928
67.01
55.533
55.952
67.884
67.811
67.709
55.497
55.538
55.631
55.875
55.973
55.818
55.733
55.806
55.88
56.335
56.083
55.651
55.888
56.057
56.026
55.8
55.77
56.006
56.097
55.902
55.814
