50.607
53.865
57.124
55.885
55.823
55.761
54.133
52.558
52.188
51.499
51.589
52.475
52.752
51.855
51.461
51.693
52.475
52.416
51.844
51.273
59.018
59.105
58.2
58.143
56.313
55.795
55.677
52.971
53.753
55.103
55.821
51.168
51.597
52.614
53.039
51.788
51.333
51.787
52.189
52.294
51.651
51.521
51.74
53.363
52.263
51.745
52.211
43.186
43.94
52.167
50.98
52.554
54.128
54.299
53.586
54.236
54.092
53.653
53.999
53.888
53.994
53.754
54.578
55.402
58.611
58.882
59.098
58.56
55.814
57.17
58.527
59.117
58.959
58.801
58.776
58.752
53.775
54.147
53.62
49.086
48.573
48.196
47.044
45.812
44.983
44.153
44.153
44.153
43.898
44.298
44.698
58.196
58.483
55.027
51.571
43.863
43.005
43.062
54.253
59.065
58.726
50.96
51.106
50.761
50.415
50.711
50.993
51.103
51.189
50.995
50.801
51.126
53.428
48.422
43.415
42.967
43.165
43.362
43.245
43.129
44.881
43.749
43.304
59.115
59.177
58.21
57.243
54.563
51.883
51.125
51.478
51.831
54.741
49.605
53.665
49.164
53.641
49.181
44.72
45.518
43.867
51.687
48.336
52.829
48.928
45.027
44.91
51.839
51.664
51.803
51.714
51.806
51.777
52.102
51.894
51.838
51.247
51.337
50.317
49.296
48.516
48.634
49.241
49.334
49.765
50.331
50.401
50.33
51.179
51.71
51.87
51.998
51.924
60.447
51.994
59.196
66.397
65.675
65.953
66.179
66.448
66.643
66.58
66.564
66.764
54.794
54.472
54
54.407
54.233
55.169
55.333
55.751
56.064
56.1
56.22
56.406
56.228
56.194
56.203
54.723
55.874
55.678
54.903
54.919
54.391
53.787
54.422
53.657
52.892
52.964
53.036
52.882
53.159
53.435
53.569
53.376
53.02
53.086
53.677
51.76
53.45
52.206
52.058
51.954
51.944
51.825
51.64
51.612
51.385
51.124
50.972
50.257
58.838
58.991
58.869
59.205
58.085
44.898
44.582
44.852
56.526
55.967
55.877
56.137
56.431
56.212
56.308
56.639
56.317
56.93
56.608
56.707
56.434
56.711
56.929
56.6
56.568
56.487
56.276
56.361
56.376
56.192
55.061
54.714
55.501
55.825
48.663
48.966
48.914
56.081
55.928
55.753
55.927
55.981
60.334
60.525
60.576
60.859
61.034
61.371
61.461
61.308
60.992
61.146
60.627
61.004
60.49
61.228
61.467
61.246
61.103
61.3
60.972
61.214
49.401
49.576
61.671
61.364
61.46
49.335
50.595
61.868
61.771
49.691
49.196
49.49
49.624
50.133
49.674
49.498
49.572
50.015
50.228
50.275
48.748
46.133
47.497
48.861
48.891
48.99
55.733
55.98
48.849
49.007
48.659
48.877
48.909
48.941
55.732
55.687
55.844
55.76
55.917
56.015
55.864
55.859
55.941
55.908
55.947
55.734
55.858
55.935
55.91
55.952
55.814
55.852
55.711
53.973
50.177
47.883
49.086
48.553
48.824
49.444
48.471
49.531
48.515
49.153
48.912
48.839
48.957
48.568
49.88
55.789
56.046
55.762
55.871
55.865
55.887
55.909
55.892
55.905
55.775
55.715
55.907
55.666
60.491
52.363
51.183
50.004
58.519
59.039
58.974
59.02
59.121
58.895
59.073
58.837
59.178
58.858
59.034
58.583
58.633
58.683
59.019
58.625
59.047
58.608
58.78
58.464
53.931
54.147
53.526
53.846
54.166
54.039
53.693
53.96
53.979
53.609
53.239
56.015
58.791
58.461
50.115
49.593
49.544
49.498
49.16
48.757
48.609
48.377
48.757
47.629
46.874
46.12
44.64
43.16
48.557
53.953
54.001
54.033
53.778
59.358
58.754
58.992
58.898
59.11
59.045
58.996
59.044
58.025
57.006
50.86
49.999
72.935
73.37
73.44
73.524
73.608
73.686
73.637
73.631
68.826
67.999
63.898
65.723
67.547
67.58
67.614
70.174
72.734
72.703
72.632
70.336
68.04
63.851
59.661
49.341
48.718
47.93
53.598
53.33
53.063
55.526
68.652
66.883
71.322
71.003
70.904
71.014
71.1
47.366
47.127
59.352
59.266
58.89
58.814
47.634
47.522
47.409
48.473
49.537
62.605
62.765
62.813
62.836
63.063
63.228
63.277
63.154
63.258
63.459
63.594
63.42
63.847
63.803
64.074
64.288
64.453
64.59
64.561
52.419
51.924
51.691
58.804
59.05
58.778
59.061
58.736
59.095
59.067
55.681
52.294
51.653
52.622
61.185
61.161
61.241
61.161
61.281
61.486
60.854
61.121
61.554
60.979
60.698
60.878
61.059
60.758
60.956
61.154
61.064
49.419
49.573
49.558
50.424
49.776
50.218
50.495
50.165
50.791
50.445
50.161
49.877
50.955
51.146
49.299
50.977
51.233
51.794
51.966
51.763
52.089
51.802
51.83
51.85
50.658
55.795
