71.144
71.049
70.989
70.986
70.997
71.054
71.074
71.095
55.892
56.258
55.704
55.763
60.364
58.036
55.708
55.258
49.748
44.238
43.629
66.44
67.973
67.996
68.06
63.228
63.115
62.944
56.351
55.916
55.872
56.185
56.072
55.996
56.079
55.467
57.157
58.847
58.637
58.547
58.457
59
58.07
57.14
58.99
57.808
56.545
61.899
67.253
66.708
66.49
71.399
71.333
71.377
59.485
58.916
58.727
58.982
59.238
63.104
61.953
68.141
68.304
69.177
69.673
70.195
70.52
58.853
58.866
58.832
58.889
58.836
59.127
59.54
58.551
59.156
57.974
72.939
73.045
73.021
72.98
72.987
73.017
57.077
44.895
45.318
58.117
58.911
58.888
45.514
45.359
45.659
45.28
59.122
59.59
60.053
58.494
58.642
59.043
58.236
58.112
57.833
57.554
57.475
45.243
45.156
45.243
45.199
45.155
58.565
59.063
58.386
59.046
58.906
58.836
59.351
59.028
59.176
59.07
59.031
59.404
58.839
59.225
58.889
58.662
58.791
58.268
58.058
58.251
58.494
58.941
58.835
71.199
71.334
71.366
71.29
71.211
71.195
58.936
59.329
58.598
58.398
58.197
58.168
57.889
57.609
57.308
45.04
44.948
45.079
44.707
44.838
44.795
68.097
68.035
56.875
56.614
56.769
57.173
57.364
57.637
57.91
44.955
44.989
45.017
44.93
57.583
57.158
57.581
56.929
57.625
44.794
44.874
44.898
44.921
44.96
45.123
45.012
44.9
44.846
44.82
44.874
44.969
44.705
44.805
45.013
44.695
45.027
44.824
44.854
44.825
44.709
44.967
44.927
44.806
44.254
46.105
69.178
70.141
70.655
71.104
71.416
71.598
71.583
71.881
71.882
65.26
65.273
65.492
65.585
65.925
66.093
66.178
65.954
65.54
64.525
62.464
60.403
60.032
59.662
60.152
61.264
61.355
62.116
62.699
62.775
62.808
63.14
63.473
63.34
63.207
63.196
63.186
52.766
52.819
52.872
63.491
63.338
63.348
63.458
63.568
63.629
63.69
61.459
59.228
58.846
58.465
59.161
59.152
59.143
43.995
43.934
44.187
63.088
62.971
59.025
59.043
59.23
63.655
68.987
73.739
73.916
73.756
73.704
73.862
73.73
78.353
70.507
62.662
49.513
49.599
61.136
60.525
59.652
59.237
58.989
45.274
45.581
58.549
58.467
45.436
45.468
45.661
45.683
45.813
45.948
45.801
46.017
46.025
45.23
46.688
45.547
46.475
45.733
45.632
46.532
46.206
45.664
46.402
45.937
46.318
45.772
45.847
46.216
46.406
45.87
46.411
46.45
46.602
45.811
46.053
46.021
46.15
46.004
45.815
46.077
45.894
46.027
45.916
45.95
45.953
45.826
45.912
46.177
46.066
45.759
46.109
46.051
46.19
45.839
45.82
47.085
67.201
71.011
70.788
70.536
46.32
46.674
68.098
68.111
68.062
68.146
66.295
64.443
61.926
61.887
61.601
61.628
61.517
61.676
61.801
61.985
61.931
61.784
61.43
61.102
60.837
60.84
60.912
60.671
61.1
61.125
61.161
64.056
64.21
64.008
63.806
63.798
64.011
56.966
44.922
44.985
44.844
63.958
63.912
64.025
44.658
44.918
44.854
44.797
45.072
