58.136
58.112
57.929
65.61
65.469
58.106
58.788
59.471
72.866
72.993
58.687
58.325
58.44
58.685
58.802
58.83
59.143
66.704
71.91
71.879
71.773
72.625
47.518
48.079
48.441
48.803
47.401
45.999
47.502
46.818
46.134
48.64
48.07
47.5
52.595
53.583
53.156
52.729
53.153
53.11
53.067
61.365
54.49
61.858
54.468
61.832
69.197
71.007
74.998
75.046
74.988
75.028
74.966
75.019
74.114
74.748
74.666
74.788
74.763
74.491
74.543
74.661
69.187
69.07
68.941
68.867
68.934
69.311
69.4
69.317
69.603
70.131
70.394
70.565
64.769
58.972
59.018
58.985
59.086
65.195
71.304
71.21
70.953
70.53
70.553
70.666
70.195
60.935
51.674
51.251
50.756
51.48
70.538
74.699
74.697
74.266
74.024
50.579
50.899
50.768
48.964
48.494
58.343
68.192
69.181
69.907
70.31
70.218
70.082
69.6
69.512
69.423
68.891
69.641
48.823
49.486
49.294
49.256
49.218
49.263
48.98
49.334
48.774
49.021
48.992
48.829
48.701
48.677
49.402
49.253
48.554
49.144
48.982
70.874
70.9
70.575
70.599
70.257
70.136
70.308
70.48
66.879
63.279
63.729
64.042
64.031
63.668
63.793
63.668
63.505
63.384
63.393
63.789
63.519
63.304
64.335
64.651
67.415
66.718
66.02
67.983
69.946
66.011
66.151
65.744
66.046
66.039
61.264
56.489
61.51
66.531
73.282
73.259
73.071
73.075
73.106
73.251
73.328
54.017
53.505
53.501
53.496
53.232
53.311
53.39
53.227
52.847
51.865
52.553
52.426
53.083
53.135
53.264
52.781
52.06
51.951
50.632
49.314
64.944
64.884
65.112
65.026
65.075
65.125
65.219
65.313
72.456
77.645
77.88
78.104
78.269
78.423
76.049
73.674
73.904
73.733
73.835
74.049
74.151
74.177
74.174
73.989
73.809
73.672
73.378
53.97
53.825
61.098
61.032
60.889
66.485
59.649
68.213
76.777
76.548
76.542
76.594
76.675
76.692
76.691
76.759
71.782
53.36
53.753
53.86
54.252
54.299
66.695
66.902
60.71
54.518
54.959
55.595
55.39
55.186
55.2
55.472
55.743
56.115
56.487
56.274
55.346
56.277
55.198
55.097
55.85
55.077
66.082
65.889
65.696
65.773
65.851
67.669
69.488
69.553
69.575
69.457
69.413
69.6
69.932
57.916
57.885
57.945
58.119
58.113
57.97
57.641
57.527
61.529
57.653
53.777
53.967
54.086
53.97
62.871
62.503
69.454
69.528
69.725
69.888
69.961
69.77
69.579
69.785
69.975
72.403
69.085
65.768
65.53
51.66
51.026
49.829
47.774
45.719
46.468
77.059
76.979
77.003
46.564
47.323
70.234
74.409
74.266
74.167
49.491
51.112
49.706
56.08
65.126
65.007
64.098
63.188
62.565
69.53
69.607
69.993
69.834
69.342
69.294
52.98
51.585
60.419
69.253
69.066
71.321
73.577
73.267
73.282
73.41
73.308
73.029
73.081
73.134
73.048
72.932
67.91
55.411
56.137
59.471
62.804
62.311
62.356
62.275
62.26
65.111
67.963
67.992
67.914
67.944
67.974
70.307
72.641
72.478
72.232
72.133
72.079
72.14
72.349
72.448
65.273
58.097
58.158
58.197
58.235
58.253
58.27
58.013
58.022
54.528
53.296
54.641
53.468
54.749
53.904
53.944
53.544
45.785
