56.649
55.217
55.281
56.383
55.87
55.08
56.274
56.228
54.951
56.348
56.369
55.148
55.344
56.555
55.331
55.209
56.455
55.854
54.922
56.368
56.065
55.144
56.029
56.549
54.955
55.903
56.481
55.323
55.403
55.508
55.612
55.163
55.606
56.049
55.113
56.096
56.255
55.09
55.883
56.333
83.103
83.033
83.1
55.519
55.317
56.331
56.056
55.062
56.239
56.183
55.084
55.902
83.084
83.124
55.441
56.409
55.577
55.462
56.312
55.829
55.351
56.31
65.7
66.129
65.926
66.075
65.97
65.994
65.999
65.964
65.908
66.132
65.911
66.174
68.668
64.222
65.131
66.039
61.004
60.535
65.913
66.15
66.21
65.869
66.002
65.986
66.06
66.463
67.78
67.847
61.498
61.582
61.784
61.766
61.748
49.674
48.784
80.004
80.002
67.863
60.879
60.851
61.018
61.067
61.121
62.998
61.931
61.915
69.065
69.121
69.085
69.198
69.471
69.15
69.318
69.392
69.498
69.604
74.258
74.302
74.42
74.538
74.606
74.641
74.609
74.642
74.606
74.596
74.604
74.554
74.571
74.588
74.581
69.549
69.897
69.858
69.86
72.96
73.055
73.074
73.093
51.432
50.799
52.135
51.205
52.577
51.748
72.978
73.03
73.021
61.065
60.778
61.071
61.1
61.027
60.978
60.931
60.96
60.943
61.007
60.961
61.07
61.061
61.005
60.993
60.914
66.101
65.995
66.032
65.997
65.978
65.96
65.997
72.066
71.453
71.695
71.994
65.419
65.169
65.196
66.026
66.093
66.098
65.963
65.868
72.808
72.727
72.82
65.94
65.794
65.546
64.875
64.879
64.404
65.205
53.03
53.303
53.071
60.893
61.052
60.626
60.588
60.797
61.006
61
61.017
61.393
61.768
68.958
68.516
68.749
68.793
68.539
68.479
69.973
69.929
69.94
69.876
69.987
69.969
70.014
69.911
70.083
60.191
60.339
69.976
70.036
60.815
61.113
61.065
60.994
61.036
60.92
60.844
60.866
61.255
61.198
60.114
60.847
72.943
73.053
60.274
61.115
61.106
61.001
60.929
60.794
72.247
71.56
71.213
70.895
60.995
61.001
60.641
61.334
60.745
61.135
60.591
61.41
60.651
71.367
71.348
71.075
70.921
71.038
71.049
66.114
66.101
66.099
66.096
66.094
66.039
65.985
66.168
66.038
65.945
66.064
65.866
66.077
66.01
65.977
66.076
65.949
66.018
66.087
77.986
77.771
77.599
77.579
59.445
58.287
46.074
44.541
45.682
46.823
66.029
66.939
65.768
66.976
68.185
67.172
71.112
70.979
70.777
70.644
70.516
70.271
70.171
70.157
70.176
70.027
70.026
70.048
70.008
70.16
69.925
69.861
70.199
69.917
69.94
69.942
69.867
69.923
69.973
45.26
46.569
46.575
53.207
59.84
58.367
58.146
58.223
45.412
46.219
46.742
46.51
46.278
45.573
69.966
72.987
73.026
73.023
73.112
73.075
73.012
53.809
54.006
72.978
73.042
72.943
73.016
72.842
60.685
61.062
60.932
61.104
60.941
60.999
61.089
60.97
61.003
61.01
60.845
60.929
61.325
56.082
61.038
65.994
66.125
65.916
66.011
66.052
65.862
66.05
66.069
65.933
66.033
66.034
60.88
61.067
61.026
61.032
60.753
61.006
61.13
61.157
61.183
61.116
61.005
60.894
64.228
67.562
80.057
79.996
80.015
80.013
80.049
80.048
79.998
80.046
79.978
80.047
60.91
60.705
61.129
61.085
61.013
61.012
60.928
60.938
61.069
60.905
61.023
61.081
60.998
65.019
65.225
64.89
64.994
64.981
65.027
65.081
64.858
65.027
64.96
65.074
65.071
65.065
65.059
64.837
65.067
65.028
64.943
65.169
64.947
65.127
64.929
65.098
64.953
65.027
65.733
66.204
65.626
66.381
65.66
66.127
65.862
65.741
66.265
65.668
66.233
65.76
65.897
