60.824
60.909
61.137
69.923
69.959
69.961
69.925
69.995
70.065
53.802
53.127
52.522
53.673
53.096
52.527
53.909
53.23
52.551
54.569
61.399
58.252
55.106
55.993
56.459
55.473
55.89
55.57
55.25
71.111
70.916
70.925
71.221
70.774
70.739
70.705
71.014
70.798
70.994
71.152
70.799
65.879
60.959
60.59
60.916
72.685
72.796
72.868
73.046
73.042
49.141
49.414
48.846
49.02
73.051
73.055
73.024
72.993
47.574
46.058
47.187
48.316
47.18
46.044
45.994
45.944
73.063
73.037
62.477
67.174
71.872
72.009
71.896
72.289
72.275
72.333
71.954
52.872
52.575
64.939
64.835
64.951
65.177
64.989
64.952
64.865
65.178
65.93
65.667
65.404
65.343
65.476
66.148
65.58
65.628
65.617
65.606
65.663
66.249
65.733
66.33
65.755
65.827
66.114
65.698
65.694
65.691
66.153
65.722
65.745
66.57
65.786
66.446
65.748
65.717
66.234
65.502
65.549
66.078
65.859
66.097
65.929
66.027
66.211
66.081
65.951
54.695
54.427
54.875
69.881
69.953
69.933
69.932
69.938
69.959
69.914
69.966
69.972
69.973
69.985
69.936
69.973
63.309
63.37
63.033
62.874
62.808
63.06
63.103
62.874
62.971
63.182
63.057
62.825
73.097
72.99
73.144
73.059
73.088
72.941
72.716
72.756
72.795
66.025
66.37
66.427
66.834
66.896
66.777
66.777
67.202
67.27
66.996
66.785
66.788
66.62
66.659
66.675
66.034
64.155
64.809
65.169
65.176
64.674
64.772
65.113
65.09
64.95
66.663
65.904
66.925
66.81
66.617
66.025
65.115
64.959
64.879
64.708
65.024
71.513
71.349
71.175
71.204
71.186
71.166
71.018
63.088
63.498
63.53
62.735
62.641
63.338
63.787
63.102
63.011
62.085
61.022
61.317
61.616
64.92
64.655
64.897
65.18
64.855
64.75
72.773
75.978
75.63
75.18
74.985
72.341
69.696
70.403
70.243
70.084
65.028
64.808
70.806
70.722
70.151
70.001
69.943
64.906
65.006
65.339
64.055
63.724
62.873
62.612
62.945
64.109
62.25
71.91
71.554
71.373
71.198
71.027
71.009
71.185
66.079
66.207
65.953
66.103
66.252
65.705
66.377
65.627
66.453
65.833
65.943
66.155
65.902
66.159
66.121
66.084
66.069
65.989
65.972
66.084
66.114
66.01
66.359
66.708
80.006
80.032
80.025
80.017
72.875
76.449
80.024
80.053
65.805
63.518
67.939
72.36
71.936
71.695
71.515
71.246
71.008
70.983
71.047
71.062
71.151
71.193
71.149
70.91
69.907
70.455
71.305
70.443
71.269
70.405
69.655
70.286
70.12
69.955
70.282
58.02
59.976
59.599
61.529
60.957
61.177
61.321
61.176
61.032
61.012
70.034
69.998
70.012
69.801
73.039
72.993
73.08
73.109
73
73.053
61.005
60.601
61.056
61.134
