63.456
61.612
61.561
46.181
45.951
45.911
45.98
45.881
45.865
46.043
46.052
45.907
46.003
45.834
46.009
45.777
45.972
52.631
53.125
52.809
53.048
53.041
53.033
53.067
52.958
53.021
52.865
53.168
52.913
52.973
53.023
52.79
52.779
52.767
52.866
52.965
52.847
53.012
52.895
52.938
52.98
58.812
55.815
52.818
52.954
60.677
59.435
59.745
60.056
60.345
60.339
60.332
61.126
72.111
71.881
62.278
63.018
62.711
62.865
63.199
62.691
62.456
63.379
63.016
62.457
63.666
64.929
61.272
60.421
59.791
60.218
60.449
60.054
64.676
64.825
65.128
65.076
64.75
72.983
73.001
72.951
73.02
73.09
72.992
70.672
70.823
70.797
70.845
70.81
70.601
71.533
72.466
71.85
72.219
72.256
72.075
72.491
72.807
72.572
72.67
72.767
73.14
72.804
72.959
72.841
72.804
72.615
72.708
72.764
72.927
72.821
72.812
72.863
66.051
53.951
53.961
54.222
54.116
66.072
66.033
65.967
66.023
53.79
53.723
53.849
72.43
72.589
72.543
63.149
53.754
53.827
53.758
54.043
53.181
47.178
47.152
47.073
46.993
46.751
46.509
70.084
69.693
69.496
69.432
69.51
65.504
61.498
56
56.203
55.924
56.154
55.654
56.35
55.782
56.227
46.402
47.195
46.952
46.998
46.997
47.015
46.918
46.921
46.927
46.932
46.706
47.047
68.522
68.117
68.094
67.968
67.71
67.804
67.958
68.01
68.001
67.892
67.38
72.272
71.857
72.217
71.865
71.558
71.345
72.983
72.984
73.045
72.541
72.032
72.198
72.207
71.752
72.751
60.794
60.995
60.926
60.857
61.154
61.452
65.977
70.502
71.189
71.771
72.049
72.292
72.314
72.329
72.489
72.658
72.461
72.334
72.485
65.789
65.831
65.891
65.959
66.079
66.033
66.098
66.017
65.974
65.979
65.992
66.022
65.481
64.765
65.426
65.537
65.687
65.836
65.501
53.264
52.217
53.22
54.224
70.58
69.573
69.061
74.201
74.309
74.259
74.183
74.017
68.643
68.847
68.747
68.158
68.034
67.91
68.028
68.037
68.013
80.073
79.953
70.374
69.97
70.045
69.966
69.94
70.079
70.04
70.001
46.996
47.027
46.833
47.37
46.202
48.06
72.889
72.733
67.043
61.352
61.172
58.129
58.237
68.5
63.316
70.267
71.841
73.415
73.293
73.087
73.086
72.971
72.863
46.973
46.531
47.429
72.813
76.223
75.826
75.758
75.603
75.442
73.417
71.392
66.568
46.628
47.914
62.56
64.818
65.989
66.927
67.598
75.119
75.266
75.418
68.69
69.098
69.177
69.55
70.269
70.446
77.054
76.888
77.044
76.945
76.866
76.932
76.726
57.792
57.285
57.113
57.241
57.118
56.418
56.186
56.032
55.322
54.888
54.453
66.035
66.059
65.866
65.816
67.245
74.143
74.113
74.174
74.235
74.41
74.483
74.444
74.439
74.501
67.633
67.811
74.843
74.831
74.781
74.74
74.916
74.929
74.682
67.895
67.929
67.974
70
69.81
69.832
63.226
69.175
75.125
74.886
74.808
74.784
74.785
74.738
71.293
67.849
67.675
74.65
74.642
74.733
74.824
74.799
74.773
56.646
56.653
56.714
56.775
70.539
70.978
71.005
67.83
67.733
74.546
74.658
71.243
67.829
67.747
67.975
68.084
68.193
68.135
68.419
57.467
56.932
57.227
56.7
57.085
57.312
57.54
58.687
58.232
59.612
58.246
59.591
58.548
73.142
73.023
64.996
64.864
64.984
65.031
65.037
65.033
64.958
72.952
73.018
65.036
65.102
64.926
65.021
64.99
65.022
65.017
64.968
65.023
64.99
65.015
64.974
65.009
65.007
65.006
