73.007
72.93
60.616
60.911
60.856
61.116
60.961
60.929
61.105
61.036
61.034
61.046
60.948
60.888
60.978
60.876
61.191
61.024
60.963
60.902
60.772
60.894
61.015
60.952
61.071
61.212
61.164
60.874
61.121
60.984
60.959
60.869
60.838
61.031
60.982
61.047
61.099
60.9
60.98
46.239
63.115
79.992
80.01
45.871
44.801
45.231
46.141
46.587
45.075
44.842
61.286
60.736
60.817
60.871
60.974
60.928
61.024
61.027
61.101
61.058
60.848
60.8
60.831
64.919
65.164
64.918
65.131
64.918
64.989
64.974
64.903
65.08
64.966
65.02
64.996
64.985
65.067
64.967
65.09
64.93
64.985
65.034
64.93
65.061
64.998
65.055
65.013
64.576
65.508
66.242
65.75
65.752
66.256
65.708
66.363
65.67
65.935
65.957
65.752
66.34
65.637
66.181
65.795
65.803
66.24
60.08
58.514
58.609
58.786
58.205
57.965
57.731
57.506
57.502
65.923
65.923
65.906
65.888
65.9
65.911
65.957
66.015
65.87
46.817
46.778
46.931
65.967
66
66.002
66.014
65.961
65.938
67.136
68.334
67.254
72.469
72.626
72.506
72.455
72.604
72.525
72.271
67.061
66.992
60.442
60.273
68.037
72.847
72.966
72.999
72.975
72.954
72.987
73.046
73.033
72.881
72.78
72.761
72.842
72.91
72.985
72.88
72.961
73.03
73.239
73.138
73.062
73.163
73.354
73.378
73.396
61.059
61.079
61.177
61.035
61.065
61.094
61.182
60.798
60.882
61.088
61.107
61.015
60.935
60.967
61.076
60.891
60.978
61.086
60.922
61.021
60.971
60.943
61.008
61.012
60.981
61.073
60.967
60.999
61.074
60.937
60.989
61.36
61.115
61.085
61.034
61.103
61.03
60.867
61.057
60.896
60.943
61.021
61.101
61.044
46.48
47.402
47.161
46.776
47.13
47.032
69.954
69.861
70.418
71.366
71.951
72.254
65.911
66.173
66.122
66.443
66.685
66.746
66.444
66.312
66.377
73.591
73.67
73.684
77.478
77.149
71.576
66.003
71.655
77.307
77.666
77.949
54.174
54.197
54.362
54.462
53.691
65.777
65.99
65.915
66.1
66.559
67.018
72.716
77.329
77.272
77.184
53.193
53.102
52.948
52.485
51.954
51.295
50.934
69.923
69.407
68.673
61.347
61.227
61.022
61.028
48.825
49.334
60.559
60.659
60.38
60.448
60.516
61.439
60.581
60.349
61.402
60.519
60.546
60.863
60.933
72.965
72.979
73.005
73.118
60.877
60.619
71.316
70.809
70.825
70.64
70.714
70.803
70.57
70.199
69.87
61.393
58.213
59.853
58.449
70.649
70.696
70.808
70.976
71.189
71.408
71.69
71.71
65.976
66.098
65.801
66.119
65.91
66.035
66.085
65.997
66.08
65.989
66.087
65.925
66.041
65.958
65.93
65.759
66.386
66.331
66.276
66.156
66.036
66.022
66.232
65.861
66.144
66.01
66.507
66.239
66.195
66.003
66.203
71.608
71.093
70.761
70.539
70.335
70.229
70.308
70.225
70.124
70.138
70.241
70.163
70.056
69.985
70.087
70.044
70.328
69.757
69.838
69.953
69.937
69.873
69.88
64.827
67.347
63.809
67.851
71.892
72.173
72.261
71.959
71.547
71.404
71.043
71.105
70.875
71.163
70.986
71.118
71.422
71.464
71.281
71.281
73.068
71.558
71.427
71.35
71.774
72.063
71.783
71.832
72.024
71.871
71.809
72.083
71.952
71.694
71.594
71.569
71.515
71.369
71.586
59.653
60.733
61.143
61.163
61.366
66.209
57.631
49.053
48.832
49.467
56.167
62.867
63.152
62.998
62.845
62.951
63.169
62.968
62.861
63.261
63.097
62.711
70.886
70.956
70.921
63.087
49.046
49.087
56.106
56.069
63.204
70.338
70.032
69.935
69.971
69.969
69.938
70.131
69.876
70.06
49.022
49.006
49.181
49.356
54.54
59.724
59.431
59.138
58.648
48.855
48.976
49.033
49.102
49.17
48.937
