55.368
67.772
67.995
62.001
64.903
67.805
74.382
74.234
74.092
74.306
74.251
74.205
67.263
67.05
67.233
67.759
56.113
55.844
68.403
68.559
68.113
75.216
75.302
75.075
75.366
56.275
55.904
55.442
55.77
56.359
67.938
66.005
61.174
65.948
70.722
70.491
70.536
70.561
70.513
70.662
70.83
70.848
70.556
55.834
55.661
58.887
58.712
58.82
58.868
58.871
58.874
59.228
71.155
71.075
70.932
70.799
58.443
58.34
58.082
54.384
54.102
53.763
54.249
54.735
58.403
59.377
58.981
58.585
69.098
69.023
68.843
76.007
76.086
76.047
75.983
75.991
76.068
76.184
76.117
76.092
76.017
76.185
76.239
76.137
76.1
76.182
76.259
76.279
76.24
76.266
76.223
56.859
56.535
54.053
55.208
56.362
62.402
62.438
64.207
65.976
64.093
62.21
65.405
60.816
64.771
60.283
55.796
57.194
57.293
57.392
53.783
55.684
57.586
57.578
56.944
57.992
54.243
53.753
53.776
54.187
53.901
53.7
54.167
53.916
53.831
53.942
54
53.801
54.072
53.983
53.706
53.987
54.24
53.69
53.846
53.963
58.731
65.34
64.82
65.135
65.505
65.849
66.225
55.521
57.152
55.197
54.66
55.351
55.409
55.47
55.981
56.493
56.795
56.739
56.653
56.766
55.792
56.846
57.612
58.377
58.498
58.619
58.498
58.378
68.349
75.693
75.705
75.829
75.827
75.817
75.887
75.992
68.739
68.269
67.594
67.48
67.432
55.031
54.617
55.552
55.737
54.421
55.337
55.196
55.055
55.038
55.144
55.055
53.083
51.993
51.873
51.607
51.74
58.758
59.092
58.869
58.883
59.117
59.048
58.855
58.92
58.901
58.842
58.953
58.988
53.507
55.106
53.013
54.84
54.109
53.377
52.826
52.276
52.081
52.005
51.953
51.901
52.053
52.088
52.087
51.897
61.427
55.121
54.098
53.075
58.844
61.831
61.148
69.076
69.168
69.052
69.2
69.6
69.717
69.576
69.488
69.338
60.12
50.901
50.903
71.185
71.673
71.899
72.438
72.566
72.694
75.284
77.874
77.967
77.831
77.695
77.688
77.681
75.09
72.499
72.548
72.639
72.731
72.68
72.629
65.839
65.763
65.686
65.689
65.691
55.149
52.4
53.917
53.678
53.439
66.527
66.659
66.489
66.794
66.885
67.079
67.189
67.275
67.517
67.697
67.803
68.006
68.064
68.149
68.212
68.527
68.852
68.847
68.931
69.015
57.311
56.36
51.176
51.705
52.255
52.448
51.644
51.415
51.338
52.142
52.866
51.852
50.839
51.895
56.95
56.228
62.667
62.705
62.925
63.206
63.782
64.37
64.776
64.457
64.365
64.227
64.134
52.537
52.647
64.208
63.986
51.613
51.487
51.458
63.612
63.475
63.258
63.042
62.952
62.861
62.663
62.924
62.787
62.934
63.081
56.872
56.858
56.953
57.119
56.887
56.975
57.055
56.949
56.891
56.688
52.735
52.286
57.184
50.57
51.12
51.669
51.771
68.886
68.963
69.029
69.019
69.005
69.014
68.925
75.941
75.942
75.91
75.848
67.748
55.42
53.068
50.717
44.758
44.14
45.371
43.433
