51.802
51.088
50.373
49.617
48.86
49.493
49.454
49.415
49.476
49.536
50.448
51.36
55.698
54.554
53.409
53.499
53.589
53.671
54.107
53.403
53.293
53.307
52.648
54.361
53.298
54.163
54.339
54.157
55.567
56.918
58.269
58.948
51.151
43.751
43.543
43.541
43.677
43.776
43.876
43.873
43.999
44.011
44.096
44.244
44.271
44.486
44.15
44.81
44.61
44.46
44.526
44.133
44.116
44.046
43.855
43.79
43.419
43.467
43.165
43.891
43.416
42.94
43.702
44.463
44.402
56.778
57.121
56.823
56.905
56.986
56.285
57.322
56.489
57.093
56.832
56.982
57.131
57.322
57.513
45.297
44.989
45.541
44.435
43.859
43.629
43.398
51.831
51.802
51.925
51.774
51.051
50.328
52.263
54.789
57.314
59.688
67.269
67.574
68.267
68.965
69.367
69.91
70.079
70.03
63.348
56.666
56.737
61.051
61.605
49.467
55.759
62.052
62.031
64.25
66.47
66.49
66.617
66.739
66.772
62.182
54.807
55.152
55.09
55.719
68.041
68.441
68.458
68.361
68.431
68.532
68.528
68.482
68.448
68.399
68.38
56.53
56.283
44.411
44.639
44.434
62.555
62.521
63.256
65.051
65.019
59.031
53.043
53.912
53.509
54.184
54.298
52.719
52.034
51.818
51.603
53.063
54.523
53
51.477
63.022
62.926
63.067
62.703
62.667
62.781
63.2
51
51.167
51.128
51.212
51.396
51.793
52.19
72.416
73.073
73.723
74.118
74.346
74.469
74.711
67.751
67.585
67.493
67.468
67.591
67.829
67.984
67.958
68.022
68.034
68.366
68.349
68.34
68.345
68.266
68.289
68.258
68.144
68.016
67.791
67.499
67.09
66.376
65.164
63.76
62.165
61.071
60.146
60.265
59.532
59.695
60.12
48.562
48.697
48.965
48.768
48.856
48.898
48.846
49.343
49.197
49.051
48.75
49.364
48.892
49.208
49.048
61.098
61.219
55.865
55.653
48.957
49.061
49.152
48.465
46.728
47.618
48.508
49.989
50.33
51.944
51.24
49.628
48.33
49.069
49.214
48.909
48.603
49.245
48.906
53.393
49.287
48.898
48.509
55.74
56.067
55.648
56.01
55.452
56.116
55.965
48.58
48.812
49.063
48.73
49.156
48.923
48.866
48.809
48.986
48.78
48.937
48.981
48.974
48.966
56.962
56.864
55.76
55.298
55.115
55.137
58.861
58.504
58.659
59.62
59.65
59.681
60.281
59.72
59.977
54.644
55.085
59.709
60.018
59.51
54.76
55.19
55.216
54.755
54.667
55.164
55.053
54.781
54.711
55.005
55.131
