54.302
50.755
52.819
50.365
47.911
48.33
50.134
48.54
48.365
48.19
49.006
49.822
51.401
52.979
53.624
54.446
55.148
55.66
56.111
55.841
56.561
56.356
56.737
56.461
56.988
56.96
57.128
56.99
56.794
56.766
47.889
48.231
47.858
48.183
47.788
58.75
58.548
70.967
71.121
71.196
58.996
58.519
58.017
57.553
57.383
57.622
57.19
57.323
56.903
57.053
56.529
56.407
56.415
56.206
56.277
56.439
56.052
56.366
56.457
55.836
56.038
56.196
56.039
55.401
54.525
55.769
56.727
67.923
79.118
78.979
79.021
79.057
70.328
61.599
47.915
48.727
61.872
61.856
61.902
61.948
61.636
48.235
48.241
79.057
79.069
79.091
79.064
79.057
79.051
79.021
73.325
67.629
67.751
68.006
68.262
68.369
68.187
68.046
68.079
68.022
67.858
67.694
47.973
48.136
48.004
48.096
48.091
69.504
69.307
76.723
77.148
77.196
58.251
57.959
57.63
58.014
57.514
56.772
47.884
47.991
48.069
67.675
67.687
67.499
67.407
67.447
67.168
67.117
67.147
67.105
67.266
67.427
67.593
67.594
67.402
67.393
67.367
55.501
54.713
54.229
47.722
47.636
47.953
48.214
47.88
48.186
79.046
79.064
51.355
50.136
48.917
63.342
63.803
63.924
63.923
64.07
64.254
53.001
46.472
48.006
45.828
45.878
45.981
45.094
79.03
79.031
63.991
66.401
68.811
73.518
76.754
76.515
46.534
46.93
47.325
43.589
43.037
43.245
43.453
45.28
44.822
45.627
46.294
48.392
47.475
46.558
72.188
71.787
71.826
47.439
47.148
47.528
59.795
59.697
56.008
52.318
51.656
50.995
52.969
54.943
47.014
45.714
54.201
55.316
56.431
70.774
70.645
70.583
70.398
70.36
63.947
57.534
58.625
46.971
47.023
56.884
58.913
59.507
60.4
61.844
62.909
63.207
63.783
64.25
64.717
68.08
71.444
71.184
71.059
71.373
71.803
71.928
72.002
72.566
73.088
55.175
54.331
55.728
55.708
55.503
55.903
55.198
55.562
55.811
54.603
55.51
54.098
55.372
53.965
53.727
51.413
50.101
48.614
58.546
59.996
71.674
71.576
71.408
71.491
71.578
75.2
75.071
75.175
75.218
74.917
75.101
59.876
59.897
60.706
70.917
63.873
72.467
64.744
72.926
64.923
56.92
58.746
57.268
56.784
58.252
57.205
57.148
56.872
56.308
81.084
81.114
81.05
81.123
81.072
81.071
81.168
70.837
60.506
60.568
60.339
59.604
57.35
50.003
49.233
50.379
49.261
48.738
48.216
49.988
56.408
57.107
56.944
57.268
56.855
57.162
48.517
47.567
46.024
44.481
51.41
49.379
47.348
47.316
52.448
52.453
52.458
52.076
51.694
51.664
52.325
52.572
51.714
51.483
51.986
52.138
52.276
59.801
59.674
59.547
59.188
63.153
67.117
67.372
67.238
47.408
46.207
46.584
47.114
47.644
82.984
82.963
65.641
60.645
61.134
61.624
61.095
61.431
61.362
61.489
61.563
61.603
61.512
61.411
61.405
46.917
45.994
46.896
47.415
46.942
48.021
48.269
48.517
47.459
46.4
47.016
71.749
71.367
65.156
58.945
58.765
58.585
58.61
53.047
52.006
48.991
49.415
47.613
45.812
51.944
61.876
68.968
69.035
69.077
69.16
69.164
71.267
60.19
49.113
51.015
51.792
52.568
53.585
54.602
54.195
53.789
54.322
52.093
52.761
52.719
76.52
76.284
76.095
75.926
75.95
76.118
76.148
76.255
76.415
76.398
76.459
76.638
76.761
76.577
76.584
76.625
76.698
76.772
77.024
66.87
56.716
57.029
47.08
47.018
47.17
47.056
46.952
47.082
46.82
47.153
46.865
47.108
46.832
47.026
