51.821
52.182
51.645
50.865
52.033
51.126
51.861
51.661
54.456
55.901
55.996
56.263
56.062
56.102
56.126
56.047
56.06
56.079
56.065
56.068
55.966
56.113
56.007
56.152
55.93
55.724
55.518
55.955
55.837
56.007
56.107
56.202
56.177
56.001
56.056
56.035
56.084
56.039
56.044
56.094
55.96
56.085
56.072
56.146
56.221
55.995
56.16
56.014
56.1
55.989
56.226
56.046
55.961
56.339
60.322
64.305
64.498
64.833
65.101
65.36
65.531
65.642
65.929
65.935
53.592
53.46
53.477
53.477
52.612
53.974
53.487
53.866
53.239
53.717
53.271
53.384
53.952
53.444
53.144
53.475
53.345
53.7
72.558
72.519
72.462
72.392
72.352
53.556
53.572
53.255
53.672
53.094
53.527
53.104
51.973
53.214
76.008
75.977
75.98
75.995
76.012
75.949
75.94
71.783
71.782
71.781
71.751
71.541
75.212
75.26
75.324
75.323
75.293
75.414
75.536
75.296
75.379
59.392
59.812
59.43
60.214
60.336
48.851
48.71
48.195
48.8
75.964
76.006
75.989
75.945
75.99
75.966
75.911
75.848
76.256
76.059
64.697
66.294
67.892
67.189
66.578
66.417
66.172
66.067
66.012
65.876
65.657
65.836
45.802
45.449
44.525
57.622
57.594
45.07
45.268
45.248
45.33
45.256
45.096
44.903
44.71
44.509
45.154
44.867
45.119
45.241
45.052
45.04
45.036
44.983
44.467
44.797
45.127
45.349
45.264
45.293
44.995
45.125
49.094
53.064
49.094
45.124
43.349
45.293
45.131
45.108
45.339
45.266
44.919
53.034
61.149
64.806
65.375
65.771
65.934
66.177
66.689
53.338
53.876
53.445
52.763
52.451
52.318
52.118
52.253
64.958
64.986
64.818
64.844
64.981
65.012
64.856
64.619
64.626
64.796
64.968
65.103
65.334
65.381
65.384
65.283
65.624
65.876
66.093
66.012
66.032
65.825
65.546
52.476
51.893
51.971
52.095
52.047
45.125
45.137
45.306
45.408
45.399
44.54
44.609
48.227
51.844
50.841
59.835
66.278
66.076
65.881
65.848
65.816
65.827
58.662
58.537
59.006
58.935
58.903
59.217
59.162
59.53
59.773
60.016
59.349
59.915
59.893
59.961
60.029
59.505
59.575
59.655
59.28
59.649
60.019
58.526
74.854
74.917
74.809
74.615
74.672
74.73
74.655
74.614
59.175
58.805
59.179
58.809
43.033
44.284
45.366
44.832
44.176
45.473
44.595
44.98
45.456
45.247
45.174
45.102
45.159
45.366
45.349
45.241
45.075
73.956
73.915
45.227
45.756
43.066
44.812
44.598
44.385
44.912
44.915
45.447
45.21
45.03
45.405
43.536
44.637
44.569
44.5
70.883
71.041
71.079
70.973
71.06
71.069
65.862
60.654
48.1
48.179
47.763
49.068
47.025
48.805
48.334
47.864
49.686
47.896
47.984
48.071
50.37
50.991
45.631
45.458
45.092
46.076
45.159
44.765
52.671
70.947
70.219
69.869
69.677
69.537
69.382
71.865
61.295
67.64
73.986
73.893
71.515
69.137
69.136
69.184
69.232
69.415
51.013
50.878
49.227
50.424
51.622
51.601
51.857
51.816
45.14
45.869
45.353
44.713
51.976
52.123
52.122
52.057
45.092
45.352
45.385
45.584
45.169
45.058
49.434
53.811
54.084
53.7
53.509
54.951
52.987
53.271
53.403
52.861
51.291
49.721
59.547
59.688
59.433
59.579
59.682
59.428
59.769
59.231
59.613
59.198
59.437
59.022
59.475
59.113
59.728
59.857
59.985
59.489
59.913
59.97
59.3
59.883
59.577
53.455
47.333
46.476
46.894
46.776
58.564
58.183
58.4
58.618
58.578
58.68
58.546
58.51
58.611
58.382
58.154
58.166
57.455
58.121
47.95
46.333
59.787
73.241
73.369
46.97
46.74
73.551
73.722
73.64
73.558
65.8
58.043
58.054
73.848
74.002
54.161
53.396
53.565
53.733
53.987
54.241
53.714
54.14
53.929
53.918
54.244
53.829
54.384
54.129
54.07
54.343
54.196
66.238
65.865
65.881
66.072
54.289
53.782
65.945
65.853
66.029
66.136
60.055
62.968
58.376
53.783
53.909
54.189
54.158
54.061
54.001
54.106
53.986
54.028
53.978
53.99
54.02
54.047
53.951
54.045
53.942
54.21
