49.716
63.408
62.334
63.167
62.565
49.001
49.459
48.854
48.829
49.801
49.77
49.738
48.48
50.967
51.815
51.918
51.676
51.985
50.563
50.265
51.647
50.734
51.174
49.192
49.322
49.092
49.608
49.57
49.533
63.955
63.989
63.724
49.246
48.357
48.635
71.324
71.012
71.084
48.334
48.281
48.32
48.358
48.638
48.918
48.747
63.437
63.525
63.674
63.823
63.542
65.109
66.676
74.681
75.384
76.053
57.554
58.011
58.94
58.647
59.296
59.1
59.263
59.092
58.92
59.255
59.765
59.795
59.963
60.024
59.87
60.06
60.093
59.803
59.69
60.048
60.023
44.973
44.924
44.726
44.928
44.697
44.992
44.759
44.842
44.88
44.902
45.023
44.725
44.881
44.853
44.808
44.745
44.915
44.864
44.808
44.95
44.924
44.798
44.901
57.413
57.357
57.791
63.988
63.939
63.987
64.035
63.997
63.983
44.666
44.908
44.779
68.968
68.967
68.845
59.121
58.916
59.37
59.019
59.024
58.948
59.004
59.247
58.962
58.856
58.749
59.422
59.63
58.961
59.445
59.932
59.399
58.852
59.828
59.579
59.026
59.73
60.004
59.784
59.603
59.622
60.025
59.85
59.713
60.056
59.988
59.614
45.049
44.853
45.051
44.798
44.711
44.792
44.888
45.152
44.777
44.914
44.822
45.006
44.902
44.964
44.799
44.793
45.079
44.706
44.826
67.893
67.125
67.496
67.78
68.089
68.348
68.58
68.953
69.167
69.333
69.406
69.419
69.096
68.349
44.567
44.771
44.746
44.804
45.004
44.835
44.847
45.028
63.16
61.961
61.991
62.687
63.007
43.895
44.638
48.699
52.76
64.815
64.6
64.673
64.389
64.957
64.686
53.104
52.692
52.738
52.784
53.169
52.825
52.797
52.784
52.771
52.927
52.846
52.764
52.641
52.518
53.237
53.556
52.841
52.781
52.72
52.764
54.049
53.245
54.486
54.224
54.216
54.722
54.984
55.187
54.486
49.372
44.257
44.121
44.47
44.278
44.211
43.503
43.838
43.57
43.453
43.337
43.167
59.14
63.099
63.006
58.988
58.995
59.283
59.142
58.913
58.889
58.981
51.723
44.466
44.139
44.007
51.448
47.58
43.711
44.544
44.258
43.76
56.005
56.143
55.996
55.998
55.871
55.891
55.997
55.951
55.879
55.831
55.804
56.046
56.261
56.152
56.071
55.583
53.723
51.863
51.402
51.835
52.267
51.068
51.275
51.481
51.222
50.559
51.882
55.946
56.076
55.419
56.238
57.056
55.81
55.783
56.645
57.507
56.997
56.486
56.925
57.364
57.677
58.418
58.61
59.267
59.599
59.542
59.421
59.216
59.061
58.907
59.687
59.543
59.205
58.867
52.461
55.374
50.368
51.208
52.047
52.313
53.057
54.722
55.313
68.545
69.304
69.929
70.561
71.065
71.395
71.533
59.729
59.819
71.607
71.265
71.347
71.334
71.1
71.296
71.546
71.369
71.42
71.445
71.507
71.351
71.224
71.246
71.344
71.289
71.468
59.32
59.355
59.879
59.789
44.726
44.652
45.023
45.116
45.235
45.122
45.084
45.074
44.873
45.037
44.965
45.214
44.987
66.962
67.569
67.911
67.896
68.141
68.395
68.556
69.09
69.367
56.95
56.769
56.662
56.342
56.035
55.235
69.076
68.935
56.27
44.949
44.961
69.144
69.653
70.147
70.419
70.401
70.53
70.746
70.825
70.901
71.041
71.059
71.152
71.323
71.33
71.544
71.488
71.045
70.688
69.834
72.979
73.007
55.285
56.256
55.179
55.697
56.401
56.095
56.125
56.998
56.16
56.756
56.971
56.812
57.205
56.781
57.31
56.835
57.258
56.694
57.116
57.099
57.068
56.976
57.064
56.89
56.674
44.809
44.829
44.885
44.918
44.886
45.083
44.996
45.086
44.71
44.945
44.722
44.691
45.705
68.256
68.15
67.911
67.841
67.872
68.155
46.064
44.629
44.695
44.896
45.134
64.53
64.533
64.933
64.695
65.071
53.874
59.593
65.312
65.21
64.899
64.772
64.855
64.938
61.943
58.949
59.253
59.1
59.238
59.009
58.823
59.205
59.052
59.275
59.104
59.29
59.044
59.023
59.002
56.841
55.159
55.12
55.996
55.353
55.361
55.799
54.38
53.205
53.74
53.733
59.156
58.904
55.363
57.283
59.204
58.76
58.774
59.05
59.218
63.107
63.14
63.027
63.071
62.955
63.015
63.032
63.016
62.984
62.982
62.978
63.025
63
62.92
62.996
63.23
62.756
59.001
59.083
59.125
59.168
51.791
44.413
