48.826
49.757
48.13
46.985
46.933
46.526
45.329
59.07
77.319
77.095
77.143
77.187
77.276
77.441
77.386
77.143
77.38
77.668
77.646
77.754
77.697
77.737
77.816
58.898
58.224
57.907
53.831
54.37
56.755
56.81
55.806
54.802
54.397
53.756
50.499
47.242
56.577
65.912
74.223
74.016
73.839
73.924
74.02
74.389
74.555
74.487
74.38
74.304
74.337
74.218
74.315
74.418
74.265
74.377
74.448
74.457
74.449
74.505
74.553
74.569
74.475
74.4
74.52
74.58
74.646
74.599
74.627
74.604
74.678
74.754
74.782
74.895
74.993
74.987
74.945
55.882
56.327
56.627
55.951
59.083
58.851
58.679
59.155
59.334
59.068
58.784
58.733
58.927
59.341
51.717
51.851
52.485
59.267
59.098
69.992
70.587
71.06
71.35
71.577
71.907
72.207
72.065
71.8
58.845
58.771
59.073
67.937
67.89
58.736
58.799
59.11
59.144
65.571
71.999
76.833
76.904
76.999
77.112
77.276
77.336
77.353
77.223
55.191
54.963
72.594
72.457
71.949
72.085
53.179
53.336
53.708
54.08
52.924
52.865
58.75
58.855
59.086
59.281
58.762
59.005
59.025
59.125
59.112
58.412
56.499
57.912
57.316
58.234
58.001
58.038
57.77
58.551
58.44
58.38
58.335
58.29
58.552
58.49
58.064
57.639
58.475
58.828
58.867
58.862
58.741
58.27
57.543
57.874
56.914
56.519
62.27
68.021
68.038
48.815
47.023
46.027
47.733
47.336
63.183
71.262
72.167
72.702
73.463
74.073
74.264
74.478
74.307
74.136
74.204
74.084
73.966
73.852
73.911
73.869
73.764
73.741
73.737
73.888
73.968
74.08
74.31
74.362
74.547
74.432
74.202
74.124
74.061
74.194
74.307
50.992
50.55
52.595
52.828
51.748
51.684
51.736
51.225
52.129
52.379
52.114
51.63
50.907
51.54
52.413
52.288
51.931
51.946
50.746
51.718
52.286
52.566
52.228
51.658
51.531
52.11
76.471
76.642
53.927
52.859
52.495
52.611
52.871
52.496
71.079
70.996
71.125
70.992
52.738
52.004
52.197
64.404
64.368
64.659
71.836
71.754
71.798
71.754
71.837
71.804
71.681
71.711
71.74
71.659
71.578
71.616
71.681
71.746
71.722
71.885
72.047
68.725
65.403
64.622
65.099
65.164
64.809
64.88
65.233
65.586
65.998
66.961
67.976
68.788
69.213
69.45
69.466
69.556
69.607
69.646
69.627
69.722
70.161
70.492
70.43
70.267
69.964
70.074
69.984
70.376
70.366
70.308
69.668
69.328
68.912
56.034
54.055
60.613
65.982
65.787
66.107
65.991
66.023
65.9
51.572
49.687
68.073
68.136
67.998
68.6
68.756
69.032
69.294
69.574
69.896
70.218
70.216
70.031
70.346
70.232
70.375
70.518
48.343
50.01
71.114
71.236
71.259
71.059
70.934
70.975
49.688
48.62
49.75
48.663
48.754
49.256
48.864
49.099
48.773
48.748
49.041
49.027
48.859
49.042
48.925
48.953
49.098
48.904
49.15
48.878
48.863
