48.085
50.246
50.29
49.059
49.337
50.521
49.812
48.864
49.939
50.393
49.213
49.069
50.328
50.141
49.077
49.714
50.411
49.768
48.905
49.975
50.429
49.005
59.06
51.165
43.269
43.315
43.569
68.933
68.962
43.069
43.618
44.261
68.973
68.963
68.962
45.143
44.347
68.919
68.935
53.036
46.316
44.09
43.962
44.206
44.45
44.295
44.141
49.752
49.367
51.042
43.374
43.878
49.339
49.793
48.697
47.601
47.693
47.786
48.81
49.126
49.442
49.083
48.723
59.391
59.526
59.43
59.335
48.877
49.268
49.402
49.536
58.962
59.078
58.953
50.704
52.306
45.459
45.633
43.984
43.653
43.413
51.018
52.54
53.17
53.413
53.657
53.676
53.694
71.471
71.566
71.696
71.591
71.549
71.303
49.774
46.503
46.72
47.34
47.277
48.679
68.363
67.901
48.195
48.77
48.49
48.211
67.855
67.925
67.776
67.674
67.572
57.282
46.992
48.204
47.951
47.319
45.492
52.394
51.036
51.548
52.522
64.387
64.437
64.513
52.989
52.546
52.559
52.311
64.75
64.706
64.532
51.672
46.105
44.583
54.823
53.691
53.932
54.645
54.273
53.901
54.115
54.33
53.982
52.879
49.006
46.095
47.516
46.694
46.894
47.095
46.931
47.097
46.634
47.063
47.596
47.66
46.652
46.351
46.563
47.684
47.366
48.202
53.68
50.147
54.573
50.687
46.802
46.687
46.044
47.379
46.948
46.853
46.758
46.144
45.53
47.829
48.689
49.072
46.011
45.659
46.614
48.403
48.527
46.723
45.565
45.761
49.654
54.064
55.097
55.395
54.675
55.186
64.498
73.81
73.963
64.137
54.311
55.372
54.63
53.889
55.611
54.873
54.134
52.151
50.168
49.439
48.71
49.451
48.951
54.936
55.17
54.502
55.303
52.961
57.223
61.486
61.471
61.75
62.05
62.461
62.984
62.996
63.009
58.79
54.572
54.906
55.24
55.048
54.856
54.974
55.091
58.15
61.208
60.89
60.69
60.652
60.614
61.049
60.085
59.522
58.958
57.011
55.063
55.283
55.504
55.346
55.188
54.829
52.621
53.481
53.201
52.821
53.635
52.05
50.464
53.518
54.147
53.342
53.692
54.564
54.706
54.867
50.02
48.498
50.981
50.087
49.896
58.331
57.691
58.055
58.472
58.577
58.558
58.584
58.565
58.767
59.19
59.225
59.246
59.541
54.076
54.258
59.544
59.292
59.468
59.497
59.517
59.752
59.63
58.921
58.703
45.264
45.089
45.239
44.744
44.723
55.485
54.259
54.306
44.4
45.004
45.378
53.817
63.307
63.346
63.606
63.825
63.726
63.367
62.794
62.66
62.76
50.428
51.16
51.471
49.966
51.497
53.028
52.21
51.393
43.386
43.004
43.938
44.459
44.98
44.4
43.821
44.22
44.619
53.484
54.266
51.727
53.555
53.969
54.383
55.058
