45.958
44.553
45.671
45.368
44.121
45.866
47.61
46.081
43.703
44.764
47.543
48.211
49.409
49.617
49.242
49.362
49.81
49.715
49.62
49.584
57.567
56.854
58.454
60.055
58.058
49.495
49.087
49.753
50.419
48.739
50.766
52.857
51.851
60.154
55.289
50.425
49.844
49.708
49.944
74.826
75.041
75.215
51.952
51.165
51.451
47.669
50.839
54.01
55.322
52.775
51.882
52.233
51.474
54.683
54.391
55.405
53.993
55.936
56.216
55.789
53.35
55.345
56.609
56.998
57.094
56.735
56.376
56.907
56.84
56.821
57.027
56.258
57.456
56.643
57.185
57.327
56.523
57.284
56.262
56.88
56.937
56.994
56.329
57.264
56.858
46.497
44.778
43.319
56.611
57.239
56.455
56.533
57.112
56.678
57.197
56.739
57.154
56.748
56.942
56.836
56.79
57.088
56.884
56.679
56.782
56.885
57
58.226
56.398
56.297
56.196
57.06
56.499
56.674
56.394
56.114
56.23
56.345
45.038
45.536
45.335
45.133
48.068
47.521
46.975
77.619
77.194
67.096
56.997
56.726
56.565
56.403
56.466
56.529
56.88
56.836
56.59
57.018
56.913
45.936
45.49
45.045
52.089
51.821
44.762
44.122
47.32
46.616
45.912
44.083
45.182
45.465
45.401
45.338
44.575
45.097
44.983
46.497
54.883
54.156
55.491
54.092
55.626
54.658
55.059
54.943
55.464
53.875
53.823
53.771
54.401
56.189
53.682
55.462
54.998
54.534
54.991
55.447
54.572
51.45
43.906
43.586
54.534
55.073
54.878
54.887
57.516
55.884
54.252
53.227
64.48
66.194
67.624
68.967
69.537
70.12
70.769
71.027
71.178
71.612
71.412
70.836
58.324
53.194
54.951
54.585
54.219
55.263
65.073
74.883
74.982
75.003
75.081
75.015
74.962
75.132
75.167
75.282
75.432
65.779
56.125
54.786
54.954
55.4
54.186
55.504
56.041
56.468
55.885
55.571
55.916
56.811
55.896
56.52
56.369
55.816
55.704
55.337
55.397
55.445
55.602
55.69
56.503
57.284
76.3
76.308
76.371
76.521
76.652
76.701
76.845
76.961
77.093
43.189
44.373
46.529
48.684
77.256
77.137
77.09
77.043
77.065
77.076
77.13
77.162
77.1
77.107
77.09
77.073
76.793
76.617
76.159
47.327
44.26
44.278
44.673
45.068
44.885
45.02
47.518
48.016
48.674
49.332
49.622
62.946
63.2
63.807
63.661
63.515
63.176
50.072
50.415
50.8
50.966
51.132
51.181
51.351
51.52
51.482
51.586
51.69
51.456
51.232
51.008
51.147
51.162
51.177
51.097
51.163
51.23
51.081
50.933
50.706
50.572
50.437
49.975
50.386
50.797
50.995
51.192
49.134
50.68
49.41
51.1
49.874
49.319
50.415
50.091
49.488
49.869
50.278
49.903
49.516
50.011
50.282
49.748
49.577
50.12
50.194
49.663
49.647
50.217
50.041
49.609
49.856
50.195
49.957
49.575
49.986
50.228
49.788
49.699
50.127
50.106
