56.656
57.308
57.541
58.202
57.714
57.657
57.5
58.7
57.728
57.572
57.666
58.495
57.891
57.5
57.722
58.89
57.568
57.604
57.45
58.978
57.524
57.092
57.738
57.858
62.273
62.18
61.908
61.98
61.858
61.874
61.969
61.923
61.948
57.903
57.888
73.976
73.954
58.005
57.855
61.951
61.915
61.956
62.037
57.435
59.727
62.019
61.242
59.471
60.035
60.384
59.859
61.251
61.707
62.155
62.466
62.648
63.092
62.59
62.12
61.882
52.76
53.07
53.103
52.396
58.177
61.995
61.836
61.82
61.665
57.96
57.93
61.684
61.728
61.726
61.739
57.869
57.876
57.909
58.025
57.955
58.12
58.285
57.969
57.9
57.861
62.159
63.364
61.255
61.58
61.705
61.662
61.842
62.11
62.217
62.161
62.098
62.032
61.918
61.897
61.967
61.903
61.706
61.653
46.009
45.912
61.3
61.62
60.864
60.086
60.91
59.745
61.117
61.024
61.659
61.944
61.919
61.81
61.741
61.679
61.723
61.577
61.578
61.58
61.392
57.908
57.817
46.111
46.42
61.671
60.862
60.182
59.579
60.452
59.445
59.602
59.082
59
58.912
58.207
57.881
57.996
58.207
58.187
57.928
57.879
57.716
57.715
57.222
56.802
56.747
56.692
58.603
57.99
58.443
57.358
57.903
58.494
58.019
57.744
57.302
58.735
58.119
56.857
56.687
56.683
56.822
56.745
56.435
56.601
56.739
57.173
57.125
57.122
56.956
56.806
56.735
56.773
56.927
57.063
57.537
57.785
57.339
57.24
57.206
57.123
56.708
54.792
57.721
58.327
57.973
57.62
58.383
59.147
61.685
62.039
58.197
57.97
58.432
59.496
59.352
60.676
58.994
61.01
59.327
59.638
60.619
59.114
60.438
59.824
60.002
59.89
60.129
59.827
59.716
60.17
59.281
59.948
59.658
59.943
59.264
60.141
59.662
59.973
59.669
60.266
59.493
60.084
59.843
59.688
59.734
60.38
60.053
59.97
60.355
59.928
59.304
59.76
59.749
59.71
59.045
59.091
58.313
57.22
56.83
57.023
57.133
57.339
57.756
57.483
61.914
61.974
61.836
52.678
53.325
53.126
55.731
58.336
57.848
57.433
57.166
57.516
58.016
58.309
58.395
58.284
58.062
57.84
57.645
57.701
57.84
58.087
58.337
58.128
57.905
58.073
58.11
57.835
57.867
58.217
58.195
57.731
57.779
61.947
62.036
57.781
57.933
58.186
57.915
57.872
57.935
59.985
62.035
61.667
57.403
61.168
61.601
62.035
61.907
61.934
62.017
62.1
62.101
61.902
62.044
