65.111
62.15
62.204
58.07
58.378
58.621
58.53
58.592
59.209
59.331
59.387
60.224
60.007
59.597
59.529
60.102
59.692
58.981
59.111
59.621
59.701
59.623
59.065
58.58
55.369
54.848
56.369
57.891
57.823
58.214
58.177
57.572
57.899
58.024
57.762
57.852
57.864
57.684
58.03
58.213
57.962
57.925
58.118
58.077
67.593
66.337
65.082
77.05
77.062
59.947
59.124
58.925
58.662
59.037
59.248
59.664
59.958
59.916
59.879
59.817
59.861
59.857
59.96
59.77
59.455
77.088
77.008
43.472
43.082
42.989
43.164
62.78
61.973
61.761
61.738
61.635
61.529
61.419
61.42
61.614
61.649
61.549
61.448
46.18
44.217
45.015
45.813
46.277
61.647
61.675
61.663
60.793
49.453
47.465
47.906
61.54
61.373
61.493
61.613
62.066
62.519
62.648
62.679
62.488
48.005
47.943
62.627
62.517
48.117
48.203
48.059
48.078
47.793
48.079
48.05
47.997
48.159
62.859
62.901
63.066
63.136
63.173
63.162
63.134
63.064
63.006
62.933
62.852
62.931
62.887
62.947
63.007
63.006
62.87
62.639
47.966
48.014
47.911
47.973
47.989
48.08
48.017
48.268
62.797
62.764
62.676
62.74
48.013
47.741
62.698
62.406
62.001
48.095
48.114
48.033
47.941
48.08
48.08
47.901
48.082
47.893
48.211
47.843
48.054
47.994
47.639
48.049
48.195
48.141
48.04
48.13
47.951
47.897
47.876
47.981
47.825
48.225
48.068
47.953
47.927
48.013
48.129
47.905
47.79
47.721
47.669
47.838
48.332
47.87
49.229
52.669
53.202
52.621
53.454
51.636
53.961
54.357
54.528
54.671
54.122
54.412
54.394
54.517
54.337
54.143
53.954
54.6
55.461
56.257
57.054
59.312
61.57
61.553
61.879
61.792
61.64
61.517
61.997
62.485
62.565
62.511
62.493
62.507
62.423
62.444
62.339
62.503
62.606
62.73
62.682
62.269
62.892
63.514
63.051
63.052
62.038
62.1
63.13
62.33
62.37
62.409
62.507
62.515
62.523
62.723
62.529
62.335
62.278
62.329
62.38
62.314
62.369
62.424
62.375
62.378
62.382
62.552
48.327
47.809
62.946
63.023
54.853
54.989
55.125
62.858
62.908
62.86
62.925
62.954
62.983
62.988
62.987
62.991
62.995
62.991
63.04
63.009
62.977
63.057
62.998
62.939
61.437
59.935
52.629
53.11
53.109
53.133
63.483
63.705
63.761
64.607
64.366
64.911
64.952
64.723
64.924
65.076
64.877
65.037
65.171
65.245
65.267
65.253
65.189
65.237
65.318
65.441
65.393
65.31
65.252
65.162
65.016
65.01
65.051
64.962
64.95
65.115
65.237
65.191
65.067
64.998
65.123
65.219
65.206
65.093
64.911
64.259
63.6
62.942
63.207
72.035
72.012
65.315
64.747
64.496
64.788
64.256
64.702
63.716
63.934
64.121
64.298
64.471
65.076
64.018
66.041
65.172
64.753
64.841
64.978
65.347
65.778
66.305
66.566
66.8
66.662
66.514
66.496
66.467
66.343
66.535
66.565
66.229
53.738
53.02
53.208
53.6
52.323
53.575
65.495
65.423
64.974
64.839
65.051
65.339
65.589
65.994
66.308
66.437
66.573
66.676
66.47
66.557
66.609
66.412
66.306
66.234
66.064
65.74
65.254
64.828
64.497
64.314
64.39
64.526
64.575
64.603
64.641
64.528
64.387
64.294
64.4
64.476
64.537
64.665
64.788
64.731
64.617
64.526
64.745
65.303
65.799
66.219
66.402
66.057
66.252
66.542
66.809
66.97
67.078
67.148
48.191
48.543
47.587
