66.228
66.119
48.045
47.914
48.195
47.8
48.222
47.831
48.085
47.97
47.977
48.04
48.081
48.123
47.957
48.055
47.777
48.056
48.102
47.866
48.057
48.001
47.915
48.043
48.084
48.114
47.98
48.038
48.084
47.845
48.125
47.928
48.099
47.918
47.984
48.015
47.059
46.133
53.609
58.768
58.257
58.152
58.333
58.808
59.246
59.705
60.39
60.793
61.027
61.145
61.108
61.035
61.116
61.151
61.15
61.09
61.137
61.196
61.315
61.416
61.552
61.561
61.415
61.053
60.383
58.995
45.663
46.249
45.943
45.957
46.318
45.729
46.037
45.771
66.702
66.611
66.288
66.319
66.052
66.845
67.638
67.84
68.19
68.237
68.141
67.866
67.703
67.669
67.636
67.868
68.044
68.162
68.252
54.264
52.915
53.096
53.389
52.678
53.298
53.495
68.089
68.079
68.145
68.211
68.373
66.495
66.343
68.441
68.378
68.45
68.405
68.191
68.23
68.155
68.127
68.176
68.071
68.05
68.134
68.137
68.216
68.261
68.298
68.263
68.166
67.982
67.361
46.339
46.492
46.596
46.699
47.001
48.164
49.328
49.497
64.462
64.258
64.189
64.325
64.465
64.825
64.842
64.926
65.026
65.006
64.992
64.971
64.957
65.021
65.164
65.125
65.218
65.189
65.227
65.205
65.177
65.123
65.057
64.985
65.547
65.453
65.316
65.202
65.1
65.089
65.186
65.238
65.444
65.572
65.58
65.563
65.496
65.406
65.404
65.43
65.475
65.073
63.024
60.975
61.068
61.123
60.998
61.121
53.584
52.709
53.481
66.406
66.214
65.929
68.03
67.555
67.38
66.214
67.419
67.062
66.919
66.775
66.955
69.908
68.541
67.173
53.127
52.656
53.232
53.468
52.579
52.991
68.083
67.874
67.899
67.778
61.098
60.962
68.028
68.386
68.651
68.453
68.382
68.412
68.436
68.348
68.313
68.038
65.749
61.779
57.808
58.403
58.228
58.511
58.291
58.238
57.976
66.468
66.514
66.271
57.881
62.323
66.764
67.666
68.066
68.224
68.149
67.965
67.931
67.932
67.924
67.887
67.983
68.079
68.129
68.085
68.112
68.03
67.989
68.02
68.068
68.128
68.185
68.259
68.097
68.042
68.131
68.077
67.994
67.944
67.989
68.026
68.104
68.165
68.22
68.042
68.234
68.138
68.083
68.049
68.02
68.012
68.025
68.13
68.214
68.076
67.725
67.161
66.471
66.159
66.102
66.071
66.153
66.277
66.333
66.334
66.233
66.102
65.986
66.065
66.014
65.936
66.025
66.327
66.427
66.433
66.544
66.519
66.416
66.408
66.376
66.095
65.316
49.683
50.823
50.597
65.994
66.064
65.788
65.56
65.58
65.859
66.003
59.23
62.972
66.714
66.62
66.526
66.455
66.379
70.005
70.008
70.024
66.415
66.536
66.57
66.578
66.414
66.318
66.369
66.464
66.447
66.429
66.514
66.63
66.589
66.332
66.103
52.261
50.36
51.292
51.95
50.532
51.697
50.333
