72.974
72.98
70.99
71.004
71.045
70.994
71.028
70.988
71.007
70.994
71.045
70.995
71.025
70.966
65.84
66.059
66.02
66.033
65.982
65.967
65.987
66.018
65.998
65.98
66.013
65.986
65.986
66.01
65.962
66.06
66.03
66.003
66.064
66.011
65.969
66.083
62.279
63.872
63.65
63.33
63.01
57.95
56.916
57.095
57.381
57.638
57.108
57.648
57.65
57.595
58.092
58.673
58.696
58.692
58.683
58.534
58.846
59.037
58.893
58.713
58.788
58.994
59.127
59.22
59.188
59.012
58.985
58.716
58.375
58.883
59.081
58.794
58.729
59.158
59.334
59.264
59.056
58.694
58.772
58.856
59.067
59.381
59.58
59.606
59.36
59.284
59.103
58.97
59.049
59.144
59.291
59.339
59.378
59.275
59.231
59.088
63.527
67.966
67.985
67.999
68.013
54.723
55.473
56.553
56.97
51.775
52.119
52.747
53.067
52.053
51.909
51.681
63.326
63.14
63.204
63.269
62.943
63.04
63.268
62.882
63.082
63.237
56.477
55.592
55.536
55.664
55.876
56.382
56.889
57.366
58.003
57.851
58.705
58.01
58.366
57.367
58.068
57.461
58.069
57.427
58.695
58.139
58.726
57.966
58.005
58.476
59.252
58.887
59.398
59.286
59.615
58.959
58.963
59.243
58.852
59.521
59.125
59.223
57.681
58.615
59.112
59.229
58.972
59.638
59.538
59.942
60.481
60.935
60.99
60.78
60.534
60.3
60.493
60.636
60.77
60.936
61.036
60.844
60.339
58.471
69.689
69.973
69.993
70.012
53.235
53.011
52.472
52.85
53.027
53.31
53.74
53.217
53.605
53.722
54.2
54.243
54.691
54.783
54.33
54.553
54.114
53.795
53.812
72.911
72.919
69.984
70.011
70.05
69.896
69.987
69.967
61.173
61.235
69.956
69.974
69.929
69.968
69.957
69.973
70.043
70.026
70.007
69.997
70.01
69.986
70.017
70.004
70.001
69.965
62.407
62.167
61.636
62.019
62.085
62.362
62.638
62.862
62.815
62.777
62.682
70.134
68.314
70.167
68.297
68.285
63.358
63.419
63.322
63.222
63.156
62.962
62.93
63.016
63.174
63.296
63.298
63.405
63.283
63.223
75.076
75.057
75.1
75.097
63.283
63.241
63.218
63.176
63.219
63.262
63.231
63.203
63.259
63.346
63.5
63.453
63.357
63.314
63.273
63.223
63.244
63.336
63.441
63.42
63.371
63.299
63.313
63.367
63.37
63.327
63.267
63.309
63.409
63.517
63.532
63.562
63.487
63.462
63.3
63.293
63.345
63.518
63.561
63.586
63.554
63.399
63.235
63.271
63.353
63.385
63.373
63.361
63.529
63.562
69.967
70.039
69.996
69.948
70.08
69.844
69.885
70.433
71.404
70.642
71.297
70.63
70.899
70.809
70.621
71.233
70.546
71.346
70.505
69.9
70.268
69.715
70.346
69.721
70.365
69.832
70.035
70.19
69.911
70.227
65.5
65.956
66.028
66.051
65.997
65.968
66.001
66.002
65.989
65.993
65.999
61.612
60.778
61.026
61.7
61.306
60.683
60.83
61.938
61.553
63.643
63.801
63.986
63.812
63.411
63.009
62.963
62.615
62.266
63.883
63.816
63.888
64.048
64.506
64.768
65.03
62.158
63.884
65.61
65.733
65.695
65.738
53.991
54.014
54.093
65.809
65.857
65.948
65.86
65.835
65.775
65.463
65.211
65.43
65.631
65.572
65.228
64.752
64.778
64.687
65.41
65.681
65.778
65.965
66.086
65.988
65.978
65.995
66.081
66.035
65.655
64.666
62.828
58.195
56.636
56.361
67.581
67.883
68.009
68.013
68.101
68.01
60.073
59.679
59.48
59.45
59.441
59.395
59.23
58.57
58.721
55.357
56.323
74.981
74.999
75.021
71.406
67.791
67.875
59.334
58.896
58.794
59.057
59.249
59.341
59.202
59.097
59.175
68.06
68.028
59.152
59.389
59.464
59.416
59.371
59.224
58.604
58.284
55.599
56.496
60.033
59.908
59.835
60.062
60.289
61.028
61.063
61.531
61.938
61.896
61.629
61.256
61.349
61.269
61.097
61.419
61.533
61.485
61.496
61.119
60.748
67.987
68.016
68.021
67.986
60.149
60.01
59.786
60.273
60.76
67.941
67.976
61.111
61.165
61.139
60.899
60.623
58.769
57.09
57.432
57.775
60.91
60.999
60.718
60.913
61.066
69.96
69.926
70.055
69.909
70.009
70.01
69.933
70.108
70.149
70.19
69.91
70.089
69.976
