58.386
63.07
62.959
62.979
62.984
63.054
65.916
65.937
65.939
65.963
65.994
65.922
65.924
65.999
65.979
66.021
66.006
65.992
65.985
65.984
65.98
66.008
65.862
63.554
61.246
61.427
60.619
61.764
61.411
61.058
60.954
70.056
69.952
60.633
61.186
60.81
61.054
61.006
61.144
61.054
60.755
60.813
60.886
60.898
61.094
61.141
61.321
58.449
59.875
62.664
60.447
62.847
65.247
64.85
64.832
64.893
65.163
65.166
65.895
66.087
66.005
66.098
65.94
57.777
59.25
55.256
55.523
55.961
56.595
56.48
55.673
56.81
57.453
56.962
57.969
58.396
58.389
65.996
65.941
59.337
58.727
58.214
58.173
58.132
58.795
58.864
58.785
58.898
59.095
59.048
58.725
58.493
58.46
57.925
58.889
59.199
59.355
59.178
58.97
59.089
59.189
59.165
59.023
58.92
58.946
59.06
58.936
58.619
58.768
59.132
59.351
59.24
59.286
59.489
59.378
59.271
59.476
59.353
59.526
59.269
58.34
58.063
51.579
51.504
51.964
52.21
51.98
52.117
52.146
51.895
63.996
63.739
64.199
64.316
64.089
64.641
65.192
65.659
66.126
66.047
66.029
65.992
65.918
66.062
65.955
65.848
65.742
60.663
55.584
55.896
56.209
56.285
55.679
56.222
55.85
56.454
56.52
57.023
57.526
57.671
57.815
57.806
57.797
58.456
58.517
57.53
58.65
57.906
58.246
58.332
58.214
58.865
58.363
43.33
43.59
49.313
46.215
52.263
58.311
59.606
59.585
59.568
59.589
59.389
59.363
59.204
59.204
57.961
54.124
54.294
60.126
60.935
60.594
60.802
60.522
60.891
60.494
60.892
60.468
60.216
59.18
56.941
55.028
53.008
52.308
51.817
52.535
53.798
54.066
55.101
54.357
54.994
54.58
54.039
54.481
54.455
54.352
54.295
54.5
54.137
54.72
54.996
54.037
54.516
54.518
54.321
54.422
54.487
54.44
54.392
54.394
63.951
64.719
63.723
53.952
54.7
54.553
54.527
55.291
59.046
59.196
58.804
58.864
58.565
58.92
59.287
58.849
58.962
58.77
61.668
60.994
61.369
61.788
59.014
58.85
58.976
59.102
63.4
63.598
63.585
63.407
63.228
63.686
63.866
64.047
64.125
64.233
64.036
63.976
63.931
63.983
64.329
64.163
63.977
63.952
64.422
64.158
64.068
64.03
64.105
64.069
64.07
64.04
63.792
63.963
64.024
64.083
64.098
63.847
64.017
63.91
63.822
63.356
62.818
61.488
60.158
60.013
59.868
60.947
62.937
64.927
64.26
64.453
64.554
64.445
64.79
64.944
65.461
65.773
65.946
66.068
66.081
66.011
65.966
65.951
65.918
65.943
65.98
65.957
66.042
66.15
66.119
65.944
65.622
65.006
63.902
62.792
62.762
62.732
63.204
63.385
63.462
63.444
63.483
63.4
63.207
63.254
63.32
62.997
62.445
63.766
58.639
59.097
59.107
59.118
58.952
58.718
59.315
62.122
61.522
60.8
61.336
61.628
61.973
62.369
74.826
74.971
75.058
62.996
63.031
62.864
63.158
63.343
63.321
63.28
63.276
63.376
63.382
63.301
63.158
62.657
61.869
58.415
58
70.161
69.961
70.009
70.019
69.974
69.944
70.035
69.938
70.022
70.006
70.036
70.046
70.055
66.077
66.016
65.977
65.899
65.908
66.037
62.998
63.028
62.952
62.944
62.596
61.082
61.52
61.373
61.225
61.706
61.326
62.902
62.108
60.632
63.479
62.965
62.423
65.863
66.022
66.072
66.067
65.969
63.363
61.975
65.975
66.08
65.982
66.092
65.669
64.656
65.212
65.351
64.984
65.59
65.764
65.902
66.036
66.1
66.153
66.21
66.187
66.226
66.242
66.298
66.059
65.607
65.75
65.426
66.028
66.009
58.273
59.569
59.11
65.479
64.589
64.173
64.786
63.867
65.047
65.066
65.616
65.911
65.986
66.186
66.275
65.931
65.837
65.859
65.743
65.046
63.889
62.884
58.023
55.418
55.472
54.748
55.745
58.17
58.785
58.909
59
59.227
59.414
59.354
59.241
58.819
57.606
75.031
75.002
74.983
74.938
58.789
58.506
58.883
58.606
58.39
59.045
59.45
59.738
59.639
59.631
59.508
58.985
58.81
58.944
59.253
59.324
59.467
58.97
58.369
58.981
56.175
56.037
58.074
60.112
59.877
59.697
59.93
60.472
60.944
61.43
61.656
61.766
61.736
61.672
61.652
61.788
61.525
61.551
61.603
61.362
61.492
60.54
64.333
57.519
50.705
50.457
51.752
60.239
59.836
59.735
60.232
61.082
61.387
60.93
61.455
59.121
60.218
61.315
61.175
61.211
61.125
61.041
61.239
60.919
64.481
62.952
61.423
61.306
61.175
61.459
61.933
61.596
61.137
61.042
58.179
61.109
61.207
61.304
