44.779
45.505
62.491
62.786
62.893
63.186
63.264
63.6
64.045
64.53
64.788
64.64
64.492
64.029
62.838
61.246
60.714
62.258
62.565
63.288
63.499
63.345
63.448
63.359
63.268
63.377
63.211
62.956
63.091
62.253
61.718
61.2
61.023
61.091
61.106
61.259
61.187
61.269
61.069
61.223
61.385
61.463
61.462
61.163
61.263
61.231
61.156
61.119
61.004
61.013
61.003
61.127
61.193
61.657
61.593
62.16
62.205
62.77
63.106
63.275
63.254
62.917
62.575
61.706
50.839
50.745
50.651
44.296
43.09
63.302
62.995
63.059
63.117
63.153
63.27
63.274
63.217
63.231
63.289
63.354
63.315
63.204
63.132
63.145
63.251
63.242
63.305
63.201
63.161
63.156
63.201
63.247
63.283
63.289
63.216
63.138
62.824
61.156
44.447
43.992
63.704
62.536
61.891
61.964
62.037
62.422
62.933
63.19
63.36
63.435
63.28
62.903
62.496
62.043
71.051
71.01
70.872
60.889
61.337
61.785
61.637
61.31
61.586
61.639
61.448
61.307
61.078
61.293
60.696
60.428
59.542
59.409
59.621
59.538
59.494
59.303
59.246
59.112
59.194
59.303
59.462
59.499
59.551
59.416
59.252
59.032
58.598
58.255
58.571
59.008
59.185
59.508
59.753
60.131
60.276
61.176
61.379
61.601
61.545
61.098
60.752
60.666
60.881
61.159
61.346
61.375
60.983
60.154
56.879
58.959
56.876
54.792
53.572
53.973
54.375
54.369
53.846
54.421
53.955
54.083
53.984
58.973
53.393
58.244
63.096
61.132
61.045
60.936
60.781
60.955
61.372
61.556
61.639
61.587
61.343
60.864
58.705
61.239
58.096
58.463
58.83
59.793
59.574
59.32
59.419
59.235
59.362
59.506
59.592
59.654
59.596
59.306
58.181
44.526
43.93
43.881
50.858
61.951
61.444
62.099
61.37
61.983
61.718
61.868
61.739
61.589
61.784
61.649
60.705
60.541
71.133
70.888
49.529
55.839
62.15
61.888
61.59
62.056
62.607
62.962
63.38
63.784
64.03
63.978
64.242
64.403
64.513
64.327
64.261
64.194
64.473
64.206
64.493
64.095
64.387
64.278
64.632
64.6
64.637
64.28
64.231
63.577
62.827
62.039
61.005
60.785
60.565
60.917
60.619
60.142
60.122
60.661
60.876
61.093
61.237
61.363
61.466
60.972
60.902
60.872
60.755
60.942
61.379
61.095
61.636
61.414
61.793
61.51
62.03
61.829
61.629
61.231
61.365
61.361
61.1
60.996
61.065
61.135
61.377
61.358
61.341
61.199
61.135
61.293
61.582
62.033
61.153
61.549
61.161
61.06
61.269
61.316
61.389
61.463
65.972
66.173
66.873
67.37
67.868
67.827
67.877
67.927
67.889
67.907
67.953
67.999
67.961
67.364
46.269
47.178
46.801
47.07
47.337
49.898
48.172
46.446
70.94
71.007
70.978
70.999
70.91
70.968
70.943
51.556
50.71
49.864
48.145
49.153
48.709
49.14
73.062
73.023
72.942
72.975
