57.913
57.961
58.021
58.016
57.81
57.264
65.139
64.912
57.095
57.185
65.006
64.935
57.168
57.1
64.985
64.972
57.176
57.062
64.975
64.965
57.144
57.122
64.943
65.025
57.169
57.015
57.014
57.013
57.156
56.887
56.943
56.999
57.189
64.987
64.955
57.08
57.116
64.97
64.969
57.059
57.114
64.959
64.983
57.185
57.119
56.832
57.301
57.77
57.669
62.115
62.087
61.958
61.934
61.909
61.947
57.877
57.891
57.926
58.088
57.934
57.921
57.942
58.065
57.565
57.065
58.276
59.008
59.634
60.105
60.073
60.872
60.772
61.256
61.41
61.482
61.516
61.524
61.563
61.283
61.711
62.139
61.911
52.942
52.788
53.117
53.445
62.223
61.51
61.245
61.19
61.744
61.776
57.819
57.921
58.04
57.928
57.951
57.974
57.953
57.937
58.03
57.903
58.036
57.969
57.981
58.071
61.774
62.077
61.864
61.713
61.564
61.499
61.551
61.683
61.957
62.191
62.148
62.123
62.038
62.012
62.006
62.007
61.956
61.962
61.972
61.919
61.814
61.2
60.232
60.039
60.567
59.744
60.766
61.353
61.514
57.894
57.947
58.007
57.856
62.249
62.14
62.116
61.885
61.869
61.817
61.654
61.097
58.093
57.982
57.96
57.953
61.956
60.381
59.805
59.952
59.408
60.086
59.044
59.228
59.484
58.796
58.803
58.739
58.439
58.291
58.141
58.328
57.974
57.96
58.05
57.984
57.938
58.365
59.603
57.76
58.41
57.243
60.677
59.235
59.99
60.197
58.457
57.123
56.939
57.197
57.455
57.159
56.985
56.856
56.822
56.723
56.865
57.374
57.414
57.338
57.187
57.256
57.305
57.25
57.056
57.099
57.532
57.65
57.205
57.077
57.337
57.395
57.244
57.172
56.934
59.564
59.662
59.77
59.932
59.727
61.536
58.214
58.032
58.294
58.29
60.037
61.018
59.189
60.386
60.75
59.302
60.886
59.499
59.65
59.726
58.802
57.878
62.103
61.964
61.935
62.186
61.104
60.021
59.627
59.436
60.131
59.384
59.838
60.033
60.009
59.666
60.08
60.26
59.436
60.62
59.525
59.861
60.314
59.387
59.825
60.04
61.584
59.974
61.577
61.536
61.496
59.688
59.1
58.511
61.823
61.856
61.907
61.959
61.923
62.036
62.02
58.006
58.029
57.997
57.956
57.828
57.775
57.655
57.534
57.576
57.652
57.687
57.807
57.848
57.979
58.041
58.072
57.991
57.87
57.809
57.919
58.002
58.127
58.163
58.099
58.097
58.238
58.153
58.087
57.968
58.096
58.023
57.945
58.117
58.129
61.848
61.841
62.034
57.747
57.996
58.021
57.929
57.978
58.007
57.895
57.916
57.928
57.862
58.216
57.898
57.946
57.869
57.941
57.995
57.936
58.108
57.874
57.888
57.864
58.031
57.932
58.002
58.007
57.91
57.918
57.984
57.965
57.726
51.038
50.023
50.464
50.905
51.295
51.473
51.652
51.543
51.204
51.754
52.088
52.155
51.905
52.018
52.634
53.405
58.571
58.411
58.252
57.858
58.85
59.245
59.115
59.308
60.398
59.541
61.234
61.729
62.118
62.235
62.207
62.388
62.389
61.927
61.739
61.807
61.66
61.849
61.802
61.744
61.497
61.023
60.516
60.214
59.021
58.88
58.738
58.832
58.713
58.595
58.469
58.036
57.499
57.481
57.516
57.664
57.682
57.818
57.708
57.688
57.8
57.8
57.623
57.514
57.595
57.452
57.886
57.717
57.365
58.096
58.125
57.652
57.879
58.189
57.982
57.791
57.963
58.042
57.859
57.373
64.746
65.026
65.257
65.048
64.929
64.961
65.09
58.195
57.764
57.406
57.074
57.074
57.402
58
58.219
58.424
58.39
58.239
58.172
58.133
58.161
58.138
58.099
58.142
58.083
57.83
57.721
57.9
58.118
58.123
57.787
57.525
57.939
57.933
57.854
58.079
58.236
58.139
58.045
58.063
58.096
58.072
57.943
57.933
57.919
56.909
57.561
58.214
58.342
63.231
63.065
