52.759
52.425
54.428
52.556
52.698
54.186
52.55
52.705
53.633
52.866
52.737
52.764
53.419
53.123
52.324
54.532
54.713
56.547
55.131
55.568
56.419
55.147
56.174
56.065
54.653
52.485
53.002
53.781
52.797
52.8
53.367
53.386
51.885
49.106
46.327
45.912
45.967
46.001
46.014
45.983
46
46.015
45.997
45.981
45.907
45.982
45.974
45.935
45.79
49.46
53.13
53.09
52.881
53.051
52.93
52.81
52.996
52.978
52.983
52.942
53.064
52.793
53.619
52.547
53.182
52.929
52.237
52.384
52.53
53.363
54.196
55.239
56.282
56.756
57.231
57.116
57.002
57.418
57.834
57.558
57.281
59.714
62.147
62.343
62.189
62.035
64.313
63.219
62.124
61.913
61.701
62.456
62.228
61.999
62.399
53.449
45.798
46.091
46.193
46.186
45.799
45.953
46.108
46.252
46.235
46.219
49.777
53.336
62.034
62.138
62.13
62.121
62.007
54.003
46
46.064
46.068
48.23
48.883
49.536
50.855
51.087
51.133
50.82
50.626
51.207
51.122
50.993
50.927
50.921
57.926
57.377
57.56
57.539
57.657
57.735
58.044
58.349
58.299
58.145
57.942
57.87
57.568
57.402
57.481
57.6
58.118
58.069
58.161
58.027
58.068
57.982
57.921
57.671
57.405
57.51
57.92
57.99
58.196
57.966
50.511
50.927
62.285
61.793
61.592
61.613
61.834
62.357
62.911
63.514
63.772
63.861
63.725
63.58
63.353
63.155
62.689
62.462
62.451
63.085
63.068
62.978
62.973
62.995
63.021
63.135
63.007
63.145
63.069
62.49
62.924
51.039
50.874
62.991
62.998
62.746
62.493
61.449
61.577
60.876
61.526
61.334
61.514
61.541
61.488
61.686
61.4
61.112
60.142
63.25
62.968
62.893
63.086
63.15
62.466
61.385
61.465
61.093
61.478
62.02
62.696
63.071
63.265
63.211
63.037
62.853
62.859
62.851
62.891
63.05
63.224
63.246
63.268
63.16
63.028
63.043
63.076
63.152
63.08
63.232
63.323
63.35
63.331
63.256
62.856
49.587
49.926
49.708
50.244
49.787
50.128
49.394
50.122
49.705
50.954
47.31
47.92
47.812
48.042
48.311
48.06
47.842
48.06
47.813
47.766
47.99
47.79
55.873
55.704
55.852
56.262
56.216
56.589
57.199
56.516
57.435
56.84
57.696
57.609
56.935
56.464
56.219
55.975
56.934
57.898
57.901
57.322
57.697
57.64
57.575
57.925
57.53
58.2
58.248
58.737
57.726
48.036
47.75
48.406
48.298
47.796
47.985
62.423
62.089
61.851
62.001
62.561
63.023
63.339
63.442
63.283
63.265
63.222
63.067
62.565
62.322
62.684
62.961
63.061
63.056
62.976
62.937
62.906
62.849
62.834
62.831
62.615
61.822
