48.709
48.186
47.656
47.298
46.94
48.012
49.085
50.385
49.915
50.2
49.879
50.797
49.498
50.614
48.935
49.569
49.862
47.129
44.396
45.182
45.475
45.081
44.659
44.65
45.084
45.53
45.097
44.875
45.218
44.875
45.026
44.966
44.074
53.691
53.1
58.18
58.114
55.747
53.379
61.414
59.8
58.185
57.858
54.944
52.03
52.285
52.497
52.463
52.413
52.84
53.135
53.385
53.554
53.368
53.162
53.095
53.09
53.178
53.346
53.38
53.342
53.21
53.162
53.117
53.147
53.078
53.024
52.919
53.147
53.069
53.161
53.372
53.841
53.882
53.434
52.582
53.049
52.863
61.754
61.662
61.924
52.752
53.451
46.14
45.896
46.009
65.127
65.163
65.273
65.23
65.127
65.07
65.122
65.301
65.332
65.347
65.244
65.236
64.961
53.196
52.911
53.041
64.877
64.964
64.938
64.931
65.019
65.102
65.255
65.442
65.55
65.447
65.373
65.231
65.156
65.053
64.982
65.059
65.211
65.259
65.186
65.037
66.534
65.802
64.643
65.448
64.906
65.047
64.947
65.079
65.094
64.903
65.033
65.014
65.138
65.049
65.024
65.146
65.17
65.159
65.203
65.14
65.152
65.007
64.934
64.875
64.847
64.812
64.541
64.606
64.579
64.622
64.007
63.695
62.606
61.93
61.211
60.4
59.721
60.02
60.246
60.199
60.367
60.347
60.285
60.78
61.226
61.637
61.943
62.204
62.276
62.29
62.267
62.327
62.187
62.142
62.092
62.044
62.11
62.139
62.154
62.21
61.185
61.659
61.407
62.546
62.795
63.541
62.78
62.685
63.551
62.999
62.773
63.303
62.931
62.793
63.395
63.001
62.933
63.643
62.828
63.471
62.462
62.332
61.821
62.276
62.126
62.218
64.938
64.621
63.822
63.592
64.403
64.603
64.803
65.025
65.125
65.316
65.63
65.452
65.332
65.292
65.246
65.197
65.209
65.136
64.756
63.34
61.923
58.857
58.663
58.47
71.981
72.053
63.613
63.486
63.313
63.422
72.007
72.107
72.004
72.028
64.437
65.009
65.113
64.876
64.995
65.154
65.161
65.168
64.908
64.82
65.197
65.226
65.168
64.993
64.923
65.198
65.298
65.102
65.081
65
65.11
65.274
65.122
65.134
65.245
65.144
65.251
65.504
65.401
65.335
65.368
65.313
65.049
65.126
67.602
66.401
65.199
70.055
69.991
65.205
65.148
65.186
65.398
65.255
65.001
64.439
63.765
62.465
62.983
62.575
62.971
63.219
63.378
63.514
63.503
63.457
63.306
63.271
63.159
62.972
62.703
62.858
62.617
62.537
62.575
62.609
62.754
62.699
62.979
62.598
62.539
63.007
63.475
63.8
64.099
63.965
64.133
57.945
57.912
57.938
62.007
66.076
66.337
66.341
66.124
65.836
65.695
65.801
65.794
75.036
75.054
66.564
66.763
66.756
66.53
66.233
66.045
65.779
65.962
66.028
66.173
66.557
66.761
66.629
66.533
66.341
66.396
66.451
66.492
66.471
66.323
63.034
63.012
63.001
62.972
63.014
66.447
66.482
57.92
57.932
57.917
57.969
58.021
57.776
57.94
57.999
57.93
53.791
54.342
53.517
61.169
73.031
72.996
73.02
73.057
73.019
73.061
72.984
73.019
73.034
