52.789
53.02
53.128
53.833
53.519
54.089
53.77
52.817
52.794
52.771
52.671
52.855
53.067
52.584
52.899
53.214
70.028
70.081
70.019
59.281
60.148
59.332
60.092
60.135
59.898
53.87
53.618
53.367
49.692
46.017
45.294
45.668
46.041
46.27
58.854
59.371
59.415
59.459
45.51
46.189
46.094
61.511
61.769
46.179
45.948
61.559
61.788
61.908
61.913
61.896
62.069
62.052
62.048
61.99
62.012
62.055
62.011
61.975
61.967
61.895
61.975
62.043
61.994
61.953
62.05
62.149
61.97
61.763
61.752
61.153
58.471
55.75
53.029
53.338
52.751
52.963
53.009
53.241
62.145
61.785
61.644
61.577
61.795
61.904
62.03
62.082
61.934
61.834
61.647
53.083
53.009
53.003
52.91
52.9
52.97
53.022
52.974
52.995
53.004
53.02
53.119
52.981
53.021
52.971
53.031
53.05
53.101
45.193
44.447
46.101
52.85
62.538
62.258
62.12
62.255
62.326
62.193
61.768
52.945
53.109
45.769
45.833
45.851
46.407
62.106
61.938
61.982
62.181
62.453
62.705
62.952
63.086
63.16
63.038
62.943
63.092
63.083
62.9
62.917
62.936
62.922
62.811
46.153
45.455
46.957
44.792
45.446
46.419
62.521
62.127
61.751
61.766
61.507
61.679
61.699
44.723
46.53
45.328
46.551
45.294
45.258
44.677
44.096
43.976
43.857
44.452
46.728
45.452
46.342
45.486
46.384
45.833
60.826
60.162
59.938
59.714
45.359
46.263
46.154
45.487
46.577
45.306
46.301
46.169
45.64
46.368
45.604
45.919
46.441
45.239
46.209
46.059
45.591
45.907
46.135
57.701
58.077
58.261
58.337
58.397
58.449
58.763
58.245
58.584
57.915
58.389
57.937
58.106
58.094
58.021
58.139
57.754
57.728
58.72
57.016
69.998
70.081
69.999
70.043
59.809
60.226
59.625
60.186
60.346
60.481
61.075
61.417
61.453
61.473
61.571
61.59
61.706
61.826
61.866
61.779
61.781
61.837
61.816
61.742
61.78
61.839
61.843
61.878
61.867
61.845
61.829
61.791
61.762
61.888
61.826
61.838
61.893
61.878
61.903
62.011
61.968
61.901
61.887
61.955
61.912
61.891
61.545
61.59
61.066
61.974
61.925
61.809
61.643
61.66
61.674
61.718
61.899
62.11
62.134
61.984
61.732
61.358
61.48
57.667
53.855
53.507
53.158
53.261
52.964
52.923
52.883
53.074
52.672
53.453
52.584
53.04
53.041
52.68
53.678
53.103
52.528
53.382
53.01
53.21
52.678
53.576
62.384
61.982
62.033
62.037
62.132
62.221
62.362
62.424
62.456
62.454
62.391
62.294
62.183
62.174
62.127
62.181
62.351
62.612
62.693
62.904
63.139
63.072
62.997
63.035
63.011
62.95
62.95
62.722
62.391
46.034
45.679
46.046
46.033
45.615
45.883
46.584
45.632
62.966
62.422
62.288
62.189
62.15
62.225
62.274
62.311
62.377
62.297
62.135
61.848
61.33
60.829
60.254
59.952
59.846
59.795
59.804
59.914
59.996
59.812
59.866
59.77
59.764
59.529
59.315
59.066
58.502
57.957
57.866
57.658
57.405
57.829
57.708
57.664
57.954
57.812
57.69
57.894
57.9
57.777
57.881
57.983
57.874
57.583
56.874
56.164
57.088
58.013
57.805
57.658
57.694
57.635
56.92
57.372
57.022
56.475
56.077
54.772
54.452
54.867
55.744
55.952
56.206
55.993
57.366
56.026
57.103
57.108
56.107
57.323
56.786
56.816
56.418
56.839
56.858
56.34
57.299
56.282
56.934
56.945
56.402
56.8
56.031
55.74
57.595
56.716
57.23
57.745
56.838
58.096
57.768
57.457
57.773
57.862
50.654
51.86
52.267
51.269
51.253
51.238
56.954
57.214
56.495
56.528
57.226
57.062
57.498
58.131
58.445
58.699
58.363
58.331
58.415
58.362
58.461
58.277
58.004
58.163
58.39
58.585
58.42
58.432
58.159
58.163
58.28
58.46
58.488
58.026
56.462
54.803
