45.791
45.969
45.993
46.151
46.08
45.821
45.667
45.859
45.36
47.231
53.364
54.453
56.925
66.956
66.926
67.046
67.04
67.034
66.98
51.035
50.993
50.624
50.968
51.02
53.031
55.095
55.385
55.615
56.138
56.061
56.573
57.289
57.104
57.663
51.976
50.885
50.766
50.915
51.38
51.056
50.949
57.188
57.551
56.989
57.159
57.254
57.409
57.547
57.669
57.844
57.898
57.979
57.013
51.244
50.934
50.922
51.514
61.972
61.566
61.251
60.98
61.218
61.483
61.856
62.182
62.655
62.983
63.074
62.995
62.814
62.474
62.033
61.645
61.693
62.064
62.356
62.5
62.267
62.339
62.567
62.674
62.849
62.902
62.9
62.611
62.273
61.831
50.851
51.121
51.176
51.031
51.052
50.68
50.833
61.847
61.801
61.62
61.551
61.717
61.505
61.96
61.41
61.932
61.21
61.818
61.268
61.562
61.104
61.139
61.476
61.129
61.446
61.633
62.311
62.592
62.721
62.818
62.876
62.785
62.823
62.842
62.974
62.938
62.978
63.048
63.076
63.036
63.046
62.948
62.807
62.883
62.854
62.889
62.987
62.868
62.714
62.525
60.777
50.082
49.959
50.132
49.729
50.006
74.976
75.016
62.953
48.223
47.672
48.118
48.211
48.031
47.738
48.273
47.656
47.833
48.15
48.043
47.562
57.808
56.84
57.135
57.431
57.685
58.239
58.151
57.665
58.498
58.263
58.494
57.308
57.09
55.475
54.898
55.182
55.516
58.356
57.917
57.632
57.908
58.325
58.263
58.332
57.808
57.336
55.176
54.912
60.997
67.083
67.001
67.105
67.029
63.549
62.472
62.035
61.822
62.294
62.178
62.407
62.696
62.878
62.911
62.906
62.952
63.004
62.945
62.86
62.779
62.799
62.901
62.897
62.848
62.629
62.505
62.835
62.78
62.693
62.691
62.615
60.82
47.542
48.535
47.716
47.861
48.511
48.001
61.885
61.403
61.493
61.341
61.555
61.208
62.007
61.484
61.811
62.06
61.151
61.34
61.554
60.061
70.011
70.007
67.011
67.06
61.749
61.774
61.648
62.044
62.274
62.591
62.762
62.833
62.804
62.679
62.557
62.164
61.091
58.951
56.581
56.012
56.481
56.951
57.311
57.399
57.213
57.069
57.574
57.959
57.912
57.879
57.92
57.594
57.442
56.641
55.152
50.74
51.281
50.259
51.791
53.797
55.803
