53.134
52.989
52.666
53.075
53.079
52.793
53.085
52.598
54.231
59.682
58.758
58.257
59.92
60.094
60.268
61.127
60.672
60.163
61.491
60.046
58.39
57.886
59.948
67.941
67.99
68.009
68.028
60.446
61.217
59.85
58.484
61.8
65.116
64.87
64.956
55.64
55.473
55.448
55.772
56.38
56.54
56.172
56.577
56.487
56.154
56.199
56.439
56.388
56.507
56.712
56.405
56.416
56.584
56.293
58.944
59.345
59.025
59.12
59.388
61.412
61.389
61.369
61.561
61.827
62.138
62.501
62.829
63.067
63.29
63.205
63.176
63.197
63.179
63.069
63.072
63.098
63.257
63.306
63.312
63.263
63.329
63.406
63.299
63.177
63.149
63.317
63.386
63.241
63.211
63.321
63.312
63.24
63.199
63.289
63.362
63.346
63.346
63.241
63.211
63.356
63.138
63.055
63.246
63.339
62.956
63.137
63.21
62.908
62.8
62.13
61.242
58.698
59.039
59.317
58.871
60.816
62.762
62.537
62.408
62.177
62.905
62.851
63.49
63.792
63.902
63.805
63.885
64.027
64.371
64.096
63.919
64.044
64.29
64.137
63.919
64.002
63.957
64.234
64.257
63.863
63.85
63.898
64.039
64.561
63.441
63.604
49.75
59.92
70.089
69.918
56.017
55.343
56.793
61.814
62.027
59.797
60.703
61.609
62.013
62.417
62.64
62.862
62.712
62.562
61.532
60.687
60.589
61.011
61.436
61.753
61.461
61.191
61.233
61.279
61.121
61.047
61.149
61.074
61.102
61.405
61.504
61.194
60.656
60.275
59.966
44.594
43.773
42.952
44.989
44.949
44.503
44.057
46.008
47.958
48.258
45.235
43.531
53.778
54.052
54.048
54.055
54.061
53.991
54.072
54.017
53.872
54.209
54.102
52.753
51.815
51.798
52.103
51.767
52.111
52.139
51.701
52.076
51.433
51.29
50.833
50.933
50.763
50.726
50.69
50.64
50.661
50.544
62.69
74.584
74.722
72.74
68.202
68.176
68.193
68.211
48.838
48.9
59.362
58.954
58.939
59.488
59.402
59.316
59.104
59.078
58.713
58.685
63.245
64.006
64.244
64.055
64.114
64.153
64.168
64.505
64.872
65.071
65.6
65.499
65.693
65.61
65.403
65.676
65.687
65.479
65.666
65.263
64.762
64.831
67.954
66.331
66.013
65.901
65.818
65.911
65.771
65.386
65.602
65.893
64.844
63.795
65.782
67.77
68.061
66.197
64.844
64.768
64.691
64.342
64.862
65.382
65.331
65.892
66.142
66.308
66.842
67.034
65.898
65.923
66.483
66.475
66.265
66.126
66.269
66.798
66.611
55.902
55.863
56.141
66.609
66.328
65.881
65.624
65.75
65.97
66.023
66.024
66.023
66.089
66.207
66.155
65.959
65.827
65.784
65.644
64.176
63.485
70.06
69.807
64.845
64.338
67.231
62.408
63.551
64.694
65.089
65.739
65.632
65.851
65.943
65.906
65.513
65.667
65.854
65.696
65.761
65.991
65.951
65.523
65.235
64.84
63.587
70.008
70.099
64.41
58.196
58.125
58.054
57.651
65.726
65.87
66.067
65.5
63.988
63.657
63.508
63.493
63.581
63.858
64.068
63.945
63.575
63.079
62.32
60.718
59.998
60.061
60.603
61.068
61.522
61.716
61.994
62.302
62.336
61.985
63.03
62.347
63.092
62.801
62.396
61.854
59.351
60.952
60.867
60.876
60.885
60.869
60.785
61.109
61.056
60.835
60.807
60.795
61.036
61.169
61.293
61.199
61.166
61.18
61.083
60.853
60.79
60.91
61.236
61.51
61.658
60.733
61.316
61.017
60.781
60.604
73.026
72.971
72.985
72.954
72.936
72.961
72.967
72.952
59.863
59.508
60.037
59.81
60.301
60.632
60.895
61.169
60.875
60.849
60.937
60.742
60.613
72.999
72.953
72.906
61.24
61.368
61.017
61.195
60.861
60.634
60.794
61.002
60.975
61.218
61.39
61.415
61.869
61.501
61.474
61.288
61.327
61.313
61.263
61.407
61.32
61.459
61.598
61.652
61.467
61.378
61.344
61.161
61.199
61.097
73.02
73.058
61.235
61.116
60.977
60.972
60.967
60.946
60.791
61.045
61.012
62.185
60.759
60.738
60.882
60.879
60.7
60.715
60.891
60.933
60.975
60.643
60.82
60.984
60.502
60.02
59.939
58.655
59.108
58.925
58.829
59.309
58.731
66.074
66.011
66.023
66.012
59.117
59.341
59.378
58.894
62.397
62.338
60.294
59.394
62.181
60.207
62.519
62.275
59.403
58.517
58.741
58.966
58.736
62.621
62.658
63.043
62.966
63.034
63.111
62.877
62.741
62.889
62.552
68.786
75.02
75.044
75.026
58.045
58.135
75.028
75.03
74.957
72.491
70.026
70.068
62.956
62.94
63.07
63.023
63.11
63.111
63
62.597
70.048
69.948
57.744
58.611
74.973
74.958
