53.472
50.543
50.54
52.546
51.829
51.112
57.929
57.671
50.683
50.856
51.557
52.397
50.969
50.787
51.078
51.386
51.158
54.579
56.547
58.284
57.636
57.279
57.767
58.082
58.428
58.448
70.078
70.028
70.003
66.648
63.292
62.286
62.49
62.656
63.013
63.507
64.041
64.244
64.585
64.74
64.903
64.962
64.885
64.824
64.867
64.855
64.762
64.516
64.03
63.362
68.97
69.075
68.933
63.581
63.142
63.127
62.934
63.204
63.032
63.042
63.281
63.183
63.296
63.235
63.238
63.314
63.305
63.162
62.666
59.709
56.752
63.355
60.838
58.321
57.261
59.119
60.976
61.033
61.1
60.623
60.443
60.834
61.265
61.061
61.197
61.333
62.178
61.806
61.782
62.107
61.309
62.086
61.269
61.786
61.448
61.337
60.512
61.093
60.94
60.651
60.109
59.715
59.708
59.6
59.259
59.73
59.268
59.308
59.065
58.145
57.899
57.632
57.381
57.398
57.451
57.432
57.118
60.409
64.921
65.08
53.015
53.021
52.705
53.158
60.55
60.11
59.894
59.794
60.28
60.521
60.811
61.147
61.737
61.401
61.868
61.456
61.804
61.571
61.664
61.729
61.631
61.838
61.566
61.986
61.646
61.953
61.842
61.821
62.147
61.822
61.95
61.862
61.898
61.987
61.722
61.801
61.689
61.794
61.822
61.809
62.062
61.831
61.998
62.185
77.092
77.035
61.881
61.887
61.879
61.751
61.807
61.864
61.842
61.928
61.7
62.102
61.529
61.759
61.153
60.802
60.474
60.31
60.526
60.499
60.308
60.426
60.518
60.408
60.103
59.638
59.973
60.009
60.093
60.155
60.163
60.265
60.066
59.93
59.895
59.466
59.17
59.291
59.194
58.892
59.021
58.961
58.871
59.307
59.871
60.012
60.257
60.371
60.328
52.585
52.984
59.931
60
60.134
60.174
60.249
60.132
59.929
59.632
60.01
60.894
61.824
61.523
61.929
61.233
61.538
61.151
61.332
61.597
61.562
61.699
61.243
53.07
53.18
53.401
53.251
53.089
52.916
52.803
52.862
52.582
72.06
72.021
72.055
72.032
72.016
72.046
72.034
72.034
72.056
59.586
59.915
60.041
60.475
60.104
59.796
59.892
60.183
60.658
61.085
61.512
61.523
61.534
61.358
61.182
61.514
61.368
61.682
61.771
62.086
62.003
61.823
60.88
72.039
72.094
71.997
72.013
64.889
65.021
63.586
63.371
63.078
62.657
62.507
62.465
62.531
62.706
62.71
63.019
62.66
62.692
62.723
62.675
62.669
62.664
62.754
62.105
61.456
65.173
65.053
64.978
62.791
63.009
63.226
63.199
62.965
62.79
63.253
64.071
49.513
49.572
64.88
64.916
65.029
64.929
64.841
64.622
64.301
64.558
64.729
64.865
64.857
64.839
64.883
64.862
64.826
64.79
64.821
64.808
64.8
64.81
64.814
64.708
64.515
64.629
64.827
64.9
64.958
64.959
64.952
64.94
64.925
64.934
64.911
64.834
64.796
64.67
64.28
63.924
64.048
65.138
65.195
64.837
64.6
64.373
64.462
64.637
64.821
64.963
65.057
64.908
64.803
64.688
64.603
64.705
64.743
65.051
65.063
65.045
64.98
65.102
64.988
64.983
65.029
65.031
65.056
65.071
65.026
65.006
64.976
65.052
65.052
65.149
59.605
58.736
58.193
56.65
56.717
56.785
54.936
54.359
52.896
52.33
56.655
56.745
59.962
64.856
64.956
65.151
67.078
69.004
53.106
53.893
53.538
53.097
53.096
53.217
53.491
53.807
53.566
53.11
53.336
53.245
53.729
53.871
53.106
53.254
53.098
53.22
54.108
54.818
57.077
59.98
60.987
61.999
62.177
62.859
63.321
53.31
53.214
52.449
53.131
52.998
65.085
65.166
65.155
65.012
64.853
64.656
64.641
57.267
56.795
65.007
65.024
64.663
56.353
56.322
64.279
63.684
63.202
62.873
63.338
66.325
66.159
63.052
63.096
62.975
63.088
63.418
62.939
62.97
63.001
63.455
70.651
70.91
70.928
65.185
64.998
65.06
65.095
65.195
64.977
61.26
60.829
60.697
60.822
60.744
60.81
61.059
61.768
61.664
61.979
62.152
61.808
62.115
62.069
61.841
62.31
61.85
61.826
61.673
60.201
58.88
58.029
58.013
58.171
58.501
58.733
58.911
59.017
59.443
60.432
60.366
60.574
60.218
60.151
59.849
59.369
60.424
60.326
59.876
60.903
59.952
60.478
60.14
59.622
60.758
42.964
42.993
61.146
59.214
61.242
60.721
61.088
61.455
61.628
61.8
61.959
62.118
62.051
