50.093
56.609
63.126
62.514
62.463
62.431
62.673
63.416
63.886
64.066
64.324
64.682
64.768
64.973
65.126
65.043
65.001
64.96
64.893
64.844
64.713
64.76
64.83
64.856
64.911
64.818
64.862
64.596
64.619
64.156
61.884
58.388
58.331
57.918
57.707
56.243
56.836
56.208
57.249
59.805
58.369
57.976
56.911
60.142
60.939
57.672
58.029
57.138
56.432
57.198
58.25
57.602
57.43
58.307
57.71
58.726
57.703
58.112
58.516
57.565
58.159
57.67
57.762
58.525
57.419
58.07
57.702
57.575
58.03
61.77
62.169
57.978
57.664
57.721
58.349
58.39
58.656
59.078
58.524
58.278
58.047
58.16
58.123
57.55
57.815
73.98
73.993
67.96
61.926
60.323
58.719
57.596
57.399
57.473
57.047
57.435
57.49
57.337
57.679
57.44
57.556
57.374
57.197
57.27
56.714
43.562
43.072
42.948
50.495
58.042
57.811
57.746
57.681
57.221
56.76
57.702
57.664
57.807
58.176
58.019
57.883
58.148
58.254
58.024
57.881
57.98
57.519
57.211
69.216
68.845
69.235
63.982
58.73
58.552
58.439
58.315
58.081
58.206
58.317
58.298
58.36
58.122
57.735
57.816
68.98
68.978
68.831
69.011
68.896
69.073
68.855
58.984
57.892
57.743
57.964
58.185
57.572
58.134
57.904
57.745
57.586
58.222
63.346
63.535
58.258
57.885
57.907
57.969
58.03
57.951
61.293
60.954
60.727
60.657
61.075
61.885
62.081
62.581
62.757
62.823
62.851
62.67
62.751
62.796
62.833
62.919
62.947
62.988
63.093
63.008
62.888
62.756
62.873
63.05
63.061
63.191
63.162
63.148
63.123
63.288
63.083
62.793
62.957
63.067
62.844
62.83
62.921
63.099
62.895
62.813
62.731
63.197
63.201
62.454
61.25
61.239
60.453
60.413
60.53
61.32
61.357
61.692
62.028
61.281
62.123
61.864
61.692
61.773
61.356
63.556
63.055
62.802
62.981
63.306
62.89
62.835
63.607
62.437
61.628
61.795
62.004
61.283
62.231
60.815
62.275
62.184
62.094
61.023
59.953
60.112
59.724
59.669
59.502
59.675
59.501
59.586
59.255
60.025
59.825
59.896
59.828
59.994
60.205
60.092
60.322
60.069
59.98
60.145
59.774
59.964
59.807
59.741
58.204
80.92
81.049
59.73
58.105
57.714
58.972
60.341
59.485
59.818
59.485
59.505
59.444
59.084
58.725
58.548
58.442
57.389
57.549
57.638
57.214
57.496
57.355
57.388
57.701
57.407
57.416
55.971
57.885
57.4
57.604
57.887
57.265
57.831
57.999
57.535
57.715
58.021
57.832
57.601
57.927
58.054
57.403
57.465
56.348
53.645
55.142
56.839
58.535
57.123
57.657
58.275
58.062
57.942
57.417
58.218
57.869
58.165
58.096
57.743
58.612
57.378
58.069
52.937
53.406
53.226
53.045
52.956
61.36
60.942
60.766
60.966
61.398
61.688
62.305
62.746
62.855
63.036
63.121
63.104
63.259
63.352
63.14
63.249
63.238
61.662
74.162
74.231
58.108
57.92
62.971
62.992
62.725
62.449
62.261
62.41
62.574
62.597
62.729
62.696
62.821
62.775
62.839
62.992
63.025
62.888
62.692
62.44
62.093
61.881
62.193
62.265
72.035
71.96
62.271
61.933
61.697
61.701
61.435
61.676
61.406
61.838
61.549
61.937
61.48
61.476
53.676
52.743
53.504
59.93
59.083
59.318
59.552
59.249
60.63
60.075
60.318
60.524
61.267
61.332
61.91
61.508
61.78
61.315
61.628
61.231
61.377
61.451
61.458
75
75.041
75.089
71.973
58.975
60.955
60.29
59.624
60.283
59.769
60.254
60.222
60.062
60.355
60.321
60.126
60.405
60.369
60.223
60.233
59.908
59.28
57.8
58.092
58.384
58.638
60.755
60.546
60.336
60.191
60.412
60.2
59.864
59.652
58.868
57.754
57.39
57.531
57.533
57.511
58.005
57.832
57.716
57.455
65.853
68.846
63.481
58.117
57.412
56.992
56.713
56.999
57.4
57.625
57.315
57.581
58.032
57.617
57.69
57.911
57.674
57.838
57.864
57.55
57.772
58.123
65.144
