44.936
48.148
48.075
47.844
46.947
44.752
45.665
48.766
47.833
47.356
59.624
59.66
59.445
59.821
60.034
60.641
60.934
61.182
61.243
61.252
61.197
61.128
61.052
60.219
44.53
44.908
62.056
61.553
61.477
61.371
61.427
61.414
61.266
61.303
61.34
61.395
61.091
60.078
45.133
44.989
45.051
45.027
61.631
61.233
73.12
72.876
60.995
60.916
60.909
61.024
61.173
61.175
61.068
60.729
44.871
44.473
45.108
44.819
44.998
61.552
60.741
60.948
60.885
60.822
61.019
61.164
61.296
61.129
61.09
60.782
59.988
45.075
45.098
44.894
52.183
59.472
58.726
58.764
58.713
58.589
58.836
58.803
58.662
58.878
58.811
58.608
58.381
58.31
57.157
55.416
63.963
64.032
55.956
55.935
56.052
56.169
56.284
56.288
55.17
55.77
56.14
56.016
55.886
56.105
56.161
56.182
55.7
56.195
56.519
56.665
56.854
57.316
56.949
58.475
58.918
59.254
59.276
59.363
59.366
59.348
59.212
59.093
58.892
58.464
59.324
59.357
58.972
59.078
58.991
58.742
58.778
58.907
58.865
58.888
58.942
58.963
58.73
44.221
43.99
44.192
43.948
44.331
60.344
60.207
59.974
60.351
60.254
60.538
60.617
61.189
60.956
60.872
60.373
59.092
57.552
55.285
54.548
55.107
55.848
56.61
56.546
55.424
55.735
55.364
55.865
56.386
56.224
56.228
56.39
56.28
55.942
55.36
54.547
54.277
53.828
53.756
53.747
53.959
54.072
54.148
54.398
54.179
54.059
53.417
53.145
52.251
53.216
53.586
53.381
52.746
53.686
52.757
51.828
54.503
52.843
54.471
54.289
53.884
54.45
53.006
53.154
44.8
43.731
44.58
78.026
78.072
52.587
51.975
51.296
51.534
51.773
52.008
52.408
52.848
53.271
52.936
52.665
52.77
52.011
50.783
45.944
44.842
44.601
52.245
52.294
52.493
52.314
52.15
52.452
52.68
52.713
52.71
52.588
52.587
52.43
52.351
52.354
51.768
52.156
56.875
56.798
45.046
44.909
52.132
52.302
52.292
52.217
51.834
46.202
44.95
45.113
44.769
44.874
43.995
51.834
51.526
52.063
52.6
52.405
52.211
51.503
49.589
50.082
50.576
51.364
50.431
50.159
49.887
52.168
51.567
52.596
52.534
52.098
51.994
51.393
51.996
52.521
52.614
52.467
52.531
52.681
52.132
52.028
51.75
50.995
51.053
50.564
49.556
51.24
56.641
52.846
52.038
51.23
49.346
50.991
49.952
51.372
50.871
51.426
51.464
51.61
51.431
51.266
51.537
53.826
52.168
50.51
50.797
52.273
50.323
52.548
50.732
52.074
50.915
50.741
50.182
49.622
48.769
49.364
48.105
47.131
48.075
48.733
48.679
49.126
49.486
49.84
52.951
56.062
55.91
60.616
60.771
61.004
61.238
55.244
49.25
50.621
54.233
55.725
55.973
59.913
51.972
49.396
49.391
49.387
49.331
49.275
46.42
43.559
43.239
45.871
59.568
57.736
56.641
55.546
48.893
49.638
49.041
49.043
48.966
49.132
49.011
48.792
48.976
49.108
