44.527
44.323
44.119
44.963
43.993
43.116
56.757
56.833
56.32
64.448
64.858
65.425
65.59
43.225
43.092
66.573
66.543
66.214
66.02
66.044
66.145
66.204
66.163
66.217
66.234
66.196
66.227
66.239
66.176
66.229
66.157
66.216
66.201
66.234
66.255
66.092
65.819
65.46
64.17
43.246
43.682
66.109
65.827
65.835
65.828
65.88
65.955
65.999
65.942
66.023
65.81
64.605
66.019
66.309
66.261
61.345
63.511
65.678
67.017
65.686
65.783
66.001
66.4
66.799
67.505
67.661
67.96
67.777
67.577
67.466
67.476
67.533
67.1
67.082
66.564
66.046
65.798
65.59
65.716
65.971
66.042
66.003
65.954
65.872
65.618
64.802
61.319
43.901
43.306
43.706
44.113
44.52
60.733
60.842
60.816
60.95
61.353
61.174
61.344
61.496
61.452
61.257
61.32
61.06
59.16
44.885
45.593
54.277
62.961
62.816
63.125
63.2
63.322
62.988
63.27
63.586
63.76
63.313
61.95
60.923
60.301
60.388
60.609
60.952
48.738
49.228
49.105
48.868
48.921
49.115
49.179
61.471
61.487
61.278
61.325
61.202
61.081
60.999
60.958
61.078
61.35
61.621
61.491
61.367
61.297
61.323
61.224
61.232
61.486
61.91
61.592
61.677
61.905
61.953
61.457
61.325
61.371
61.584
61.616
61.35
61.631
61.846
61.566
61.557
61.593
61.665
61.243
60.053
60.323
60.593
61.708
61.151
61.01
61.117
61.218
61.128
61.269
61.405
61.722
61.668
61.608
61.689
61.568
61.558
61.722
61.846
62.384
62.613
63.433
63.756
63.851
63.947
63.843
64.026
64.107
64.034
64.004
63.973
63.99
63.747
63.391
69.476
66.3
63.124
62.888
55.976
54.052
52.128
47.972
43.816
45.405
64.481
64.484
64.286
63.937
63.655
63.121
62.396
63.127
63.775
64.206
64.459
64.506
64.536
64.483
64.42
64.369
64.369
64.424
64.496
64.527
64.47
64.471
64.348
64.526
64.43
64.405
64.391
64.423
64.425
64.415
64.585
64.655
64.404
64.004
61.847
43.957
