59.833
60.124
60.141
60.051
59.911
59.302
59.901
60.036
60.232
60.157
59.655
59.566
59.15
72.063
71.932
72.048
57.469
57.614
57.096
56.835
56.777
59.862
59.841
59.172
57.696
56.396
56.331
56.91
57.436
57.048
56.781
57.175
57.518
57.359
57.201
57.395
56.612
57.218
57.214
64.973
64.99
64.968
64.943
64.94
64.97
64.989
65.019
64.922
64.989
64.989
64.994
64.999
64.885
65.078
65.084
57.12
53.446
53.58
52.62
52.581
53.706
56.655
56.389
56.763
56.962
57.155
57.349
57.035
56.037
55.688
53.63
52.41
53.773
55.137
55.145
56.536
56.846
58.402
61.464
61.616
61.441
61.948
62.153
62.311
63.475
63.601
64.179
64.529
64.834
64.892
64.767
64.837
64.728
64.703
64.764
64.875
64.961
64.661
64.524
64.783
64.879
64.846
64.792
64.794
64.735
64.763
64.765
64.858
64.572
64.712
64.774
64.863
64.802
64.607
65.259
64.911
65.029
64.808
63.424
62.039
63.373
63.074
63.138
63.203
63.986
63.622
64.522
64.905
65.16
65.205
65.426
65.49
65.261
65.005
64.823
64.61
64.041
63.756
59.556
58.745
65.16
64.105
63.205
63.525
63.031
63.247
63.158
63.226
63.132
62.983
63.389
62.969
62.857
63.35
62.993
62.905
62.805
62.539
62.198
61.855
61.36
60.775
61.079
60.637
60.396
60.709
61.242
60.971
61.596
61.738
62.172
62.018
61.839
62.12
61.51
61.872
61.551
61.683
61.421
61.434
60.721
60.46
60.564
60.344
60.486
60.345
60.311
60.23
60.012
59.567
58.682
57.939
57.455
57.776
57.938
58.521
58.587
58.983
58.861
58.479
57.812
65.053
64.855
64.447
61.428
58.41
59.543
59.508
59.321
59.843
60.11
60.005
60.064
59.988
59.904
59.94
60.112
60.043
59.932
59.624
59.496
60.426
60.255
59.716
59.192
59.256
60.068
60.516
59.871
59.578
59.442
59.704
59.697
59.544
59.767
60.119
60.084
60.109
60.067
59.838
59.947
59.626
59.54
59.455
59.413
59.37
60
60.358
60.369
60.249
60.152
66.094
63.411
67.709
63.691
59.673
58.65
59.884
60.439
61.213
61.988
61.811
62.495
62.501
61.908
62.123
62.297
61.898
61.61
61.146
60.785
61.004
61.181
61.769
61.697
62.235
62.291
61.991
62.178
62.161
61.866
62.118
62.123
62.065
62.19
62.421
62.251
57.615
57.264
62.395
61.589
62.092
61.896
61.888
62.281
62.314
61.327
62.328
62.56
62.819
62.38
62.06
56.61
56.95
57.045
57.913
56.983
60.573
60.224
60.116
59.994
59.755
59.915
59.834
60.177
60.179
60.073
59.607
59.5
59.797
62.3
53.441
59.147
64.852
64.804
64.737
64.671
64.809
59.898
61.172
61.899
61.873
62.122
62.115
61.88
61.935
62.021
61.892
