68.038
67.949
67.98
67.974
68
67.986
68.002
67.993
67.984
68.008
67.868
67.87
68.031
68.087
68.034
67.987
67.96
68.071
67.988
68.011
67.973
68.015
67.985
67.945
67.96
67.935
68.028
67.977
68.016
68.014
68.012
68.054
68.097
57.508
58.351
59.195
59.188
59.925
60.98
60.503
61.016
60.254
60.42
62.161
62.14
62.717
62.82
63.506
63.637
63.465
63.769
63.643
63.591
63.815
63.863
63.685
63.387
63.356
63.623
64.104
64.166
63.987
63.845
63.679
63.688
63.855
63.671
63.84
63.586
63.386
61.77
63.034
62.94
63.067
63.224
62.681
62.839
62.877
63.009
63.186
62.899
63.17
62.781
62.846
62.864
62.683
62.416
60.517
58.271
63.165
68.059
67.978
68.028
68.011
67.995
68.046
59.757
59.31
59.057
58.706
58.943
59.209
59.422
59.317
58.974
58.692
59.066
59.333
59.31
59.052
58.64
57.903
56.062
56.038
55.304
58.242
61.179
62.606
62.835
63.013
63.192
63.703
64.137
64.578
61.479
58.379
58.856
65.701
65.614
65.714
65.817
65.61
65.87
66.805
66.783
66.794
66.806
65.756
66.006
66.214
66.351
67.116
66.716
66.436
67.041
66.614
66.528
66.446
66.598
66.75
66.63
66.41
66.748
66.685
65.159
65.766
62.461
64.305
66.149
66.156
66.156
66.068
65.638
65.792
66.068
66.119
66.043
66.033
66.027
66.038
66.034
65.976
65.929
65.876
65.931
66.016
66.047
66.032
66.023
65.963
54.239
53.948
54.027
53.913
54.184
65.953
66.005
65.963
65.973
65.835
61.036
61.287
60.877
61.039
60.9
60.825
61.101
60.771
61.02
60.951
60.762
61.317
60.982
60.894
60.807
61.372
66.013
66.101
66.006
63.375
63.574
63.718
63.885
63.706
64.751
65.111
65.471
65.685
65.85
65.941
65.79
65.858
66.094
66.21
66.616
66.919
66.021
60.842
55.663
56.594
56.065
61.537
67.009
66.082
66.169
66.183
66.246
66.231
66.104
65.854
65.684
65.502
64.132
63.886
63.641
65.877
65.385
64.737
64.801
64.765
64.903
65.31
65.399
65.775
66.099
66.211
66.231
66.011
65.908
65.936
65.981
66.054
65.913
66.122
66.277
66.143
66.111
66.133
66.302
65.737
65.68
65.587
64.757
64.743
64.453
64.034
55.734
56.118
56.244
56.133
56.047
66.046
65.942
65.804
65.934
66.063
66.035
66.063
65.934
65.723
65.218
68.021
67.874
65.975
65.598
64.682
64.305
64.094
64.31
64.586
65.047
65.612
65.889
66.158
66.263
66.147
66.065
66.067
65.913
65.811
65.764
65.666
65.346
65.008
64.4
64.113
64.091
64.185
64.379
64.372
64.278
64.296
64.312
64.217
64.036
63.999
63.975
64.088
64.384
64.706
64.894
64.32
64.466
64.318
64.276
64.15
63.715
63.775
63.507
78.041
77.944
63.946
64.035
64.008
64.099
63.676
63.328
62.346
61.996
61.501
61.471
61.673
61.853
62.271
62.822
63.106
62.842
62.665
61.046
60.83
61.017
61.006
72.951
72.956
72.938
60.26
60.353
60.638
60.77
60.775
60.818
60.894
61.032
60.858
61.028
61.087
61.193
61.303
61.351
61.203
60.999
60.991
60.99
61.108
60.99
61.023
60.878
60.445
60.226
63.685
63.838
64.903
60.954
60.891
61.31
66.255
66.419
62.788
59.664
59.841
58.965
60.257
60.387
60.665
65.762
65.924
66.087
69.57
73.052
72.932
72.97
72.963
73.033
73.026
72.958
72.941
73.055
61.374
60.954
60.951
61.132
61.003
61.377
61.556
61.547
61.423
61.141
60.968
61.16
61.018
61.182
61.269
61.351
61.474
61.506
61.539
61.263
61.342
61.352
61.284
61.426
61.139
61.253
60.879
60.671
60.512
60.393
58.469
61.017
61.251
60.935
60.518
61.013
60.845
60.724
60.7
60.576
61.536
60.78
61.372
61.014
61
61.078
60.608
59.751
60.379
60.155
59.365
59.276
58.319
58.447
58.9
58.757
58.812
60.13
59.624
59.88
60.37
59.785
59.686
59.579
59.75
61.449
61.041
71.043
70.991
71.041
70.969
71.04
62.653
62.782
74.887
74.807
74.54
62.631
62.72
74.868
75.012
63.158
63.15
63.012
62.919
62.802
62.849
62.905
63.123
75.082
74.99
63.013
63.051
63.197
63.345
63.251
63.11
62.957
62.674
62.257
62.199
62.943
61.887
60.83
60.958
60.921
61.076
70.085
69.923
70.061
69.815
70.008
69.893
69.778
61.125
61.562
56.131
55.961
55.833
55.996
55.738
65.814
66.072
66.079
66.093
66.007
65.959
65.911
65.958
66.038
66.008
65.899
65.948
65.997
66.094
66.026
66.051
66
