53.26
53.313
52.582
53.066
53.4
58.082
62.605
61.99
61.908
61.874
61.976
62.083
62.17
62.302
62.295
62.147
61.931
61.783
61.564
45.784
45.714
45.835
45.956
45.701
45.558
45.844
46.502
45.953
45.673
46.179
46.048
45.954
46.108
45.937
45.858
46.06
45.77
46.061
45.975
46.176
62.151
61.945
61.776
61.676
61.597
61.605
61.68
61.755
61.765
61.637
61.654
61.608
61.594
61.536
61.724
61.807
61.6
61.393
44.258
43.928
44.138
44.347
44.449
44.551
44.872
44.914
44.955
58.927
58.712
58.804
58.896
58.896
56.522
54.147
43.316
43.786
57.925
57.264
56.673
56.082
56.843
56.444
56.354
56.839
57.324
57.28
57.277
57.274
57.255
57.468
46.043
46.314
57.49
57.427
57.573
57.457
57.273
57.501
56.183
56.078
55.972
56.666
57.36
57.697
58.154
57.721
57.288
57.341
55.495
57.791
57.18
57.703
57.733
57.763
57.233
57.631
57.497
57.502
57.507
57.097
57.858
56.755
56.685
56.614
57.573
56.962
57.91
58.307
58.362
57.522
57.643
58.036
57.501
57.079
50.584
50.865
51.386
51.444
57.849
57.683
57.646
57.063
57.093
57.215
57.688
58.024
58.008
58.015
58.193
58.12
57.956
57.991
58.347
59.221
59.028
58.61
58.573
58.511
58.275
57.928
57.736
58.307
58.493
58.741
58.668
58.496
58.35
58.189
58.093
57.871
57.407
57.959
52.079
51.424
57.641
57.985
58.363
57.676
51.395
51.811
54.407
52.264
50.12
51.801
51.465
51.135
50.58
50.829
52.072
51.188
51.257
50.497
51.041
51.378
70.185
69.923
70.02
70.05
70.027
70.057
70.098
58.121
58.328
58.333
58.392
58.429
58.467
59.017
69.367
69.242
69.168
68.997
69.225
62.212
61.846
62.156
62.454
62.639
63.315
63.992
64.237
64.481
64.518
64.653
64.577
64.616
64.722
64.701
64.724
64.854
70.021
70.019
70.059
69.997
70.012
63.082
62.6
62.448
62.564
62.714
62.743
62.794
62.848
62.815
62.884
62.851
62.853
62.732
62.785
62.95
62.921
62.791
62.609
61.93
56.981
63.497
56.762
50.026
51.886
56.126
60.365
60.804
60.752
60.804
60.831
61.094
61.756
62.15
62.15
62.435
62.423
62.242
61.854
61.892
61.87
61.742
62.108
61.922
61.978
62.057
61.795
61.6
60.961
60.584
60.364
60.338
60.155
60.134
59.84
53.176
52.686
59.532
59.197
57.953
57.737
57.405
57.343
57.878
57.653
57.647
58.112
57.764
58.395
57.716
53.127
53.128
52.97
53.177
60.502
60.59
60.178
60.44
60.798
60.729
60.808
61.685
61.336
61.94
61.535
61.875
61.437
61.766
61.534
61.919
61.785
61.762
62.01
61.644
61.981
61.548
61.776
61.684
61.654
61.996
61.695
61.93
61.689
61.696
61.756
61.626
61.867
61.565
61.897
61.62
61.947
61.814
61.72
62.075
61.696
62.017
61.87
61.713
62.042
61.647
62.017
62.029
61.781
62.068
61.802
61.928
61.988
61.816
62.064
62.054
61.953
62.072
61.9
61.937
62.211
62.106
62.073
62.165
61.941
61.856
61.757
61.432
61.402
60.739
60.08
60.136
60.303
60.461
60.502
60.45
60.277
60.312
60.11
60.156
60.007
59.99
59.721
59.61
59.613
59.547
59.224
59.348
59.608
59.684
59.975
59.943
59.958
59.943
59.979
59.938
59.909
59.998
59.937
60.147
60.231
60.482
60.618
60.452
60.211
60.021
60.105
60.213
60.405
60.405
60.531
60.909
60.939
60.638
60.568
60.359
60.429
60.535
60.599
60.495
60.457
60.087
59.745
59.998
60.069
72.019
72.045
60.198
60.108
59.678
59.824
60.184
60.256
60.054
59.645
59.234
59.677
55.517
54.144
53.677
