57.758
82.071
82.043
64.254
62.884
62.587
63.633
63.742
64.341
64.784
64.989
65.386
65.534
65.69
66.028
65.517
65.523
65.254
65.069
64.883
64.945
64.886
65.223
65.176
64.842
65.131
65.206
65.142
64.862
64.522
64.286
62.755
60.08
57.405
58.49
57.52
57.218
56.286
57.332
57.606
57.702
57.548
57.293
56.653
57.362
57.659
58.027
57.851
57.619
57.485
57.273
57.386
57.586
57.827
57.817
57.642
57.572
57.572
57.562
57.66
57.43
57.265
57.076
57.462
57.47
57.365
57.475
57.452
57.575
57.451
57.64
57.84
57.612
57.596
57.862
56.446
57.161
56.929
57.173
55.981
56.833
57.088
56.085
57.206
56.868
55.094
57.747
58.199
57.649
58.652
57.991
57.601
57.289
57.537
56.759
57.425
57.601
57.523
57.667
56.641
57.459
57.374
76.966
77.064
57.397
57.368
57.233
56.463
57.068
57.2
56.962
56.965
57.113
57.348
57.539
57.892
58.192
58.467
58.296
58.103
57.605
57.544
57.858
57.777
57.955
58.102
57.771
57.989
58.054
56.605
55.155
57.074
58.993
58.994
58.534
57.473
77.007
76.988
57.926
57.77
58.067
58.012
57.935
57.759
57.448
77.077
77.091
77.105
77.184
77.144
77.152
58.369
57.74
58.36
57.759
58.004
57.914
58.322
57.865
57.037
58.516
58.03
57.773
57.297
58.307
58.332
58.339
58.346
58.12
63.305
63.316
63.043
63.196
63.35
63.406
60.8
60.989
61.086
61.305
62.079
62.447
62.787
62.961
63.295
63.524
63.593
63.516
63.338
63.147
62.908
62.146
60.768
63.213
63.096
63.26
63.592
63.152
62.733
62.651
62.712
62.85
62.913
62.882
62.946
62.994
62.913
62.807
62.6
61.39
63.192
72.581
81.97
81.99
56.252
55.09
54.729
54.838
61.324
60.731
60.63
60.837
61.271
60.953
61.9
61.558
62.067
61.511
62.16
61.668
61.994
62.031
61.682
61.696
58.598
57.728
58.258
58.491
58.724
61.518
61.811
61.125
61.659
61.606
61.748
61.751
61.754
61.608
62.003
61.032
61.301
63.139
63.097
62.94
69.972
69.952
69.973
69.994
63.069
62.448
60.091
59.928
58.56
58.267
58.725
59.319
58.757
58.93
59.007
59.083
59.111
63.063
63.187
63.145
63.104
63.064
63.359
63.289
63.301
62.913
62.96
63.233
63.166
59.873
59.974
59.978
59.209
59.963
58.943
58.611
58.114
57.454
57.189
56.96
56.6
57.719
57.639
57.663
57.936
56.29
54.31
56.08
58.064
57.461
57.249
57.767
56.43
56.638
56.846
57.846
57.509
57.032
57.555
56.479
57.538
56.894
58.27
63.034
63.454
56.372
53.881
54.49
56.046
54.951
54.601
54.251
54.082
53.913
55.757
57.601
55.798
54.687
53.577
57.765
63.091
63.091
58.651
60.764
57.08
60.018
62.956
63.174
62.773
63.004
61.527
61.551
61.968
61.921
62.551
62.844
63.06
63.181
63.309
63.462
63.378
63.203
63.247
63.145
63.176
63.266
63.323
63.242
63.027
62.857
62.683
62.549
62.563
61.999
62.317
62.517
62.32
62.223
62.319
62.396
62.383
62.519
62.387
61.995
62.466
62.545
61.443
61.633
60.07
59.922
59.006
59.327
59.648
59.564
60.064
59.714
60.152
59.885
59.902
60.122
59.619
60.344
59.545
60.59
59.804
60.226
59.715
59.979
58.651
58.406
57.555
57.585
58.103
58.125
57.546
57.91
58.208
57.689
58.059
57.963
58.397
58.113
58.132
57.919
58.231
57.838
56.17
51.811
52.732
54.157
53.56
52.963
58.608
57.67
55.892
56.402
54.03
55.831
55.734
56.421
54.572
55.744
55.475
54.718
54.743
55.38
55.323
54.747
54.829
54.811
55.543
55.23
55.872
55.688
55.659
55.522
55.408
56.064
56.618
56.903
57.453
57.829
58.125
57.865
58.275
57.7
57.69
57.723
57.474
57.667
57.742
57.481
57.346
57.244
57.291
57.127
57.052
57.089
57.294
57.294
57.348
58.012
58.242
58.557
58.25
58.329
57.953
58.086
57.765
57.621
58.033
69.891
73.97
74.032
73.968
58.268
58.142
58.171
58.091
58.13
58.085
58.316
64.961
64.978
64.915
64.951
65.006
58.366
58.253
58.267
58.178
58.025
57.971
57.992
57.931
58.093
58.109
58.025
65
64.991
64.986
64.945
64.987
64.979
64.937
58.142
58.027
57.904
57.911
65.01
65.03
64.958
61.053
62.007
62.149
62.148
62.111
62.001
61.95
61.941
61.933
62.003
62.035
62.058
62.035
61.931
62.066
62.016
62.002
61.882
61.969
61.931
74.708
75.01
75.002
75.065
65.013
65.031
64.943
64.96
64.971
64.972
64.992
64.947
64.958
65.034
64.997
