58.409
63.103
60.72
65.411
54.772
56.609
58.446
59.109
59.121
59.015
58.837
59.161
58.843
58.772
59.086
59.2
58.794
58.614
59.001
59.431
58.911
58.738
59.124
58.974
58.669
67.868
67.942
67.985
58.332
59.215
59.151
62.424
62.356
63.024
63.501
64.453
65.098
64.823
64.357
64.421
64.97
65.273
65.905
66.268
66.691
66.591
66.435
66.366
66.298
66.217
66.192
66.247
65.473
65.838
68.186
68.14
66.719
66.632
66.676
66.373
66.218
66.272
66.249
66.254
66.045
65.754
65.312
65.129
64.862
65.079
64.896
65.052
64.819
64.692
65.149
65.276
65.983
66.189
66.259
66.329
66.171
66.142
66.068
66.149
66.28
66.598
66.675
66.738
68.442
68.933
68.681
68.605
68.378
67.788
66.758
65.765
66.933
68.101
68.064
67.937
67.801
65.767
65.453
65.69
65.91
65.72
65.362
65.847
65.278
64.935
64.457
67.757
67.791
57.981
58.035
59.526
65.039
64.914
64.997
64.829
65.209
65.355
65.767
65.868
65.996
66.139
66.349
66.296
66.158
66.103
66.024
65.837
65.846
65.965
65.963
65.838
65.759
65.764
65.262
64.846
62.544
60.242
59.864
59.485
58.413
59.356
60.298
63.63
63.648
63.233
63.406
63.579
63.491
63.778
58.662
60.985
63.308
63.457
62.558
62.647
62.015
62.631
62.36
61.655
61.948
62.241
62.518
62.21
61.902
62.89
62.665
62.44
62.371
61.273
60.269
59.83
59.802
59.958
59.436
60.139
60.234
60.015
60.424
60.725
60.611
60.647
72.335
71.876
60.628
60.742
60.892
60.938
61.172
60.992
61.124
61.107
61.032
61.037
60.993
60.998
61.067
60.954
60.868
60.344
59.265
52.211
52.298
51.843
58.339
59.341
60.009
58.49
59.705
58.687
59.355
59.788
61.596
59.499
58.823
58.8
59.436
59.134
60.425
60.527
60.862
60.593
60.829
72.591
72.231
72.58
60.424
60.92
61.069
60.835
73.239
73.162
72.987
72.812
60.33
61.079
60.691
60.811
61.231
60.701
61.206
61.159
60.615
60.745
60.874
60.614
61.249
60.532
61.136
61.557
60.828
65.984
66.029
66.017
65.995
66.002
65.959
65.429
64.899
64.225
63.839
65.147
65.416
65.685
65.915
66.174
66.371
66.763
66.56
66.303
66.045
66.033
66.077
66.232
66.301
66.305
66.375
66.626
66.032
65.471
65.036
64.312
63.924
63.197
66.033
66.031
66.032
65.986
63.223
62.932
62.743
62.542
62.472
63.936
63.166
62.276
66.024
66.01
65.97
65.961
75.504
75.588
75.5
75.23
74.941
74.898
65.987
63.198
63.271
64.684
66.098
75.171
75.096
75.025
74.97
74.908
61.979
60.712
60.849
62.954
61.76
61.113
66.032
65.94
65.959
65.951
60.854
61.08
60.693
61.486
66.024
65.951
66.006
66.004
66.001
66.022
66.008
65.822
65.636
61.173
60.848
60.891
61.267
60.538
60.899
61.259
60.913
61.017
60.811
57.401
58.302
58.362
58.558
58.754
58.727
60.137
60.138
73.084
72.777
60.473
60.83
60.558
60.286
72.701
72.984
60.891
59.875
65.858
65.989
65.898
65.885
66.18
65.662
65.94
66.055
65.909
66.215
65.887
65.928
65.969
65.934
66.051
65.597
65.341
65.085
65.607
63.259
62.713
61.074
62.765
66.351
69.937
69.989
70.005
70.021
69.942
70.162
69.937
70.272
70.386
70.5
70.459
70.418
69.821
70.536
70.353
70.169
70.218
70.268
69.856
70.135
58.548
59.034
58.882
58.73
58.712
58.694
58.813
59.152
59.163
58.817
58.687
59.189
59.039
58.79
58.239
69.939
69.936
58.476
58.299
58.556
58.812
58.902
59.23
58.842
59.106
70.283
69.921
58.571
58.197
59.87
60.737
61.625
61.614
62.34
62.559
62.815
63.045
63.218
63.264
63.274
62.905
62.912
62.847
62.934
63.125
63.206
63.289
58.28
57.47
63.094
63.124
63.012
62.928
63.111
62.955
63.026
63.063
63.126
63.14
63.231
63.252
63.288
63.244
63.092
62.887
62.964
62.583
62.38
61.267
59.19
58.188
57.794
57.688
58.217
66.08
66.042
66.001
66.021
66.026
65.997
66.058
66.047
66.038
66.014
66.15
66.005
65.923
65.94
65.957
57.876
57.932
57.98
57.984
57.995
57.929
58.162
58.394
59.145
58.924
59.292
58.927
58.719
59.146
59.367
58.627
58.883
53.688
53.973
53.977
53.981
54.113
54.047
65.981
65.862
62.365
58.869
54.646
54.32
54.354
54.323
54.573
54.722
54.872
54.135
54.003
53.973
54.004
54.084
53.905
59.921
65.937
66.018
66.023
65.986
65.969
66.03
66.032
66.052
66.038
66.024
65.993
66.058
66.014
65.981
66.006
65.975
66.167
67.122
68.078
68.03
67.983
67.899
58.704
58.415
59.302
61.567
