53.258
52.977
52.928
52.937
53.236
53.156
52.879
53.178
53.109
55.856
56.097
56.47
56.843
56.909
57.544
57.133
57.599
58.379
58.577
58.776
58.586
58.554
58.643
52.962
53.019
52.933
52.89
53.131
52.874
52.968
53.107
52.877
53.044
53.069
57.87
57.931
57.817
58.059
57.389
53.442
52.819
53.178
52.944
52.954
53.147
52.939
61.945
61.824
61.697
61.827
61.97
61.848
62.137
62.198
62.094
62.106
62.134
62.277
62.472
62.454
62.482
62.128
62.384
62.729
62.617
62.538
62.489
62.667
62.731
62.888
62.923
62.868
62.921
62.919
62.506
61.633
60.963
61.054
60.884
61.184
61.746
61.217
61.521
61.044
61.865
61.204
61.745
61.13
61.827
61.052
61.05
60.876
59.837
58.769
59.012
58.994
59.002
59.755
59.823
59.846
59.925
59.869
59.877
59.895
60.071
60.255
60.179
59.794
58.971
56.328
53.685
52.41
54.096
60.96
61.299
61.096
60.874
61.171
61.33
61.122
61.656
61.367
61.889
61.592
61.389
67.988
68.036
68.032
68.046
65.547
63.047
62.243
62.298
62.488
62.634
62.775
62.892
62.99
62.841
62.76
62.65
62.325
46.115
45.88
45.655
46.16
46.025
63.36
62.8
62.545
62.638
62.643
62.736
62.871
62.931
62.549
62.599
62.646
62.598
62.438
62.205
61.879
62.861
63.844
62.805
62.947
63.03
62.962
62.773
62.855
63.23
63.095
62.807
62.903
63.14
62.91
62.652
62.787
63.339
64.483
64.662
64.813
64.765
64.786
64.991
65.055
65.051
65.117
65.01
64.888
64.484
63.972
63.406
53.243
52.965
65.552
64.536
64.542
64.679
65.115
65.494
65.783
66.259
66.738
67.218
67.371
67.519
46.185
46.007
46.018
45.966
46.063
45.918
46.04
46.013
46.025
45.978
46.026
46.007
45.984
45.941
46
45.928
45.979
46.025
45.989
45.997
46.005
45.957
45.965
45.984
46.02
45.97
45.966
45.897
65.732
65.133
64.558
63.983
63.494
63.004
43.807
44.246
44.082
43.867
43.864
44.191
44.077
43.801
43.947
44.221
44.066
43.912
43.904
63.116
63.137
63.224
63.18
63.777
63.523
63.846
63.254
62.831
62.187
61.788
61.523
61.406
61.299
61.541
61.828
62.088
62.179
61.642
61.569
60.927
43.129
43.544
61.552
61.193
61.122
61.184
61.223
61.271
61.437
61.536
61.602
61.607
61.572
61.502
61.301
61.25
60.961
60.024
54.906
54.889
54.871
61.296
61.008
61.013
61.197
61.232
61.26
61.426
61.495
61.499
61.474
61.195
60.879
60.201
59.593
57.475
55.358
42.991
43.009
43.037
43.065
43.125
42.962
56.561
57.322
56.581
57.315
57.072
57.366
57.459
57.41
57.865
56.835
56.828
55.109
54.493
53.877
59.726
65.574
65.746
65.996
66.246
66.709
66.744
66.713
60.795
63.74
66.685
66.464
46.914
46.982
47.003
47.06
47.067
47.073
47.038
46.941
47.028
47.039
46.944
47.108
46.937
47.066
47.051
46.915
46.96
47.026
47.009
47.132
46.823
47.085
46.927
47.09
46.939
