46.754
47.289
46.707
47.324
47.217
47.109
60.982
61.602
61.581
60.839
61.105
61.371
60.817
61.096
61.375
61.079
61.343
61.45
60.783
60.553
60.323
60.473
60.622
61.438
61.598
61.471
61.287
61.453
61.746
61.963
62.133
62.359
62.441
62.318
61.832
60.097
57.197
56.159
55.121
58.069
61.017
61.334
61.49
61.675
61.703
61.742
61.723
61.855
61.621
61.982
61.682
61.763
61.736
61.548
61.706
60.972
60.52
48.284
48.053
61.974
61.408
61.148
61.3
61.29
61.278
61.627
61.462
61.379
61.331
61.078
60.498
59.176
56.845
58.422
59.999
58.865
59.245
59.199
59.375
59.406
59.179
59.506
59.85
59.891
47.53
47.343
47.939
47.947
47.935
48.16
47.927
48.087
47.966
48.118
47.952
48.062
48.087
47.986
48.18
47.883
48.354
48.351
48.348
60.22
60.098
60.23
60.076
60.045
59.942
48.247
48.14
56.524
56.691
69.012
69.114
57.088
57.289
58.034
57.995
58.677
58.138
59.005
58.689
58.75
59.302
59.235
58.241
59.26
59.417
59.834
60.284
60.767
61.774
60.791
60.358
62.215
61.219
60.992
61.534
61.402
61.116
61.885
61.057
61.846
60.898
61.019
61.498
60.732
61.19
61.279
61.43
62.299
62.578
62.394
62.464
62.456
62.438
62.355
62.189
62.283
62.66
62.963
63.059
62.966
63.101
62.992
62.863
62.852
62.843
62.7
62.784
62.701
62.753
62.875
62.93
63.015
62.891
62.685
61.826
65.049
65.044
52.998
53.64
60.988
61.462
61.23
61.278
61.381
61.351
61.515
61.354
61.653
61.549
61.73
61.448
61.678
61.58
61.909
61.81
61.941
62.172
62.195
62.366
62.532
62.605
62.527
62.609
62.87
62.972
62.749
62.65
62.661
62.528
62.51
62.638
62.903
62.88
62.696
62.559
62.351
62.219
63.125
62.919
62.93
63.12
46.044
46.028
64.177
64.347
64.427
64.508
64.616
64.515
46.008
46.003
45.989
64.9
64.922
64.644
64.334
63.878
62.154
60.65
58.347
57.323
55.466
56.727
56.816
56.905
57.076
57.247
57.228
57.29
57.351
57.561
57.562
57.36
57.536
57.713
57.76
57.819
57.833
57.763
57.788
57.791
57.876
57.859
57.754
57.719
57.766
57.832
57.84
57.815
57.894
57.843
57.872
57.963
57.996
58.043
58.029
57.992
57.691
57.017
46.311
45.962
45.729
46.183
45.914
46.087
45.884
46.184
49.576
52.969
65.451
65.043
64.85
64.724
65.027
65.27
65.789
66.599
67.426
67.639
67.252
66.726
66.441
66.492
66.543
66.729
67.079
67.565
67.754
51.196
51.039
50.949
50.986
51.117
50.995
51.038
50.793
51.009
51.054
50.944
50.876
50.998
51.198
50.859
50.905
50.774
51.059
50.851
51.055
51.043
