60.147
68.059
68.186
60.079
53.271
54.158
52.991
54.191
53.716
55.006
55.159
55.417
55.318
56.139
67.922
67.995
67.966
68.006
67.994
67.985
67.972
67.962
68.055
67.947
68.045
68.066
58.816
59.034
59.54
59.112
59.153
58.763
58.705
59.268
59.018
58.998
58.889
58.446
57.956
57.419
56.882
58.998
58.995
58.538
58.682
59.077
58.866
59.151
59.139
58.762
58.943
58.636
58.554
59.003
58.929
58.852
59.085
58.71
58.014
57.49
57.162
57.878
58.594
59.291
59.321
59.214
59.763
59.854
60.373
60.382
60.614
60.543
60.67
60.337
60.276
60.681
60.795
80.028
80.028
60.562
60.135
59.062
69.509
79.956
80.022
56.772
57.461
57.959
58.341
58.811
58.859
58.89
59.497
59.478
59.647
59.449
59.268
58.789
58.836
58.996
59.281
59.518
59.636
59.65
59.832
59.577
59.494
59.226
59.209
59.102
59.267
59.3
59.563
59.478
59.632
59.663
59.654
59.727
59.716
59.94
59.721
59.484
59.426
59.319
59.406
59.273
70.941
70.993
70.98
70.983
70.981
71.023
70.989
71.015
70.972
71.004
71.015
70.976
70.997
41.101
41.494
41.189
41.111
41.137
41.745
40.895
41.458
40.538
41.512
41.001
41.486
41.302
41.603
40.941
40.897
40.92
41.445
41.72
40.77
40.55
41.014
34.165
41.747
49.329
48.532
46.692
48.349
50.164
50.909
49.195
49.362
50.47
50.919
52.101
53.283
55.363
57.309
58.754
60.08
60.843
60.866
60.867
61.423
61.713
62.73
62.529
63.272
63.537
63.703
63.474
63.557
63.582
63.675
63.743
63.747
63.389
63.404
63.35
63.333
63.61
64.309
64.447
64.147
64.06
63.921
63.599
63.475
63.491
63.565
63.163
59.237
55.311
57.9
60.488
61.282
61.388
61.19
61.292
56.284
56.029
62.589
63.171
63.418
69.272
75.127
75.171
63.216
63.155
62.919
62.089
62.245
62.211
61.527
56.033
51.064
50.716
56.198
62.311
61.109
61.196
61.355
61.309
61.336
61.144
60.673
60.084
59.457
58.474
58.581
58.489
58.694
59.062
59.533
59.297
58.928
57.923
55.55
56.105
56.251
60.031
59.35
58.669
58.768
58.081
57.754
59.158
58.055
58.682
59.622
59.711
59.396
59.447
59.281
59.308
59.026
58.227
58.742
59.303
59.865
59.813
59.629
59.739
59.461
59.383
58.81
58.095
59.662
59.298
60.033
59.899
59.491
59.799
59.341
59.926
59.686
59.977
59.6
59.224
59.453
59.248
59.865
59.952
60.04
59.499
59.488
59.406
58.347
59.11
59.872
68.085
68.035
68.043
68.029
67.973
68.034
68.004
68.008
