57.628
59.785
58.821
57.857
43.369
43.004
57.808
58.04
58.035
57.893
50.712
43.531
43.38
42.961
54.611
54.533
53.992
53.251
53.508
53.607
53.307
53.512
52.987
52.891
51.974
69.853
69.847
69.821
64.992
64.878
61.941
61.869
61.917
69.856
69.911
60.803
59.749
59.675
60.679
60.029
60.883
60.75
61.101
61.568
61.809
62.007
61.982
61.798
61.765
61.753
61.533
60.189
61.264
61.443
61.142
61.836
62.549
62.615
62.15
62.148
62.097
62.085
62.156
62.267
62.507
62.664
62.434
62.284
62.287
62.484
61.826
80.965
80.981
80.971
62.053
62.091
62.003
62.344
62.306
62.267
62.29
62.127
61.947
62.632
64.047
64.414
64.465
64.708
64.875
64.906
64.877
64.741
64.575
64.696
64.554
63.946
63.604
64.084
63.396
63.645
63.338
63.624
63.221
63.6
63.267
63.088
63.516
63.229
62.669
62.957
63.466
62.823
62.739
62.918
62.772
62.595
62.032
61.274
60.562
60.322
60.336
60.014
60.945
60.767
60.846
60.873
60.847
60.93
61.019
60.821
60.826
59.736
59.191
56.46
55.627
54.556
54.309
54.715
55.62
56.089
56.841
57.009
57.042
57.037
57.345
57.285
57.183
57.15
57.278
57.578
57.864
57.559
57.771
58.123
57.685
57.401
57.865
57.101
57.38
57.355
57.249
57.602
57.96
57.681
58.591
61.993
60.768
59.728
59.027
59.523
59.561
59.852
59.695
59.194
58.306
57.034
56.839
57.08
56.743
57.077
57.291
58.15
59.956
60.151
59.884
59.747
59.698
59.713
59.913
60.156
59.871
59.543
59.961
59.97
59.946
60.186
59.686
59.626
60.185
59.908
59.85
59.587
59.448
59.823
59.477
59.502
60.003
60.184
59.485
60.047
60.323
59.77
59.634
59.83
59.916
60.295
60.05
59.501
58.776
69.142
69.11
69.083
69.093
69.167
60.016
59.745
59.938
60.096
60.005
61.033
61.088
60.948
61.374
61.279
61.268
68.981
69.006
69.001
61.538
61.596
61.355
61.335
60.988
60.128
58.771
57.414
57.255
57.301
57.349
57.801
58.254
57.665
57.764
58.395
58.012
57.756
58.2
58.29
57.872
57.973
58.371
57.578
57.247
57.235
57.222
56.933
57.623
58.044
57.216
56.8
56.8
57.224
57.582
57.598
57.824
57.921
57.51
57.153
57.369
57.409
57.313
57.507
57.794
58.052
57.899
57.993
57.636
61.763
62.197
62.201
57.485
57.436
57.173
57.231
57.764
57.946
57.772
57.798
57.868
58.304
57.45
57.063
61.992
62.051
65.059
65.059
65.124
65.216
64.859
65.048
64.995
64.972
64.924
65.027
65.028
65.034
65.024
65.082
65.067
65.068
65.016
65.093
65.005
65.087
65.16
65.191
50.026
54.253
58.479
58.163
58.088
58.012
58.012
57.949
57.887
57.889
57.919
57.948
57.952
57.971
57.96
57.957
58.085
57.879
57.932
66.982
66.958
61.99
62.652
62.939
63.222
63.305
63.942
64.19
64.417
64.674
64.888
65.086
65.285
65.18
64.952
64.984
65.232
64.874
64.076
65.699
66.037
66.376
65.885
65.945
65.253
65.294
65.072
64.856
64.642
64.786
63.55
63.281
62.233
60.739
58.598
57.789
57.648
57.637
57.703
57.968
58.231
58.247
58.216
58.102
58.108
58.341
58.294
58.009
57.907
58.158
58.181
58.081
58.081
58.168
58.216
58.09
57.861
57.922
57.937
56.931
67.208
67.066
66.952
66.904
66.97
66.974
58.489
58.154
58.156
58.172
58.055
58.095
58.262
58.304
58.16
58.111
57.989
57.878
57.898
57.637
57.119
56.53
57.239
62.344
62.237
62.13
61.805
58.262
57.568
57.442
57.838
57.22
57.667
62.349
59.879
57.409
57.359
57.981
57.365
57.414
57.961
56.516
57.31
56.223
66.913
66.914
66.855
57.918
57.846
58.055
58.099
58.027
58.261
61.537
61.297
58.545
58.514
58.585
60.324
58.81
58.319
58.331
58.224
58.044
57.719
58.025
57.908
56.858
58.816
58.321
57.999
57.75
58.015
58.207
58.091
57.965
58.097
58.354
58.394
58.283
57.539
57.495
57.389
59.965
55.791
59.262
62.732
62.599
58.628
58.102
57.643
62.147
62.09
61.933
62.02
61.908
61.912
58.052
57.808
58.241
58.674
58.393
58.112
