57.958
55.592
53.227
53.18
53.133
52.902
52.886
52.557
51.993
58.54
57.887
58.078
57.83
58.204
57.795
58.104
52.217
52.078
58.112
57.805
58.086
52.328
52.568
52.831
53.005
58.014
57.79
58.128
58.037
58.697
59.554
59.195
59.445
59.913
61.342
61.543
61.664
61.87
61.992
62.053
61.88
61.856
61.917
61.679
61.728
61.467
61.225
59.415
57.578
59.188
60.797
60.347
60.58
59.97
59.868
59.048
60.181
59.094
58.359
58.179
57.99
57.974
57.986
58.207
58.464
59.073
55.114
58.679
58.289
57.899
57.931
58.909
58.288
58.052
57.707
57.925
57.961
58.371
58.593
58.476
58.21
58.118
58.044
58.044
58.006
58
58.045
58.016
57.887
58.014
57.976
57.476
57.926
58.04
59.012
57.667
57.667
57.602
57.541
57.524
57.693
57.62
58.171
58.332
58.303
58.268
58.188
58.114
58.02
57.701
57.715
57.977
57.869
56.032
54.867
54.585
55.476
56.764
58.168
58.419
58.002
57.419
57.929
58.269
57.595
57.382
58.17
58.39
58.071
57.506
57.828
52.435
50.549
58.232
58.167
58.035
57.991
58.12
58.14
57.88
57.619
57.988
58.024
57.943
57.987
58.024
58.005
57.866
57.945
58.051
58.044
57.779
57.864
57.975
58.092
57.623
58.158
57.899
58.02
57.866
57.92
57.973
57.927
57.99
58.053
50.889
50.99
50.989
51.315
50.849
50.838
51.489
51.274
51.033
51.585
51.142
57.892
54.9
56.386
57.872
57.757
52.523
51.786
57.804
57.764
57.931
57.891
57.852
57.854
57.907
61.954
62.084
62.024
61.963
60.306
59.916
60.298
61.279
61.702
61.993
57.682
57.648
62.287
62.144
62.107
62.119
62.05
62.052
62.037
62.009
61.856
61.605
60.54
60.79
60.239
60.067
59.322
59.932
58.862
60.393
58.897
58.507
58.147
57.469
57.766
57.82
57.829
58.193
58.164
58.157
57.809
57.679
57.866
57.576
58.093
57.673
58.061
58.058
57.802
57.686
57.967
57.919
57.784
57.767
58.108
57.553
57.389
58.119
57.168
57.389
57.924
57.006
57.492
55.166
55.872
55.299
54.071
58.068
58.016
57.555
57.237
57.73
57.276
57.85
58.003
57.667
57.892
57.977
57.608
57.699
57.692
57.24
57.339
57.31
57.34
57.415
57.505
58.237
58.255
58.093
58.039
58.362
59.038
59.23
59.43
60.25
60.457
59.981
60.277
60.325
59.879
60.35
60.468
60.22
60.431
60.23
59.7
60.02
59.748
60.251
60.18
59.841
60.34
59.472
60.564
60.087
59.154
60.507
59.226
60.442
60.873
59.967
59.772
60.679
59.962
59.642
60.467
59.524
60.334
60.307
59.74
60.5
60.349
59.664
60.411
58.666
57.439
58.145
57.963
57.833
57.971
57.948
58.036
57.828
