49.087
48.654
49.414
48.714
73.127
73.114
49.278
48.907
49.169
48.863
49.491
72.916
73.082
73.169
73.168
73.079
73.141
60.963
61.074
72.988
72.965
72.823
72.92
73.018
73.106
73.126
73.122
73.173
73.133
73.094
72.957
72.943
72.926
72.842
73.071
73.131
61.876
50.621
50.603
50.586
53.675
53.866
54.289
54.712
54.947
55.183
55.506
55.422
54.96
54.498
48.79
49.166
48.79
54.992
56.295
56.734
56.761
56.617
56.548
56.502
56.565
56.565
56.302
55.395
54.765
49.253
48.858
48.956
55.296
56.56
56.431
56.325
56.296
56.298
56.304
56.317
56.422
56.393
56.388
56.277
56.174
55.821
55.449
55.193
55.245
56.016
54.539
54.932
55.12
55.308
55.437
55.762
55.884
55.894
55.632
54.609
63.811
56.356
48.901
48.755
49.392
55.014
54.364
54.363
54.377
53.829
54.528
54.044
54.413
54.299
53.688
53.996
53.201
52.412
52.132
52.887
52.794
51.962
52.13
51.186
52.742
51.309
52.242
51.964
52.003
51.979
52.054
52.236
51.41
51.415
50.724
51.458
52.351
61.621
56.128
50.634
51.499
51.545
51.031
51.55
50.127
49.296
48.556
48.475
48.172
47.872
60.55
60.867
61.089
61.311
61.239
61.117
60.924
60.648
48.51
48.772
48.697
48.85
49.219
49.17
49.192
48.998
48.923
49.01
48.716
48.896
48.994
48.913
49.069
49.121
49.041
49.358
47.931
48.957
49.1
48.738
49.159
48.917
48.526
47.025
50.831
54.637
54.245
55.434
56.624
56.195
55.766
56.329
56.44
55.883
55.601
56.192
55.747
51.207
51.672
52.05
53.277
53.636
54.102
54.195
54.77
55.213
55.549
55.547
57.14
56.416
57.051
55.63
47.649
47.042
47.087
59.982
59.477
59.574
59.319
59.218
59.142
59.227
59.361
59.375
59.444
59.492
59.447
59.16
58.964
58.779
58.529
58.734
59.277
59.91
60.627
60.882
61.292
61.505
61.533
61.602
61.553
61.563
61.423
61.105
60.502
45.191
44.871
61.734
61.334
61.105
61.178
61.09
60.993
61.094
61.171
61.181
60.935
60.604
60.493
57.012
59.905
62.799
61.371
61.218
61.175
61.085
60.984
60.862
60.697
60.677
60.818
60.967
61.006
60.7
59.924
44.93
45.385
57.015
58.369
58.667
58.633
58.738
58.153
59.198
58.875
59.109
58.838
59.262
59.118
59.113
59.186
58.951
58.821
58.608
59.309
58.95
59.743
61.302
59.802
59.765
60.644
60.078
61.459
60.745
61.034
61.436
60.494
60.943
60.776
60.379
61.111
60.613
59.913
59.711
58.944
58.879
58.337
58.47
58.849
59.237
59.327
59.236
59.65
59.248
59.031
58.833
59.007
59.178
59.315
59.474
59.336
59.468
59.268
59.024
59.028
59.141
59.268
59.063
58.75
58.397
58.61
56.395
52.771
49.146
48.485
46.743
45.7
49.041
52.382
52.625
54.068
53.632
54.75
55.089
55.858
56.195
56.284
55.929
56.058
56.47
56.523
56.04
57.451
56.652
55.853
55.833
56
56.138
56.366
57.114
56.577
56.447
56.535
55.96
56.151
56.251
56.401
56.09
55.489
57.533
56.575
56.166
56.096
55.944
64.111
64.002
64.001
64.049
56.471
56.176
56.23
56.626
55.979
52.035
54.008
51.278
57.624
50.763
43.902
45.472
47.625
49.778
49.126
49.452
49.456
49.11
48.853
48.597
52.262
55.927
50.979
46.031
