63.931
64.033
64.002
63.998
64.082
64.054
64.074
59.949
60.018
59.962
60.87
63.92
64.002
64.113
64.121
64.13
52.966
53.025
53.066
53.083
53.047
52.939
51.796
53.024
53.309
53.382
53.55
53.962
54.501
54.379
54.328
54.775
53.731
52.655
52.468
53.157
53.846
54.594
53.71
53.414
52.42
53.724
53.851
52.63
54.03
55.429
54.478
54.841
55.382
54.979
59.858
59.949
59.55
58.571
58.764
59.093
58.021
59.011
58.991
59.249
59.507
59.813
59.985
60.197
60.175
60.093
59.978
59.751
59.697
59.712
59.75
59.721
59.692
59.621
59.661
59.69
59.687
59.639
59.671
59.774
59.817
59.834
59.537
59.781
60.025
59.907
59.327
58.697
58.804
58.957
58.402
59.091
58.9
58.41
58.929
58.029
59.718
57.654
57.642
57.212
56.782
57.018
56.671
57.374
56.565
56.615
56.741
56.733
55.785
55.574
56.765
56.572
56.456
56.462
56.646
57.123
57.403
57.31
60.314
59.716
59.079
57.737
59.56
58.486
58.484
58.483
59.616
59.588
59.56
58.088
59.108
58.468
58.959
59.152
59.219
58.16
59.344
59.01
58.35
58.956
57.695
59.371
59.219
59.272
59.748
59.688
59.607
59.24
59.962
59.461
58.716
64.995
65.015
59.538
59.533
59.848
59.998
59.988
59.83
59.589
59.702
59.878
59.77
59.788
59.816
59.733
59.329
59.303
57.44
55.769
56.443
58.771
59.469
58.125
59.403
58.266
58.971
58.814
58.788
58.665
58.736
58.502
58.411
57.882
56.904
55.814
54.976
53.619
53.899
54.093
54.948
56.134
55.989
55.7
56.304
56.565
56.622
56.422
56.67
56.519
56.644
57.107
56.577
57.06
56.613
57.215
56.518
57.074
56.519
56.789
56.696
56.839
57.336
56.943
56.852
56.397
56.569
56.065
55.562
56.363
57.312
59.277
57.828
58.086
58.313
58.175
58.04
59.02
58.207
59.422
59.247
59.19
59.526
58.301
59.101
59.122
57.734
59.343
58.911
58.709
59.027
58.832
58.912
59.177
58.005
59.354
59.426
59.314
59.201
59.395
60.121
59.698
59.889
59.933
59.942
60.574
60.244
60.188
60.208
60.46
60.711
60.822
60.989
62.449
61.102
61.44
62.102
61.056
62.142
61.131
61.917
61.505
61.794
61.711
61.961
61.718
61.948
61.529
61.786
61.783
61.585
61.878
61.681
61.814
62.135
61.687
60.378
58.461
57.928
58.982
59.726
59.906
63.924
64.032
47.96
47.923
47.952
47.897
47.959
47.922
47.939
47.94
47.912
47.942
47.926
47.992
47.972
47.985
47.96
48.014
47.99
48.035
48.025
48.061
48.029
48.07
48.119
48.07
48.088
48.085
48.087
48.061
48.091
48.007
60.163
59.904
59.858
59.897
60.051
60.473
60.811
60.782
60.598
60.402
60.391
60.002
64.013
63.927
63.951
60.263
60.293
60.429
60.646
60.592
60.279
60.059
59.987
60.05
60.032
60.114
60.214
60.215
60.215
60.194
60.225
60.227
60.341
60.47
60.458
60.221
60.188
60.343
60.237
60.191
60.148
60.099
60.265
60.352
47.925
47.939
60.227
60.279
60.026
59.899
47.962
48.047
64.011
64.022
64.034
63.962
48.032
48.063
48.089
59.997
59.964
59.945
59.924
59.95
59.913
59.91
59.966
66.994
67.037
67.009
67.068
47.975
48.03
47.94
48.051
48.029
47.903
47.957
47.911
59.968
59.962
59.966
59.997
60.006
59.967
60.008
59.98
59.971
60.022
59.983
59.993
66.994
66.981
67.01
67.072
63.378
59.683
60.015
59.959
59.851
59.876
59.818
59.953
59.947
60.016
60.019
60.048
52.954
52.954
52.969
52.986
53.003
52.811
