47.876
47.673
48.396
47.72
48.317
62.174
61.922
61.827
61.918
61.785
61.83
61.962
61.771
61.898
61.691
61.744
61.649
61.042
48.049
48.06
48.261
62.265
61.22
61.211
61.326
61.176
62.033
62.623
62.954
63.01
62.999
62.917
62.653
62.371
62.328
62.464
62.149
61.751
61.678
60.201
57.922
56.878
57.465
58.214
57.246
57.467
57.688
56.92
58.118
56.964
57.038
57.514
57.87
57.849
58.742
57.385
57.053
55.619
47.482
47.124
50.437
53.75
51.753
52.989
53.08
52.922
53.049
52.863
53.055
52.968
52.991
52.994
53.004
53.029
53.04
53.033
52.967
57.497
56.933
55.876
55.161
55.586
56.867
57.792
58.01
58.057
58.136
57.635
57.054
55.631
54.996
56.934
57.899
58.256
58.156
58.177
57.746
58.036
57.929
57.881
58.09
57.646
58.024
57.975
58.112
58.525
59.368
60.326
61.182
61.603
61.429
61.803
61.701
62.112
62.566
62.848
62.923
62.818
62.735
62.757
62.591
62.331
61.455
62.502
63.549
62.858
62.698
62.445
62.407
62.559
62.661
62.687
62.747
62.809
62.852
62.729
62.694
62.616
62.312
61.224
61.942
61.363
61.827
61.246
61.737
61.177
61.599
61.517
61.638
61.667
61.857
61.525
61.424
60.831
60.384
59.938
59.974
60.055
59.598
59.141
59.633
59.634
59.653
59.785
59.834
59.946
59.821
59.645
59.597
59.645
59.642
59.847
60.057
60.29
60.559
61.911
61.72
62.037
62.169
61.767
61.854
61.873
61.655
61.824
61.673
61.873
61.704
61.003
54.994
48.15
48.008
48.319
63.35
62.493
62.295
62.154
62.481
62.434
62.493
62.484
62.475
62.533
62.561
62.571
62.576
62.407
46.184
46.096
64.894
63.582
63.772
63.946
63.929
64.126
63.922
63.827
63.625
63.997
63.624
63.787
63.559
63.623
62.709
62.753
62.979
63.105
63.378
63.598
63.437
63.484
63.512
63.395
63.622
63.389
63.613
63.392
63.466
62.829
62.84
62.976
63.038
63.054
63.995
65.003
65.338
65.395
65.482
66.072
66.859
66.964
67.29
67.521
67.08
66.863
65.456
64.246
63.232
62.004
61.088
60.471
60.114
59.696
59.583
59.24
59.423
59.685
60.094
60.247
60.751
61.031
60.968
60.732
60.327
60.439
60.677
60.304
60.114
60.268
58.43
57.977
57.838
57.807
56.556
55.306
57.131
57.265
46.041
45.825
45.893
46.026
46.016
46.015
46.096
45.958
57.421
57.455
57.601
46.223
46.064
46.13
46.009
52.489
53.059
53.036
53.113
58.098
57.857
57.921
58.081
57.805
58.416
57.913
58.491
53.059
53.033
53.095
52.984
53.808
44.276
46.27
45.938
46.259
46.092
45.757
45.646
