73.043
73.023
73.018
73.03
73.01
72.996
73.031
73.044
53.556
53.603
54.351
53.212
54.327
53.015
53.051
52.886
52.721
53.863
53.39
52.917
52.899
52.882
54.729
53.281
52.775
52.712
52.649
52.368
52.087
51.393
54.513
52.923
55.037
54.447
53.856
54.222
53.7
54.319
54.608
54.606
56.331
55.36
56.63
55.879
56.876
55.946
56.87
56.05
56.206
55.728
56.318
55.703
56.31
55.754
56.208
55.686
56.063
56.024
56.244
56.285
56.066
56.212
55.818
56.002
55.672
58.258
56.084
58.624
61.163
61.676
63.322
63.66
63.779
63.82
64.007
64.603
65.168
65.74
65.969
66.127
65.872
65.385
65.377
65.855
66.023
65.994
66.049
66.298
66.503
66.562
66.383
66.045
65.902
65.914
66.062
66.303
66.345
66.351
66.436
66.665
66.591
66.466
66.288
66.262
66.223
66.121
66.174
66.234
66.282
66.348
66.302
66.117
66.02
66.015
65.904
66.185
65.679
66.46
65.81
66.232
65.894
65.928
66.305
66.129
66.341
66.499
66.016
66.179
66.343
66.401
66.318
66.539
66.513
66.179
66.096
66.07
48.27
47.861
48.215
47.85
48.002
48.092
48.054
62.722
62.933
63.296
47.902
48.151
63.725
63.464
47.881
48.173
48.055
47.868
63.031
62.09
61.845
61.903
62.236
62.111
62.405
62.719
62.977
63.022
63.115
63.224
63.288
63.342
63.358
63.457
63.504
63.335
63.258
63.068
63.376
63.501
63.528
63.623
63.61
63.738
63.973
63.88
63.748
64.044
64.327
64.754
64.802
65.022
65.05
64.94
64.99
65.051
64.955
65.038
65.23
65.418
65.387
65.054
64.056
59.759
59.978
65.932
65.591
65.606
65.255
64.962
65.161
65.507
65.855
66.02
66.224
66.361
66.372
66.297
66.302
66.298
66.279
66.215
66.108
65.701
65.887
63.333
60.779
60.98
65.829
65.836
65.796
65.723
64.475
65.207
65.252
65.621
48.925
48.997
49.145
66.189
66.297
66.483
66.371
48.774
49.274
49.004
66.946
66.336
66.302
66.938
66.657
66.146
66.27
66.482
66.32
66.201
66.232
66.592
66.684
66.438
66.517
66.508
66.336
66.193
66.132
66.076
66.081
66.263
66.364
66.349
66.597
66.151
66.253
66.077
66.096
66.151
66.231
66.328
66.425
66.172
66.109
66.067
65.907
65.771
65.211
65.297
65.426
65.212
65.174
65.526
65.576
65.485
65.331
65.005
64.611
65.249
65.221
64.934
65.261
64.94
65.218
65.447
65.445
65.307
65.419
65.4
65.111
64.994
64.823
64.492
64.19
63.984
63.964
64.182
64.4
64.837
65.099
65.3
65.668
65.275
65.266
65.219
65.17
65.257
65.078
65.343
65.537
65.731
65.43
65.391
65.417
65.222
65.014
64.803
64.399
63.109
62.276
62.51
62.099
62.434
62.151
61.868
62.296
61.962
61.637
61.592
61.804
61.932
62.192
62.734
62.183
62.306
52.735
53.235
61.757
62.125
61.899
61.808
62.587
62.15
61.705
55.366
56.657
57.949
56.692
56.648
56.251
48.434
48.301
48.06
48.028
48.118
48.561
47.493
