62.927
62.846
63.012
63.169
62.924
62.83
62.903
63.235
63.074
62.835
62.899
63.23
63.126
62.881
62.743
63.109
55.401
54.6
54.704
55.49
55.707
54.711
54.562
55.548
55.434
54.712
54.807
55.457
55.228
54.212
54.404
55.471
50.945
51.757
51.851
56.632
61.941
62.157
62.231
61.942
62.024
62.087
62.11
62.133
62.039
57.812
51.942
51.598
58.085
57.939
57.86
57.026
56.279
58.476
58.699
58.552
58.709
60.003
60.559
59.948
61.385
61.637
61.92
61.917
61.903
61.943
61.844
61.889
61.833
61.758
61.731
61.702
61.649
61.374
61.174
60.865
60.502
59.942
60.537
59.682
60.206
60.071
59.134
58.603
58.36
59.174
59.736
59.045
58.019
57.96
57.993
59.583
58.919
57.313
59.06
60.35
59.26
56.609
58.06
57.709
58.019
57.235
57.486
58.282
57.648
58.413
57.776
58.489
57.602
58.327
57.792
57.932
58.07
57.303
58.002
58.701
56.686
57.448
58.21
57.468
57.223
57.48
57.51
57.505
57.618
57.708
57.517
57.687
57.549
57.401
57.617
57.878
57.629
57.777
57.726
57.376
58.463
58.612
58.762
58.43
58.489
58.319
58.379
58.7
58.933
60.02
59.466
60.762
59.95
59.971
60.286
59.156
59.851
59.532
59.93
59.373
60.113
59.75
60.024
59.902
60.329
59.262
60.229
59.514
60.204
59.903
59.457
60.6
59.957
59.922
60.713
59.509
60.538
59.729
59.66
59.483
60.18
60.974
61.236
61.667
61.777
61.996
61.437
62.08
61.232
61.863
61.39
61.934
61.885
61.679
61.912
61.298
61.488
61.375
62.057
62.136
62.45
62.795
62.882
62.875
62.74
62.706
62.816
62.238
61.66
60.601
59.542
63.029
63.809
62.87
62.573
62.692
63.076
63.102
62.947
62.845
62.892
63.235
63.288
62.984
62.996
63.352
63.08
62.641
62.041
65.301
64.991
65.083
65.175
65.191
65.206
59.31
59.564
59.372
59.18
59.254
59.328
59.505
59.681
59.467
59.388
59.309
59.294
59.279
60.039
59.366
58.692
54.417
55.849
55.929
54.616
55.378
56.14
55.616
54.463
55.521
56.725
55.143
58.54
57.38
56.79
58.577
58.187
58.418
61.08
61.55
61.798
61.757
61.829
62.124
62.334
62.637
62.811
62.896
62.947
62.89
62.77
62.621
60.97
59.549
58.127
57.623
57.77
52.964
58.234
63.505
63.133
62.433
62.342
62.371
62.509
62.63
63.065
63.092
63.226
63.477
63.267
62.965
62.851
62.86
62.925
62.815
62.797
62.828
62.853
62.693
62.3
62.845
62.848
62.757
62.724
62.699
62.709
62.673
62.834
63.029
62.964
63.048
63.338
63.373
62.968
62.764
63.01
63.097
62.769
62.246
61.443
61.361
60.49
61.279
61.905
62.107
61.239
61.355
61.785
62.135
61.745
62.64
62.779
62.866
62.834
63.023
62.983
62.852
62.677
62.271
58.975
58.204
64.928
64.533
65.048
64.658
61.967
61.45
61.73
61.162
61.421
61.158
60.762
61.061
60.633
59.962
59.573
59.083
59.643
59.247
60.165
59.715
59.898
59.465
61.696
62.316
60.816
59.633
59.407
59.136
60.352
58.928
59.61
58.944
58.978
59.651
70.18
69.946
70.044
69.943
57.443
58.109
57.735
57.971
57.971
57.878
57.024
57.295
57.453
57.551
58.006
57.571
57.32
58.124
57.754
57.477
58.028
58.098
57.614
57.744
57.974
57.723
57.503
57.882
57.851
57.092
58.064
57.574
57.031
56.891
56.538
57.266
57.182
56.89
56.754
57.304
57.945
58.046
58.1
58.345
57.624
58.249
57.693
57.693
57.976
57.729
58.084
58.134
58.037
57.721
58.743
60.315
60.155
58.77
57.518
58.079
58.446
57.188
58.352
58.395
57.611
58.714
57.539
58.054
58.192
60.21
59.678
59.558
59.641
59.675
60.455
59.252
60.914
60.976
58.668
58.099
58.538
58.23
58.71
59.189
60.144
59.577
60.405
59
60.389
58.719
58.638
58.558
58.879
60.461
58.817
58.164
57.814
57.97
58.555
58.564
58.574
59.103
58.727
58.799
58.553
58.957
59.99
59.58
59.994
59.735
59.794
58.661
61.746
64.832
64.908
64.871
64.834
59.971
60.455
58.254
58.595
59.93
59.857
59.827
59.469
59.823
59.877
60.271
60.042
60.079
59.955
59.828
60.087
60.127
60.299
59.811
59.509
59.57
60.043
60.154
59.871
59.712
59.937
59.792
60.054
60.247
60.277
60.237
58.755
58.92
59.933
59.981
56.894
56.945
63.325
61.832
60.339
