48.603
72.981
73.022
55.969
56.24
54.099
51.957
53.647
55.338
56.574
49.384
49.26
50.746
52.233
54.703
57.174
53.507
49.841
49.705
49.927
50.148
50.092
49.432
49.561
49.152
48.8
49.773
50.338
49.683
48.28
47.073
49.243
49.899
49.638
53.357
51.454
55.748
55.828
56.127
56.247
56.543
56.528
56.551
56.413
56.29
56.141
56.204
56.362
56.11
56.084
55.892
56.189
56.186
56.332
56.51
56.422
56.437
56.163
56.262
56.212
56.043
55.358
55.53
55.677
55.959
56.009
56.18
56.155
56.219
56.272
56.268
56.451
56.468
56.486
56.422
56.048
55.885
55.723
49.337
48.569
54.09
54.918
55.341
55.764
55.017
55.182
56.031
56.348
56.161
56.028
55.881
55.058
54.539
53.488
51.515
52.693
53.87
54.69
55.149
54.793
54.531
54.04
54.708
54.46
54.418
54.862
53.544
53.649
64.014
64.091
63.99
54.437
52.338
53.113
50.842
50.744
50.645
52.777
52.205
51.367
52.442
52.324
52.413
52.238
51.789
50.272
51.54
52.809
52.232
52.381
51.812
50.822
51.657
52.514
51.975
51.588
50.775
49.982
49.189
48.544
47.898
47.838
48.664
54.536
51.547
48.557
48.597
48.855
48.59
48.403
60.591
60.797
55.723
56.288
56.04
60.911
61.09
61.149
61.031
61.01
61.026
60.925
49.032
49.026
49.009
49.136
49.299
49.51
49.599
49.319
59.443
58.571
59.195
59.307
59.42
58.741
58.963
59.248
57.133
57.476
57.819
55.345
56.314
56.146
56.987
56.127
58.064
60.002
58.583
57.164
56.897
56.629
55.012
53.394
52.999
54.167
54.427
54.923
55.474
55.342
55.244
55.844
56.444
56.79
56.97
56.527
47.389
46.624
59.634
59.889
60.121
60.055
59.579
59.655
59.4
59.647
59.733
59.746
59.367
44.564
44.088
55.379
56.885
58.434
59.983
59.716
59.881
60.601
61.013
61.425
61.359
61.381
61.51
61.472
61.317
61.28
61.199
60.76
44.425
44.724
45.26
61.482
61.353
61.256
61.219
61.183
61.079
61.119
61.065
61.036
61.124
61.111
60.886
60.577
60.278
59.128
58.368
57.941
58.335
58.632
59.028
59.302
59.2
59
59.24
59.024
59.111
58.865
58.99
58.917
58.833
45.159
44.969
44.044
58.496
57.874
57.722
53.719
53.746
54.074
58.873
59.184
59.223
58.969
58.716
58.067
58.866
58.923
58.98
59.249
58.879
59.909
60.938
60.027
59.579
59.849
60.12
60.887
61.655
60.589
61.569
61.172
60.712
61.077
59.666
60.115
60.564
59.364
58.982
58.884
59.121
59.448
59.753
60.203
59.806
59.342
59.181
59.481
59.21
59.412
59.814
59.766
59.75
59.79
59.622
59.382
59.203
59.459
59.568
59.429
58.856
52.826
52.584
52.286
51.988
53.636
55.284
53.782
52.281
52.971
52.546
53.563
53.943
54.091
55.082
53.851
55.219
55.156
55.489
56
56.403
56.58
56.341
56.011
56.019
56.069
56.122
56.398
56.17
56.166
56.225
55.908
56.094
56.698
56.205
56.129
56.308
56.64
56.578
56.515
56.653
56.277
56.013
56.877
53.659
55.149
56.047
55.918
56.193
56.205
56.805
56.13
64.075
64.022
64.069
64.002
63.982
64.015
64.015
63.99
48.999
48.36
48.754
47.888
44.147
43.223
43.508
43.166
49.641
50.099
48.979
49.947
50.288
50.629
52.016
49.956
47.897
43.654
44.262
44.592
