77.034
77.037
69.631
69.214
69.053
69.17
72.097
72.123
72.038
72.103
72.076
72.092
72.077
72.106
72.134
72.098
72.016
72.091
72.037
72.026
72.015
50.909
51.435
50.685
51.21
51.346
50.466
60.008
60.319
60.341
60.41
61.004
61.509
61.579
61.99
61.889
61.741
62.045
61.846
62.051
61.996
61.734
62.097
62.071
61.992
61.877
62.752
62.842
62.902
63.001
62.957
63.066
63.065
63.501
63.644
62.667
62.382
65.081
65.096
65.098
65.101
63.273
63.008
63.182
63.084
63.278
64.188
63.985
64.327
64.601
64.49
64.015
64.557
64.659
64.716
64.736
64.87
65.127
65.151
65.03
65.062
65.015
64.853
64.735
64.741
64.921
64.958
64.952
65.034
65.022
64.949
64.956
64.988
64.963
64.987
65.015
65.053
65.011
64.989
64.902
63.542
60.014
59.891
59.822
60.045
60.234
65.737
64.908
64.79
64.632
64.618
64.633
64.755
64.854
64.951
64.812
64.598
62.925
64.001
65.077
64.99
65.031
65.055
65.066
65.026
65.073
65.077
64.996
65.021
65.063
65.009
65.027
65.086
65.01
65.033
65.021
65.01
64.987
60.381
57.129
58.959
55.51
53.742
53.843
53.497
52.626
55.908
59.19
60.483
65.051
65.052
61.597
58.141
56.574
56.507
52.235
52.273
52.094
52.033
52.366
52.183
52.465
52.494
52.468
52.635
52.599
52.674
52.507
52.654
52.752
52.924
53.175
54.11
56.401
58.498
60.392
61.532
62.36
62.733
62.879
63.106
53.132
52.663
64.367
64.727
64.878
64.891
64.939
64.923
64.771
64.788
64.777
64.699
56.787
56.703
56.458
56.51
56.868
56.586
72.044
72.017
62.529
61.739
61.919
66.27
66.273
62.401
62.699
62.829
62.899
62.871
63.279
63.178
62.891
62.943
63.304
63.137
62.971
62.842
62.715
62.266
61.91
61.319
61.326
61.094
61.235
61.505
61.479
61.713
61.424
61.691
61.317
61.749
61.337
61.798
61.481
61.855
61.376
61.412
60.616
58.828
51.112
56.559
49.872
43.186
42.993
54.831
59.714
58.619
58.619
58.53
58.318
59.137
60.004
60.142
59.705
59.979
60.252
59.747
59.242
43.106
43.224
59.792
60.794
60.468
60.259
60.607
59.488
60.492
60.016
60.192
60.663
60.661
60.658
60.093
60.599
60.187
60.195
60.492
59.986
60.691
59.993
60.553
60.352
60.197
60.434
59.336
60.908
61.688
62.061
62.018
62.117
61.978
60.502
59.027
59.566
59.309
58.611
59.312
58.94
59.596
59.832
59.727
59.841
60.064
60.025
60.244
59.889
59.459
59.617
59.684
58.617
49.679
49.436
49.57
49.805
53.639
57.474
58.218
58.218
57.894
57.748
57.813
57.943
57.545
57.919
57.861
57.437
57.877
57.936
57.665
57.831
57.681
56.871
