58.094
58.018
57.864
58.153
57.858
58.079
58.025
58.057
57.994
57.915
58.152
57.907
58.087
58.109
57.861
58.143
57.883
58.074
57.963
58.094
57.929
57.865
58.095
57.837
58.106
57.845
58.027
58.123
52.824
53.038
52.86
52.896
52.35
58.034
57.965
58.154
43.2
43.303
42.808
42.963
43.831
43.117
41.957
53.256
53.474
53.331
52.834
52.984
52.947
52.594
58.108
58.689
58.947
59.115
59.573
59.931
60.243
55.436
58.501
51.516
44.53
46.524
46.022
45.879
45.736
46.613
45.952
45.522
46.525
45.78
45.855
45.93
45.976
45.61
62.268
62.147
61.957
61.912
61.903
62.025
62.071
62.121
62.147
62.047
62.006
62.092
62.255
45.947
46.437
45.961
45.841
46.104
46.325
46.123
45.916
62.106
62.149
62.276
62.309
62.328
46.411
45.94
46.243
50.001
48.403
46.805
46.105
62.91
62.655
62.533
62.266
62.096
62.094
62.173
62.43
62.64
63.146
62.828
62.554
46.017
46.096
46.348
45.638
46.178
45.792
46.248
45.907
45.947
46.062
46.097
45.936
46.189
45.939
46.416
45.818
45.942
46.065
46.061
47.408
46.352
45.768
45.986
45.961
46.013
45.976
61.835
61.796
61.592
61.741
62.227
62.395
62.456
62.411
62.548
62.65
62.749
62.616
62.552
62.466
62.128
61.839
61.826
61.906
62.086
62.323
62.842
63.381
63.172
63.211
63.251
45.895
46.059
45.817
46.066
44.745
47.088
46.169
49.456
46.871
54.804
62.737
62.287
61.918
61.718
61.726
62.034
62.207
62.37
62.517
62.512
62.47
62.327
62.054
61.948
62.082
62.009
62.049
62.125
45.347
46.453
45.664
45.867
46.253
45.534
59.671
60.301
60.245
59.921
60.007
59.386
59.303
59.219
45.615
45.683
45.698
45.714
46.226
57.599
57.048
56.346
56.321
56.864
56.716
57.179
57.362
57.568
57.908
58.048
57.978
57.741
57.769
57.912
57.876
57.686
57.805
57.645
57.54
57.683
57.781
57.62
57.716
57.847
57.708
57.901
57.89
57.156
57.913
57.612
56.724
63.355
69.986
70.07
69.98
70.111
60.759
60.143
59.706
60.037
59.913
60.497
61.074
61.168
61.071
61.474
61.665
61.752
61.891
61.967
62.046
62.118
62.12
62.118
62.156
62.185
62.115
62.016
62.027
61.879
61.843
61.922
61.941
61.983
62.03
62.036
61.986
62.054
62.058
62.081
62.039
61.986
62.028
62.193
62.229
62.265
62.54
62.963
62.658
62.354
61.847
61.08
58.228
58.239
58.083
58.283
62.308
61.594
61.459
61.287
61.377
61.626
61.753
61.971
62.032
62.014
61.895
61.512
60.54
58.139
58.113
58.03
57.923
57.919
58.183
58.103
57.92
57.817
58.042
53.362
52.672
53.287
