59.733
59.879
60.326
59.25
60.615
59.283
59.84
59.996
59.21
57.22
58.594
57.769
59.736
58.418
57.101
59.573
59.934
61.138
61.194
60.813
60.846
61.449
61.239
61.949
61.645
62.022
62.01
61.764
62.03
61.866
61.86
62.006
61.144
58.872
57.601
69.108
68.95
69.006
62.27
62.235
61.721
61.945
61.649
62.173
62.274
62.365
62.473
62.675
62.684
62.79
62.772
62.706
62.594
62.443
62.251
62.139
61.002
60.188
60.505
61.524
61.896
61.794
62.122
62.046
62.095
62.098
61.963
62.089
62.09
61.849
62.083
61.98
61.85
62.132
61.812
62.003
62.099
61.802
61.724
60.43
59.893
58.064
62.859
62.279
61.789
61.83
62.011
61.955
62.351
62.496
62.488
62.549
62.845
62.74
62.586
62.456
62.194
61.687
63.756
65.825
65.113
64.265
63.074
62.566
61.914
61.36
61.782
61.505
61.845
61.594
61.783
61.866
61.832
61.977
61.921
61.887
61.962
61.758
61.739
61.693
61.608
61.606
61.394
61.338
61.107
60.416
60.28
60.445
59.99
59.602
59.819
59.638
59.954
59.725
60.147
59.831
60.223
59.949
59.859
59.587
60.063
59.672
59.281
51.167
50.476
62.508
60.985
60.255
60.008
59.692
59.96
59.806
59.871
59.907
59.789
59.892
59.524
59.248
58.978
58.496
57.386
57.156
57.407
57.658
56.399
58.304
57.345
58.374
57.766
57.988
58.335
57.644
58.418
57.711
58.361
57.989
58.359
58.048
58.038
57.972
57.263
59.023
58.583
58.143
58.794
58.591
58.387
58.339
58.161
58.048
58.229
58.654
59.538
59.366
59.61
59.676
59.767
59.455
59.441
59.668
59.705
59.907
59.941
60.029
60.375
60.027
60.02
59.566
60
59.273
58.934
59.872
59.874
60.268
60.677
60.576
60.132
60.121
60.244
59.632
60.015
59.588
60.13
59.773
60.092
60.312
60.23
60.318
60.206
59.745
59.941
59.623
60.043
59.883
60.147
60.101
60.035
60.236
59.767
59.994
60.537
60.691
60.586
60.355
60.536
60.469
60.221
60.078
59.218
59.648
59.567
60.112
60.146
59.176
59.209
59.243
59.205
59.168
69.871
69.977
70.008
70.039
70
69.96
70.105
70.019
70.048
69.983
69.919
70.875
71.832
69.981
70.126
70.109
69.992
70.135
67.506
64.877
64.934
64.899
64.995
64.94
64.94
65.013
65.088
64.975
64.888
64.842
57.537
57.917
58.297
59.541
59.671
60.309
59.558
71.956
71.95
71.936
72.01
72.027
72.052
72.079
72.078
72.048
60
60.014
58.955
60.295
72.131
72.086
72.038
72.06
72.068
72.067
72.11
71.993
71.902
71.921
64.908
64.992
72.039
72.025
64.946
64.942
59.324
59.869
59.938
60.197
59.721
53.017
53.155
53.109
68.933
68.93
69.09
62.885
56.679
56.713
64.949
64.979
57.543
56.814
56.799
56.762
