69.999
70.096
70.213
70.308
70.403
61.378
58.612
59.648
59.466
59.284
58.736
58.417
59.786
73.02
73.039
73.064
73.088
55.659
55.908
56.816
57.616
57.606
57.885
58.252
59.006
58.916
59.157
58.842
59.02
59.132
59.178
59.573
59.478
59.655
58.77
54.406
53.904
53.068
51.646
52.145
55.112
53.635
52.158
52.192
65.783
64.964
64.868
64.73
64.696
65.49
65.308
65.804
66.148
66.192
66.238
66.25
66.187
66.205
66.341
66.224
66.097
66.045
65.848
65.42
60.855
61.243
60.926
65.871
65.331
65.417
65.329
65.135
65.294
65.321
65.516
65.65
65.811
65.884
65.945
65.921
65.965
65.64
65.124
63.899
54.04
53.954
53.849
53.997
54.511
52.983
54.557
54.312
52.658
54.623
55.098
54.331
54.239
53.991
54.076
53.76
53.953
53.851
53.753
53.832
53.912
54.23
53.254
53.145
58.53
58.444
58.376
58.21
58.522
59.005
59.371
59.34
59.498
59.453
59.348
59.459
59.011
59.075
58.94
65.866
66.078
66.084
65.971
61.484
59.083
58.626
58.268
58.042
57.897
57.907
58.106
58.443
58.371
58.177
58.089
58.147
58.304
58.377
58.371
58.158
58.032
57.953
57.805
57.607
57.692
57.983
65.81
66.002
66.006
66.094
65.946
65.951
65.955
65.923
66.003
66.007
65.993
65.965
58.775
59.203
66.006
66.047
59.491
59.401
59.358
59.147
59.07
58.993
59.204
59.297
58.597
54.702
50.807
50.908
51.093
50.937
62.885
62.912
62.934
62.922
62.941
62.926
72.957
72.961
72.865
72.953
73.013
62.934
50.816
51.056
50.948
50.841
50.93
51.019
51.196
59.786
59.256
71.007
71.119
58.901
59.567
60.116
60.398
61.008
60.752
61.113
61.325
60.956
61.202
61.089
61.112
61.366
61.103
61.121
69.98
69.97
70.052
69.958
69.983
69.978
69.952
70.004
69.96
70.027
60.766
58.679
59.366
59.372
59.043
59.164
59.284
59.448
59.617
59.08
58.542
59.157
60.339
61.794
58.362
59.924
60.883
61.628
61.292
60.858
61.341
61.348
61.404
61.4
61.448
61.277
60.647
59.563
56.973
54.538
54.092
54.559
54.593
56.758
58.344
59.119
59.127
58.812
58.942
58.973
59.461
59.067
59.425
59.549
59.055
59.343
58.698
76.004
75.984
82.954
82.879
76.053
60.926
60.872
60.844
61.034
61.595
62.055
62.197
62.726
62.468
62.634
62.39
62.449
62.223
61.716
61.099
60.737
60.92
61.115
61.246
61.249
61.269
71.04
70.989
61.427
61.456
61.348
61.198
61.075
60.994
61.232
61.364
61.441
61.671
61.686
61.56
61.355
61.253
61.283
61.426
61.471
61.481
61.565
61.618
61.65
61.573
61.482
61.352
61.332
61.638
61.767
62.274
62.261
62.066
62.004
61.825
61.57
61.374
61.26
61.436
61.633
61.854
62.085
62.129
62.134
61.951
61.781
61.69
73.052
73.05
73.026
73.032
72.972
