61.094
61.124
60.742
60.78
60.793
60.806
60.968
54.806
53.734
54.316
52.488
61.11
60.798
62.233
54.983
55.202
54.964
54.727
55.006
43.141
43.494
43.076
55.022
55.354
54.929
43.479
43.583
43.177
49.764
56.352
55.655
56.622
51.08
53.377
48.976
44.575
43.333
45.043
43.043
48.492
47.326
46.16
45.755
45.35
60.03
60.111
55.195
56.308
43.647
44.344
43.992
44.104
43.836
44.583
43.788
44.162
43.765
44.209
43.553
44.561
44.558
44.922
49.581
46.358
43.135
43.836
43.597
43.359
43.413
44.881
43.797
44.379
44.011
44.541
43.746
43.266
43.65
50.012
56.375
55.142
56.951
54.79
54.72
54.649
55.034
55.268
56.092
56.146
56.191
56.557
56.504
57.585
58.239
59.404
59.858
60.55
60.612
61.192
61.303
61.143
61.6
61.395
61.919
61.92
62.017
61.9
61.579
62.215
63.048
63.181
63.353
63.417
63.327
63.258
63.336
63.566
63.597
63.575
63.576
63.359
63.034
61.964
58.702
61.188
63.673
63.563
63.282
63.019
63.368
63.819
63.976
64.25
64.341
64.339
64.358
64.317
64.313
64.361
64.351
64.347
64.456
64.484
64.564
64.676
64.65
64.639
64.611
64.584
64.585
64.668
64.591
64.468
64.445
64.381
64.167
63.964
64.002
64.182
64.347
64.318
64.376
64.439
64.447
64.357
64.299
64.172
63.902
63.426
49.704
47.983
49.815
48.91
49
63.237
62.979
63.253
63.323
63.077
63.021
63.74
64.036
64.193
64.337
64.32
64.176
63.927
63.638
63.348
63.282
63.129
63.186
63.301
63.363
63.164
63.281
63.424
63.488
63.375
63.001
63.077
63.066
62.417
61.496
60.867
61.464
60.667
60.684
60.856
60.848
60.971
61.177
61.125
61.299
61.272
61.251
60.706
48.476
49.508
49.294
49.08
48.766
62.505
61.847
62.01
62.053
46.84
45.965
63.106
63.105
63.332
63.558
63.487
63.306
63.126
63.142
63.075
63.166
63.45
63.613
63.501
63.35
63.425
63.47
63.515
63.495
63.352
63.58
63.542
63.519
63.296
62.947
64.133
65.32
63.39
63.286
63.363
63.233
63.121
63.178
63.252
63.246
63.235
63.194
62.94
61.946
47.144
46.68
47.192
47.185
46.772
61.908
61.773
61.646
62.309
62.017
62.646
63.128
63.397
63.293
63.367
63.071
62.615
62.416
62.382
62.323
62.214
62.007
61.565
61.42
61.822
61.669
61.78
61.621
61.828
61.481
61.472
61.294
60.854
47.086
47.032
53.453
59.875
59.273
59.23
59.517
59.142
59.275
59.389
59.425
59.519
59.664
59.726
59.798
59.714
59.521
59.107
58.896
59.105
58.977
58.801
58.763
58.784
59.286
59.789
60.657
61.129
61.264
61.386
61.33
61.325
61.309
61.43
61.715
61.747
61.99
62.089
62.001
61.581
61.884
61.943
61.461
61.474
61.584
61.916
61.915
61.604
62.027
61.997
61.718
61.758
61.757
61.906
61.559
61.843
61.948
61.888
62.216
62.164
62.288
62.078
62.193
61.957
61.746
61.583
61.17
60.346
44.831
44.168
45.275
60.974
60.586
60.639
60.219
60.196
60.29
60.245
60.156
60.211
60.161
60.185
59.935
59.08
44.013
43.849
43.507
57.073
56.015
55.573
55.599
55.485
56.303
56.252
56.351
56.505
56.535
56.378
56.286
55.145
58.636
59.612
59.524
59.436
59.635
59.835
59.766
59.983
59.712
59.757
60.394
59.949
59.763
59.951
60.242
59.891
59.928
60.263
59.81
59.448
59.634
59.82
59.576
59.982
59.89
59.797
60.11
60.212
59.818
59.728
49.214
49.253
48.476
49.298
48.564
61.275
61.13
60.698
61.038
61.272
61.405
61.624
62.107
62.168
61.713
61.365
61.096
61.225
61.727
62.459
61.846
61.686
62.091
62.301
61.699
61.515
61.871
62.326
62.221
62.381
61.762
60.015
61.983
63.951
