61.991
59.252
59.359
58.701
58.804
58.675
58.881
58.479
58.873
54.562
54.798
54.689
54.436
54.479
54.851
55.189
55.5
55.375
55.549
55.255
55.04
54.745
54.685
54.708
55.036
55.713
57.822
59.04
60.832
60.943
60.919
60.566
61.176
61.785
61.965
62.142
62.847
62.845
62.861
62.996
63.081
63.012
62.91
63.054
63.274
63.433
62.519
62.685
62.306
62.831
63.355
62.295
61.815
61.591
61.824
61.571
61.807
61.818
62.008
62.043
62.315
62.043
62.557
62.236
62.452
61.84
61.436
69.852
69.919
69.859
69.826
66.868
66.859
66.762
62.948
62.467
62.406
62.515
62.555
62.79
62.549
62.906
62.896
62.611
62.854
62.347
61.996
69.929
69.932
69.826
69.784
69.707
69.828
63.076
61.2
60.795
60.611
60.882
61.3
61.28
62.294
61.921
62.113
62.507
62.504
62.23
62.047
62.548
61.963
62.367
62.033
62.5
62.059
62.666
61.678
61.075
61.181
60.847
60.508
60.577
59.434
60.193
59.76
59.504
60.429
59.79
60.285
57.238
58.945
58.694
58.442
57.386
58.482
59.578
58.542
60.488
60.791
60.338
60.361
60.646
60.409
60.34
60.585
60.35
60.077
60.277
60.03
59.813
60.5
60.488
60.221
57.752
57.58
56.82
56.82
56.82
56.757
57.874
57.51
56.971
56.245
56.319
57.477
58.635
57.295
57.657
57.928
58.199
57.688
57.476
57.792
57.282
56.943
56.009
57.29
57.276
57.281
56.683
57.212
57.37
57.175
57.634
56.41
57.849
57.039
57.643
57.624
57.059
57.482
55.914
54.453
56.65
58.138
58.198
58.259
56.977
56.464
56.242
56.009
57.036
56.809
56.583
56.551
56.52
57.615
57.608
69.911
69.799
57.835
58.231
57.469
57.922
57.851
57.291
57.025
57.066
57.42
56.93
56.638
56.777
57.012
56.969
56.884
57.305
56.913
56.687
56.854
57.064
57.179
57.161
56.84
56.788
56.773
59.365
59.485
58.847
58.21
57.097
56.762
57.17
56.693
56.593
57.11
58.325
57.79
57.393
58.689
57.819
56.948
56.215
55.481
54.468
52.805
51.264
64.938
64.961
64.988
65.016
65.086
52.085
52.518
52.857
52.368
53.17
52.492
53.224
52.687
53.161
53.26
52.856
53.379
52.943
53.26
53.095
53.051
53.357
52.666
53.313
52.548
53.205
52.683
52.973
52.695
60.483
59.523
52.94
53.241
52.741
52.733
52.726
53.515
53.426
53.649
54.999
55.683
57.241
58.244
57.846
58.409
58.16
59.5
59.584
60.277
61.3
61.921
61.898
61.654
61.814
62.051
62.463
62.44
62.771
62.999
62.678
62.291
62.186
62.239
61.679
61.706
61.149
59.691
58.998
58.305
