50.933
51.106
50.296
50.969
67.079
66.959
67.173
71.029
74.884
70.844
66.803
67.063
66.88
67.059
75.137
75.037
74.978
51.154
50.138
50.879
50.521
51.537
51.337
58.078
57.862
57.986
57.904
57.754
58.116
51.617
51.609
50.633
50.518
50.937
51.395
52.046
50.929
50.87
50.552
51.418
51.266
50.915
50.942
50.622
63.249
62.104
62.325
62.707
63.086
63.456
63.924
64.568
65.145
65.629
65.941
65.769
65.868
65.71
65.722
64.434
65.012
63.056
63.849
64.642
64.703
64.414
64.42
64.759
64.644
64.818
64.886
64.726
64.456
63.936
63.668
49.909
49.915
49.203
50.636
50.075
50.128
49.735
50.054
62.373
62.029
61.998
62.047
62.159
62.359
62.573
62.771
63.056
62.658
62.41
62.349
62.34
62.462
62.632
62.672
62.784
63.019
62.82
62.521
62.492
62.545
62.6
62.576
62.492
62.349
62.468
62.527
62.452
62.004
62.002
62.542
62.409
47.868
47.741
66.562
67.412
67.718
67.737
67.91
67.923
68.471
68.871
69.104
69.115
69.187
69.445
69.713
69.128
47.892
48.254
47.647
47.957
48.47
47.562
67.423
67.772
67.614
67.36
67.484
68.019
68.006
68.209
67.849
67.125
66.967
60.256
63.58
59.133
60.909
62.685
54.741
60.474
66.207
66.72
66.822
67.13
67.533
67.682
47.968
47.943
48.048
47.952
47.99
47.939
47.888
48.027
47.994
48.09
62.937
62.976
62.995
62.889
62.963
48.132
47.848
48.01
48.087
47.969
47.999
48.008
47.922
59.963
59.978
59.956
59.374
58.793
58.347
58.493
57.696
58.868
58.999
58.594
59.309
59.498
59.436
59.289
59.135
58.997
57.854
63.026
63.048
62.974
62.991
61.967
60.753
60.556
60.497
60.476
60.542
60.86
60.902
60.752
61.071
61.093
61.128
61.266
61.126
60.897
60.755
60.998
61.495
61.701
61.678
61.353
61.559
61.688
61.98
62.522
62.685
52.952
57.885
62.817
53.058
57.684
62.31
62.488
62.4
62.076
62.195
62.572
62.553
62.393
62.428
62.339
62.221
62.262
62.259
62.205
62.276
62.389
62.374
62.561
62.22
62.455
62.805
63.165
64.143
63.879
64.117
63.971
63.979
64.375
64.54
64.731
64.909
64.86
64.799
64.722
64.689
64.681
64.651
64.661
64.728
64.758
64.71
64.733
64.846
64.864
64.802
64.86
64.867
64.812
64.698
64.684
64.738
64.571
63.75
63.295
63.372
65.591
65.263
65.206
65.315
65.192
65.402
65.475
65.546
65.664
65.73
65.707
65.751
65.967
66.122
66.642
67.065
67.007
67.05
66.935
66.748
66.598
66.896
66.636
66.701
66.823
66.743
66.703
66.541
66.38
65.662
56.194
55.491
55.998
56.182
58.038
59.894
61.125
62.356
62.194
62.347
62.619
62.822
62.797
62.916
63.383
62.995
62.881
63.599
63.109
62.965
63.095
63.051
62.899
62.999
62.797
62.94
62.854
62.768
44.206
44.219
43.941
44
43.96
44.029
43.903
62.891
62.872
62.685
62.539
62.11
43.998
43.958
63.468
62.504
62.34
62.007
62.163
62.641
62.884
63.274
63.48
63.793
64.105
64.3
64.302
64.303
64.41
64.352
64.463
64.497
45.972
46.112
45.928
64.638
64.68
64.59
64.591
46.053
45.995
45.914
46.03
46.002
45.943
45.953
64.699
64.743
64.737
64.737
45.921
45.959
45.925
45.979
45.954
64.783
64.766
64.753
64.825
45.948
45.986
45.992
65.225
65.242
65.216
46.024
45.962
65.364
65.025
64.683
64.675
64.735
64.546
64.392
64.239
64.583
65.109
64.894
65.012
65.057
65.064
52.79
52.956
52.882
52.956
52.959
52.958
52.835
53.042
52.735
52.977
52.842
45.761
45.866
46.018
46.103
52.83
52.714
52.969
52.978
58.014
57.905
57.985
57.982
57.959
58.023
57.933
57.922
57.956
57.917
57.922
57.997
57.941
57.964
57.6
57.793
57.676
57.798
57.875
57.911
57.878
64.037
63.699
63.623
64.153
64.237
65.034
65.639
65.841
66.4
66.575
66.457
66.127
66.057
66.166
65.978
66.157
66.118
66.158
66.008
65.744
65.624
65.706
65.402
65.758
65.837
66.276
66.416
66.417
66.477
66.231
65.958
65.628
64.229
62.466
63.027
64.133
64.165
64.337
64.521
64.431
64.441
64.549
64.715
64.907
64.937
65.013
64.957
64.966
65.004
64.816
64.886
65.086
65.257
65.31
65.458
46.033
46.056
45.953
45.903
45.894
45.893
46.271
46.075
44.286
45.584
46.189
46.092
46.098
46.003
45.881
45.077
45.963
45.869
46.128
46.019
45.88
45.78
45.656
45.994
46.055
46.057
45.94
45.684
46.052
45.971
46.067
46.121
45.906
45.757
45.819
45.974
46.137
46.159
46.097
53.046
53.406
55.591
50.717
45.843
45.959
45.998
45.888
46.077
46.008
46.046
46.028
46.017
46.039
45.973
