66.06
66.043
66.046
66.065
66.106
66.071
65.659
63.567
63.604
64.411
64.255
64.746
65.317
65.515
66.031
66.234
66.571
66.634
66.383
66.548
66.311
66.229
66.247
66.787
66.951
66.497
66.749
66.54
58.566
59.021
65.972
65.755
65.903
66.044
66.23
66.401
66.413
65.976
65.46
65.048
64.392
63.735
64.225
64.714
65.957
66.104
65.801
65.059
65.39
65.468
65.907
66.252
66.247
66.291
66.543
66.596
66.407
66.128
65.996
66.059
66.057
66.058
66.171
66.436
66.586
66.447
66.232
66.247
66.223
66.13
65.692
64.12
63.624
65.874
65.97
65.733
65.496
66.444
66.331
66.15
66.06
65.831
67.993
67.006
66.893
66.19
66.425
66.824
66.361
66.067
65.865
65.552
65.375
65.088
65.135
64.734
65.308
65.454
65.907
66.266
66.276
66.1
66.084
66.197
66.422
65.987
65.996
65.973
65.767
65.738
65.978
66.117
66.052
66.045
65.801
65.075
66.567
68.059
68.011
58.171
58.54
72.968
72.951
64.197
64.218
64.182
64.077
64.226
64.036
63.871
63.559
61.898
63.341
63.67
63.999
62.447
62.116
62.005
62.058
62.106
62.453
62.127
62.883
62.248
62.9
62.573
62.532
62.341
61.968
61.115
60.356
59.692
59.879
59.883
59.899
60.345
61.126
61.167
60.996
60.852
60.679
60.984
61.05
61.154
61.324
61.221
54.252
54.129
54.076
54.396
61.47
61.387
61.265
61.267
61.336
61.414
61.57
61.626
61.409
61.242
61.095
61.13
60.694
59.816
59.518
60.402
61.098
61.795
60.548
60.531
60.075
60.142
60.208
60.582
60.8
61.139
60.944
61.15
61.2
61.039
61.004
60.962
61.067
61.198
61.138
61.359
61.628
61.442
61.256
61.285
61.162
61.016
60.858
61.117
60.961
61.573
61.638
60.722
61.116
61.476
60.952
60.839
61.577
61.119
60.837
61.695
61.808
61.36
61.137
61.028
60.737
60.963
61.406
61.62
61.441
62.882
64.604
65.315
65.632
65.72
65.864
66.16
66.348
66.299
66.162
66.068
65.944
65.928
66.027
66.081
66.265
66.449
66.315
66.357
67.074
66.409
66.283
66.116
65.918
65.554
64.208
63.953
63.336
62.502
62.904
62.548
62.798
63.42
63.611
63.622
63.66
63.191
63.343
65.897
65.9
65.982
66
66.013
62.832
63.434
63.798
64.642
64.746
63.98
66.087
66.12
66.106
66.13
66.118
65.972
65.899
65.732
65.918
65.968
65.964
66.006
65.972
65.99
65.975
65.978
66.002
65.968
66.013
65.994
66.041
65.989
65.99
66.008
65.964
66.007
66.002
65.972
65.956
65.961
65.979
65.977
77.371
78.09
65.932
66.052
66.038
65.998
66.028
65.982
65.996
66.027
66.059
65.999
66.028
65.999
66.009
65.968
66.022
65.99
65.972
66.006
65.966
65.994
66.082
65.484
65.655
66.121
65.678
73.008
