66.985
66.968
66.964
66.981
66.959
66.961
66.96
66.953
66.935
66.93
66.947
66.917
66.968
66.921
66.949
66.93
66.952
66.948
66.958
66.973
66.946
66.995
66.975
67.024
66.977
66.966
64.014
64.047
64.041
64.071
64.033
63.957
69.507
68.706
67.906
62.059
56.211
55.939
55.696
67.925
67.991
67.928
56.091
53.265
53.912
54.22
54.867
55.39
55.803
56.196
56.794
57.562
57.654
58.507
58.653
58.781
58.659
58.181
58.581
58.913
58.792
58.882
59.135
59.268
59.431
59.628
59.546
59.413
59.22
58.978
58.803
58.776
58.75
58.954
59.276
59.497
59.588
59.716
59.563
59.446
59.298
59.118
59.039
59.175
59.561
59.949
59.896
59.627
59.47
59.18
59.014
58.934
58.996
59.144
59.292
59.454
59.745
59.781
59.716
59.535
59.405
59.134
59.125
59.492
59.877
59.393
59.251
59.649
60.289
59.921
59.418
58.984
58.845
59.15
59.446
59.759
59.686
63.328
63.153
63.234
63.316
67.945
67.94
67.897
67.853
67.949
68
63.935
59.871
60.024
60.177
56.268
55.1
56.181
56.479
56.778
56.523
57.055
57.901
57.323
57.503
57.524
56.679
57.734
57.943
58.146
58.153
58.45
58.151
58.643
57.8
58.03
58.09
57.92
55.918
56.865
58.081
57.833
60.22
59.314
59.612
59.483
59.044
59.322
59.916
58.96
59.905
58.895
59.943
59.285
59.619
59.54
59.456
59.51
59.221
59.702
59.843
60.63
61.048
61.052
61.209
60.968
60.765
61.2
61.539
61.569
61.513
61.533
61.386
61.004
60.926
60.889
60.987
61.204
61.337
61.65
61.634
61.454
61.279
61.226
61.335
61.391
61.487
61.579
61.592
61.582
61.706
61.741
61.684
61.608
61.401
60.323
60.156
59.989
61.276
60.798
61.118
61.023
61.088
61.153
61.42
60.685
61.031
60.679
60.327
63.214
66.1
65.81
66.156
57.556
57.961
59.125
59.035
59.557
60.079
58.734
58.441
59.684
61.453
61.761
58.898
58.999
58.37
58.098
59.016
59.407
58.17
58.056
57.882
57.359
56.134
55.782
66.216
65.907
53.423
53.656
53.357
53.595
53.642
53.768
53.629
53.858
53.74
53.84
53.939
54.114
54.288
54.397
54.396
54.385
54.264
54.024
54.179
54.154
54.343
54.925
54.961
54.49
54.164
54.283
53.978
54.177
54.376
54.255
65.962
65.939
66.084
65.969
54.594
54.329
54.099
54.156
54.212
54.261
54.756
54.567
54.382
54.793
54.617
54.199
54.517
54.454
66.016
66.036
65.912
66.019
65.98
65.996
66.056
65.977
66.003
66.006
65.973
66.035
65.992
66
66.003
65.959
66.029
66
65.967
66.006
66.008
65.928
66.036
65.998
66.006
66.08
65.875
66.062
65.997
65.974
66.11
65.88
66.041
66.047
65.867
66.116
65.975
66.047
66.118
70.97
70.995
71.037
71.061
71.056
71.087
71.045
71.052
71.056
71.208
72.927
72.943
72.98
72.967
72.954
72.984
73.014
