54.663
49.655
50.096
49.886
48.785
49.092
48.806
48.517
48.395
48.547
48.504
48.007
47.869
47.808
48.194
49.651
46.929
48.443
47.127
46.068
45.01
46.128
47.245
46.9
46.511
47.199
46.77
46.755
46.968
47.451
57.228
58.782
59.208
50.387
55.692
60.996
62.605
62.647
63.416
63.633
63.85
63.952
64.045
63.871
63.759
63.631
63.615
63.698
64.069
64.355
64.327
64.444
64.45
64.505
64.462
64.387
64.391
64.302
64.141
64.191
64.091
63.978
63.929
64.072
64.18
64.186
64.165
64.129
64.247
64.214
64.138
64.144
64.15
64.256
64.263
64.165
63.882
63.555
63.403
63.296
63.217
62.958
63.193
63.1
63.051
63.055
63.01
63.022
63.13
63.132
63.226
63.274
62.95
61.806
56.29
56.388
55.476
55.394
64.025
63.652
63.627
63.522
63.651
63.88
63.793
63.939
64.023
64.062
64.17
64.019
64.091
63.52
63.046
62.734
62.728
62.767
62.961
63.039
63.054
63.119
63.3
63.498
63.464
63.541
63.344
63.248
63.271
63.237
63.195
63.356
63.24
63.322
63.546
63.163
63.003
63.18
63.474
63.627
63.302
62.503
62.507
59.907
57.639
56.517
57.935
59.29
59.255
59.324
59.024
59.537
59.702
60.409
61.147
61.575
61.429
61.171
61.001
60.801
60.792
61.011
61.298
61.491
61.532
61.562
61.55
61.231
61.126
61.382
61.384
61.503
61.684
61.704
61.639
61.694
61.623
61.408
61.484
61.236
61.407
61.214
61.646
61.805
61.774
61.594
61.639
61.758
61.839
61.814
61.697
61.414
61.19
61.401
61.528
61.428
61.669
61.643
61.429
61.446
61.443
61.762
61.489
61.488
61.714
61.862
61.551
61.394
61.664
61.557
61.493
51.071
51.143
51.215
43.567
43.833
43.812
43.873
43.839
43.805
43.698
43.093
52.202
52.445
59.464
58.054
56.964
56.732
55.411
54.089
53.645
48.535
43.426
43.527
43.245
60.829
60.652
60.619
60.841
61.003
61.112
61.248
61.33
61.424
61.736
61.678
61.589
61.664
61.638
61.711
61.651
61.638
61.678
61.709
61.794
61.731
61.541
61.497
61.489
61.495
61.383
61.215
61.084
61.243
61.257
61.244
61.065
60.546
60.1
57.338
54.576
54.524
53.964
58.045
59.234
59.053
59.414
59.213
59.417
59.337
59.083
59.484
59.708
59.931
59.45
59.574
59.653
59.733
59.193
60.603
62.013
61.483
61.633
61.605
61.124
60.757
61.312
61.867
61.138
61.338
61.536
61.286
59.95
58.399
58.874
59.035
57.535
59.562
58.716
58.744
58.436
58.934
59.341
59.888
60.239
60.232
59.801
59.578
59.458
59.461
59.634
59.838
59.95
60.127
60.423
60.395
60.031
60.002
59.937
59.875
60.014
60.162
59.905
59.395
58.555
47.491
47.53
46.758
44.851
42.944
54.134
54.15
53.659
53.876
54.017
54.326
54.938
54.65
54.77
55.881
56.485
56.227
55.99
55.351
54.972
55.799
56.215
56.288
57.189
56.612
56.87
56.651
55.717
56.077
56.595
56.551
56.233
56.883
56.935
57.151
56.815
56.259
56.56
50.824
51.18
57.998
56.045
56.12
57.067
56.443
59.096
59.009
53.33
47.652
48.553
48.132
46.978
45.737
46.013
46.792
49.272
49.812
48.64
49.167
48.267
49.692
48.157
49.896
48.538
49.361
48.592
49.868
58.497
58.665
59.128
54.766
52.986
54.344
54.298
54.252
54.021
53.79
