61.979
61.979
62.249
61.38
62.136
62.107
61.96
58.34
58.232
57.916
57.941
57.932
57.998
59.031
59.172
59.129
59.335
60.337
59.603
59.62
59.497
59.998
59.442
59.814
58.944
54.615
50.285
49.955
50.759
50.143
50.154
57.802
57.716
57.793
57.888
57.984
58.016
58.084
58.03
57.989
58.23
58.337
58.036
57.816
58.074
58.191
57.939
57.841
57.966
56.536
59.251
58.258
57.265
57.736
57.597
58.056
58.31
58.446
59.318
59.246
59.41
59.463
59.001
59.445
59.229
59.357
59.426
59.495
59.611
59.803
59.271
58.646
50.917
52.976
55.036
54.954
43.015
43.153
58.901
58.469
58.327
57.905
57.837
58.117
57.87
57.869
57.989
57.847
57.744
58.139
57.987
57.836
58.056
58.276
57.853
56.301
77.131
77.091
77.047
77.055
58.219
57.9
58.221
58.32
58.409
58.999
59.069
59.494
59.563
59.481
59.7
59.807
59.325
59.239
59.394
59.597
59.859
59.763
59.572
58.541
60.265
61.989
43.103
42.989
61.656
61.599
61.156
61.119
61.283
61.133
61.078
61.377
61.393
61.298
61.218
61.479
61.549
61.548
61.461
61.373
61.588
61.437
61.152
61.283
61.414
61.189
61.817
60.91
48.156
48.032
47.754
47.747
47.74
47.552
47.785
48.018
47.889
47.967
47.928
47.89
47.974
47.924
62.597
62.591
48.021
48.181
62.599
62.617
62.607
62.605
62.455
62.329
62.478
62.575
62.7
62.735
62.694
48.002
47.996
62.705
62.677
62.77
62.694
62.651
47.868
48.267
62.586
62.624
62.767
62.767
62.719
62.37
61.268
58.449
58.693
58.937
62.948
62.53
62.039
62.279
62.439
62.248
62
62.602
62.647
62.486
48.086
47.954
48.038
47.855
48.063
47.8
48.282
48.101
47.944
47.858
48.147
48.009
47.979
48.052
48.025
48.236
47.978
48.039
48.131
48.14
47.939
47.932
47.992
47.909
48.067
47.948
47.92
47.912
48.122
47.91
48.272
48.198
55.574
54.53
54.675
54.821
54.868
54.495
54.122
54.324
54.526
54.211
47.516
48.311
54.806
54.744
54.907
55.048
54.698
54.276
47.984
47.905
47.915
47.88
48.15
48.155
47.804
48.26
47.833
61.627
61.581
61.442
62.021
61.986
62.51
62.832
62.885
62.878
62.679
62.501
62.318
62.487
62.686
62.87
63.023
63.054
63.18
63.319
62.715
55.502
54.85
54.643
61.204
60.839
61.066
61.28
61.02
61.513
62.007
62.332
62.319
62.306
62.221
61.599
62.02
62.074
62.128
62.207
62.286
62.19
62.093
62.159
61.516
63.061
62.469
61.036
60.054
59.804
60.351
59.914
54.927
55.41
55.171
54.932
56.443
57.514
56.156
57.705
56.702
54.969
55.596
54.909
58.415
56.732
57.299
57.897
57.219
57.409
57.598
57.495
57.048
55.974
57.02
57.757
57.764
58.511
58.399
58.939
58.736
58.223
58.248
58.132
57.937
58.321
57.993
58.574
58.284
58.017
57.339
53.528
53.001
58.841
58.067
58.346
57.893
58.01
58.018
57.832
58.267
57.955
58.332
58.044
58.371
57.935
58.235
58.002
58.095
58.141
57.704
58.145
57.705
57.758
57.966
57.496
57.975
57.766
57.63
58.035
57.718
57.786
57.971
57.577
57.792
57.857
57.68
57.992
57.821
57.899
58.104
57.679
58.023
57.684
57.693
57.878
57.664
57.6
57.745
57.438
57.48
57.742
57.707
57.876
58.305
58.682
59.172
59.513
59.725
59.419
59.212
59.248
59.381
59.638
59.856
59.864
60.055
60.12
59.943
59.92
60.143
66.087
72.031
72.019
72.015
72.033
72.048
72.012
72.023
55.774
55.717
55.349
55.531
55.222
54.913
53.979
55.525
72.051
72.052
52.168
52.304
52.478
52.633
52.591
52.549
52.536
52.812
52.816
52.806
52.806
52.76
52.692
52.812
52.675
52.319
51.469
52.074
52.319
52.068
77.093
