79.069
66.926
67.021
66.991
79.028
79
79.088
65.164
66.442
66.901
67.13
67.155
67.197
67.055
79.05
79.104
79.148
79.097
78.984
79.083
79.181
79.126
50.158
49.746
49.333
47.685
50.504
50.104
49.704
49.871
79.151
79.159
79.143
79.117
79.049
79.018
79.134
79.035
48.36
46.87
49.44
48.505
48.228
48.83
79.071
79.039
79.141
79.11
79.105
79.073
79.089
79.105
79.203
48.78
47.596
48.269
48.54
54.268
59.996
60.019
59.963
53.945
47.927
48.218
47.978
48.01
47.982
47.962
47.892
48.033
48.03
47.772
48.231
48.898
51.328
53.757
53.805
53.853
53.811
53.587
53.995
54.291
54.366
54.56
54.592
54.667
54.897
55.038
55.066
55.215
55.267
55.08
55.28
55.339
55.191
55.316
55.329
55.227
55.026
53.56
47.991
47.849
47.917
48.175
47.821
59.546
59.512
58.822
58.788
59.295
59.304
59.593
59.882
64.029
64.057
60.245
60.037
59.995
58.578
58.571
63.98
64.011
59.516
59.765
59.696
59.606
59.436
59.432
59.611
59.74
59.807
59.831
59.719
59.467
60.128
60.013
59.857
60.365
59.409
58.898
58.764
58.338
58.74
58.866
57.911
58.99
58.426
58.722
58.936
58.344
58.873
58.013
58.968
59.922
59.934
59.77
58.351
58.842
58.715
58.283
58.971
59.163
59.673
60.079
60.383
60.379
72.087
71.997
71.97
71.893
60.158
60.172
59.931
59.519
59.508
59.668
59.828
59.929
59.968
60.017
60.049
59.979
59.969
59.886
59.261
66.885
66.885
66.917
66.9
66.923
66.92
66.953
66.948
48.024
44.232
44.965
45.185
44.848
45.41
45.217
45.082
45.127
44.942
45.09
44.888
45.187
45.026
45.095
44.998
45.044
44.989
45.077
44.893
45.036
45.013
45.027
44.888
44.749
45.376
45.079
44.943
44.999
44.917
44.683
54.885
54.444
54.367
54.399
54.66
54.256
53.852
55.557
55.584
55.61
53.871
54.688
52.683
51.914
51.929
51.838
52.242
58.826
57.907
58.019
51.799
51.965
51.89
51.918
52.009
52.008
60.016
59.98
59.738
59.495
58.567
58.596
59.536
59.727
59.756
59.825
59.913
59.912
59.898
59.821
59.666
45.053
45.022
59.543
59.778
59.227
44.754
44.928
44.924
60.34
59.344
58.331
58.79
58.632
58.093
58.828
58.136
59.095
58.038
59.205
58.483
58.613
59.117
57.648
59.083
57.333
58.938
58.531
58.546
58.811
58.521
59.591
59.883
60.151
60.222
60.078
59.951
60.033
60.137
60.075
60.106
60.1
60
59.907
59.716
59.865
60.19
60.432
60.74
61.016
60.363
60.078
60.107
59.89
