43.285
43.058
43.114
43.252
43.391
42.154
41.93
57.164
57.793
58.284
57.868
57.452
50.826
55.499
60.172
59.907
60.068
60.933
61.415
61.412
61.443
61.339
61.317
61.195
61.07
60.995
61.045
61.057
61.056
60.985
61.035
61.126
61.153
61.285
61.433
61.28
60.992
59.951
44.992
44.856
61.791
61.39
61.342
61.228
61.262
61.197
60.998
61.107
61.237
61.319
61.094
60.523
44.268
44.906
44.785
44.991
45.07
44.96
61.199
60.454
60.738
60.712
61.089
61.115
61.175
61.326
61.29
61.158
60.992
60.173
58.774
58.05
58.715
59.185
59.064
59.362
58.981
59.116
59.185
58.821
59.215
58.924
59.121
58.905
58.42
61.237
64.053
64.148
56.106
56.423
56.507
56.403
56.3
56.032
55.882
56.119
56.278
56.197
56.313
56.207
56.337
56.235
56.313
56.105
56.374
56.639
57.032
57.27
57.509
56.872
58.016
59.161
45.703
52.644
59.585
59.571
59.523
59.755
59.418
59.081
59.522
59.642
59.427
59.178
59.125
59.324
59.402
59.371
59.22
59.064
59.076
59.174
58.817
58.459
58.101
44.149
43.939
60.653
60.877
61.124
60.514
61.036
61.003
61.129
61.557
61.534
61.085
60.895
59.668
57.944
55.593
53.57
52.236
53.452
54.584
55.061
55.163
55.881
56.807
56.152
56.589
57.383
56.005
56.713
56.809
56.096
56.167
55.713
55.071
54.068
53.818
53.864
55.054
55.25
54.794
54.836
54.828
53.907
54.863
54.927
53.956
54.789
54.371
54.184
54.18
53.526
54.145
53.521
54.541
54.2
53.946
53.872
54.038
53.918
54.646
54.638
54.292
54.407
53.737
52.763
51.525
49.967
49.657
50.87
51.12
49.347
48.466
51.321
52.131
52.596
52.808
52.593
52.496
52.258
52.153
52.023
45.399
44.927
44.83
45.132
45.481
51.841
51.854
51.841
52.118
52.337
52.521
52.538
52.76
52.742
52.3
51.321
64.194
64.103
63.964
64.074
59.269
54.463
52.522
52.285
52.225
52.259
52.428
52.587
52.901
52.776
51.646
44.018
44.875
45.177
66.126
66.4
55.742
59.415
55.137
50.86
50.333
50.186
50.04
51.829
52.205
52.582
50.775
49.347
46.839
47.074
47.118
47.022
52.922
52.913
52.122
51.618
52.623
51.479
52.185
52.585
52.614
52.587
52.245
51.904
50.821
50.091
50.306
50.52
50.309
51.729
48.112
50.113
49.569
49.024
49.61
50.195
48.315
52.355
50.631
50.919
51.327
51.217
51.085
51.07
51.811
50.848
50.409
49.971
49.734
49.978
50.576
50.34
50.105
49.956
49.807
49.328
48.958
49.13
48.765
49.344
48.892
48.467
48.787
48.711
49.026
49.223
49.536
49.524
49.22
48.994
48.876
48.858
49.125
49.043
49.377
49.771
48.008
46.245
50.73
48.975
49.389
49.067
48.732
49.143
48.792
49.073
49.244
48.493
49.03
49.358
49.386
50.476
64.274
56.988
49.701
49.978
48.678
49.203
48.996
48.957
49.201
48.802
49.17
49.048
48.897
49.064
48.92
