52.388
53.754
51.377
52.484
50.044
51.775
61.027
60.128
60.699
61.269
51.712
51.29
66.206
66.004
66.071
66.05
66.021
66.048
66.084
66.069
66
66.053
66.049
66.111
65.912
65.966
66.083
65.826
66.306
65.795
65.844
66.157
65.695
66.351
65.807
65.275
62.871
63.08
62.563
62.821
63.024
63.037
63.172
63.733
64.508
64.366
65.159
65.341
65.64
65.529
65.626
65.811
66.058
65.701
65.465
65.053
64.441
62.597
54.922
47.247
47.217
64.455
64.064
64.258
64.003
64.029
64.259
64.199
64.772
64.693
64.83
65.008
65.07
64.965
65.287
65.207
65.265
65.352
65.435
65.193
65.248
65.265
65.25
65.293
65.351
65.27
65.04
65.143
65.138
64.99
64.698
64.614
64.007
63.62
63.274
63.015
62.901
63.063
63.041
63.19
63.405
63.462
63.37
62.331
60.736
57.556
59.928
53.327
57.472
52.404
57.254
62.105
62.435
62.318
62.575
62.295
62.714
62.735
62.993
63.195
63.313
63.415
63.444
63.47
63.371
63.33
63.348
63.295
63.279
63.388
63.638
63.575
63.475
63.176
63.072
63.193
63.178
62.91
63.049
63.235
62.934
63.018
63.302
63.265
62.992
63.089
63.48
63.328
63.175
63.067
63.16
63.116
59.075
61.083
63.092
62.847
71.025
71.04
65.709
65.631
65.398
65.438
65.478
65.702
57.107
56.596
56.589
66.654
66.596
66.436
66.114
66.014
65.927
65.927
66.211
66.483
66.288
66.381
66.496
66.48
66.363
66.21
66.216
66.226
66.389
66.758
66.576
56.776
46.976
46.84
47.086
47.032
46.977
47.175
47.076
47.109
46.885
47.043
47.012
46.476
71.008
71.062
71.06
71.027
71.044
71.042
71.016
71.002
70.988
71.005
71.062
66.347
66.361
66.317
66.536
66.677
66.51
66.372
65.985
65.949
58.547
59.394
70.905
70.956
71.025
71.053
71.02
65.346
65.454
65.102
65.012
65.308
65.141
65.341
65.458
64.225
64.663
64.369
64.168
64.803
64.628
64.175
64.179
64.231
64.45
64.75
68.632
67.991
67.993
65.216
65.047
65.136
65.233
65.123
65.206
65.196
65.26
65.217
65.409
65.334
65.269
65.013
64.566
64.186
63.888
63.965
63.95
63.643
63.432
63.355
63.394
63.564
63.578
63.34
63.056
63.323
63.587
63.682
63.705
63.67
63.508
63.186
63.091
63.336
63.459
63.332
63.028
63.064
63.452
63.557
63.506
63.326
63.194
63.5
68.088
68.054
68.091
68.029
68.028
68.087
63.353
63.344
63.355
63.419
63.5
63.475
63.455
63.488
63.43
63.361
63.296
63.324
63.418
63.3
63.19
63.309
63.376
63.488
63.461
63.314
63.299
63.35
63.44
63.228
62.848
63.143
63.409
63.218
63.049
63.157
43.781
43.713
43.92
44.128
44.691
63.514
62.874
45.115
45.194
63.406
63.334
63.113
62.892
63.805
63.182
63.174
63.415
63.072
63.062
63.129
63.176
63.496
63.576
64.136
64.105
63.723
63.88
63.751
64.005
64.825
65.645
65.577
65.509
65.509
65.534
65.436
65.338
65.016
64.724
64.661
64.598
65.194
65.689
65.645
65.898
66.125
65.533
65.111
64.948
64.987
65.163
65.464
66.025
65.941
65.907
65.946
65.407
64.75
65.517
65.773
66.09
66.406
63.044
63.276
63.234
63.193
63.009
63.243
56.786
56.612
56.705
56.758
56.811
63.1
63.025
62.949
63.166
62.989
62.813
62.878
66.29
66.19
66.228
66.077
58.192
57.773
58.27
57.953
58.069
58.033
62.851
63.126
57.691
58.228
57.981
57.894
58.4
57.66
58.007
