56.863
56.779
56.996
57.441
57.159
56.828
56.859
57.046
57.055
64.969
65.039
65.022
65.023
64.974
64.976
65.017
62.083
59.15
57.436
58.244
57.531
59.113
57.708
57.649
58.153
58.694
59.235
57.559
57.661
59.187
58.672
58.158
57.378
59.615
60.055
57.258
57.926
58.224
58.521
57.467
57.193
57.145
57.097
57.517
57.83
61.893
61.99
62.22
61.945
61.953
73.936
73.932
73.941
62.054
62.011
62.048
62.017
61.832
61.972
62.035
51.651
51.965
51.789
51.929
52.069
52.304
52.216
52.591
52.624
52.599
52.644
52.729
52.834
53.118
53.107
53.445
53.46
53.543
53.361
53.239
52.978
52.957
53.153
54.042
55.679
57.285
59.179
59.484
61.177
59.679
60.942
60.23
61.425
61.71
61.941
62.105
62.2
62.292
62.337
62.234
62.091
62.052
62.196
62.173
62.188
62.286
62.468
62.699
62.895
62.93
63.147
63.068
62.891
62.939
63.455
62.948
63.261
62.929
62.978
63.142
63.114
63.032
61.068
46.623
45.849
46.542
45.442
53.165
57.808
64.163
63.5
63.992
63.952
64.575
64.895
64.897
64.781
64.384
64.537
64.608
64.487
64.511
64.46
64.607
64.816
64.681
64.195
64.589
64.982
64.828
63.518
63.122
63.04
62.721
62.867
62.787
62.501
62.294
62.085
61.879
61.881
62.013
62.145
62.254
62.412
62.443
61.971
62.078
61.624
61.587
61.842
61.974
61.995
61.904
61.774
61.825
61.851
61.939
61.919
62.093
62.1
61.971
61.914
61.898
61.689
45.667
45.934
61.293
61.484
64.667
64.894
64.872
64.849
63.902
63.546
64.045
63.858
64.562
64.85
65.255
65.498
65.79
65.663
65.56
65.552
65.479
65.343
65.241
65.169
65.185
65.146
57.311
57.111
61.981
62.268
61.881
61.868
61.91
61.951
61.966
61.98
62.123
61.928
61.733
59.504
57.275
56.798
56.904
62.037
62.098
61.809
52.505
52.528
52.097
52.548
52.839
53.173
53.243
53.412
53.812
53.442
53.185
53.062
52.974
53.191
53.377
53.488
57.152
57.129
57.086
57.065
61.39
59.709
60.261
59.129
59.516
60.702
60.582
61.017
61.595
61.67
61.938
62.003
62.074
62.029
62.488
61.979
61.844
61.903
61.828
61.583
62.148
63.066
62.785
62.593
62.426
62.584
62.909
62.696
62.768
62.651
62.788
62.789
62.72
63.387
62.858
62.801
61.934
61.921
61.908
53.239
58.905
64.572
63.897
63.588
63.764
63.781
64.105
65.076
65.568
66.259
66.731
66.532
66.546
66.101
65.371
64.959
63.913
56.922
56.937
56.883
57.017
64.32
63.504
64.064
63.564
63.022
64.174
63.523
63.958
62.294
63.079
64.516
64.393
64.271
62.221
62.411
61.943
62.144
62.655
44.951
44.853
64.671
63.423
62.018
61.57
61.788
62.006
62.029
61.917
61.749
61.729
62.104
62.298
62.014
63.205
64.395
56.907
57.006
59.378
61.75
61.659
59.31
61.949
59.512
57.076
56.627
64.125
63.344
64.072
62.415
62.974
63.533
64.003
64.402
64.883
64.942
65.118
65.086
64.842
64.72
64.892
64.899
64.907
64.762
64.482
56.723
58.277
57.851
62.154
62.098
