58.122
53.05
60.527
55.351
50.175
53.463
56.75
60.947
60.319
59.69
60.474
61.258
61.271
73.079
73.128
73.082
61.107
60.869
73.001
73.104
55.413
57.001
57.376
57.551
57.727
58.211
58.192
58.284
58.509
58.603
59.416
58.956
58.773
59.045
58.991
58.937
58.959
58.753
59.579
60.194
60.809
61.006
61.349
63.45
64.084
64.37
64.461
64.455
64.584
64.714
65.319
65.491
66.214
66.141
66.417
65.937
66.163
65.713
66.102
66.162
66.229
66.305
65.879
64.9
64.502
65.093
64.206
64.421
65.835
65.632
65.601
65.156
65.049
65.428
65.49
65.694
65.833
65.934
66.014
66.074
65.873
65.786
65.585
65.283
64.598
62.523
61.078
57.265
53.453
54.227
53.202
60.01
58.973
59.238
59.102
59.03
59.163
59.258
59.353
59.559
59.765
58.935
58.331
56.866
65.663
66.311
59.399
59.255
59.055
58.566
59.027
59.53
59.272
59.576
59.687
59.124
59.702
58.945
59.139
58.418
66.174
65.928
65.92
66.148
65.847
66.071
65.951
65.905
58.753
59.144
58.429
61.3
61.159
59.469
59.165
58.006
61.187
61.137
61.345
61.069
59.555
59.195
57.981
58.165
58.348
58.72
58.451
57.83
57.522
57.145
57.442
58.01
57.613
58.105
65.813
66.023
66.013
65.974
59.367
59.575
59.368
59.144
66.016
65.992
58.753
59.232
59.265
59.326
59.258
59.091
58.978
59.067
59.163
59.221
59.15
58.622
57.812
51.403
57.261
63.12
63.055
63.025
62.994
62.987
62.98
63.108
62.829
69.956
70.024
70.015
58.144
58.3
69.89
70.175
70.14
70.105
70.035
69.965
58.547
59.068
59.264
59.032
58.712
58.856
58.907
58.958
62.152
61.557
60.623
61.59
61.516
61.442
60.965
62.146
61.74
62.197
61.965
61.409
61.555
61.531
62.17
61.619
61.641
61.498
61.311
61.856
61.452
61.144
60.769
60.038
60.379
60.66
61.401
60.619
60.727
61.159
60.654
60.8
60.443
61.119
60.676
60.642
60.574
60.895
61.155
60.021
59.345
59.245
58.124
58.823
58.805
58.764
58.956
59.155
58.845
58.888
58.922
59.124
59.294
59.132
59.177
58.917
59.251
59.027
58.901
58.789
58.708
59.16
59.814
60.539
60.843
61.047
61.335
61.325
61.791
62.204
62.181
62.459
62.706
62.397
62.513
62.271
62.385
62.44
62.307
61.746
68.01
68.009
68.072
68.068
68.063
67.991
68.054
59.964
60.334
60.32
60.123
60.481
60.84
61.125
60.866
61.374
61.204
60.89
61.265
60.93
60.601
61.094
61.109
60.946
61.689
53.248
52.445
52.246
61.63
61.375
61.005
61.47
61.156
61.617
61.308
61.168
61.027
60.578
61.316
61.458
61.327
61.553
61.447
61.978
61.568
61.392
61.393
61.439
60.97
61.525
61.391
61.411
61.196
61.646
61.448
61.656
61.096
61.574
61.363
61.724
61.718
62.08
62.108
60.705
56.849
55.625
55.763
55.9
56.751
59.559
58.8
59.82
58.528
58.767
59.261
58.677
59.7
58.564
58.063
59.686
52.41
52.899
53.425
52.63
