72.927
72.963
73.018
73.02
72.989
72.98
73.005
72.984
72.962
72.937
72.993
73.044
73.007
72.952
72.892
72.918
72.934
72.946
72.977
72.92
72.935
72.869
72.872
72.957
73.011
73.2
72.792
70.998
71.046
56.839
56.88
56.746
56.687
57.978
57.329
56.271
56.701
56.746
56.791
56.431
56.899
57.367
57.048
56.728
57.216
56.83
56.921
63.929
59.323
54.717
54.668
55.006
54.961
55.092
55.049
55.453
55.976
56.249
56.419
56.46
56.375
56.272
56.093
55.834
55.592
55.168
55.199
55.229
57.977
59.292
59.274
58.76
58.463
59.05
59.125
58.905
57.06
57.069
57.326
57.98
58.443
58.711
59.145
59.235
59.056
58.841
58.834
58.99
59.08
59.131
58.976
59.052
59.097
58.92
58.676
58.54
58.774
58.96
59.135
59.17
59.166
59.153
59.118
59.08
58.979
58.955
59.009
59.157
59.409
59.315
59.319
58.918
59.003
59.127
59.107
59.076
59.022
59.331
59.44
59.497
59.305
59.103
58.279
65.632
65.598
65.719
65.84
65.634
59.121
62.773
66.425
66.286
66.042
65.798
62.484
59.17
58.559
58.656
58.835
62.61
59.025
55.44
56.151
59.654
59.325
59.467
59.679
60.256
60.553
60.924
60.942
61.19
61.116
60.7
59.702
58.422
58.058
58.649
59.15
59.683
60.069
60.277
60.259
60.493
61.069
61.065
60.938
61.308
61.296
60.909
60.792
60.59
61.126
61.237
61.481
61.602
61.589
61.421
61.246
61.141
61.076
61.511
59.616
59.99
59.169
58.547
61.042
60.524
61.592
61.698
60.805
60.632
61.732
65.895
63.639
61.384
60.878
65.684
63.358
66.938
64.254
67.406
64.39
61.375
66.017
63.95
67.231
62.775
66.589
70.404
69.68
70.278
70.189
70.1
70.053
58.487
59.494
64.823
61.589
65.846
70.102
69.969
70.103
70.074
70.045
70.052
68.984
67.915
67.931
67.958
68.013
67.948
67.997
67.994
68.017
67.993
68.013
67.974
67.942
67.935
67.935
67.934
56.418
55.061
55.075
55.088
55.125
55.343
55.561
56.004
56.379
68.043
67.935
67.946
67.957
58.883
58.981
59.311
59.392
59.242
58.786
58.549
58.943
59.399
59.598
59.131
58.432
58.404
59.218
59.449
58.992
58.696
59.065
59.785
59.586
59.598
59.478
59.247
59.396
59.543
59.325
59.212
59.383
59.559
59.543
59.765
59.52
59.287
59.341
59.247
59.176
59.612
60.122
59.843
59.696
59.664
59.653
59.688
59.358
58.478
58.064
59.209
60.009
59.783
59.67
59.506
57.114
55.526
75.036
74.966
55.884
56.071
56.142
56.074
55.959
55.842
55.915
55.864
56.076
55.912
55.814
56.043
56.355
55.817
55.723
55.924
56.523
56.399
55.802
55.942
55.846
56.578
55.671
55.656
49.335
52.546
55.756
57.534
59.311
58.98
56.829
56.314
56.507
57.304
57.234
58.331
58.395
58.501
58.308
58.405
58.766
58.26
58.408
59.061
58.902
58.41
58.395
57.029
56.511
55.993
56.411
57.13
57.703
60.127
59.481
59.254
59.176
59.368
58.816
59.275
59.111
58.438
55.595
53.952
53.741
54.675
53.977
54.253
55.015
60.107
59.975
60.356
60.593
60.922
61.245
61.271
61.4
61.426
61.319
61.173
61.255
61.346
61.296
61.323
61.357
61.232
61.187
60.794
59.653
57.335
54.305
52.407
51.801
50.641
52.319
51.339
52.906
53.419
53.29
52.31
52.95
53.17
53.008
53.578
53.429
53.654
53.804
53.728
53.593
53.402
53.905
54.68
55.921
57.595
59.508
60.552
60.528
60.232
60.606
61.009
61.432
61.866
62.202
62.102
66.139
66.031
65.962
65.873
63.095
62.694
62.423
62.489
62.573
62.407
62.481
62.722
62.915
63.064
63.125
63.085
63.058
62.984
62.969
62.978
51.422
50.818
63.213
63.181
63.17
63.16
63.17
63.329
63.509
63.336
63.247
63.405
63.341
63.602
63.742
63.299
63.241
63.26
58.035
58.313
63.292
63.202
63.273
63.436
63.356
63.277
63.362
63.316
63.363
63.411
63.301
63.397
69.997
70.117
63.371
58.644
58.883
63.428
63.292
63.221
63.246
63.338
63.431
63.482
63.537
63.592
63.046
64.622
66.198
66.085
58.579
58.347
58.292
58.238
58.47
58.305
58.316
58.328
58.596
59.02
59.444
58.715
58.746
63.002
62.964
62.976
62.987
62.992
63.067
62.809
63.069
72.964
72.966
62.941
63.007
62.923
62.906
63.007
62.995
