61.718
61.885
62.03
61.65
62.259
61.665
61.98
61.841
61.702
58.496
66.18
62.322
69.695
77.068
77.036
77.002
76.994
52.916
52.867
52.844
52.988
53.254
53.625
53.662
53.704
53.674
53.65
53.628
53.781
53.704
53.613
53.64
53.891
54.782
56.036
57.288
58.58
59.165
59.639
60.15
60.258
60.885
61.171
61.517
61.714
61.785
61.761
61.715
61.759
61.796
61.739
61.74
61.748
61.276
61.608
58.022
58.365
58.074
63.444
63.361
62.872
63.182
63.075
62.7
62.624
62.7
62.75
62.632
62.693
63.217
62.697
62.647
63.351
63.135
62.841
62.689
62.409
62.751
63.062
63.264
62.978
63.941
63.827
64.252
64.446
64.483
64.496
64.319
64.072
64.097
64.289
64.433
64.218
64.29
64.214
64.004
64.186
63.947
63.347
63.445
63.093
63.056
62.898
62.931
63.497
62.849
62.352
61.884
61.606
61.474
61.38
57.315
57.475
61.799
61.703
61.558
57.364
57.383
61.654
61.762
57.494
57.223
73.981
67.898
61.814
61.756
61.79
61.852
61.859
61.912
61.947
61.937
61.831
61.546
60.824
60.657
57.472
58.206
58.116
59.988
61.859
64.895
64.756
65.007
64.532
63.334
64.424
64.495
77.043
77.028
77.04
77.204
65.846
66.16
65.604
65.132
64.782
65.329
65.294
65.258
65.119
64.979
57.877
56.9
61.814
62.209
62.169
61.887
61.98
62.169
57.009
56.76
56.914
57.295
57.178
56.819
57.277
56.637
56.775
56.912
57.127
56.938
57.566
55.298
52.366
52.271
51.983
52.137
52.245
52.462
52.723
52.883
53.052
52.994
52.92
52.927
52.854
52.851
53.014
53.343
54.278
55.028
56.149
57.213
57.795
59.556
58.51
59.228
58.561
59.431
60.362
60.381
60.971
60.96
61.05
61.161
61.096
61.242
61.385
61.348
60.665
59.927
58.767
62.398
63.259
63.424
63.776
63.36
63.64
63.358
63.229
63.258
63.366
63.108
63.418
63.079
62.96
63.423
63.482
63.182
63.313
63.469
62.309
62.594
62.953
64.264
63.656
63.048
63.677
63.825
63.972
64.582
65.016
65.351
65.495
65.787
65.764
65.754
65.814
65.548
63.075
64.442
63.35
63.794
64.437
65.081
64.609
64.652
64.746
64.648
64.007
64.175
63.734
62.524
61.74
61.66
61.717
61.9
61.901
62.127
62.093
62.102
62.19
62.231
61.631
59.914
58.197
62.38
62.061
61.827
61.402
61.332
61.597
61.671
61.659
61.781
61.962
61.958
61.748
61.485
61.253
60.879
60.211
61.238
62.266
57.515
57.319
60.684
64.048
63.243
62.856
64.097
63.149
64.171
64.303
64.546
64.68
65.037
64.963
64.739
64.956
64.939
64.747
65.031
64.759
57.5
57.663
57.856
