57.497
59.748
61.999
62.072
57.696
58.329
58.005
57.68
61.878
61.795
61.712
61.955
52.658
43.362
42.996
43.092
43.189
43.057
42.943
48.57
54.196
53.746
53.302
53.011
53.144
52.962
53.089
52.953
52.355
51.08
65.089
77.002
76.982
68.267
59.553
68.255
76.957
76.986
77.06
77.046
59.179
60.846
60.127
59.859
60.725
60.254
60.482
61.398
61.575
61.676
61.622
61.562
61.563
61.609
61.759
61.755
61.807
61.846
61.519
62.144
62.302
62.752
63.266
62.823
62.678
62.742
62.897
62.832
62.813
62.989
62.71
62.822
62.929
62.879
62.815
63.231
62.979
62.912
63.079
62.821
62.529
62.686
62.951
62.776
62.9
63.169
63.517
63.415
64.296
64.591
64.834
65.057
65.067
65.139
65.455
65.207
64.996
65.067
65.215
65.062
64.689
63.885
63.581
63.042
63.631
63.313
63.776
63.346
63.517
63.688
63.331
63.318
63.604
63.234
63.481
63.189
63.323
63.129
70.122
77.114
77.122
77.144
77.087
58.06
58.954
60.924
60.247
60.554
59.502
61.135
60.459
60.945
61.04
60.329
61.282
61.393
60.378
60.983
59.605
60.534
61.311
62.089
68.081
62.779
57.478
57.842
58.02
57.622
57.589
57.144
56.957
57.489
57.193
57.61
57.277
57.576
57.443
57.54
57.761
57.816
57.812
57.669
56.795
54.881
52.966
52.997
58.708
57.804
57.617
57.894
58.796
58.508
59.517
58.837
59.262
59.184
58.778
59.22
58.826
59.498
59.599
58.913
74.148
74.017
74.181
74.135
56.276
57.157
60.142
59.051
59.205
59.413
59.231
59.666
59.649
59.212
59.395
59.891
59.303
59.294
59.997
60.352
60.14
60.269
59.806
59.423
60.108
65.194
63.109
61.024
59.777
59.289
59.732
60.137
59.748
59.973
60.262
59.801
59.948
59.915
59.483
59.529
59.839
59.627
59.208
59.13
58.24
57.35
57.199
56.681
60.057
59.776
59.581
59.519
60.206
60.321
60.934
61.038
60.913
61.258
61.273
61.099
61.059
61.314
61.331
57.121
57.12
57.094
57.359
61.423
61.071
57.488
58.77
57.671
57.002
56.933
56.81
56.903
56.997
57.442
57.599
57.756
57.849
57.61
57.451
56.932
56.96
57.564
57.819
57.888
57.689
57.354
57.019
56.869
56.888
56.951
57.303
57.482
57.759
58.364
58.262
57.829
58.07
58.29
57.67
57.625
57.893
57.786
57.68
57.725
57.945
58.281
57.482
62.262
62.145
61.964
57.172
56.837
56.692
56.721
57.373
57.013
65.069
65.123
65.097
65.188
57.591
57.664
57.436
56.795
56.12
72.158
72.142
72.069
64.975
65.1
65.096
65.05
65.279
64.825
65.276
71.997
72.069
72.145
72.222
72.122
72.078
72.024
72.024
71.943
71.966
72.011
72.028
67.13
62.233
62.101
61.931
62.265
61.972
61.763
62.21
62.053
61.971
61.864
62.194
62.157
62.12
62.173
62.041
61.909
62.059
62.26
63.089
63.509
63.371
63.564
64.276
63.955
65.17
65.531
65.952
65.754
65.645
65.566
65.356
65.655
65.194
65.096
63.624
65.351
67.079
66.965
66.7
64.727
64.901
64.942
65.26
61.793
61.882
64.397
63.111
58.197
59.294
58.512
57.871
57.623
57.602
57.798
58.012
58.168
58.144
57.964
57.889
57.675
58.171
58.334
58.17
58.147
57.973
57.546
58.087
58.277
57.978
57.72
58.041
58.165
57.684
57.375
57.837
57.361
57.459
57.754
57.279
57.536
57.751
58.26
58.426
57.845
58.076
62.057
62.047
57.92
58.163
58.09
57.583
57.101
56.561
57.13
56.468
56.885
56.985
57.311
56.759
57.253
57.087
57.425
57.238
57.371
56.867
57.407
57.017
57.417
56.466
57.318
56.92
57.406
56.723
57.385
57.069
57.312
55.927
62.135
61.824
62.416
62.372
62.327
60.134
57.94
57.901
57.998
57.779
57.72
58.105
58.515
58.424
58.842
59.009
58.014
58.072
58.128
57.844
57.392
58.125
58.028
57.931
56.361
56.664
56.967
58.664
58.574
57.97
57.877
57.752
58.157
58.576
59.143
58.599
58.644
58.232
57.147
57.294
56.372
56.563
56.754
57.932
69.323
68.937
57.04
57.76
58.634
57.718
57.638
62.273
62.003
57.59
57.72
59.881
58.817
57.752
57.831
62.024
61.941
57.967
57.729
82.036
