46.899
47.366
46.44
50.22
51.522
51.881
52.487
51.876
53.393
53.318
53.243
53.977
53.994
54.516
54.483
55.002
54.531
54.398
54.529
54.502
54.631
54.462
54.374
54.468
54.531
54.758
54.343
54.71
54.684
55.167
54.741
54.816
54.727
54.767
54.68
53.754
53.093
54.019
54.946
54.62
54.294
54.831
54.508
54.805
54.6
54.821
54.757
54.666
54.642
54.391
55.151
43.421
43.304
53.61
54.416
54.865
54.238
54.861
54.61
55.032
54.465
54.365
54.218
54.106
54.213
54.004
53.237
54.335
55.433
50.166
51.753
52.713
51.724
52.362
51.874
52.061
52.385
52.348
52.362
52.131
52.241
52.474
52.31
52.635
52.408
52.464
51.015
54.24
54.172
53.81
54.219
54.232
53.733
53.677
54.048
54.097
54.671
54.436
54.189
54.265
54.386
54.361
54.892
55.062
55.411
50.769
53.195
55.621
56.207
49.638
49.088
56.796
57.842
57.731
56.879
58.314
56.722
56.716
56.832
57.852
56.679
56.697
56.388
57.04
56.915
56.789
56.741
56.401
57.122
57.083
57.044
56.366
49.157
49.025
49.476
48.707
58.191
59.315
48.729
49.443
49.434
49.424
61.005
61.734
62.032
62.229
62.272
61.913
61.764
61.49
61.037
61.585
62.133
61.955
61.754
61.393
61.432
61.622
62.021
62.178
61.869
62.105
61.991
61.629
61.645
61.805
61.812
61.821
61.648
61.434
61.262
61.278
60.322
59.952
58.532
58.273
57.792
56.489
48.868
48.676
48.535
50.408
52.281
55.082
49.797
51.056
52.315
54.22
56.125
55.685
55.92
56.28
56.366
56.504
56.576
56.459
56.455
56.533
56.851
57.876
51.156
56.86
62.563
62.272
62.567
61.959
63.228
75.697
76.027
76.111
64.179
64.184
64.085
63.935
63.946
64.141
64.366
64.998
64.849
64.683
64.91
64.601
64.344
64.314
64.373
64.491
64.483
64.282
64.008
63.482
61.558
63.045
64.533
64.235
64.384
64.349
64.251
64.25
64.374
64.447
64.366
64.345
64.394
64.4
64.546
64.685
64.532
64.08
44.97
45.345
57.104
64.45
64.109
64.176
64.18
64.243
64.322
64.331
64.366
64.509
64.574
64.497
64.247
52.463
53.548
66.168
66.31
66.149
66.085
65.948
65.982
66.158
66.435
66.57
66.732
66.694
66.387
66.113
63.679
61.046
60.936
60.76
62.6
64.441
64.466
70.195
75.923
75.953
76.055
70.262
64.469
64.744
65.052
65.16
64.991
64.786
64.738
64.657
58.4
52.143
58.87
51.161
58.407
65.653
65.62
65.186
64.788
64.569
64.859
64.951
65.05
64.702
64.331
63.586
62.218
60.85
60.931
61.563
62.158
62.093
62.272
62.66
62.765
62.85
62.911
63.255
63.537
63.898
64.284
64.239
64.11
63.901
63.692
63.627
63.653
63.864
63.975
64.032
64.048
64.079
64.256
64.075
64.036
63.72
63.686
63.998
64.293
63.805
64.056
63.799
63.819
64.135
63.947
64.07
64.126
63.703
64.007
63.962
63.514
63.796
64.249
63.85
63.999
64.12
63.986
64.268
63.838
63.812
63.825
63.887
63.959
64.119
64.125
64.191
64.009
64.271
63.885
63.576
63.786
63.996
63.712
63.854
63.936
63.926
64.035
63.954
64.123
64.142
63.95
64.045
63.819
64.037
64.132
64.045
64.428
64.213
63.998
64.534
64.142
64.191
63.733
63.691
63.801
63.776
63.841
64.074
64.109
64.165
64.197
64.115
63.923
63.743
63.778
63.964
64.02
64.139
64.15
63.886
64.03
64.151
63.976
63.847
63.725
63.86
63.816
63.976
63.997
63.83
63.761
63.692
63.974
64.116
63.836
63.943
64.021
63.819
64.054
63.675
63.561
63.797
63.639
63.481
63.526
57.831
51.011
52.152
51.482
50.812
51.898
50.706
50.835
51.292
50.49
51.225
50.873
50.976
50.555
49.973
49.39
