70.503
70.306
61.264
49.292
49.002
49.042
49.377
49.095
49.154
67.916
67.877
49.303
49.171
73.511
73.569
73.534
73.446
73.328
73.337
62.125
50.913
51.089
51.011
51.063
51.036
50.982
50.731
50.827
50.791
51.006
50.886
50.698
50.296
50.111
50.883
51.236
51.084
51.067
51.235
51.717
77.442
77.457
53.402
53.974
53.542
77.504
77.513
77.576
77.527
77.411
77.374
61.234
61.307
55.02
48.734
48.637
48.966
48.81
49.145
49.193
48.811
49.159
49.225
73.57
73.547
73.465
73.406
73.313
61.011
65.817
70.624
70.484
70.485
70.474
70.408
70.41
70.446
70.412
64.086
57.761
64.145
70.529
70.512
46.102
45.97
45.997
58.405
58.39
58.52
58.553
58.689
58.54
58.791
58.387
58.217
58.086
70.696
70.594
70.481
73.864
77.246
77.503
77.454
77.471
77.457
77.471
77.465
77.472
49.657
49.659
49.733
49.813
49.772
49.83
50.086
50.259
50.354
78.415
78.484
78.437
78.481
78.473
78.484
78.485
78.472
78.483
50.803
50.952
51.133
51.236
51.422
51.294
51.079
51.105
50.634
51.048
50.925
51.279
51.485
51.589
51.443
50.956
50.536
50.316
50.185
50.38
50.827
51.26
51.387
51.582
51.208
50.863
68.467
68.407
68.429
68.469
68.535
51.167
51.588
51.801
51.492
50.973
68.548
68.404
68.404
68.442
72.01
75.578
75.508
75.444
75.427
75.442
75.417
75.412
75.436
75.434
75.423
75.402
75.414
75.445
75.426
75.39
75.448
79.973
80.377
80.308
80.398
80.452
80.442
80.447
80.426
80.38
50.485
50.42
80.42
80.38
80.442
80.45
50.544
50.397
56.528
56.563
56.43
56.341
56.391
56.382
56.388
56.511
56.301
56.437
56.462
56.444
56.409
56.507
56.439
57.296
61.349
61.506
61.631
61.583
61.497
61.567
61.525
61.509
61.543
49.208
49.542
49.493
49.507
49.551
49.415
49.179
49.98
51.266
52.551
51.475
51.193
53.51
54.324
55.037
55.019
55.917
55.667
56.26
55.46
50.433
49.705
49.072
55.948
56.682
58.135
63.246
68.357
68.389
68.438
68.233
55.961
56.167
55.7
55.713
55.672
55.631
56.907
50.418
50.53
56.979
57.125
57.27
56.689
56.343
56.207
56.434
56.294
56.496
56.698
56.479
56.266
56.418
55.971
55.8
55.481
55.739
55.901
56.313
56.653
56.672
56.433
56.36
56.363
56.323
56.309
56.215
56.21
56.4
56.198
56.079
56.267
56.132
55.735
54.603
52.765
52.332
51.931
52.574
52.623
52.768
53.519
53.46
53.033
53.404
53.703
53.284
53.041
53.479
52.358
53.105
54.642
53.166
54.041
54.078
53.337
54.464
53.165
52.94
54.432
53.461
52.765
52.895
54.78
56.665
62.755
63.407
45.904
47.29
48.353
48.917
49.164
49.067
49.03
49.091
48.918
48.979
48.778
73.536
73.404
60.667
58.189
58.275
58.599
58.354
58.55
58.428
50.532
51.089
50.992
58.489
58.389
58.616
58.428
58.528
