72.078
72.147
72.042
72.121
72.105
72.073
72.139
72.043
70.694
69.345
68.944
69.099
69.037
69.014
68.946
68.996
68.885
68.904
68.861
68.794
68.835
69.014
69.01
68.945
68.898
68.942
68.967
68.824
68.973
71.937
61.352
50.768
51.792
75.829
76.001
64.505
53.009
52.774
53.358
53.942
53.849
53.376
60.198
57.388
68.2
61.946
55.691
55.537
57.16
68.852
80.92
81.011
56.943
56.674
56.563
56.924
56.949
56.881
57.446
56.005
55.999
55.994
65.973
61.156
68.593
76.029
76.072
76.015
76.072
75.817
78.422
68.01
57.598
58.065
57.659
57.253
56.506
68.901
68.803
69.025
68.82
68.887
57.944
57.307
57.318
69.285
68.858
68.879
68.919
68.916
68.906
68.866
68.855
68.838
68.778
68.727
57.186
57.029
56.903
56.825
56.747
56.897
68.773
68.875
68.854
75.865
75.881
75.968
76.013
72.098
68.183
56.78
56.894
56.75
57.726
57.44
57.467
57.355
57.307
57.067
57.14
56.997
57.643
56.854
56.825
56.315
57.081
56.985
57.047
56.96
57.035
56.895
56.951
56.729
56.779
57.04
56.985
56.719
56.882
56.915
56.748
56.813
56.955
56.951
56.748
56.426
51.194
54.097
57.001
56.828
56.843
56.822
57.026
56.665
56.911
58.208
59.505
59.918
60.017
59.862
59.736
59.787
60.147
60.995
61.403
57.263
56.543
57.187
57.06
68.913
68.888
62.063
61.498
56.962
56.809
56.543
55.634
56.332
56.442
56.553
62.605
62.378
62.697
62.786
62.332
61.902
61.685
61.738
61.663
61.991
62.064
62.197
61.91
61.635
61.79
61.834
61.98
61.927
61.866
56.903
56.585
57.062
56.493
56.864
56.833
56.821
56.962
56.884
56.769
56.782
56.757
57.439
56.08
57.224
56.659
56.728
56.915
56.779
56.867
56.964
56.74
56.708
56.048
55.389
57.039
56.976
57.109
56.99
56.926
56.437
57.095
56.825
56.688
56.859
63.477
70.095
70.074
70.043
70.136
70.016
70.086
70.1
43.916
45.034
46.025
69.969
70.088
70.111
67.425
64.738
65.902
55.099
55.859
55.595
55.514
54.923
55.886
56.605
56.864
57.083
55.922
56.44
56.532
56.831
56.993
56.917
56.841
56.972
57.134
57.296
56.667
57.437
56.554
57.879
57.258
62.146
59.403
60.623
61.844
55.701
56.45
57.3
57.649
57.484
57.187
56.433
80.963
81.017
81.01
62.24
58.112
57.633
57.664
57.696
57.311
55.468
72.056
80.907
80.978
72.048
65.264
58.48
57.347
57.171
57.246
57.262
57.547
56.948
56.812
57.473
57.006
57.106
81.005
80.977
58.326
57.274
57.121
69.314
69.274
57.181
56.545
64.336
72.127
71.984
72.039
73.947
75.855
75.869
75.965
76.027
56.798
57.689
57.624
70.091
70.024
70.055
70.018
70.034
70.027
69.997
59.058
60.747
60.654
60.556
60.631
60.706
60.273
60.544
60.956
61.681
61.938
61.848
61.775
62.028
62.271
62.514
57.273
57.276
56.975
55.397
53.818
72.058
72.061
63.141
62.21
62.164
62.142
62.052
61.811
61.655
61.625
61.696
62.056
62.46
62.529
62.496
62.121
61.675
61.542
61.71
61.954
62.115
62.203
62.289
62.162
62.139
61.896
62.105
61.977
53.777
53.284
52.789
52.969
52.937
53.114
53.041
72.106
71.996
72.024
72.051
54.093
53.521
56.347
57.245
57.221
57.245
57.194
52.679
52.972
53.391
53.809
53.634
53.458
53.196
53.025
52.965
53.018
43.337
43.16
