58.375
58.38
58.153
55.064
51.975
50.985
51
50.697
51.225
50.576
51.294
51.156
51.728
51.944
51.925
53.236
53.27
52.831
54.484
53.837
52.816
52.737
53.51
54.051
56.731
56.415
55.803
56.83
56.329
77.63
77.486
77.373
77.365
77.358
55.182
64.018
56.326
48.634
49.03
48.728
48.988
48.834
48.163
48.268
48.714
48.745
49.273
49.784
49.021
48.951
48.128
47.087
46.929
47.572
48.656
49.184
50.023
50.049
50.007
48.798
46.917
45.948
46.448
47.014
47.655
49.03
49.752
50.748
49.177
49.309
47.689
46.622
46.844
47.722
48.465
49.838
49.691
49.698
48.126
47.065
46.973
47.636
48.921
56.642
56.426
56.513
56.309
56.419
56.593
56.273
56.585
56.23
56.62
56.357
56.521
56.444
56.313
56.72
57.788
58.856
61.609
61.521
61.56
61.535
61.403
61.429
61.608
61.359
61.383
61.571
61.598
61.6
61.712
61.669
61.739
61.576
57.88
54.184
54.768
54.022
54.553
54.547
54.447
54.452
54.335
54.598
54.32
54.576
54.305
54.54
54.458
54.494
54.512
58.058
58.266
59.279
58.478
58.473
58.528
58.638
58.748
58.642
58.654
49.868
49.614
48.078
54.178
56.413
56.468
55.784
56.461
57.137
70.585
70.479
57.686
57.952
70.461
70.449
45.908
46.1
57.851
70.508
70.535
70.569
61.718
52.433
49.253
49.057
49.363
49.221
49.202
49.184
49.155
49.237
49.391
49.442
49.342
73.496
73.57
73.594
73.449
73.408
73.369
51.846
51.519
51.128
51.428
51.319
51.396
51.664
51.494
51.603
51.155
50.803
51.072
48.03
48.163
48.297
47.111
57.927
58.433
52.328
51.378
51.332
51.612
52.162
52.584
53.07
53.198
53.01
52.873
52.348
77.582
77.463
69.557
61.651
61.586
49.884
49.097
49.037
48.939
48.777
48.671
48.943
48.85
49.277
73.469
73.501
73.526
73.529
73.473
73.366
72.051
70.735
70.574
70.488
70.433
70.417
56.787
56.482
56.803
57.358
45.938
45.73
57.666
57.596
57.768
57.845
57.812
57.426
57.534
46.102
45.949
57.752
58.014
57.96
57.966
58.053
58.141
46.191
46.047
46.24
46.656
46.236
58.282
57.515
62.921
68.328
68.145
44.507
45.977
47.129
48.485
73.402
73.499
50.219
50.106
50.402
50.605
50.836
50.955
51.043
51.256
51.327
51.446
51.382
51.597
51.433
51.327
51.366
51.527
51.409
51.478
51.275
51.308
51.344
51.191
51.036
82.404
82.398
50.928
51.097
51.248
51.397
51.534
51.622
51.217
50.609
49.888
48.627
49.497
49.922
50.375
51.004
51.394
51.63
51.012
50.285
49.713
49.035
49.536
50.347
50.842
51.335
51.525
51.432
50.988
50.142
49.303
49.538
49.52
50.228
51.002
51.618
52.054
52.127
51.765
51.055
50.154
49.868
49.288
49.479
50.48
50.97
51.471
51.796
51.535
50.676
68.532
68.424
68.498
68.461
68.729
68.526
68.513
74.488
80.462
80.449
80.423
50.808
50.448
50.583
55.171
55.864
56.558
56.63
56.301
56.25
56.404
56.444
56.377
56.549
56.311
56.462
56.498
56.458
60.985
61.138
57.59
58.475
58.329
58.396
58.462
58.66
58.444
58.67
58.5
58.497
58.34
58.499
58.533
58.455
58.559
58.594
58.597
58.413
58.42
77.433
77.467
77.458
67.287
57.115
57.686
58.257
58.721
59.079
53.585
48.091
48.192
59.979
59.367
59.492
57.842
57.577
57.313
48.281
48.142
61.061
60.664
48.545
49.387
49.181
48.613
49.165
49.094
58.258
58.759
58.397
58.779
58.46
65.628
57.494
49.359
48.82
48.819
48.818
49.109
49.451
48.842
49.129
48.68
48.393
53.272
58.15
58.379
58.418
58.456
58.34
58.225
59.488
58.865
51.439
50.782
50.794
50.938
49.934
50.349
50.665
50.205
51.016
50.567
51.135
50.722
50.8
49.448
58.279
58.289
58.33
58.692
58.287
58.327
58.367
61.463
61.631
58.436
60.11
61.783
61.517
61.4
61.412
61.259
61.077
49.002
48.984
48.775
48.566
61.48
61.429
61.018
49.853
50.015
59.078
58.472
59.396
58.247
58.374
58.462
58.455
58.807
58.468
58.864
57.902
51.648
51.418
50.937
50.956
50.845
51.091
50.863
51.06
51.822
58.705
56.228
53.75
53.384
