50.957
49.884
49.948
50.282
50.023
50.221
50.168
49.794
50.199
50.05
49.995
50.443
56.266
55.527
60.362
65.197
65.053
56.668
51.914
52.325
52.818
52.102
57.357
57.178
56.998
56.818
50.211
45.305
46.879
48.453
53.724
51.75
51.781
51.32
51.359
51.399
51.554
52.548
53.043
52.493
53.309
52.615
53.393
52.75
52.892
51.825
51.984
51.386
48.772
47.915
49.003
49.862
50.759
50.186
51.157
49.893
49.641
50.829
49.849
50.072
51.635
50.258
51.313
50.164
51.003
49.954
49.946
50.581
51.678
55.913
55.432
55.456
55.48
50.905
49.779
50.646
51.254
50.442
50.031
48.232
55.24
55.711
55.517
47.906
47.713
47.966
50.415
49.595
48.775
48.921
48.705
49.099
60.574
59.511
57.779
56.048
56.377
56.706
46.47
47.07
48.436
47.339
58.199
57.761
47.156
47.83
47.539
51.827
50.384
48.94
52.72
49.313
54.033
51.674
49.315
53.342
48.788
52.584
49.652
46.72
48.186
48.597
48.275
47.145
46.016
49.794
49.474
49.155
48.61
48.065
50.234
48.791
47.348
46.393
45.438
45.676
47.474
49.272
49.601
49.675
53.613
54.439
54.028
53.616
53.279
52.942
54.01
55.077
54.806
55.435
55.629
55.823
56.384
57.66
57.393
58.33
58.475
59.174
59.444
47.476
46.93
47.234
47.899
48.634
48.447
48.15
47.233
45.627
45.093
44.558
46.386
66.312
66.301
47.179
47.308
47.219
47.546
47.513
47.575
47.637
71.847
71.66
71.469
71.278
59.761
59.791
48.793
48.502
53.584
53.369
53.154
43.262
44.375
63.641
65.23
66.225
67.029
67.365
67.7
48.04
47.424
47.609
47.876
48.144
49.893
50.366
48.73
48.493
48.257
50.399
50.357
48.576
51.95
52.859
46.03
46.127
46.304
46.106
45.895
46.085
46.005
46.13
54.859
57.45
57.255
57.358
45.856
45.825
45.91
46.147
46.641
46.627
46.613
55.891
55.733
47.384
47.216
56.914
56.86
46.515
46.006
46.002
56.752
57.672
45.201
45.439
56.274
57.442
58.119
58.112
46.074
46.06
57.403
56.095
46.42
44.973
45.323
56.222
57.249
57.306
45.76
45.588
44.589
46.237
43.937
45.207
45.02
47.051
47.124
56.132
54.22
54.824
55.428
45.141
45.158
46.433
47.709
45.037
44.582
53.635
53.722
54.169
54.616
45.844
46.15
46.996
59.446
57.671
54.335
56.952
50.728
52.577
54.427
57.366
58.21
58.681
57.736
56.79
53.915
54.083
54.251
44.379
45.605
46.354
46.267
46.179
45.536
54.044
60.645
61.276
44.483
45.726
46.836
46.909
57.16
55.354
55.249
50.504
45.76
45.071
46.425
46.286
45.83
44.42
53.163
52.868
56.648
55.302
55.15
53.976
45.584
44.084
56.969
57.385
57.802
49.371
47.789
47.148
46.507
46.484
47.37
44.754
45.497
45.678
45.272
47.987
49.427
45.515
45.682
