70.082
70.195
64.522
64.88
65.014
64.852
64.958
65.205
65.076
64.993
71.913
71.955
70.133
70.014
70.055
71.044
72.032
72.065
65.574
65.437
84.47
84.182
83.963
83.764
83.822
84.195
77.538
65.359
65.069
64.811
64.76
65.473
65.699
64.221
61.807
62.301
62.156
62.151
62.102
62.167
62.194
61.996
72.126
72.044
72.075
72.056
71.916
58.254
58.907
71.418
71.502
71.518
71.597
71.529
71.642
53.166
52.897
52.746
53.002
53.138
53.273
53.463
53.653
56.361
57.528
57.136
57.128
56.726
56.324
81.069
81.086
81.059
60.254
59.907
70.109
70.103
70.071
70.091
69.986
70.097
58.993
60.007
59.79
59.614
60.114
60.835
61.077
61.1
61.527
59.326
59.201
66.169
66.29
66.18
59.071
59.258
59.187
53.948
53.577
52.836
53.162
53.229
65.532
65.403
65.1
64.967
65.207
64.696
65.382
61.295
66.672
62.206
67.118
62.532
67.304
72.076
72.108
72.097
78.229
84.362
84.078
84.003
83.929
84.118
84.242
84.379
77.096
76.921
76.746
77.258
77.769
65.256
68.633
72.01
72.112
72.044
72.105
72.063
72.047
72.147
71.999
71.989
53.74
54.002
56.06
58.005
57.841
70.838
70.947
70.609
70.687
70.863
70.917
59.625
58.949
66.224
63.066
59.908
59.632
59.379
59.266
58.308
66.121
66.227
66.097
53.508
53.656
59.971
60.118
59.811
60.632
59.989
58.8
83.952
83.966
83.984
51.975
51.915
52.51
56.259
59.691
60.757
60.568
61.33
61.571
61.461
61.05
70.106
70.087
70.072
70.126
70.097
53.661
53.227
65.268
76.879
76.694
76.772
76.777
76.604
76.721
76.888
76.86
54.102
55.018
56.861
56.877
56.862
81.039
81.054
81.041
76.569
72.097
72.102
71.77
71.041
71.348
81.134
81.111
81.105
72.122
53.103
53.231
53.175
53.12
52.814
81.142
81.115
69.566
68.865
68.287
67.7
67.258
66.682
66.229
66.398
66.743
66.808
66.393
66.369
70.048
70.135
70.061
70.087
70.083
77.447
77.933
77.854
65.385
65.09
64.906
64.866
65.13
65.394
65.307
65.07
65.055
65.094
64.841
64.789
64.642
65.45
65.315
65.304
65.346
65.185
65.122
65.061
64.701
64.185
63.51
62.459
60.881
60.979
54.314
54.796
54.955
54.825
55.755
55.089
54.91
75.678
76.048
54.685
54.843
64.239
64.023
63.94
63.925
72.048
72.096
72.157
72.049
72.113
72.065
72.088
63.79
63.842
63.799
63.965
64.143
64.2
64.1
63.995
63.885
63.827
63.97
64.128
64.179
64.106
63.95
63.888
64.028
64.042
63.933
63.712
63.555
63.714
64.097
64.271
64.11
63.937
63.921
63.966
64.172
72.091
72.087
72.082
72.087
72.071
72.105
72.116
72.048
72.129
72.05
72.088
55.361
63.773
45.425
48.364
43.881
57.908
71.936
71.882
53.594
52.66
52.779
52.144
51.51
51.325
51.14
50.5
49.86
52.852
52.644
52.997
53.621
52.654
51.687
54.392
