54.755
54.565
53.936
61.979
62.324
63.83
62.552
62.422
61.103
61.627
62.006
61.41
61.243
61.648
62.102
61.582
63.785
62.983
63.524
63.887
63.146
63.192
62.481
61.769
61.735
61.207
70.864
62.649
54.435
53.603
53.942
54.132
54.322
53.092
54.053
80.439
80.414
67.532
54.651
53.596
52.334
54.222
54.338
56.444
56.265
56.33
51.424
53.064
52.916
56.106
55.575
80.473
80.426
55.645
56.428
56.532
55.378
56.853
56.284
54.602
63.307
63.505
60.056
56.607
55.971
56.304
56.047
56.425
56.737
56.421
56.028
55.888
54.987
59.19
51.507
43.823
45.686
80.514
80.491
80.439
80.392
57.491
57.011
56.715
56.379
56.449
56.518
56.512
56.626
56.811
56.793
56.695
56.644
56.716
56.753
56.625
56.686
56.932
57.055
57.098
56.719
55.92
80.296
80.409
80.439
80.405
80.308
80.282
56.558
56.001
53.131
54.853
53.304
54.659
54.514
53.103
54.79
53.236
53.131
54.548
52.066
50.07
56.681
57.38
58.079
58.818
59.557
73.544
73.477
73.482
71.15
72.305
73.459
63.025
63.047
63.068
49.577
49.135
73.572
73.531
56.955
58.131
58.736
59.341
49.442
50.818
51.019
50.69
50.857
50.919
50.874
58.415
58.581
58.518
58.617
58.265
58.636
58.342
58.61
53.139
51.949
51.107
51.571
51.318
51.844
52.158
51.779
51.333
51.125
46.265
46.541
46.487
46.504
46.672
46.636
51.472
50.861
51.698
51.469
51.837
53.143
54.073
57.249
56.162
56.013
56.986
77.452
77.52
77.483
56.387
55.376
59.102
61.662
55.474
64.34
73.206
73.299
49.39
48.545
48.646
48.747
48.303
48.604
49.558
48.954
49.67
49.564
49.419
48.568
47.255
46.783
47.237
48.002
49.318
49.022
50.157
49.538
49.223
47.908
46.566
46.02
46.641
47.466
48.173
49.913
49.577
50.503
48.864
47.172
45.863
45.724
45.99
46.675
47.536
48.818
49.615
49.604
49.801
47.647
46.354
56.568
56.449
56.348
56.397
56.446
56.542
56.638
56.399
55.874
56.555
56.65
56.133
56.356
47.583
47.772
54.431
61.09
61.59
61.413
61.473
61.533
61.581
61.54
61.55
61.4
61.401
61.449
61.445
61.58
61.475
61.608
61.741
62.594
63.446
63.36
63.274
51.83
51.182
63.312
63.482
63.595
63.401
63.41
63.575
63.51
63.324
63.392
63.678
63.379
57.495
58.19
58.805
58.121
59.059
58.515
58.733
54.343
56.345
58.348
58.525
66.049
62.621
59.193
58.416
57.41
55.77
55.068
55.817
70.52
70.496
70.538
70.38
70.434
70.454
70.431
70.46
70.44
70.543
