59.158
59.1
59.05
59.061
59.106
59.095
71.035
71.03
71.038
70.993
70.991
70.916
59.033
59.042
58.992
59.12
59.119
59.101
54.141
49.181
56.781
64.382
64.835
64.982
71.023
70.816
70.99
74.161
74.047
74.023
74.048
74.037
74.053
73.983
73.992
73.99
74.009
74.013
74.093
74.114
74.085
74.125
78.57
76.217
73.863
74.026
74.241
74.135
74.047
74.011
73.992
50.071
50.058
74.027
74.301
74.246
74.142
54.179
52.543
50.907
49.375
47.56
50.7
50.018
50.846
51.521
74.087
74.045
73.998
74.026
74.015
74.018
74.031
74.031
74.046
74.024
74.031
74.108
74.082
74.065
74.018
53.026
51.832
71.123
70.955
62.379
61.887
61.957
76.017
75.977
62.037
62.135
61.871
62.094
62.002
61.93
61.961
62.013
61.02
56.616
59.298
54.218
49.138
49.107
49.306
48.801
48.901
48.825
48.669
49.087
49.847
50.162
50.478
49.75
48.662
48.083
48.61
49.36
49.773
50.305
50.194
49.667
49.615
49.708
49.963
49.759
49.541
73.977
73.981
73.893
50.219
50.025
73.895
73.965
73.976
61.18
56.406
55.691
54.977
54.263
54.167
54.093
54.087
54.028
53.968
53.969
54.017
54.163
54.318
54.473
54.717
54.78
54.377
53.343
52.407
78.983
79.093
79.267
79.147
79.027
60.885
61.142
61.201
61.194
61.277
61.54
62.082
62.887
63.845
64.617
65.195
65.15
64.538
63.792
55.965
53.388
50.811
45.05
45.761
46.761
47.461
48.161
57.119
66.077
65.879
62.898
62.644
62.533
62.466
62.416
62.485
62.193
62.107
62.1
62.158
62.011
61.932
61.895
61.874
61.631
61.442
61.412
61.298
60.349
66.019
65.951
59.35
59.147
59.182
59.386
59.665
59.879
59.665
59.29
59.034
58.826
58.776
58.708
58.808
58.807
58.839
59.104
59.027
58.987
83.035
82.918
83.145
58.993
58.871
58.932
58.677
83.012
83.007
59.005
58.899
70.996
83.093
83.077
58.703
56.746
57.247
56.2
57.117
56.784
56.283
57.328
56.362
56.755
57.1
56.184
56.905
56.738
55.921
59.361
58.867
58.503
58.14
56.664
57.073
56.822
57.391
57.011
57.23
57.012
57.392
57.015
57.373
56.99
56.992
57.15
57.905
58.342
58.791
58.819
58.691
58.309
58.021
57.861
58.252
58.644
59.065
59.145
58.848
58.51
58.345
58.332
58.676
59.065
59.199
59.333
58.768
70.948
83.128
83.118
71.371
77.193
83.014
82.993
83.02
83.161
83.104
67.121
66.992
67.047
67.039
82.845
82.847
82.954
82.993
83.016
82.951
82.943
51.763
53.378
54.977
55.633
55.792
55.935
55.613
55.406
55.254
56.043
56.33
56.474
57.147
56.839
57.459
81.019
80.966
81.021
81.026
81.061
64.502
58.474
52.446
51.783
51.957
52.198
52.121
52.219
59.677
59.986
60.1
60.155
59.969
60.09
60.062
59.811
59.949
60.116
59.995
60.068
59.982
59.914
55.331
55.352
54.979
55.084
54.631
54.982
54.062
55.014
54.776
54.658
55.203
54.7
54.978
55.042
78.993
79.014
79.034
78.993
64.083
63.933
57.431
57.505
57.39
57.168
57.113
57.047
57.095
57.359
57.575
58.158
57.998
58.296
58.415
58.617
58.079
58.298
57.456
56.82
56.588
56.926
57.44
57.301
56.901
56.619
56.048
55.988
55.971
60.094
59.988
59.882
59.914
59.88
60.093
59.998
59.955
81.022
81.011
80.972
81.07
60.013
60.234
81.05
81.014
52.109
52.732
52.347
51.962
62.123
61.925
61.928
62.046
61.91
62.011
62.021
61.933
61.994
61.924
62.021
61.991
61.909
61.96
62.012
61.999
61.985
62.031
62.036
54.923
54.824
54.663
54.71
54.652
54.595
54.605
54.833
54.315
54.799
54.921
55.043
54.776
54.771
54.834
54.99
54.908
54.844
55.079
55.027
54.974
71.126
71.099
71.05
71.06
71.01
70.963
70.994
70.995
71.003
71.02
71.061
71.102
71.159
49.669
50.038
49.914
49.861
49.621
48.253
56.859
71.113
71.064
70.983
70.908
70.912
70.915
45.328
46.863
47.055
47.247
45.873
47.868
48.408
48.949
70.986
70.955
70.933
58.865
58.877
62.278
60.506
58.735
58.936
59.137
61.582
61.513
61.643
61.334
59.72
59.247
58.989
58.921
74.125
74.094
73.992
58.739
58.873
54.372
49.87
50.087
49.94
49.806
49.329
59.947
54.734
49.521
49.917
50.221
50.406
50.053
49.644
49.036
48.958
48.88
49.118
74.008
74.248
74.111
50.053
49.559
73.961
73.911
70.413
72.262
74.112
74.039
74.074
74.021
73.945
73.992
74.036
73.992
74.107
74.294
74.012
73.973
73.982
74.009
74.036
73.978
69.086
69.092
69.14
69.068
49.496
49.211
55.704
73.952
74.083
74.085
74.088
73.991
73.941
73.999
73.977
74.031
58.35
59.29
58.584
59.279
58.662
59.134
58.766
58.842
58.918
58.939
59.144
58.708
59.103
