58.245
58.217
57.474
57.94
58.205
58.212
57.593
57.604
50.928
51.2
57.372
56.874
42.962
43.016
43.074
43.201
43.209
43.345
55.13
54.956
54.753
55.022
55.294
54.622
54.799
54.975
66.416
66.174
79.991
80.007
80.004
80.001
80.021
79.996
55.75
56.245
79.992
80.035
79.97
79.905
79.951
70.044
60.136
60.035
59.932
59.828
55.123
55.997
55.844
54.722
55.594
54.405
55.264
54.876
54.552
54.783
53.855
54.279
54.489
55.001
55.381
55.089
55.221
54.863
55.128
54.982
55.15
54.973
55.051
55.075
51.369
51.111
50.838
56.249
56.109
56.377
55.775
54.238
54.219
55.415
65.04
65.05
65.169
53.116
53.695
53.221
52.894
53.427
52.714
52.908
52.946
53.44
52.971
53.022
53.104
52.946
53.582
53.281
53.271
53.74
53.181
53.394
53.634
52.38
55.708
56.349
77.006
76.994
55.681
55.915
51.892
52.572
52.94
52.196
52.389
52.581
50.566
50.199
51.757
51.641
51.525
51.972
53.19
51.972
53.994
56.016
55.434
54.859
54.237
53.326
52.893
54.23
51.608
50.865
52.884
51.067
49.25
50.262
51.275
51.532
51.145
50.253
50.242
48.672
50.392
50.458
50.641
52.083
51.609
50.547
48.54
48.736
49.755
51.011
50.96
51.001
51.39
50.94
51.604
52.07
50.963
50.499
50.47
51.195
49.561
75.059
75.036
75.006
75.015
75.079
75.084
70.014
69.986
70.019
70.053
70.04
55.207
54.718
55.119
56.384
57.936
58.422
57.739
57.737
58.021
58.279
57.518
57.525
57.848
58.172
57.005
58.101
47.411
47.42
48.335
48.428
48.52
50.692
51.043
50.647
50.434
50.79
49.485
49.713
50.916
51.024
51.013
51.001
53.106
51.174
50.924
50.673
49.128
50.287
51.447
52.001
53.966
52.971
53.425
52.657
52.734
54.3
49.81
50.48
49.379
48.278
50.401
51.816
52.271
49.56
51.434
52.397
52.011
51.626
59.946
60.385
59.445
60.386
59.731
51.356
52.221
51.759
51.858
51.65
52.323
52.473
76.972
77.072
54.486
52.248
50.808
50.68
50.768
49.434
48.099
47.466
46.832
48.313
49.179
49.463
48.678
48.949
48.654
48.36
47.847
60.577
60.101
59.914
59.976
60.038
60.432
49.369
48.631
47.875
49.42
50.964
48.567
48.386
49.031
48.941
59.954
59.847
60.184
60.52
58.047
59.198
60.349
57.469
54.589
67.296
59.715
52.133
53.234
52.906
52.577
53.816
53.524
52.555
54.652
54.943
55.322
55.702
55.624
55.651
55.574
55.396
67.718
79.866
79.912
55.939
55.713
55.789
55.854
55.982
55.99
55.411
53.581
48.609
46.117
48.086
48.491
48.168
48.45
55.914
55.599
60.073
60.267
55.866
55.721
55.665
56.18
56.184
55.865
55.844
55.957
51.36
53.996
56.632
54.415
52.198
51.201
51.071
79.985
79.981
55.551
56.107
55.788
55.398
55.806
55.138
79.992
79.994
79.955
80.023
58.151
58.501
58.81
57.785
57.757
57.493
57.801
58.106
58.642
58.313
57.879
56.73
57.37
58.508
59.608
60.271
72.336
72.218
71.806
71.513
71.721
59.074
58.997
58.446
59.676
60.599
60.592
60.308
60.062
60.128
44.518
46.317
61.166
61.011
61.46
61.311
61.198
61.048
60.872
60.795
61.307
61.074
60.787
59.592
60.349
46.241
46.075
45.431
46.401
46.196
60.593
60.625
60.193
71.836
71.421
71.483
71.653
71.819
71.947
72.123
72.352
59.7
58.168
56.352
55.919
57.099
57.782
57.887
57.876
57.471
57.024
57.258
57.642
57.849
57.482
51.308
50.936
58.514
58.093
57.916
57.835
57.71
57.421
56.988
56.698
57.674
58.579
70.339
69.971
69.583
69.477
57.547
56.95
69.464
63.899
58.334
56.936
55.538
56.239
57.096
56.441
56.518
56.181
55.867
55.866
55.865
55.646
55.427
56.047
55.538
55.579
53.84
46.372
46.072
44.375
48.035
52.203
53.484
54.764
75.019
75.585
75.783
75.614
75.572
75.694
75.817
76.355
76.862
77.135
77.182
77.047
77.004
76.746
57.304
57.821
57.598
57.777
58.01
57.817
57.9
58.009
69.814
69.82
57.808
57.957
57.601
57.686
69.66
69.335
68.963
68.352
67.086
51.35
49.385
46.472
44.073
44.401
50.781
51.212
51.663
51.796
50.827
50.567
50.821
51.075
50.27
52.862
55.455
52.571
49.687
50.689
51.381
52.335
55.015
56.218
45.533
44.932
46.648
48.364
49.047
49.73
50.605
51.552
53.315
55.299
55.991
56.463
56.131
55.799
55.842
55.879
55.294
56.098
58.657
58.906
58.907
58.892
59.03
59.027
57.412
50.772
51.051
51.253
50.616
50.957
50.995
51.032
60.6
59.405
59.435
57.719
58.907
58.878
59.758
59.892
60.419
59.485
59.546
59.606
60.244
60.317
60.449
60.571
59.914
58.625
83.996
84.008
83.991
83.984
73.82
63.656
63.33
62.943
62.596
62.313
82.012
81.925
81.958
