53.134
53.564
55.13
52.153
52.32
52.162
51.564
52.357
52.536
53.25
52.935
52.62
54.981
53.61
54.303
54.996
60.516
60.464
61.128
59.363
61.042
60.522
60.466
60.723
60.653
60.64
60.454
60.639
60.543
60.487
60.432
60.598
60.387
60.489
60.587
60.234
60.58
51.475
51.763
51.612
51.412
51.827
51.607
51.567
51.932
51.992
52.26
53.265
53.687
53.556
53.007
52.632
52.705
53.022
53.272
53.362
53.377
53.369
53.233
53.285
53.13
51.639
60.432
60.409
60.298
60.494
60.26
60.407
60.35
60.418
60.329
68.543
68.551
68.555
75.47
76.464
77.459
77.465
77.513
63.575
63.586
63.516
63.478
77.451
77.394
77.463
77.523
77.533
77.467
68.574
59.895
60.901
51.802
51.35
51.334
51.318
51.456
51.538
51.36
51.475
51.397
51.53
51.746
51.45
60.529
60.43
60.434
60.164
56.894
53.624
53.422
53.359
53.241
53.298
53.355
53.361
53.486
53.605
53.58
53.475
53.279
53.233
53.125
52.745
53.146
52.399
53.649
53.731
53.619
53.339
53.622
53.904
54.159
54.337
54.4
54.46
54.37
54.466
54.473
54.359
54.545
55.204
58.129
59.202
54.072
53.93
53.985
54.023
53.915
53.708
53.532
53.561
53.948
54.064
53.967
53.554
70.44
70.463
66.336
53.417
51.427
51.609
51.533
51.783
51.495
51.652
51.4
51.158
51.455
51.295
51.167
50.287
61.334
61.728
47.023
47.699
48.584
49.246
49.435
49.317
49.199
49.299
49.587
49.659
49.526
49.469
49.448
49.326
49.073
61.445
75.575
75.495
75.447
75.423
75.429
75.442
75.434
75.406
75.446
75.389
75.437
75.424
68.217
68.311
68.286
68.369
58.142
58.638
68.49
68.474
68.46
49.744
49.648
49.62
49.573
49.443
49.275
48.974
48.478
46.687
44.819
42.951
54.055
61.126
52.182
43.238
44.508
45.125
45.826
45.92
45.722
45.344
45.063
44.863
45.038
45.713
46.348
46.523
46.218
45.664
44.862
44.523
45.252
45.868
45.964
46.018
46.011
46.021
45.859
45.651
57.997
52.026
56.673
61.321
61.279
61.429
65.481
65.449
65.395
58.385
52.123
50.687
52.177
52.037
51.745
52.197
52.432
52.287
51.801
52.3
52.973
53.298
53.519
54.03
53.745
53.542
53.552
53.563
53.66
53.708
53.764
53.656
60.802
77.484
77.45
77.501
77.462
77.386
53.326
53.669
72.567
72.531
72.422
72.437
72.44
72.438
72.428
72.415
72.38
72.422
60.536
53.301
53.194
53.258
53.284
53.539
53.416
53.3
53.184
53.115
53.199
53.337
53.571
53.746
53.609
53.292
53.035
52.999
53.088
53.151
53.453
53.736
53.831
53.566
69.468
69.441
69.45
69.446
69.427
69.431
53.404
53.722
53.779
53.902
53.33
52.82
52.387
52.323
52.495
60.515
70.373
70.424
70.469
70.34
70.471
70.398
52.353
52.73
53.164
53.462
53.617
53.519
53.236
52.656
52.432
72.558
72.548
72.472
72.434
72.433
72.437
72.454
72.425
72.449
72.398
72.45
72.422
72.42
72.442
72.407
60.531
59.457
77.605
77.448
77.431
77.446
77.4
65.591
65.551
65.553
77.466
77.49
77.495
77.424
77.473
77.523
77.477
57.868
58.687
58.468
58.437
58.456
58.322
58.505
58.591
58.435
59.054
58.183
58.5
58.981
58.064
58.507
58.71
59.712
60.713
58.002
61.701
65.399
65.521
65.524
65.478
65.49
65.435
65.43
65.465
65.462
65.458
47.715
47.457
48.132
48.808
48.706
48.393
48.081
47.972
48.563
49.154
49.293
61.22
61.038
61.002
60.965
61.203
61.131
61.058
61.145
61.231
61.78
61.462
61.145
61.466
48.727
49.765
49.631
49.743
49.103
50.437
49.318
49.263
61.162
61.713
61.505
61.217
61.09
48.49
48.595
49.308
48.964
48.839
49.072
48.862
49.643
49.047
48.64
49.258
49.004
49.694
48.968
48.715
49.291
48.77
77.432
77.473
48.777
50.021
48.997
49.418
48.97
49.454
49.658
49.088
49.587
49.23
50.126
49.195
76.959
77.532
77.462
77.456
77.451
77.447
77.443
77.461
77.479
77.433
51.237
50.724
54.425
58.125
58.845
58.39
59.041
58.637
58.416
58.42
58.777
58.557
58.337
59.815
48.802
49.23
48.993
49.24
49.534
49.397
49.748
58.168
61.43
61.292
52.395
50.985
51.104
50.724
50.973
50.824
51.175
51.515
50.871
52.48
57.108
61.736
