57.576
57.073
56.57
67.74
67.566
68.433
69.3
69.32
69.245
69.278
69.312
69.71
69.671
69.779
69.615
69.392
68.518
68.403
67.598
66.986
67.176
67.443
67.475
67.359
67.547
43.209
43.081
67.496
67.654
67.426
67.74
67.208
46.374
44.544
44.487
44.43
67.51
67.554
67.53
45.128
46.823
61.799
62.53
65.382
55.271
45.16
43.958
46.84
45.938
45.036
47.86
65.54
65.953
48.591
47.913
47.96
47.853
48.209
48.401
48.531
48.755
48.733
48.69
48.778
48.484
48.146
47.862
47.937
48.5
49.024
65.41
65.459
65.492
65.485
65.456
65.536
65.655
48.883
48.22
48.366
48.331
48.705
65.699
65.539
65.442
65.557
65.485
65.476
65.792
47.215
43.933
43.531
65.606
65.609
65.618
65.422
65.707
65.386
65.85
65.45
65.462
65.474
60.628
60.577
60.698
60.715
60.731
60.771
65.446
65.494
65.409
65.481
65.466
65.55
65.513
60.456
60.45
60.746
65.249
65.506
65.349
65.37
65.359
65.356
65.48
65.265
65.229
65.164
65.343
65.371
65.437
65.377
65.44
65.382
65.344
65.024
65.112
65.629
65.207
64.785
64.26
64.724
64.708
64.691
64.83
64.263
64.31
64.288
64.266
64.508
64.632
48.387
47.937
72.46
72.493
46.887
47.357
48.446
48.759
48.814
48.109
47.405
55.683
55.665
47.76
48.304
48.671
48.947
55.453
55.471
55.36
55.398
55.636
55.495
55.416
55.527
55.317
55.442
55.567
55.617
55.392
48.372
47.11
55.563
55.679
56.886
57.617
56.11
55.808
47.418
48.393
48.613
48.834
48.154
47.462
55.975
54.981
56.036
55.377
55.356
55.886
55.474
55.295
55.639
55.905
55.344
55.685
47.944
47.82
49.126
50.431
50.637
50.636
50.634
43.064
43.061
42.987
43.133
43.066
43.065
43.303
43.312
43.322
43.189
43.361
43.482
44.087
52.071
70.694
70.83
71.008
71.148
71.281
71.377
71.607
71.699
52.141
51.987
51.832
51.884
51.936
51.997
71.415
71.254
51.781
53.096
52.376
52.108
79.784
79.643
51.494
50.383
52.06
53.505
53.456
52.824
53.604
52.505
69.752
69.546
49.904
51.033
50.503
51.575
52.647
51.805
51.69
51.574
51.765
51.955
52.077
67.562
67.628
67.716
67.792
67.548
67.303
60.184
62.4
57.067
64.197
71.328
71.214
51.805
52.2
51.929
51.658
80.149
80.066
80.01
79.954
52.721
52.695
52.707
52.977
52.16
51.872
51.585
51.157
69.882
68.781
49.798
49.663
51.124
50.351
50.401
50.46
65.479
65.448
66.667
67.886
49.582
49.568
49.608
49.647
49.887
50.768
50.202
50.667
50.211
50.679
50.311
50.518
50.53
51.128
49.259
67.186
67.294
48.946
47.917
47.835
47.753
49.517
47.959
46.401
49.776
50.192
50.466
50.53
50.535
50.375
50.166
50.172
50.188
50.346
50.343
50.263
50.082
50.221
50.359
50.558
50.471
50.116
67.705
68.066
68.218
49.85
50.258
50.614
50.846
50.671
50.085
49.441
48.665
47.986
49.588
50.178
50.79
50.969
50.53
49.678
48.908
48.429
48.329
49.516
50.218
50.642
56.809
57.07
48.917
49.175
49.403
49.978
50.261
50.601
49.854
49.086
49.402
50.472
50.278
50.14
50.168
49.192
48.222
65.437
