68.596
68.644
44.325
45.547
51.37
51.815
51.734
50.427
52.276
50.296
52.202
56.556
55.826
56.994
56.759
55.783
61.57
61.707
62.047
62.386
65.428
64.974
65.248
65.485
65.723
65.673
65.623
64.877
65.366
68.501
68.495
68.196
68.382
68.415
68.603
68.463
68.438
68.363
68.487
68.41
68.519
68.392
68.64
68.803
68.337
56.389
55.473
46.833
48.361
56.813
55.792
55.186
55.07
55.122
54.967
55.137
55.156
54.932
55.048
55.061
54.733
54.966
54.933
55.084
55.535
55.777
55.732
55.538
55.628
55.812
55.946
54.848
53.944
52.097
53.728
52.978
52.718
53.357
53.778
53.224
52.901
52.894
52.73
53.636
52.77
52.231
53.473
53.622
53.34
53.487
53.589
52.935
52.962
53.553
53.526
53.136
53.549
53.842
53.384
54.22
55.417
56.615
55.551
57.079
56.811
56.811
56.766
56.578
56.526
56.462
56.427
56.347
56.377
56.44
56.478
56.396
56.324
56.165
55.966
55.241
55.484
55.951
56.671
56.636
56.506
56.545
56.674
56.411
56.344
56.598
56.821
56.777
57.28
57.378
57.821
57.648
57.628
56.602
55.713
55.657
55.817
56.067
56.267
56.24
56.058
56.03
56.042
56.017
55.919
55.74
58.392
56.939
55.486
55.782
55.459
56.983
56.808
56.329
56.166
56.097
56.122
56.341
56.236
56.157
56.149
56.512
56.61
56.315
55.98
55.685
53.904
54.938
55.972
55.651
35.782
45.925
56.069
55.88
48.076
49.445
55.923
55.754
55.799
68.49
68.383
68.207
46.55
46.795
46.072
45.825
46.189
46.428
46.667
46.845
47.092
47.361
47.631
47.384
47.391
47.454
47.517
47.779
47.77
47.762
47.362
48.78
48.109
47.957
49.838
48.464
49.942
48.968
48.812
49.241
47.932
47.572
47.213
47.908
49.331
50.754
49.846
51.834
52.096
52.027
52.153
50.614
49.075
50.776
51.162
52.204
46.496
46.473
46.723
46.974
46.391
46.552
45.202
50.919
51.73
52.017
51.972
51.576
51.65
51.491
51.472
51.85
52.127
52.468
52.912
53.132
52.936
53.724
53.254
44.682
44.568
44.468
45.181
45.343
44.939
45.136
43.315
45.865
45.313
50.985
50.783
45.555
44.969
45.563
46.158
46.369
46.581
47.969
49.3
48.999
49.128
49.745
47.059
48.752
47.202
49.488
50.418
48.437
48.144
47.376
47.784
49.373
48.781
48.658
50.104
45.417
44.884
44.789
44.652
44.462
51.999
51.871
51.742
68.541
68.523
68.441
80.414
80.361
80.414
80.442
80.416
80.413
80.406
80.378
80.415
80.395
80.422
80.415
80.389
57.56
51.685
56.875
51.928
55.792
59.657
59.016
58.866
58.612
58.469
58.533
58.52
58.628
58.877
58.974
59.23
59.466
59.606
60.013
59.808
60.197
60.041
60.738
60.637
61.309
61.703
61.643
61.548
61.398
