51.107
47.245
44.708
46.639
48.159
49.678
50.699
51.719
51.329
50.939
51.394
50.368
51.111
51.306
51.333
50.805
50.566
51.017
50.961
51.181
50.583
51.166
51.563
49.923
64.583
66.676
67.99
55.933
51.2
51.263
50.853
50.841
51.019
51.063
50.863
57.547
57.515
57.447
57.447
57.392
56.851
57.061
57.399
57.478
58.277
58.402
58.473
57.431
58.167
57.576
57.904
57.375
58.042
58.019
58.092
58.306
58.326
57.859
58.065
57.528
58.021
58.015
57.994
57.794
57.705
57.56
57.49
57.976
58.152
57.84
57.659
57.672
57.564
57.588
57.625
57.816
57.945
57.913
57.966
58.018
57.615
55.751
56.968
58.185
58.083
57.98
50.944
45.666
45.288
54.472
53.951
54.567
55.182
55.339
55.496
56.004
55.852
56.175
56.497
56.562
56.728
56.853
56.843
56.949
56.858
57.009
56.904
56.548
56.499
56.64
56.877
57.061
57.188
57.128
54.727
53.944
52.498
57.671
58.293
58.092
57.848
58.021
57.842
57.624
54.238
53.041
53.056
52.953
53.17
54.63
56.225
57.624
57.43
56.851
56.865
56.879
54.549
53.509
53.291
54.911
54.384
53.742
55.595
54.75
54.721
55.242
53.6
53.438
52.956
53.915
51.864
52.127
52.39
52.979
52.602
52.916
52.878
53.247
52.917
52.713
52.674
52.561
52.886
53.018
53.254
53.202
53.279
52.767
51.726
51.867
46.722
49.458
52.194
52.939
52.977
53.129
53.177
53.187
53.288
53.753
56.735
57.375
54.214
55.924
55.36
55.632
54.358
56.552
55.028
53.972
53.907
52.776
52.35
52.628
52.889
53.194
53.56
53.743
54.106
54.347
53.931
53.701
53.644
53.649
54.029
55.946
54.531
54.447
54.364
54.701
55.625
55.829
56.032
54.768
52.943
54.229
50.015
53.623
57.231
58.333
52.903
53.644
52.886
54.993
55.636
54.19
53.89
53.589
53.782
74.045
74.143
64.999
50.109
48.857
48.275
48.158
47.184
47.988
47.795
47.601
48.165
46.506
44.848
48.528
49.069
49.611
46.374
47.266
48.158
47.872
48.334
48.795
47.296
48.98
50.665
49.878
49.091
50.222
62.147
55.452
48.756
49.088
49.144
49.199
64.849
65.499
65.493
65.487
49.696
43.43
43.875
44.077
43.16
43.787
43.374
43.125
43.225
43.273
43.189
43.105
43.053
43.053
43.053
43.055
43.056
47.077
51.097
50.845
50.594
43.044
43.081
43.153
43.225
55.935
56.156
55.019
55.246
55.474
53.463
58.884
56.083
60.516
57.295
61.168
58.308
55.448
55.317
55.381
57.639
56.349
55.059
54.72
54.893
50.713
53.044
52.997
52.95
54.608
58.358
56.199
54.04
54
48.528
51.344
49.671
47.998
50.055
52.111
54.666
54.743
53.039
51.334
54.813
54.991
46.438
50.582
54.726
55.477
79.115
79.114
73.081
67.048
67.088
67.143
67.098
55.297
55.234
55.171
55.357
55.129
48.237
48.038
47.939
