72.004
72.211
72.115
72.138
72.109
72.132
72.091
72.019
72.116
72.142
48.22
49.638
51.297
49.635
50.097
49.718
49.339
72.105
72.12
49.427
49.315
50.927
52.539
55.658
72.112
72.054
72.077
72.06
72.044
72.12
72.058
72.005
71.968
56.556
55.664
54.214
71.984
72.103
72.167
72.116
72.175
72.167
72.107
72.027
72.09
72.211
54.59
54.598
54.761
54.924
54.839
55.284
55.221
55.157
49.454
60.704
55.528
54.354
53.181
71.683
71.977
72.097
72.078
72.059
80.988
80.972
53.034
54.67
56.905
58.425
59.243
54.843
54.516
55.27
54.477
59.558
59.516
59.677
59.904
59.968
60.069
72.03
71.955
71.97
71.922
72.106
60.028
59.983
60.115
60.274
72.08
72.197
72.243
72.073
54.777
54.826
54.876
54.94
55.317
55.243
54.205
54.214
59.508
59.572
58.319
57.31
56.786
56.982
60.292
59.761
59.23
59.248
54.934
55.035
60.89
60.433
72.231
71.886
71.505
58.248
57.988
57.788
57.802
57.136
72.048
72.107
57.754
57.649
57.591
57.431
57.413
57.399
57.424
57.302
57.232
57.017
57.417
57.295
76.234
76.344
76.38
76.5
76.574
76.382
76.275
76.446
57.43
57.483
57.726
58.249
58.772
59.986
60.486
60.61
54.068
53.38
71.981
71.997
59.824
59.963
60.101
72.196
72.143
72.117
72.137
72.065
55.04
54.403
55.359
54.707
72.191
72.194
72.095
72.014
72.095
72.186
72.212
72.031
72.125
72.218
72.177
72.13
72.079
72.091
72.031
72.028
53.829
53.504
54.537
54.698
54.662
55.159
54.696
55.331
54.346
83.981
84.089
84.08
71.011
57.941
57.092
72.086
83.922
83.977
84.051
72.088
72.072
72.087
72.08
72.154
65.382
68.67
71.958
72.016
58.694
53.835
54.756
56.67
57.217
56.665
56.114
56.063
55.966
56.27
57.494
57.044
57.187
57.054
57.137
56.931
56.747
57.349
56.909
57.064
56.004
54.944
53.349
52.835
52.682
53.037
52.976
53.115
53.085
53.256
53.828
53.149
53.017
55.738
56.959
57.123
56.686
56.249
57.22
80.969
80.952
67.13
61.89
56.651
57.824
59.128
59.269
59.411
59.318
59.737
59.804
59.672
59.79
60.217
60.247
72.111
72.224
72.328
72.335
72.243
72.15
72.124
60.157
60.169
72.218
72.307
72.271
72.266
72.263
72.4
72.437
72.146
71.543
64.001
64.001
64.159
64.013
64.021
60.949
60.636
72.814
72.717
72.324
59.74
59.075
58.33
57.469
56.65
60.362
64.073
63.922
57.731
57.244
69.419
69.32
69.244
57.137
56.824
56.523
56.085
68.547
65.49
62.432
63.476
64.029
64.905
66.289
66.841
67.06
66.922
66.968
67.113
67.15
67.01
67.14
67.269
67.775
67.773
79.577
79.397
79.314
78.83
78.214
77.612
77.248
77.097
77.012
77.067
77.313
77.446
77.141
76.852
76.745
76.634
76.631
76.627
77.003
77.36
77.401
77.126
76.845
76.824
76.803
77.085
77.342
77.436
65.13
64.784
64.441
64.375
64.813
65.255
65.16
64.784
64.331
63.783
64.506
65.16
65.394
65.223
65.052
65.02
65.337
65.331
65.325
65.146
81.151
81.085
81.104
81.068
81.065
81.063
50.471
50.075
49.602
61.951
64.278
63.192
63.696
63.623
63.55
63.177
62.503
61.83
62.708
59.462
56.216
57.724
56.834
59.756
58.931
72.04
72.163
72.162
72.292
60.544
59.347
59.842
53.461
53.719
53.322
52.849
53.233
53.184
52.959
53
71.984
71.848
60.121
60.367
59.98
60.396
60.378
60.124
60.312
60.309
59.697
59.291
59.744
60.621
60.046
60.35
60.794
60.925
70.133
70.144
70.094
70.135
70.104
70.12
70.094
