50.704
55.478
55.985
57.509
55.315
54.625
55.278
54.3
55.326
55.462
54.523
54.33
54.743
55.806
55.558
52.495
51.428
56.36
56.159
50.652
51.154
51.045
50.368
50.334
50.299
50.729
50.855
51.077
50.791
50.943
51.009
51.135
51.333
51.043
50.753
51.267
50.967
50.75
50.532
52.385
52.755
50.605
48.756
49.129
49.089
49.196
48.776
49.015
49.089
49.037
48.828
49.138
49.102
48.994
48.975
48.828
49.229
48.775
49.201
49.879
49.651
49.423
50.847
52.902
52.006
51.99
53.64
52.905
52.023
53.091
52.829
51.809
52.894
52.59
52.57
52.986
53.212
51.698
51.386
51.075
60.239
60.208
53.668
55.1
57.691
55.986
51.683
51.202
50.162
54.611
54.276
53.941
53.985
54.028
54.925
55.823
55.218
54.752
54.285
53.587
66.804
63.353
59.902
59.802
60.59
65.597
58.123
50.65
49.777
48.548
50.098
47.897
49.865
48.988
48.495
48.361
49.167
50.734
54.111
55.609
56.361
56.51
56.044
55.686
56.506
57.128
57.242
57.146
57.475
57.471
56.984
57.131
57.278
57.339
57.665
57.482
57.608
57.492
56.172
55.053
56.216
55.634
56.258
56.627
56.575
55.967
55.939
55.855
54.671
54.025
55.616
55.543
55.965
56.238
56.21
55.843
55.769
56.059
54.778
54.59
54.402
55.018
55.634
55.575
56.427
55.736
55.879
56.261
55.904
55.998
56.174
55.93
55.952
55.972
56.215
52.796
51.042
50.851
55.25
54.253
52.819
59.931
59.98
59.982
59.983
60.195
52.494
52.756
52.705
52.6
52.283
52.498
53.027
51.591
50.789
50.338
49.887
50.611
51.994
52.925
53.232
65.149
58.241
55.806
53.37
52.855
51.958
53.256
53.081
51.75
53.452
48.706
49.935
51.057
53.591
56.125
56.802
56.793
56.887
56.695
56.519
56.031
55.398
55.296
55.661
55.87
56.003
56.197
56.19
56.603
56.131
56.765
56.566
56.367
57.408
57.264
57.943
57.108
58.157
58.027
58.13
57.428
58.296
57.798
58.202
57.762
58.263
57.93
58.069
57.851
57.735
57.46
57.766
57.852
58.074
58.262
58.529
58.092
58.005
57.558
57.456
57.171
57.148
57.909
57.655
51.683
50.895
57.838
57.902
57.58
56.336
57.501
57.423
57.785
58.255
58.434
58.08
57.906
57.802
57.338
56.799
56.881
57.301
57.829
58.195
58.51
58.452
58.229
57.691
57.394
57.024
56.269
57.463
57.699
58.063
58.492
58.441
57.931
57.573
57.384
56.246
57.238
57.317
57.806
58.121
58.51
58.576
57.897
57.587
56.643
57.061
57.754
57.91
58.08
58.023
57.937
57.681
56.872
57.098
57.276
57.731
57.675
76.149
75.972
57.392
57.862
57.645
57.428
57.994
56.962
58.221
58.027
56.953
57.534
58.115
56.128
54.142
55.542
51.872
50.399
57.654
57.336
58.269
58.198
57.559
57.832
58.164
57.661
57.159
51.504
50.586
50.686
51.199
51.173
52.96
51.102
50.362
50.73
51.284
50.843
50.97
51.181
50.446
51.01
51.974
50.269
61.941
62.243
50.481
50.922
51.034
50.635
51.077
51.59
53.316
54.978
56.083
56.349
56.278
56.199
56.166
56.424
55.531
56.242
56.953
58.291
58.474
58.45
58.214
57.905
57.171
57.383
57.327
53.201
55.631
58.062
57.684
58.352
50.82
54.728
58.637
58.321
58.031
58.5
58.781
59.289
59.477
59.805
59.832
59.849
59.659
59.423
59.447
59.377
59.822
59.719
59.587
59.644
58.069
56.495
61.183
62.074
62.327
61.658
62.645
51.536
51.555
51.575
43.863
44.064
56.932
58.379
58.133
58.74
58.654
58.568
77.575
77.526
77.572
77.768
59.087
58.623
58.915
59.441
50.491
51.453
51.04
50.786
51.017
50.915
58.872
57.188
56.724
57.132
57.209
57.367
56.99
56.705
56.893
57.236
57.321
56.271
55.69
55.173
55.178
56.189
56.584
56.564
56.359
56.095
56.032
56.113
56.165
56.223
56.189
56.228
56.34
56.331
56.291
44.053
43.994
44.03
43.99
43.927
44.005
43.882
43.93
43.822
68.329
84.214
84.182
56.314
56.066
43.435
43.529
56.094
57.353
56.247
57.955
58.832
56.697
43.114
43.329
58.198
56.404
57.403
57.957
57.697
58.146
58.333
58.195
57.572
57.789
57.617
56.618
58.309
58.453
58.87
58.104
57.619
57.732
57.074
56.892
57.299
57.742
58.065
58.646
58.4
58.153
57.29
57.514
56.865
57.136
51.549
51.427
51.052
50.869
57.649
57.495
57.185
57.833
57.547
57.261
57.487
62.713
58.157
53.602
55.106
56.61
58.23
58.111
53.335
