80.016
80.025
57.703
56.567
55.997
55.394
55.095
55.018
55.55
55.532
55.905
55.739
55.975
56.427
56.153
55.952
56.203
56.205
55.939
55.659
54.837
52.879
49.368
52.419
55.47
52.508
54.191
55.874
55.397
52.109
53.933
55.756
54.937
52.284
53.901
55.518
55.616
56.246
56.077
55.908
55.502
55.535
47.994
48.673
59.111
58.077
59.716
52
51.065
51.458
53.9
56.343
67.866
67.775
67.94
56.614
56.446
55.899
80.004
79.975
80.035
59.054
58.365
58.993
58.703
57.947
55.432
56.634
52.966
49.298
53.582
57.865
59.399
59.951
59.709
59.272
58.903
59.388
59.774
59.825
59.896
59.816
59.686
59.53
59.691
59.52
59.213
48.229
47.857
48.237
47.613
50.596
61.787
60.278
60.11
59.83
59.88
59.504
59.999
60.619
60.493
60.094
60.495
60.896
60.931
60.672
60.285
60.788
60.982
60.956
60.896
60.329
60.674
61.038
61.022
56.792
58.637
60.092
59.849
59.967
60.086
60.104
59.644
57.879
84.009
83.998
84
83.988
84.01
83.986
84.002
84.008
58.832
58.739
58.378
58.016
52.613
51.617
77.082
77.232
77.265
77.022
76.913
76.938
76.844
76.162
75.481
54.908
55.159
53.843
55.016
55.827
56.687
56.197
55.537
55.932
54.5
51.609
54.688
57.767
57.625
46.1
46.105
56.114
56.521
56.342
56.163
46.026
45.925
46.008
46.102
45.961
46.051
46.012
46.04
45.99
46.066
46.059
45.929
45.855
45.808
46.147
48.789
51.432
56.636
56.476
56.083
56.103
56.444
56.786
57.776
57.858
57.923
58.219
58.229
58.097
57.676
57.994
57.931
57.785
57.853
58.129
58.015
57.753
57.957
70.096
69.887
69.676
69.286
68.794
67.753
52.5
53.986
55.473
54.725
53.977
54.848
55.743
55.141
54.045
54.676
55.884
55.33
54.738
55.657
57.108
57.088
51.919
51.039
50.415
59.379
60.103
59.156
60.101
59.786
60.128
59.729
60.015
59.474
58.269
54.474
49.637
46.959
47.959
47.994
50.499
52.466
52.679
52.414
52.406
52.397
50.629
57.202
54.668
52.134
52.624
53.926
65.477
77.029
77.043
48.687
49.217
51.855
53.991
55.546
57.059
57.667
56.507
57.342
56.405
56.449
56.462
56.475
58.36
57.694
43.733
43.888
43.653
43.417
43.438
43.459
43.596
43.733
58.163
57.654
58.269
44.141
44.103
44.142
59.481
59.956
59.766
59.233
57.856
57.783
57.761
57.851
57.628
54.83
53.669
52.508
55.047
55.586
56.086
56.09
55.883
55.906
55.912
56.092
56.273
56.3
56.342
56.383
56.168
56.152
53.997
51.842
51.169
50.992
51.072
50.972
53.884
56.797
56.339
56.356
56.305
56.284
56.273
56.158
56.06
56.088
56.046
56.205
56.176
55.913
55.651
74.475
74.512
55.658
55.992
56.154
56.654
56.738
56.48
56.087
55.874
55.723
55.863
56.262
56.461
56.512
56.358
56.019
55.76
55.704
55.701
55.869
56.161
56.48
56.8
56.266
56.837
45.981
43.735
44.064
44.071
43.813
68.294
68.425
56.27
56.04
56.002
49.826
58.699
57.315
55.931
68.266
68.439
68.392
68.044
67.554
67.451
67.495
67.539
67.618
68.162
68.494
68.677
64.346
60.016
60.002
59.919
59.836
59.913
59.84
59.766
50.173
55.139
49.823
44.507
43.78
43.166
44.359
44.156
48.957
50.058
51.16
50.909
51.242
50.85
56.249
57.728
59.207
58.247
57.287
43.877
43.721
43.51
43.81
43.585
43.777
43.643
43.985
44.326
43.691
43.661
43.527
50.941
