57.612
58.756
57.637
58.004
57.74
57.551
57.363
50.853
51.286
50.479
51.959
50.926
51.605
52.284
56.525
55.221
54.916
55.53
56.145
55.276
55.51
56.132
56.82
55.289
53.015
52.768
53.985
53.908
53.831
54.748
55.11
55.472
55.142
55.317
55.493
55.319
55.46
54.01
52.559
52.81
51.321
50.305
51.085
51.97
51.079
51.291
57.196
57.576
51.004
44.433
44.247
44.714
44.821
45.247
45.666
65.036
65.4
46.56
47.318
47.1
47.27
47.695
46.54
47.925
46.665
46.108
48.006
45.369
45.118
45.383
47.712
46.258
45.431
44.409
43.388
43.442
43.496
44.24
44.61
44.981
44.857
45.032
45.319
45.606
45.956
45.954
46.038
46.074
45.631
45.188
52.07
51.398
50.226
51.021
49.303
50.665
49.545
49.326
49.106
47.41
45.286
47.215
48.393
46.778
49.016
48.236
47.457
46.446
46.284
47.281
48.449
47.937
48.087
53.771
49.789
45.807
45.765
46.954
47.524
48.536
46.646
46.267
45.796
45.535
48.22
46.567
46.235
45.903
45.425
47.681
46.816
48.629
47.342
47.691
45.735
47.778
48.322
48.865
47.249
48.533
48.388
48.243
47.331
48.033
47.332
46.346
48.089
46.102
47.002
47.749
46.005
45.678
45.351
71.977
72.002
71.968
71.962
71.932
50.815
50.741
50.682
50.675
50.711
50.594
50.711
50.68
50.813
50.813
50.884
51.06
50.921
50.99
50.971
50.979
50.981
50.946
51.051
51.047
51.234
50.843
51.889
51.075
51.022
51.006
51.05
53.124
54.05
54.975
43.134
43.919
44.159
44.399
44.359
44.318
44.492
44.479
44.25
44.187
43.984
43.849
43.853
43.971
44.076
48.434
47.742
47.049
45.661
46.021
46.38
48.197
50.013
44.896
44.518
44.967
50.488
49.683
51.539
55.514
55.144
55.473
55.802
51.369
50.743
50.624
46.946
56.097
50.858
49.436
48.014
47.908
49.56
49.053
49.388
50.321
50.593
50.651
50.59
50.71
50.535
57.434
58.33
57.844
50.653
50.592
50.326
50.783
51.143
51.351
50.918
51.632
52.554
52.745
52.719
52.116
52.704
52.672
52.654
53.133
52.666
52.743
57.928
57.798
58.053
58.333
57.317
57.458
58.247
58.303
50.028
51.661
52.774
51.273
51.424
51.522
51.53
51.19
50.864
50.708
50.841
51.5
52.217
52.6
53.349
53.215
52.64
53.431
52.547
52.758
51.642
50.084
49.105
49.368
50.988
50.648
51.285
51.478
51.212
50.514
50.125
49.816
49.812
50.866
51.482
51.543
51.474
50.458
49.435
49.223
48.779
49.527
50.289
51.079
51.899
51.57
51.605
49.41
49.348
49.526
49.704
50.063
50.682
51.509
51.592
51.289
50.625
49.341
47.811
48.118
48.865
50.11
50.778
51.307
51.328
50.741
49.931
49.5
49.069
49.461
49.852
50.147
51.052
51.373
50.956
49.995
47.771
47.719
47.529
49.111
49.792
50.456
50.548
49.585
48.512
48.402
49.071
49.824
50.282
50.205
49.333
53.028
51.072
50.733
50.225
50.371
50.432
50.494
50.317
50.457
55.035
54.976
55.747
55.362
54.874
