67.045
66.971
61.91
62.001
66.945
66.985
66.981
67.046
58.788
58.836
58.948
59.044
59.43
59.72
59.692
59.297
59.09
58.871
58.802
66.972
67.034
67.055
67.092
67.057
67.039
59.225
59.243
59.2
59.197
58.961
58.962
71.097
70.957
70.967
67.13
67.225
67.069
66.997
66.879
68.412
68.796
69.014
59.855
58.727
58.563
58.544
58.588
58.419
58.357
58.492
58.546
58.557
58.72
58.838
58.885
58.962
59.071
59.133
71.071
71.102
71.025
71.072
59.184
58.993
59.071
59.088
59.015
58.541
58.029
83.059
83.067
83.153
83.108
83.145
83.043
82.834
61.448
61.492
61.867
62.036
62.14
62.107
62.111
62.094
62.163
74.122
74.2
62.08
61.202
74.033
73.97
74.008
74.022
74.042
74.062
59.502
67.92
76.337
75.94
75.997
76.054
76.013
76.044
76.029
76.018
76.075
76.005
76.063
76.036
76.041
75.984
66.913
66.905
52.053
52.058
51.978
55.507
59.037
59.088
67.227
67.082
66.946
66.908
66.763
67.122
67.295
67.163
67.225
67.299
67.27
66.984
58.913
58.961
59.021
58.973
58.984
67.315
67.032
66.947
66.963
67.058
66.986
66.896
67.153
67.067
66.882
66.97
67.245
67.228
67.023
59.005
59.125
67.049
67.017
67.115
67.114
67.149
67.184
67.65
67.612
67.632
67.489
67.343
67.074
66.092
64.165
60.104
57.647
57.259
58.178
58.724
59.001
59.155
59.327
59.375
59.2
79.017
79.027
79.004
79.053
78.972
78.987
79.042
79.045
79.057
79.068
58.369
58.488
81.043
81.001
83.164
83.163
59.065
58.601
58.173
57.599
83.064
83.021
82.94
83.112
83.049
58.808
58.269
57.726
57.52
58.368
59.032
59.567
59.792
59.414
58.79
58.303
57.78
58.289
58.868
59.014
59.073
59.023
58.872
58.84
58.735
58.721
70.839
83.01
83.05
83.019
82.954
59.105
59.587
82.973
83.032
83.044
83.089
61.766
62.279
62.48
75.967
81.088
81.004
81.081
63.3
63.575
63.76
63.886
64.063
78.998
79.017
79.06
79.021
79.016
79.019
79.01
79.043
79.027
79.035
78.5
77.965
77.967
78.016
77.999
78.046
78.093
78.107
61.974
62.264
62.342
61.94
61.483
60.901
61.285
61.683
62.081
62.43
62.312
62.225
61.887
61.711
61.391
61.51
61.768
61.954
62.141
62.171
61.911
61.512
61.214
61.562
61.296
61.229
61.882
62.314
62.541
62.612
62.413
61.959
60.824
61.318
58.823
60.611
61.644
62.268
62.172
62.035
61.444
61.212
61.669
59.819
60.359
59.14
58.969
59.132
59.102
58.973
58.696
59.221
59.533
59.267
59
59
59.093
59.042
58.775
58.811
59.091
59.09
59.152
59.086
59.07
59.202
59.125
59.221
66.074
66.125
59.022
58.886
65.919
65.882
65.994
78.04
77.993
78.011
78.011
78.011
77.959
77.908
77.932
77.907
58.887
59.016
65.991
65.967
65.962
65.987
65.94
70.829
70.953
71.096
71.074
