71.023
71.008
71.023
71.035
65.992
58.987
58.859
58.396
58.23
58.254
58.306
58.589
58.692
58.655
73.963
73.982
74.077
58.621
58.756
58.751
58.736
58.658
67.346
76.033
75.993
76.05
76.052
75.974
76.058
76.026
75.994
62.383
62.175
78.028
78.02
78.04
77.989
78.078
62.316
62.299
78.039
78.092
78.063
78.005
77.998
77.993
78.002
72.052
66.103
62.286
62.762
62.979
62.879
62.753
75.996
76.019
76.035
76.051
75.966
76.044
75.962
75.979
76.063
64.328
64.324
64.273
64.544
64.537
64.493
64.308
64.127
64.021
64.067
64.012
64.012
64.037
63.975
63.95
63.992
63.949
63.934
64.045
64.032
64.12
48.171
46.758
47.189
47.62
47.965
64.037
64.106
64.021
63.924
64.055
63.93
63.84
63.876
64.013
64.067
64.096
63.99
63.827
63.619
64.361
66.994
67.03
67.038
66.965
62.967
62.454
62.644
62.502
61.754
62.198
62.354
61.526
62.138
62.221
61.639
62.135
61.607
61.805
62.236
59.228
55.085
56.144
53.501
53.046
53.255
53.463
53.503
52.707
74.025
73.924
54.583
54.448
78.891
79.044
79.004
78.963
54.596
54.587
54.54
54.692
54.753
54.677
54.716
54.649
54.819
54.72
54.885
54.848
54.932
55.006
55.156
54.917
54.975
54.831
55.082
54.984
55.101
54.875
55.165
54.951
55.297
55.091
55.218
78.945
79.006
79.048
79.251
74.031
73.996
73.993
74.045
74.008
74.012
74.003
74.022
73.988
74.04
74.038
61.396
61.443
61.438
61.603
61.703
61.685
61.71
61.812
61.788
61.834
61.739
61.656
61.329
60.697
59.871
59.266
59.275
58.664
59.14
58.698
59.271
58.886
59.368
59.122
58.951
59.24
58.658
59.182
59.383
59.383
59.267
58.994
59.056
58.621
58.636
58.651
58.968
58.993
59.477
59.641
59.555
59.218
58.479
70.132
70.024
70.341
58.932
59.385
59.383
59.216
59.169
58.953
58.634
58.315
58.384
58.601
58.969
59.256
59.42
59.356
59.073
58.79
58.446
58.272
58.386
58.655
59.329
59.846
59.551
59.245
58.872
58.391
57.865
57.975
58.404
58.81
59.335
59.584
59.351
59
58.693
58.341
58.285
58.545
58.791
59.114
59.343
59.234
58.973
58.661
58.392
58.34
58.474
58.678
58.88
59.083
58.952
58.729
58.576
58.566
83.008
83.024
83.005
82.896
58.592
58.811
82.896
82.987
83.06
83.212
83.242
83.036
82.967
82.896
71.073
77.139
83.206
83.14
83.304
83.109
83.003
82.982
54.949
55.095
54.941
83.077
83.141
74.028
73.999
74.042
74.023
74.032
