42.794
43.477
44.161
54.747
60.576
66.025
74.03
74.046
44.009
44.536
46.45
73.985
73.813
73.887
52.565
53.76
54.374
56.129
54.59
53.05
80.946
80.936
66.019
62.65
59.281
57.846
56.768
57.11
57.54
57.092
56.747
57.467
57.087
57.495
57.666
57.837
56.779
57.074
76.044
76.021
76.024
69.067
68.811
72.034
81.08
81.051
62.085
61.792
57.511
57.31
57.531
57.454
57.265
81.04
80.96
73.423
65.885
57.433
56.977
57.216
57.179
57.394
57.496
56.924
55.66
71.966
80.875
80.909
68.839
56.769
56.999
57.143
57.397
57.536
57.505
56.575
56.626
56.677
57.321
57.402
57.226
56.766
56.725
56.809
56.661
57.011
57.12
56.655
56.78
57.263
53.158
53.081
53.07
52.927
57.09
57.014
56.634
56.6
56.486
56.259
58.017
58.956
58.954
58.952
59.057
59.103
80.954
80.967
58.674
60.558
60.76
60.158
60.359
60.404
60.503
61.376
61.925
62.261
62.464
62.453
62.381
62.233
62.07
62.036
61.566
61.142
66.543
71.943
72.139
72.016
72.083
71.986
72.106
62.437
62.063
62.079
61.839
61.633
61.584
61.335
61.482
61.866
62.047
62.07
61.908
61.755
61.653
61.689
61.794
61.88
61.75
61.562
61.428
61.958
62.071
62.143
61.838
53.523
53.411
52.894
53.098
53.048
53.21
53.054
72.058
72.015
71.963
72.024
53.095
54.731
56.977
57.368
61.139
60.656
61.114
61.46
61.646
61.458
61.186
60.715
60.017
59.698
59.522
59.689
59.988
60.041
60.129
60.278
60.151
59.599
55.888
55.231
54.513
55.38
61.165
60.169
60.125
59.874
59.78
59.704
59.795
59.864
59.799
59.938
59.946
60.111
59.9
59.78
59.745
59.665
59.882
60.038
60.125
60.151
60.137
59.98
59.86
59.854
59.971
60.084
60.274
60.309
60.316
60.331
60.155
59.817
59.715
59.772
59.959
60.048
60.254
60.365
60.058
60.013
59.956
59.496
59.447
59.694
59.844
60.784
61.238
61.692
61.746
61.801
62.63
61.208
84.015
84.011
61.366
61.829
84.012
83.902
83.948
83.97
83.992
84.001
84.058
84.144
83.951
83.759
83.881
83.598
83.902
54.371
54.641
54.793
54.934
54.957
55.354
55
54.467
53.216
82.948
82.929
83.934
83.833
83.732
83.767
83.766
83.907
83.979
83.975
84.08
54.981
69.119
62.039
54.958
54.546
54.843
55.027
55.054
55.282
54.573
54.278
54.318
54.43
54.556
65.308
76.059
75.965
75.962
75.918
75.954
82.996
83.005
83.001
75.972
75.981
75.945
75.932
