55.678
55.307
54.935
58.488
57.514
57.765
57.563
57.462
57.795
57.283
57.527
57.649
57.481
57.833
57.622
57.147
58.187
58.42
57.261
58.148
57.775
57.177
56.694
54.483
54.677
55.565
56.104
55.157
55.74
57.233
58.726
58.658
58.444
58.339
57.794
56.476
56.276
55.618
56.05
54.915
53.781
45.874
47.775
55.541
54.543
52.224
49.905
49.461
49.724
49.858
49.146
49.292
49.15
49.712
49.962
48.252
48.294
48.337
48.912
49.488
49.168
49.306
49.962
48.893
49.37
51.274
51.193
49.469
50.597
51.806
53.394
53.211
53.208
51.65
51.047
50.757
51.858
51.573
52.26
52.611
52.016
52.752
51.312
50.879
50.018
50.687
51.899
52.972
53.824
52.72
52.835
51.407
49.295
49.364
48.394
50.709
52.566
53.166
53.766
52.734
52.04
51.345
49.769
50.198
52.049
52.398
51.614
52.58
50.749
51.226
51.703
53.388
52.669
50.583
56.314
54.047
54.675
55.302
49.149
49.447
58.031
58.534
57.032
55.529
54.661
55.174
55.154
54.878
52.826
50.774
52.078
52.036
51.995
51.132
50.27
50.071
49.482
50.561
49.527
48.492
48.963
49.932
50.901
50.028
50.806
50.103
52.515
51.12
50.943
53.252
52.42
51.842
52.446
53.321
52.777
53.361
51.906
50.006
48.286
47.606
48.103
48.268
47.691
50.784
50.26
51.291
50.141
51.269
50.276
50.172
51.016
49.512
50.407
50.352
50.554
50.887
50.285
51.592
49.605
55.991
56.554
53.297
52.75
52.204
50.009
51.163
50.664
48.395
47.791
47.845
47.692
50.732
49.066
47.4
47.353
48.678
48.761
49.262
49.331
49.399
49.275
49.941
49.723
49.089
49.221
50.03
49.43
48.585
47.104
45.989
44.249
44.598
44.947
47.836
47.999
47.799
59.695
58.916
58.8
49.138
51.177
53.217
54.567
47.413
48.526
47.269
58.791
59.18
59.569
47.05
47.188
47.46
48.313
48.172
48.031
58.934
52.498
46.062
47.049
47.594
47.701
48.148
46.582
53.716
51.826
53.6
52.819
53.575
53.408
52.939
53.586
52.22
53.338
52.618
53.36
53.045
53.303
53.337
52.661
53.389
51.939
55.25
55.859
54.414
53.58
52.746
54.195
57.311
57.782
56.941
53.834
55.529
57.224
56.954
46.887
45.912
45.635
45.357
48.004
54.986
55.602
50.758
45.913
47.404
59.302
58.891
53.614
56.517
59.42
59.301
58.722
58.144
56.654
55.165
56.29
54.665
55.874
56.36
56.846
53.187
49.528
48.853
45.15
44.191
47.206
45.36
43.515
51.966
52.996
53.214
53.497
53.335
53.134
53.644
53.561
53.7
53.555
53.605
54.208
55.273
54.58
55.061
54.662
55.35
55.429
54.664
54.597
53.676
53.122
53.028
53.194
53.471
53.682
53.475
52.828
46.212
45.869
46.102
45.904
46.152
45.955
46.028
45.995
55.628
55.17
53.229
53.726
53.167
52.608
53.413
52.508
52.901
52.354
53.096
52.837
54.287
52.343
53.221
52.645
51.29
52.071
52.602
52.96
53.341
53.42
53.837
52.782
51.601
50.817
50.601
51.58
51.966
52.818
53.15
53.273
53.397
52.44
50.151
51.094
50.893
51.316
52.082
52.57
53.316
52.635
51.953
50.862
51.058
51.213
51.368
50.097
52.477
53.051
53.053
52.689
52.178
49.064
50.842
49.004
50.9
51.41
52.267
53.123
52.59
51.637
57.798
58.468
50.997
51.686
52.374
52.773
52.263
52.581
52.264
51.946
51.277
50.667
52.539
52.425
52.271
51.464
50.656
51.645
52.938
52.912
52.886
56.076
