55.558
54.251
55.391
56.532
50.624
49.792
52.98
51.318
52.136
52.954
56.466
56.943
46.454
46.766
55.437
54.717
55.646
54.491
55.822
55.691
55.263
55.445
55.609
55.65
54.619
55.037
51.427
47.817
52.935
58.053
57.268
56.916
56.677
55.897
44.87
46.495
48.006
49.516
54.083
58.65
57.032
57.244
57.342
57.109
56.876
57.091
57.306
57.243
57.83
56.959
58.069
58.006
57.896
58.131
58.381
58.158
54.153
54.93
55.706
42.958
42.96
55.731
55.089
58.7
57.968
58.047
58.127
57.989
57.947
58.007
57.761
57.932
58.062
57.848
57.813
58.049
58.052
57.806
57.696
57.247
56.797
57.978
58.574
57.891
58.612
57.864
57.462
43.485
43.167
43.068
43.087
43.107
55.332
56.891
55.797
54.702
50.827
56.226
53.031
49.836
49.42
49.419
49.444
49.575
49.716
68.604
68.935
69.137
69.339
51.597
50.881
50.165
50.609
50.201
50.103
50.19
50.33
50.238
49.314
50.593
50.915
51.237
50.625
50.613
62.343
62.172
56.958
56.89
57.307
62.321
62.006
62.132
62.026
63.663
65.3
62.162
50.688
51.058
51.56
52.062
51.792
51.522
62.226
62.163
62.009
61.855
59.163
56.47
50.499
50.738
49.129
51.23
51.133
51.037
50.984
50.931
50.094
51.077
49.997
49.952
49.905
55.918
56.293
50.314
50.168
50.222
50.277
50.678
50.084
50.386
50.043
50.519
49.494
55.223
57.325
57.792
58.011
58.139
58.108
58.118
58.309
58.302
57.594
57.844
58.077
57.831
58.091
58.648
58.53
58.867
59.203
59.268
58.419
58.136
58.019
58.175
57.98
58.296
58.433
57.765
50.835
50.47
52.972
55.473
59.024
57.943
57.167
58.191
58.323
57.669
57.358
58.232
57.987
57.334
58.144
58.161
57.389
57.438
55.704
55.22
55.363
54.89
55.714
55.23
55.588
57.23
58.872
58.435
58.299
58.154
57.704
57.923
58.132
58.006
57.942
58.192
58.407
58.313
57.982
57.887
58.084
57.567
57.563
57.339
55.136
56.268
58.547
58.55
58.165
57.753
56.494
55.358
55.157
55.124
55.562
56
55.949
57.276
58.603
58.43
59.565
60.701
49.399
47.76
47.715
48.902
49.387
49.259
49.312
49.424
49.759
49.841
49.725
49.726
50.166
50.606
49.245
49.587
49.233
48.726
48.219
48.398
48.578
47.979
48.117
50.702
50.241
50.408
50.184
50.218
50.139
50.507
49.377
50.758
51.196
51.207
51.217
49.802
57.288
56.869
50.36
50.795
50.279
50.669
51.059
50.29
57.008
57.161
57.052
54.092
51.132
51.231
51.331
50.719
50.107
49.994
61.974
62
50.547
50.676
49.795
50.532
50.077
50.126
49.751
50.455
55.952
54.762
50.216
50.788
50.115
49.373
50.366
49.713
50.061
49.753
50.372
55.83
