82.03
82.024
59.831
58.354
70.808
70.771
70.152
76.975
76.974
77.072
77.192
77.414
77.833
52.657
51.407
50.964
50.55
58.819
58.413
58.007
68.958
68.65
69.094
69.538
69.518
57.789
57.663
57.241
57.297
56.837
56.139
54.58
54.1
53.489
54.998
55.986
56.499
56.238
56.186
55.684
55.802
55.825
56.03
56.13
56.186
56.165
56.277
56.299
56.526
56.121
44.351
44.392
44.383
44.053
43.93
43.037
60.184
59.494
59.07
58.646
59.265
58.608
58.397
59.374
59.528
59.49
72.028
72.17
72.275
72.141
71.778
71.654
71.711
59.517
58.347
56.625
56.227
57.26
58.018
58.37
58.368
57.945
57.731
57.581
57.427
58.223
58.512
58.584
57.882
57.507
56.666
57.609
57.867
58.246
58.46
58.357
57.459
57.187
57.944
57.988
58.164
58.098
57.338
51.769
51.123
50.845
58.345
58.203
58.061
57.474
57.489
58.088
58.451
58.137
57.476
57.424
57.029
57.711
58.128
57.951
57.421
57.525
57.686
57.446
58.121
58.252
57.308
46.767
46.045
57.998
57.655
57.904
58.224
57.219
57.479
54.339
54.661
55.318
55.119
56.646
53.913
53.707
53.545
53.396
54.343
54.588
54.839
55.153
55.978
55.822
55.679
54.288
55.028
55.264
54.93
55.845
56.759
56.077
56.095
55.858
55.82
55.782
55.725
56.316
56.561
55.478
55.682
54.759
56.453
55.713
55.488
55.263
55.206
55.659
55.078
54.62
54.324
53.812
53.498
52.936
54.226
54.575
54.895
55.371
55.122
73.931
73.749
55.247
55.06
53.217
55.807
54.901
52.225
52.05
50.887
67.929
67.994
67.969
67.944
54.553
56.038
53.674
53.001
53.008
53.201
53.215
53.648
54.159
54.382
52.94
53.257
53.003
52.217
51.542
51.675
52.678
52.921
52.137
52.647
54.218
52.537
51.836
53.832
52.536
52.439
53.613
53.187
52.514
52.494
53.857
59.606
60.122
59.828
60.185
59.944
55.483
51.022
49.551
51.206
51.201
51.196
50.607
50.018
50.428
51.203
51.978
51.534
52.679
53.824
51.78
53.756
55.289
52.581
52.808
52.994
52.513
49.636
48.735
46.563
48.217
49.991
48.805
51.381
51.978
50.721
49.465
49.851
48.581
51.237
51.496
50.767
50.037
50.184
48.434
48.534
48.634
51.03
51.029
51.199
51.092
50.177
48.279
51.818
51.707
51.203
75.021
75.023
75.109
62.289
50.963
51.389
51.37
51.142
49.884
50.238
51.696
50.996
50.506
55.725
75.017
74.973
75.043
75.027
75.01
75.08
63.189
59.332
55.476
59.224
53.247
47.269
47.661
58.262
57.998
46.743
47.455
48.832
50.209
50.001
50.919
51.146
50.321
58.249
57.841
57.725
58.265
58.022
49.325
50.519
50.614
51.583
52.305
53.028
52.926
52.824
51.485
54.392
53.157
53.414
52.579
52.86
53.796
65.4
57.927
50.454
50.837
53.019
51.173
49.327
49.957
50.018
50.038
50.058
50.532
50.107
49.682
50.101
49.336
48.506
49.208
49.877
52.303
50.796
50.801
51.814
51.014
50.406
49.798
51.035
52.273
53.275
54.993
51.931
50.365
51.661
52.738
51.965
52.973
53.982
53.045
52.305
53.622
53.043
52.637
54.132
52.765
53.013
53.198
52.272
51.345
52.974
54.044
53.305
52.565
50.429
48.293
48.545
49.159
49.036
48.753
48.878
48.641
48.512
48.886
48.929
49.034
49.065
49.13
49.002
49.106
48.635
54.493
60.352
