48.628
55.005
74.706
74.506
74.869
75.235
75.358
75.702
73.714
71.726
70.497
69.268
69.377
69.381
69.385
69.036
52.961
53.133
52.868
53.261
52.981
68.044
68.108
69.524
74.603
64.201
53.8
53.588
65.391
65.489
65.572
65.644
65.5
69.902
69.991
69.908
69.825
69.581
68.8
67.896
66.635
65.374
65.211
65.351
67.937
67.567
67.685
67.639
67.692
67.927
67.719
65.945
65.988
67.569
53.299
52.857
52.643
52.645
71.818
79.791
79.778
76.439
76.477
76.481
76.485
76.511
52.442
52.913
52.985
72.331
72.47
78.311
65.437
52.563
51.077
50.361
48.32
47.52
48.131
47.223
64.515
64.51
65.338
65.033
65.548
65.147
56.474
61.865
54.978
61.23
67.482
68.239
67.701
65.667
66.05
66.035
66.02
65.76
66.824
65.738
66.725
67.711
67.202
67.562
67.361
67.382
65.639
66.197
65.982
65.768
65.86
65.754
65.701
66.161
51.199
51.248
67.855
67.939
68.067
67.926
67.753
67.724
67.638
67.301
67.165
67.239
67.532
67.836
67.958
67.848
67.552
68.001
79.438
79.453
79.484
79.66
79.677
66.849
67.703
67.828
67.331
67.387
67.444
50.014
50.653
50.953
50.814
50.275
49.538
48.995
48.928
49.507
50.515
51.189
51.236
50.427
49.277
49.682
50.149
50.508
50.659
50.341
49.898
50.379
50.736
51.066
50.805
50.456
50.396
50.089
49.139
67.65
67.706
67.26
66.813
65.459
65.474
65.374
65.458
65.264
62.706
62.544
62.454
62.605
62.554
62.545
49.378
48.175
46.972
47.752
56.121
55.783
45.742
46.219
49.055
50.849
51.112
51.381
47.308
64.447
58.766
53.085
53.099
52.915
53.17
53.187
51.879
50.572
52.541
52.569
52.939
71.773
71.708
71.908
71.861
52.85
52.517
53.028
53.539
53.85
53.846
53.819
53.844
53.918
53.992
69.936
70.092
69.9
69.262
65.536
65.476
54.149
53.799
53.263
67.805
67.9
67.885
68.064
67.872
67.754
66.669
69.904
69.97
65.583
65.582
65.378
65.174
72.518
79.862
80.345
79.931
80.302
79.841
52.562
52.87
53.335
68.033
67.764
67.989
67.676
68.32
69.533
69.72
69.503
68.365
47.545
48.45
48.522
48.645
56.932
65.22
65.345
68.068
66.919
65.77
66.221
65.584
66.178
67.423
67.802
68.18
68.11
68.039
66.038
65.8
78.09
77.933
77.857
67.818
67.587
66.896
67.239
67.582
67.558
67.639
78.124
77.974
78.092
78.211
78.078
78.159
78.241
65.774
66.326
66.877
67.588
67.982
72.84
61.614
50.388
51.026
67.726
67.74
67.625
67.51
67.585
67.974
80.275
80.12
67.922
67.775
79.723
79.408
73.517
67.626
67.78
67.982
73.892
79.803
79.541
67.463
67.52
67.769
68.635
67.918
49.656
50.358
50.831
50.579
49.928
48.753
49.402
50.444
50.737
52.11
49.998
49.343
50.245
50.976
50.525
51.837
50.068
49.311
50.239
50.499
49.661
48.085
47.214
45.472
43.73
49.11
54.489
67.918
67.801
68.083
68.365
67.659
67.46
67.486
67.568
67.421
67.354
67.468
67.551
67.454
67.377
67.566
67.488
