43.012
42.948
66.552
66.426
64.753
63.079
62.774
62.718
62.592
62.533
62.789
62.89
63.156
63.208
63.224
63.041
62.43
61.887
42.958
42.958
61.18
61.924
61.767
61.874
61.722
61.631
61.521
61.364
61.202
60.862
60.89
60.913
60.769
60.5
61.269
61.65
43.009
42.985
54.544
54.586
54.48
54.498
54.456
54.474
54.357
54.373
54.4
54.421
54.522
54.516
54.532
54.433
54.332
54.441
54.223
58.788
59.034
58.695
58.647
58.574
58.658
58.662
58.742
59.075
58.9
57.032
54.025
54.438
53.862
53.286
54.225
55.164
53.328
53.965
54.601
54.356
54.731
53.799
53.313
52.301
53.28
53.433
52.578
53.186
53.548
53.483
52.711
53.426
53.49
52.879
52.794
53.898
53.952
53.713
53.748
53.782
54.084
54.138
54.057
55.195
54.386
54.463
54.478
55.07
56.913
43.881
45.127
56.04
72.696
72.593
72.658
53.558
54.218
54.272
54.325
53.974
54.813
55.334
55.855
56.289
56.68
56.924
56.921
44.444
44.475
44.443
44.364
44.363
44.478
44.338
44.361
44.389
56.303
56.22
56.26
56.249
56.288
56.238
56.4
56.514
56.625
56.526
56.282
56.163
56.047
44.461
44.407
44.4
44.446
44.376
56.408
56.405
54.831
56.085
55.304
55.667
56.715
56.433
57.05
56.269
56.43
55.491
55.222
55.455
55.649
56.161
57.12
57.363
56.966
56.516
55.877
55.388
55.471
55.875
56.364
56.798
56.794
56.461
56.111
55.718
55.639
55.836
56.149
56.231
56.313
56.072
55.987
56.374
56.676
56.553
56.073
50.109
44.144
44.563
44.706
44.923
44.911
44.821
44.934
44.739
44.502
44.44
72.621
72.483
72.405
72.471
72.433
72.44
68.45
68.524
68.43
68.46
68.429
68.492
44.825
45.014
44.881
44.68
44.335
63.596
68.461
68.453
68.47
68.443
68.464
60.866
44.381
44.606
44.884
44.98
45.045
45.462
44.086
43.364
55.948
55.945
55.996
56.308
56.306
56.434
56.135
56.41
56.568
57.441
57.926
58.088
58.217
58.406
57.93
57.621
58.118
58.289
58.245
58.388
58.206
58.103
57.999
57.792
57.793
57.561
65.488
62.784
60.08
59.191
58.302
56.685
56.535
56.262
56.305
56.231
56.406
56.338
56.497
56.307
56.471
56.243
56.489
56.392
56.813
56.975
57.434
58.12
58.278
58.319
58.109
57.935
57.944
57.987
57.873
57.839
57.828
57.972
58.062
57.925
57.979
57.915
57.644
57.342
57.325
57.637
57.94
58.012
58.166
58.189
58.071
57.972
58.046
58.093
58.209
58.435
58.802
59.078
59.397
59.744
60.14
60.291
73.352
73.481
73.457
73.427
66.48
66.468
66.502
54.772
64.109
61.269
58.428
58.4
58.329
66.53
66.553
73.439
73.551
47.718
49.254
49.59
49.333
49.622
49.329
49.563
49.292
49.494
49.525
49.272
49.604
49.434
49.256
49.294
58.527
57.863
57.84
57.792
57.828
57.838
57.925
57.975
58.112
58.206
58.088
57.715
57.082
57.889
54.749
54.479
54.43
54.148
53.276
52.007
53.643
56.157
55.675
56.669
55.778
55.972
56.487
55.32
56.751
56.429
55.587
56.693
55.494
56.026
56.786
55.925
56.19
56.679
55.822
56.35
56.642
55.826
56.405
56.592
56.006
56.462
56.553
55.591
56.471
56.222
56.055
56.734
56.334
55.807
56.681
56.813
57.582
58.375
58.475
58.413
58.129
57.478
56.906
56.68
55.48
56.48
56.826
55.183
56.548
56.591
55.529
56.56
56.514
55.26
56.918
53.847
53.187
53.374
53.661
53.305
53.391
53.64
53.324
53.829
54.003
54.177
54.021
53.379
52.981
52.757
52.875
53.091
53.057
53.087
53.162
53.252
53.161
53.286
53.273
53.035
52.922
53.406
52.973
52.726
53.131
53.689
53.306
52.815
52.745
52.919
53.001
53.105
53.36
53.575
46.305
45.858
46.467
46.399
46.33
46.415
46.435
68.555
68.504
68.568
68.417
46.467
46.445
53.555
50.018
46.482
46.362
46.422
54.33
53.308
53.653
53.585
53.545
53.582
53.395
53.366
53.526
53.611
55.52
57.428
51.862
46.296
46.487
46.336
48.891
51.447
51.46
51.159
51.623
51.369
51.43
51.598
51.333
51.588
51.414
51.424
51.535
51.441
51.452
51.498
51.331
51.418
58.453
58.329
51.451
51.359
