83.96
83.976
84.005
84.036
84.068
84.089
84.005
83.921
83.919
78.02
81.033
84.046
84.277
84.056
84.076
83.959
83.926
83.979
83.986
84.206
84.104
48.052
47.909
48.196
48
48.001
48.306
47.939
48.118
48.413
47.271
48.349
46.068
44.306
47.326
46.36
42.688
43.34
41.624
41.33
41.437
41.909
44.487
49.074
53.661
72.049
72.136
54.122
52.815
80.968
80.919
72.039
72.022
56.569
58.244
54.325
55.106
54.684
54.711
59.811
59.675
59.614
53.618
53.721
60.15
59.707
59.841
59.976
60.239
60.37
72.254
72.23
72.145
72.127
72.085
72.141
72.189
72.196
72.173
54.765
55.031
54.756
71.802
72.123
72.089
72.055
72.113
72.112
72.099
71.303
70.506
77.209
74.675
72.141
72.019
71.8
72.163
72.112
72.07
71.973
61.409
60.038
60.537
60.371
60.368
59.893
59.089
58.512
58.03
57.005
56.565
56.628
57.074
57.756
56.538
57.109
57.68
57.42
57.208
57.145
56.374
56.896
57.03
57.185
76.187
76.235
76.202
76.172
76.338
76.329
76.503
76.497
76.643
76.979
77.419
59.227
59.604
60.071
66.053
72.035
71.959
53.018
53.115
72.025
72.054
72.1
72.165
72.018
71.989
59.769
55.202
54.737
54.749
55.381
60.049
59.875
59.682
71.958
71.998
72.027
72.016
72.005
72.088
72.135
72.159
72.039
72.079
72.121
72.092
61.4
50.707
52.704
54.7
54.789
54.677
54.456
55.329
54.2
72.102
72.06
72.116
72.051
72.062
72.074
72.1
72.112
72.089
72.094
84.046
84.008
83.957
83.946
83.952
71.998
72.026
53.99
54.51
84.079
83.994
84
42.603
42.353
42.584
42.184
41.785
48.144
54.503
53.912
56.317
57.534
57.244
57.15
57.122
57.094
72.07
72.106
71.971
71.966
81.069
81.05
53.644
53.085
53.046
53.334
52.968
52.927
52.739
45.22
45.388
49.078
52.274
55.104
57.08
57.137
56.657
56.177
80.962
80.968
80.985
69.314
57.643
58.848
59.95
59.773
59.574
71.768
83.973
83.942
59.504
60.173
60.361
60.319
72.52
72.202
72.27
54.724
54.855
54.876
55.011
72.152
72.156
72.126
72.157
72.321
72.283
72.373
72.262
72.294
72.159
71.679
67.869
64.059
64.052
64.06
64.023
64.091
72.648
72.829
72.507
72.038
71.802
59.218
58.464
57.535
56.523
64.096
61.359
58.623
57.164
69.203
69.249
69.088
68.868
65.069
73.013
80.957
81.019
80.909
80.999
63.004
64.118
65.928
66.905
67.394
67.848
67.782
67.539
67.447
67.646
67.701
67.595
72.027
72.073
75.768
79.463
79.356
79.236
79.11
78.956
78.477
77.664
76.958
76.711
76.71
76.87
77.069
77.086
76.94
76.724
76.619
76.878
77.178
77.233
77.359
77.009
76.622
76.527
76.433
56.005
57.295
57.161
57.027
76.633
76.415
76.544
77.059
77.575
65.167
64.67
64.573
64.477
81.108
81.075
72.919
64.763
64.603
61.89
62.212
62.015
62.026
62.072
62.021
61.96
62.062
62.11
62.051
62.005
62.072
62.144
62.039
62.074
62.109
62.202
72.615
67.734
75.364
82.994
83.029
83.026
83.023
83.112
73.411
63.711
62.632
60.252
57.873
57.025
57.804
57.972
58.14
71.383
71.657
71.443
71.441
60.025
59.203
53.748
53.56
52.988
59.88
57.891
64.975
72.059
72.111
71.946
71.744
61.43
60.512
60.603
60.143
60.223
60.15
59.934
59.767
83.972
84
59.103
59.92
72.018
71.967
72.2
72.585
70.133
70.141
70.114
70.098
70.096
70.094
58.162
