46.111
46.159
45.869
46.04
45.868
46.934
46.898
47.762
48.625
48.484
49.71
48.516
49.56
48.726
50.025
49.039
50.546
49.657
50.211
50.301
48.759
48.985
58.429
58.295
46.386
46.576
46.966
47.284
59.837
59.595
47.175
47.178
47.45
47.828
47.434
46.222
47.185
47.066
47.526
51.013
50.568
51.664
50.961
50.637
50.596
51.914
51.287
50.66
44.148
45.306
46.17
46.772
45.325
45.219
45.582
46.422
46.716
45.639
45.668
45.072
44.67
44.268
44.319
44.37
44.428
44.621
45.164
45.707
46.757
46.675
46.755
47.252
47.723
48.474
47.515
46.736
45.982
58.025
70.069
70.012
58.806
59.172
59.538
53.874
54.075
54.275
54.307
54.073
57.587
58.167
62.456
64.387
43.19
43.721
58.419
58.3
58.182
58.386
58.589
58.304
58.018
57.812
57.607
58.009
58.412
57.969
58.32
57.723
58.181
57.882
57.583
57.849
58.115
58.186
58.006
57.96
58.113
57.944
58.032
58.146
54.458
50.77
51.039
51.243
50.922
50.822
50.7
50.885
51.057
50.779
50.811
50.884
50.963
50.858
50.526
50.956
51.125
50.968
50.503
50.791
51.176
51.226
58.134
58.14
57.988
58.052
58.04
58.057
57.99
57.958
58.058
62.641
64.795
64.93
65.139
65.112
64.916
59.741
54.566
54.272
54.66
55.047
60.143
65.239
64.693
64.703
65.021
65.283
64.661
64.87
53.781
53.903
62.577
63.625
42.982
43.111
43.851
43.943
44.035
44.91
45.425
45.537
57.697
58.041
57.968
57.892
45.251
45.11
57.679
57.561
51.49
45.419
45.537
45.542
45.785
45.564
45.811
45.669
46.034
45.883
46.124
46.287
46.114
50.282
50.425
50.137
49.665
50.056
50.138
49.879
49.773
49.881
50.602
49.223
50.463
49.63
50.491
49.543
50.472
49.703
50.107
50.042
49.716
50.068
49.793
49.878
49.963
50.17
49.718
49.487
49.255
49.863
50.47
49.748
49.761
50.441
64.995
65.145
65.105
65.074
65.043
65.023
65.017
65.039
65.06
59.478
53.896
53.806
52.568
52.454
52.339
52.005
51.67
65.051
65.022
65.023
65.007
65.014
65.079
64.874
65.076
65.005
65.003
65.045
64.991
64.977
64.964
65.108
64.874
64.963
65.052
58.319
59.35
60.381
53.592
54.272
52.409
51.807
51.205
57.684
63.431
63.386
59.92
56.476
53.032
54.828
54.504
55.137
55.796
54.942
54.668
55.168
55.544
54.849
54.717
55.4
55.403
54.757
54.732
55.569
55.262
54.72
54.798
55.765
55.414
54.972
55.503
56.033
49.402
49.803
43.822
43.253
43.528
48.784
48.517
45.41
50.896
47.168
58.569
69.97
70.018
69.966
69.992
69.964
70.027
70.008
69.989
69.986
56.495
56.404
55.758
55.113
56.291
55.446
55.276
55.105
67.073
79.041
79.046
78.995
79.053
78.97
79.035
79.034
79.034
63.028
56.669
57.183
57.696
61.925
62.015
58.077
57.84
57.97
58.099
58.01
57.928
58.119
58.065
57.886
