78.841
79.027
57.86
56.98
82.981
83.024
83.046
83.052
83.064
83.016
83.011
83.007
58.524
58.191
58.413
83.138
83.131
83.011
58.751
58.654
58.54
58.402
57.547
56.569
56.139
56.193
56.469
56.782
56.789
56.782
56.772
56.659
56.608
56.525
56.433
56.597
56.578
56.572
56.542
56.479
56.559
56.383
56.32
56.407
56.609
56.794
56.835
56.848
56.653
56.626
56.302
56.266
56.297
56.745
57.194
57.235
57.022
56.692
56.164
56.031
55.93
56.038
56.749
57.178
57.399
57.244
56.766
56.288
56.249
56.144
56.374
56.905
57.069
57.269
57.068
56.541
55.913
55.866
56.092
56.317
56.733
57.192
57.191
56.733
56.43
81.139
81.096
56.061
56.488
56.905
81.027
81.005
56.343
56.271
56.53
56.79
56.671
81.026
81.005
81.038
81.065
81.313
81.074
56.181
56.466
56.387
56.604
56.479
56.373
81.205
81.194
81.194
80.976
80.879
81.023
81.058
81.097
81.134
81.12
81.275
62.32
62.1
61.95
65.97
65.971
81.149
81.273
81.144
81.05
81.023
80.987
81.01
81.022
81.264
81.33
81.27
81.053
81.056
81.071
81.047
80.969
81.034
61.918
61.85
61.93
62.029
61.991
62.079
62.091
62.019
62.086
62.066
62.04
61.876
61.97
62.064
61.917
61.983
61.965
62.013
53.879
53.964
54.053
53.948
54.115
54.075
54.161
53.994
54.084
54.219
61.964
62.16
62.101
62.135
61.772
61.708
61.881
58.54
64.646
54.175
43.704
43.9
74.015
74.021
74.02
74.018
73.986
74.003
74.021
73.957
43.543
43.784
43.509
43.035
74.106
74.031
74.006
73.946
43.298
43.893
43.401
43.041
43.576
43.082
43.295
43.066
42.949
43.006
61.935
73.993
73.976
73.969
43.249
43.166
43.136
43.166
43.997
49.994
49.688
50.197
74.091
74.058
74.011
74.028
74.015
74.007
74.009
74.022
74.042
74.035
74.02
74.108
74.11
74.089
74.025
74.004
73.944
52.267
52.402
51.835
76.094
76.044
52.106
52.326
51.825
52.268
52.101
52.121
52.616
52.055
76
76.074
76.217
76.186
76.043
76.022
48.42
49.188
49.629
49.928
74.055
73.935
74.152
73.944
74.092
74.005
73.941
73.931
74.041
74.034
74.001
74.096
74.062
74.165
50.115
49.814
49.029
48.77
49.192
49.853
74.065
74.086
73.958
73.964
73.926
51.12
51.514
74.12
74.106
74.093
73.968
64.766
55.564
55.368
55.387
55.327
55.208
55.208
67.198
67.287
67.488
67.569
67.651
67.466
67.272
67.356
67.487
55.529
55.15
54.951
79.048
79.233
79.198
79.016
62.209
62.719
62.818
62.618
62.589
62.65
62.887
63.405
63.886
64.114
64.197
64.152
63.94
63.657
63.954
58.992
58.853
58.714
43.449
43.96
43.586
43.213
45.325
61.835
61.978
61.747
61.546
61.569
61.381
61.571
61.949
62.108
62.045
62.051
61.93
61.875
61.8
61.754
61.974
62.086
61.941
61.836
61.834
61.561
61.422
60.298
59.985
59.097
58.466
58.662
59.142
66.022
66.004
59.206
59.074
59.154
59.224
59.145
59.154
59.246
59.458
59.67
59.363
59.155
59.043
58.927
82.995
83.058
83.002
82.926
83.014
59.358
59.24
59.202
59.034
83.094
83.1
83.098
46.693
48.624
46.751
45.291
51.553
57.816
57.867
57.937
57.544
57.837
57.923
57.558
57.829
57.773
57.442
57.68
57.327
57.25
56.623
57.477
57.771
58.065
56.973
56.946
57.145
57.021
57.023
57.257
57.155
57.556
57.362
57.291
58.131
58.303
58.475
58.93
58.86
58.748
58.689
58.387
58.29
70.865
71.137
71.184
71.023
70.848
64.761
58.674
58.825
59.021
59.104
59.028
59.008
58.942
58.771
83.175
83.162
83
82.978
82.979
83.103
83.207
83.22
83.024
83.214
82.943
82.842
82.899
83.05
82.972
83.196
83.028
83.033
59.004
59.073
82.977
82.993
59.009
53.518
51.828
50.139
51.463
52.997
54.467
55.31
81.008
81.024
80.984
81.036
80.968
81.024
80.993
56.588
56.115
81.069
81.103
81.11
81.136
81.069
80.997
80.925
80.939
61.189
60.329
60.246
79.04
78.939
79.022
79.105
78.976
79.015
78.991
79.005
78.998
59.92
60.231
79.11
79.154
