62.532
62.809
67.644
67.636
67.578
67.521
67.4
67.351
67.947
68.948
54.171
52.57
54.319
54.275
54.232
55.886
55.635
56.436
43.165
44.18
44.287
44.243
43.886
44.589
43.846
64.556
64.407
64.287
64.302
67.386
67.585
64.055
54.965
59.676
64.388
64.442
64.493
64.349
64.531
64.346
64.38
64.388
60.438
48.435
48.388
48.498
47.588
48.315
48.052
48.007
47.73
48.279
47.299
47.257
48.05
48.283
47.801
47.778
64.453
64.475
64.443
64.978
66.483
67.988
48.245
48.477
48.698
48.402
48.815
48.297
54.44
60.582
60.625
60.608
60.561
48.725
48.414
48.503
48.332
48.246
48.555
48.519
48.483
48.686
48.53
48.268
48.265
48.479
48.554
48.532
48.809
48.713
54.596
60.478
60.443
60.724
60.596
56.205
51.814
50.619
50.261
50.047
49.953
50.07
50.031
49.959
50.187
50.13
50.404
50.162
50.19
50.25
50.086
50.113
48.144
48.608
49.072
48.453
76.515
81.683
81.424
81.495
81.546
69.304
75.393
81.483
81.426
72.883
71.25
69.617
69.615
64.325
64.411
64.204
52.213
52.755
64.639
64.53
52.044
51.594
51.684
52.153
52.511
52.752
52.647
52.29
51.886
51.828
51.992
52.066
52.053
51.905
52.009
52.351
52.398
79.415
79.464
79.473
79.443
79.47
79.451
79.517
79.474
79.503
79.472
57.596
57.479
57.599
57.525
57.53
57.535
76.612
79.592
79.42
76.668
76.635
76.576
76.588
76.539
74.277
57.501
57.569
76.637
76.645
76.595
76.582
76.584
64.379
64.383
64.386
64.43
64.419
64.371
64.293
58.645
57.202
56.204
53.987
53.87
54.019
54.723
51.211
47.698
45.435
46.093
45.672
45.252
45.099
44.946
43.941
44.71
45.479
44.033
43.126
43.596
44.067
43.845
43.624
44.45
72.539
72.399
62.844
67.65
57.549
47.447
46.086
47.624
45.801
47.714
47.026
46.338
48.865
48.318
47.75
48.204
47.729
47.254
53.69
50.25
46.811
47.866
48.027
47.611
47.628
48.089
48.023
65.536
65.569
65.632
65.651
48.528
47.774
47.704
47.93
60.106
66.119
65.799
65.626
65.452
65.513
65.508
65.568
65.628
65.183
64.5
65.475
65.219
64.964
64.912
64.859
46.049
44.581
46.142
44.584
45.996
45.205
45.983
46.504
48.269
50.034
65.643
65.619
65.535
65.586
65.564
69.481
69.607
69.652
67.217
64.781
64.916
65.05
65.317
65.472
65.617
65.665
48.311
48.255
48.426
48.356
48.141
48.181
48.285
48.55
48.374
49.769
48.731
48.68
47.708
72.661
72.346
64.659
64.263
64.348
64.335
64.478
64.476
64.475
64.402
64.37
64.411
64.443
64.398
64.466
64.44
64.353
64.524
64.238
64.5
64.422
48.779
48.39
72.552
72.575
47.049
47.799
48.38
48.749
48.839
48.207
47.039
46.059
47.238
48.309
48.388
48.227
47.301
45.904
45.531
47.638
48.229
48.388
47.34
43.85
44.992
46.022
46.969
46.472
46.437
60.636
60.561
60.587
60.576
60.626
60.604
60.585
60.642
48.331
48.406
72.608
66.586
69.563
72.54
72.569
72.569
72.569
76.488
76.428
60.561
60.609
60.548
60.578
60.126
60.99
60.696
60.576
60.523
60.576
60.472
60.467
48.143
48.847
48.734
48.27
49.338
48.345
48.563
