58.328
53.455
53.258
52.854
52.984
65.77
66.116
65.946
65.515
65.243
64.986
64.689
64.607
64.752
65.214
65.406
65.223
65.096
67.616
62.344
63.695
65.046
65.05
65.294
65.637
65.718
65.629
74.19
81.146
81.135
81.144
74.176
62.192
62.046
62.473
65.162
64.914
64.787
76.747
76.751
76.83
76.973
76.938
76.848
64.713
64.364
63.411
63.08
53.766
53.341
52.81
53.093
53.079
61.763
62.26
62.555
62.605
62.384
62.042
61.827
54.791
55.737
57.151
56.857
56.885
57.104
81.045
81.056
81.054
81.064
81.093
74.12
62.127
62.329
62.471
62.489
62.488
62.453
62.319
62.068
61.906
61.822
61.97
62.108
61.989
74.151
74.198
74.184
62.036
62.353
62.03
60.182
59.342
59.35
59.1
59.369
56.317
56.646
56.975
56.439
56.686
57.472
57.005
57.276
57.009
69.124
69.155
69.046
57.181
57.209
57.175
56.945
56.999
56.412
72.243
71.881
56.267
56.484
56.396
56.434
56.471
56.282
56.094
56.096
71.912
72.281
71.907
71.927
71.947
71.942
71.937
67.32
62.703
64.425
63.297
77.005
76.894
63.346
51.36
50.881
49.201
47.65
47.821
48.131
49.034
49.938
50.11
50.6
51.089
48.656
49.586
50.188
49.182
48.177
49.815
50.767
53.368
54.904
56.181
56.914
56.565
56.364
56.217
56.351
57.123
57.858
57.766
57.439
57.078
56.545
55.027
53.569
53.472
53.953
54.625
55.093
55.267
55.239
55.022
54.806
55.001
55.19
55.677
55.443
55.075
54.909
43.034
43.091
43.272
43.298
43.535
43.177
43.014
53.192
53.922
42.982
42.954
42.941
42.988
43.083
43.05
43.136
54.476
54.54
43.086
43.111
43.088
43.057
42.996
43.05
43.068
43.024
43.274
43.423
54.074
83.037
83.03
83.07
83.094
83.103
83.036
83.043
59.028
59.213
78.526
78.008
78.325
78.643
78.289
77.935
78.144
78.742
78.825
79.082
78.02
78.305
78.076
77.917
78.696
79.042
79.039
79.004
77.898
78.027
78.349
78.975
78.802
78.872
78.077
78.957
78.943
81.044
83.145
83.063
83.072
78.027
78.045
58.934
58.968
59.17
59.157
59.358
59.261
59.154
59.459
59.248
59.334
58.997
59.088
58.979
59.164
59.099
59.114
59.191
58.12
58.763
59.407
59.597
59.787
59.648
52.785
56.22
52.316
65.182
62.329
59.477
65.563
62.597
70.374
78.151
78.09
74.793
71.496
71.682
71.869
60.045
57.189
54.333
54.501
54.73
54.912
55.079
55.097
55.133
54.865
54.34
54.407
54.574
57.173
