74.033
74.011
74.039
58.066
58.384
58.517
58.488
58.393
58.563
58.752
58.821
58.897
58.977
59.066
59.022
58.833
58.659
58.589
58.509
58.501
58.966
59.202
59.166
59.15
58.337
57.47
83.039
83.089
83.134
83.108
83.022
82.978
82.973
74.215
73.888
74.106
73.931
74.032
74.039
74.066
73.853
74.146
62.663
62.333
74.07
74.07
73.985
74.03
74.029
73.975
73.965
74.052
65.324
65.318
65.854
65.125
78.921
78.947
78.977
78.925
78.982
79
66.728
67.045
67.052
79.021
78.894
79.052
67.315
67.397
67.39
67.476
67.305
67.302
67.313
67.244
67.228
67.031
66.956
67.034
67.152
58.994
59.065
59.03
58.977
59.039
58.991
58.964
59.082
58.91
59.071
67.033
67.54
67.621
67.366
79.09
79.072
79.106
67.13
67.089
67.195
67.208
66.935
78.994
79.062
79.077
79.083
79.068
79.065
79.029
79.002
78.977
78.874
78.925
79.052
79.062
79.033
79.076
61.538
58.628
57.325
56.981
57.889
58.303
58.397
58.653
59.077
59.095
59.128
59.018
57.386
58.069
58.828
58.617
58.418
58.196
58.359
58.364
58.461
58.504
58.545
82.895
82.937
58.791
58.656
58.398
58.179
58.022
58.373
82.908
83.014
83.036
83.058
83.061
83.057
83.102
83.033
83.047
83.017
83.002
59.015
58.812
58.348
58.184
58.197
58.43
59.062
59.26
59.459
59.126
58.629
76.152
76.04
76.041
76.024
76.005
76.039
82.994
83.118
82.985
58.489
58.808
59.249
59.311
83.303
83.027
83.06
83.014
61.594
61.85
62.166
62.256
62.424
62.762
63.101
83.044
82.843
63.963
64.097
64.013
63.906
63.954
63.955
63.96
63.944
63.563
83.086
83.019
83.026
82.97
61.003
61.266
77.982
78.026
78.048
78.013
78
78.034
78.047
78.036
78.011
78.032
77.991
74.008
74.084
73.97
62.024
62.017
61.949
61.837
61.856
61.824
61.737
61.767
61.802
61.596
61.609
61.846
62.097
62.181
62.239
62.073
61.756
61.612
61.441
61.548
61.826
62.212
62.279
62.424
62.132
61.893
61.498
61.484
60.658
61.225
61.949
62.375
62.486
62.381
62.107
61.823
61.663
61.596
61.563
61.962
62.245
62.349
62.13
61.798
61.424
61.592
61.731
61.845
62.226
62.313
62.235
62.01
61.451
61.027
61.647
62.071
62.347
62.252
62.019
61.86
61.841
61.82
61.858
62.061
61.866
61.789
61.968
62.057
58.794
58.8
59.441
59.307
59.174
58.505
62.021
62.24
61.917
59.158
59.292
59.149
59.094
59.379
59.077
58.776
55.689
57.574
59.459
58.993
58.84
58.675
58.51
53.002
54.524
53.458
52.393
54.645
54.317
53.989
54.015
51.42
51.236
51.053
56.269
57.199
57.132
57.782
57.705
57.71
58.195
58.412
58.315
58.189
58.418
58.583
58.633
58.632
58.207
83.168
83.093
83.053
82.978
82.993
59.107
58.983
58.42
62.233
61.935
61.499
61.485
61.755
61.905
62.03
62.081
62.208
62.41
62.421
62.025
60.101
58.718
57.111
55.504
58.074
60.644
60.256
61.832
61.872
62.224
62.436
62.245
63.015
62.896
63.302
63.785
63.958
63.949
63.965
63.784
62.913
62.761
63.234
63.756
64.183
64.244
64.212
64.051
63.881
63.777
63.885
63.899
63.988
64.105
64.148
64.13
63.854
63.422
51.559
50.371
51.107
47.663
55.795
63.927
64.151
64.059
63.96
63.906
63.878
63.832
63.883
63.946
63.976
63.999
63.933
64.028
63.552
60.619
59.903
52.03
51.205
64.187
64.628
65.188
65.831
66.211
66.423
67.081
67.346
67.395
67.438
67.2
67.006
67.109
67.123
67.3
67.268
50.599
50.337
49.966
50.566
49.48
50.923
63.23
62.942
62.921
62.853
62.727
62.901
63.014
63.347
63.59
63.676
63.749
63.722
63.762
63.743
63.769
63.856
63.973
63.906
63.502
62.766
61.485
61.836
61.544
61.953
62.165
61.943
62.11
61.748
61.573
61.802
62.064
62.402
62.377
62.154
61.927
61.914
62.033
62.27
62.318
62.162
61.883
61.828
62.008
61.863
61.849
61.788
62.12
62.1
61.74
61.847
61.932
62.169
61.856
62.461
62.533
83.068
83.029
79.096
