58.772
73.999
74.052
74.05
58.874
58.952
59.05
74.066
74.066
74.147
74.212
74.276
74.239
58.741
59.086
58.68
58.934
58.876
58.746
59.011
58.923
59.517
58.864
60.371
61.918
62.155
62.093
62.001
62.006
62.056
62.037
61.985
62.012
61.953
61.948
61.917
61.868
61.973
61.937
62.16
61.604
62.081
43.779
43.247
44.871
45.557
47.591
47.731
48.589
49.815
49.863
49.546
48.419
74.007
73.986
62.018
62.086
62.035
62.092
74.126
74.052
73.977
51.836
51.17
64.254
63.82
76.129
76.026
75.973
75.962
75.989
76.048
63.834
63.989
76.04
75.99
76.02
76.028
76.087
64.07
52.793
51.768
51.548
71.502
71.581
52.356
52.21
78.992
79.032
79.027
78.994
79.011
78.996
79
79.008
79.101
79.107
79.09
79.095
54.648
54.682
54.555
54.691
54.192
79.017
79.112
79.156
79.013
78.957
78.96
78.936
69.433
59.929
60.062
79.017
79.026
78.918
59.896
53.014
51.691
52.377
52.11
51.655
52.309
51.933
51.912
52.106
52.13
52.153
51.962
52.525
75.959
76.017
75.968
76.007
76.003
76.296
76.184
76.096
76.038
76.009
52.079
52.539
52.446
52.433
79.053
78.997
79.017
79.033
78.999
78.984
78.99
79.01
79.018
54.921
54.589
79.127
79.102
79.021
78.998
78.976
78.955
78.921
79.01
79.12
79.138
79.084
79.046
79.007
78.996
78.976
79.02
79.098
79.22
79.085
79.058
78.985
78.848
78.941
79.025
79.271
79.058
75.991
75.992
76.046
76.006
76.007
76.051
76.051
76.023
75.961
76.081
67.057
66.988
58.036
57.605
57.683
57.537
57.415
57.525
57.474
57.371
57.227
57.452
57.478
57.362
57.324
57.51
81
80.998
81.004
81.012
81.055
59.281
57.16
57.231
57.312
57.439
57.097
57.527
58.381
74.414
73.944
73.97
74.087
73.983
74.048
74
73.996
74.091
73.955
59.458
58.952
82.987
83.039
83.141
83.168
83.088
82.961
82.993
61.852
61.552
61.706
61.703
61.762
61.784
61.778
61.81
61.717
61.79
61.828
61.875
61.915
61.821
61.866
61.853
61.807
61.537
61.173
60.555
59.48
59.116
58.939
58.88
58.995
58.955
58.832
58.838
58.817
58.901
59.065
59
58.726
59.016
58.975
58.902
59.272
59.643
58.793
60.122
58.788
58.81
58.67
58.661
58.611
58.592
58.561
58.379
58.387
58.608
58.721
58.683
58.541
58.534
83.181
83.14
83.048
82.964
82.981
82.991
78.043
78.004
78.055
78.028
78.021
78.033
78.035
78.039
77.997
78.034
77.999
78.057
78.003
78.02
78.029
78.039
78.061
77.989
78.002
78.014
78.038
78.033
78.045
77.972
78.024
78.042
78.057
77.985
77.953
77.942
