55.243
56.139
55.713
56.534
57.354
57.813
58.273
57.751
57.344
69.23
69.363
69.464
57.54
57.772
58.024
58.207
58.348
58.182
57.467
83.016
83.056
83.085
44.35
45.922
45.631
51.658
57.684
56.219
55.094
54.442
54.283
54.672
55.088
55.229
55.061
54.887
55.047
55.385
55.414
55.091
54.578
54.155
53.892
54.084
54.761
55.323
55.381
55.096
76.085
75.992
76.064
76.028
75.99
76.006
76.053
54.342
54.091
54.744
55.214
55.372
54.85
54.477
53.429
79.084
79.053
79.02
76.028
75.908
63.847
64.074
79.295
79.091
64.023
64.014
64.012
79.036
79.073
79.07
78.999
64.036
63.882
58.003
57.828
57.658
57.36
57.249
57.381
57.498
58.022
58.414
58.558
58.808
58.84
59.037
59.089
59.111
59.203
58.822
58.596
58.149
57.811
57.779
57.899
57.782
57.2
56.202
54.709
54.078
54.379
54.495
54.986
54.799
54.716
54.845
54.901
54.983
55.126
54.764
54.89
54.605
54.764
81.134
81.097
81.065
55.665
55.215
55.368
75.99
75.967
76.048
76.013
75.976
76.051
55.052
54.799
54.417
54.564
54.85
54.923
54.656
54.387
54.495
54.789
55.084
54.994
54.663
54.823
55.077
55.361
55.235
55.127
55.067
55.246
55.29
54.739
66.91
79.081
79.187
79.308
79.168
79.092
79.038
79.016
79.009
79.031
49.015
48.455
73.971
74.025
74.041
74.017
74.01
73.968
74.026
74.032
74.034
74.036
52.164
52.326
52.771
52.372
52.538
51.928
52.199
52.029
51.877
52.363
52.091
52.219
52.162
51.919
52.388
52.139
52.268
52.355
52.235
75.96
75.987
75.973
75.969
75.874
75.842
75.72
75.903
76.084
73.409
70.734
51.889
52.97
53.012
53.054
52.516
53.203
53.331
53.575
54.444
54.772
54.949
55.076
55.051
55.209
55.236
55.149
55.061
54.959
54.579
54.196
53.912
54.372
54.758
54.893
54.897
54.972
55.1
55.124
55.125
55.108
55.043
54.942
54.739
54.532
54.327
78.922
78.961
78.955
79.021
54.338
54.182
54.086
54.321
54.467
54.481
54.675
55.067
55.113
55.162
55.092
54.717
54.155
53.428
53.937
54.372
54.603
54.79
55.282
54.659
55.154
54.207
54.681
54.549
54.418
55.037
78.944
78.984
72.966
66.948
54.736
54.425
54.741
55.057
55.361
55.664
55.066
54.677
54.088
58.966
59.055
59.109
58.926
59.071
59.081
59.133
58.997
79.003
79.044
59.079
59.092
58.954
59.22
58.901
59.053
58.84
58.957
59.003
62.307
62.286
62.174
62.14
62.048
61.984
61.905
61.732
61.907
61.888
62.008
61.757
61.751
61.688
62.023
62.038
58.84
58.678
58.828
58.881
59.005
66.917
66.979
67.07
67.024
61.908
61.833
61.892
67.019
67.053
67.039
67.03
67
62.151
62.149
62.12
62.145
74.061
74.051
74.037
68.728
68.949
69.052
61.987
62.134
62.119
71.049
71.083
71.07
71.086
71.064
71.106
66.091
61.077
61.538
61.874
61.922
62.027
74.004
71.352
68.701
68.795
68.893
68.961
68.856
68.797
68.916
68.933
69.024
68.918
68.922
68.878
68.921
68.933
73.954
73.934
73.907
67.063
67.195
70.71
70.99
71.007
71.017
70.989
70.947
70.973
71.012
71.114
67.03
67.042
67.073
67.083
67.039
67.054
67.046
67.018
66.962
67.076
74.346
73.98
74.029
74.017
73.992
74.006
74.021
74.053
73.998
74.014
74.045
74.007
59.07
59.139
59.093
58.986
59.05
58.981
59.038
67.005
