62.058
57.382
56.164
56.657
56.223
56.816
54.811
54.891
54.678
54.392
55.117
54.147
54.857
54.28
54.787
54.935
54.507
55.727
55.779
56.618
56.533
56.478
56.799
56.572
56.102
56.292
56.105
56.109
56.137
56.165
56.096
55.058
54.845
54.632
72.415
72.579
72.494
63.494
63.46
63.393
63.292
63.429
63.504
63.489
63.437
63.461
63.429
54.754
53.814
53.904
53.803
53.599
72.561
72.495
72.429
72.446
72.463
72.387
72.311
72.376
72.412
68.393
68.442
68.48
72.403
72.415
72.434
72.45
72.402
72.354
67.973
63.592
63.525
63.52
63.494
63.557
63.548
63.492
63.634
63.591
63.437
63.426
63.312
70.201
71.331
72.462
72.53
66.523
60.517
51.671
51.818
51.805
51.705
51.643
51.559
51.792
51.972
68.467
68.495
68.504
68.472
68.497
53.148
53.031
53.209
53.275
53.307
53.423
53.51
53.465
53.468
53.553
53.511
53.509
53.399
63.368
68.422
61.011
63.211
65.411
59.643
53.874
53.961
68.483
68.465
68.433
68.338
54.48
54.571
54.58
54.689
54.156
53.943
53.784
58.316
55.907
53.498
53.667
53.713
53.595
53.582
53.569
53.778
53.705
61.433
61.59
61.531
61.493
61.442
61.504
61.435
51.654
50.897
51.457
50.974
50.703
51.372
51.168
66.378
66.409
66.478
66.46
66.52
66.342
66.559
66.481
66.417
66.466
69.976
65.717
61.457
61.496
61.383
61.482
61.581
61.24
61.381
61.423
65.934
70.444
70.572
66.448
66.428
82.368
82.378
82.408
82.386
82.424
82.392
77.896
73.401
66.317
66.681
66.367
66.589
66.512
66.435
66.496
62.096
57.695
58.257
58.521
58.549
58.598
58.667
58.637
58.659
57.059
56.554
56.852
56.622
57.128
57.018
57.144
57.049
56.946
57.118
57.062
57.614
58.363
58.96
58.7
57.799
57.305
56.989
56.57
56.368
56.772
57.251
57.423
57.639
57.547
56.595
70.37
70.44
70.384
62.387
63.237
64.087
62.483
60.88
57.423
57.065
56.797
56.723
56.678
56.78
56.776
56.78
56.676
56.647
56.73
56.553
56.468
56.561
55.985
56.743
56.31
56.326
66.489
66.515
66.971
67.458
66.964
66.47
55.691
54.878
54.885
55.348
55.301
55.329
55.254
55.324
55.333
55.202
55.618
56.032
56.761
56.752
56.567
56.19
56.119
56.217
56.179
56.181
56.241
56.493
56.327
56.192
56.306
56.31
56.214
56.054
56.148
56.039
56.118
56.334
56.159
56.907
56.661
56.383
68.424
68.392
68.376
55.99
56.145
56.41
56.697
56.65
56.491
56.407
56.171
55.935
55.771
55.828
55.822
56.976
56.232
57.203
56.84
56.477
55.697
55.727
56.092
56.067
56.293
56.717
56.82
56.726
56.602
56.061
55.5
55.56
55.758
55.905
56.385
56.784
56.756
56.264
56.084
55.927
55.539
55.352
55.718
56.136
56.532
57.059
56.714
56.28
55.657
55.508
55.359
55.714
56.186
56.744
56.802
56.595
56.208
55.829
58.993
62.157
62.858
63.558
63.506
63.549
63.443
63.337
63.511
63.659
63.823
63.987
68.298
68.431
68.476
68.453
68.413
68.46
68.484
68.42
68.502
68.506
68.329
67.953
70.196
72.438
72.494
68.549
60.533
60.077
60.494
60.607
60.455
60.156
60.566
60.391
56.391
56.296
56.476
68.531
68.565
68.581
68.583
56.401
56.33
56.262
56.341
56.472
56.675
56.688
56.464
60.554
60.471
60.456
60.442
60.41
56.459
56.455
56.467
56.457
56.409
56.316
60.654
60.73
60.667
60.62
60.807
60.359
60.675
60.627
44.568
44.637
44.67
44.703
68.427
68.487
68.578
68.621
68.557
44.239
44.297
43.71
44.543
68.576
68.514
68.515
68.495
68.487
63.614
63.552
63.587
63.653
63.699
63.231
44.252
44.159
44.351
