54.656
54.379
56.069
55.105
54.439
70.002
69.968
69.956
45.871
45.602
45.535
46.295
46.965
46.078
45.339
46.02
46.64
46.559
45.608
45.465
48.665
51.865
51.745
51.138
50.898
50.202
51.054
51.479
50.944
51.045
50.99
50.936
50.514
51.367
51.327
50.465
52.075
51.236
50.179
51.659
53.138
51.779
53.404
53.747
52.558
53.086
53.533
52.392
52.228
52.94
53.207
52.701
53.06
53.247
52.584
52.925
53.702
56.777
55.007
56.037
56.678
77.028
77.015
54.926
53.655
53.14
53.218
52.996
52.639
52.651
52.918
52.52
52.493
53.258
50.676
50.941
51.489
52.624
52.804
52.083
53.177
52.441
51.984
51.016
49.187
45.996
50.843
52.242
53.64
53.677
66.024
66.731
61.307
55.882
58.635
50.918
51.425
51.932
55.898
54.906
44.081
44
43.985
43.97
42.951
43.221
47.05
45.234
43.418
43.895
44.165
43.407
56.165
56.306
54.878
43.416
43.719
44.16
44.23
43.999
53.201
60.156
60.421
60.099
60.293
60.487
43.829
43.023
49.12
46.507
57.193
56.504
55.815
61.888
52.956
60.515
51.987
59.991
52.088
56.436
50.546
49.281
48.015
48.197
48.379
49.543
49.979
48.581
48.348
50.268
49.743
54.36
52.646
50.933
53.713
53.201
52.688
52.744
52.731
53.196
53.549
52.549
52.537
52.538
51.553
50.877
51.913
51.855
51.797
52.554
53.965
55.384
56.803
54.743
54.383
54.023
54.877
55.73
43.036
44.848
67.998
68.002
49.608
49.553
45.109
44.133
45.399
46.933
47.447
47.119
47.804
48.589
48.736
49.262
49.766
50.091
50.666
50.042
50.119
50.115
50.646
50.123
50.348
49.194
49.952
55.467
56.202
56.197
57.162
58.127
57.033
55.938
56.332
50.773
45.213
44.977
45.237
45.348
45.459
45.23
45.587
45.943
45.583
46.086
46.59
46.266
45.942
45.748
45.554
45.532
48.182
46.287
46.232
46.178
45.982
45.787
45.373
46.836
46.791
46.145
48.507
46.722
48.533
46.68
46.523
46.134
45.746
46.058
47.181
46.872
48.056
46.743
47.393
51.814
51.823
51.184
49.788
50.525
47.32
48.778
46.998
47.492
46.448
46.627
47.423
47.167
47.207
47.344
46.94
47.041
47.142
46.94
47.118
46.542
47.042
46.642
47.649
48.656
45.034
44.944
45.178
45.413
45.124
45.153
45.181
44.818
44.747
44.676
44.334
44.186
44.232
43.974
43.703
43.676
44.094
44.061
44.108
45.488
46.868
52.205
57.542
57.545
57.548
57.372
57.725
58.038
57.899
52.239
55.197
58.155
57.949
57.677
57.299
58.681
58.099
57.804
57.082
55.166
56.052
56.872
57.691
58.202
57.804
57.683
57.686
54.942
55.953
56.812
57.671
58.15
58.266
58.043
57.021
70.037
70.155
70.057
69.959
69.976
58.291
58.054
57.093
58.052
52.374
52.48
51.285
50.51
46.845
51.745
51.195
50.645
50.906
50.755
57.807
56.897
69.991
70.016
50.744
50.129
51.069
51.969
51.374
50.915
50.6
51.003
51.391
50.996
70.055
70.062
70.005
70.005
60.733
51.461
52.306
52.241
