40.311
50.85
52.587
74.874
60.584
58.514
56.444
46.446
47.017
42.944
42.737
44.236
43.553
42.508
48.94
47.178
45.416
44.268
54.425
52.473
54.599
53.551
52.593
54.426
53.006
53.876
53.483
53.782
72.604
72.293
72.216
72.033
76.942
64.373
51.804
52.74
52.728
52.716
51.876
52.416
71.703
71.877
71.78
53.073
53.2
52.535
67.862
67.625
53.102
53.903
53.715
53.836
53.93
53.973
69.773
69.995
69.942
69.763
69.403
69.381
53.011
52.113
65.509
65.329
59.113
52.896
53.163
52.899
67.704
67.677
67.48
67.536
57.791
48.045
46.195
49.089
51.982
52.218
52.054
52.031
52.007
52.237
52.467
79.837
79.776
79.524
53.057
53.434
53.65
53.319
52.535
69.747
79.724
79.66
79.735
79.693
79.758
79.759
79.689
79.716
79.839
65.167
65.664
65.286
67.248
79.476
79.852
74.163
68.474
68.392
57.463
68.689
79.914
79.681
66.054
65.724
66.777
67.28
66.973
66.667
48.234
48.47
49.184
49.898
52.728
51.506
50.285
78.063
77.768
77.866
77.772
71.833
65.894
50.732
50.657
66.605
65.405
54.355
59.965
65.574
65.722
67.071
67.69
49.961
49.629
49.68
59.602
59.339
59.648
77.705
77.843
79.349
73.475
67.601
67.147
49.198
47.723
67.78
67.602
67.425
67.373
50.2
49.92
49.435
48.063
48.05
50.331
50.454
49.432
49.707
49.983
50.165
50.805
50.106
50.033
49.959
49.832
50.063
50.224
50.274
50.191
49.865
50.272
50.575
50.188
49.801
43.822
43.635
43.447
42.248
43.292
41.905
42.902
43.899
43.438
41.591
49.104
49.356
48.534
48.345
48.649
48.9
49.597
48.805
43.263
43.619
45.991
48.363
48.546
48.571
49.122
49.799
49.992
49.626
49.119
48.612
50.525
51.411
52.644
54.698
54.45
55.734
53.856
51.317
59.39
53.45
47.51
47.551
56.056
67.78
67.74
56.182
55.742
55.65
55.479
49.667
43.854
44.236
56.246
55.828
55.903
56.037
55.948
55.598
55.706
55.886
55.707
55.936
56.024
55.939
55.642
55.627
55.649
55.469
55.702
55.944
55.794
55.058
53.968
52.877
50.04
51.922
53.804
56.057
55.803
55.564
55.693
55.097
55.158
55.219
55.192
55.118
55.045
55.547
55.155
54.328
53.476
52.532
52.405
52.677
52.642
53.431
53.326
53.221
52.846
52.761
52.679
52.671
52.142
52.473
53.963
53.821
53.679
53.54
53.401
52.072
52.391
54.21
54.476
54.73
54.336
47.002
45.72
46.468
47.215
45.289
43.362
49.237
47.797
47.82
49.423
49.671
49.919
50.877
51.649
50.709
49.769
46.942
49.412
47.449
45.485
45.776
45.778
52.691
64.218
55.768
53.574
61.494
56.291
51.088
50.478
50.038
50.497
50.956
51.793
52.631
52.615
52.689
52.766
51.844
51.404
53.039
51.652
51.341
46.456
45.941
52.638
52.909
52.476
51.322
51.933
52.543
52.372
52.661
52.568
51.888
51.208
51.63
52.053
51.621
46.296
46.466
51.863
57.259
56.068
56.477
56.885
57.481
47.92
48.721
56.753
57.919
50.603
52.488
50.691
52.158
53.624
47.571
47.002
53.165
52.655
52.733
52.253
52.551
52.761
52.432
52.591
52.467
52.841
52.645
52.363
52.65
52.666
52.458
52.574
52.502
52.574
45.188
43.629
46.944
47.799
47.696
47.225
43.466
44.129
46.98
47.585
47.741
47.392
49.14
