47.991
48.873
48.704
48.534
48.349
48.091
48.07
47.456
48.027
47.991
47.996
48.125
47.924
47.768
48.068
47.957
47.838
48.237
47.925
47.744
47.951
47.906
47.816
46.638
45.46
45.466
45.472
46.169
46.235
46.3
46.538
48.62
59.729
60.041
54.986
55.477
43.885
44.436
44.877
45.317
55.977
55.222
54.742
55.583
54.401
55.92
55.797
55.674
55.811
55.947
54.313
54.205
54.721
53.678
52.667
53.918
57.446
56.645
56.494
56.827
57.174
57.522
57.835
58.148
51.846
49.698
47.549
47.167
47.049
47.691
48.251
48.772
48.167
47.427
47.591
47.952
48.516
49.003
49.491
48.688
47.326
47.657
47.573
47.837
47.921
48.214
48.244
48.601
60.092
59.743
59.637
59.978
60.18
47.637
47.921
59.83
59.737
47.797
47.821
47.822
47.884
47.91
47.877
48.123
48.228
47.901
48.013
47.072
46.131
45.379
65.154
65.012
64.923
64.888
64.82
57.675
56.628
57.174
57.587
57.8
54.908
56.38
57.851
58.19
58.529
58.74
58.216
57.691
56.881
59.743
58.958
59.242
56.764
56.967
57.137
55.962
55.991
53.239
53.333
54.191
53.002
57.194
57.252
57.41
57.19
57.011
56.769
56.29
56.31
56.91
57.143
57.11
57.136
57.121
57.092
57.163
56.965
56.728
56.859
57.218
57.611
52.605
52.096
52.111
52.126
52.197
52.329
59.269
59.811
59.81
58.821
52.605
52.499
52.719
52.777
52.636
52.396
52.157
55.231
53.903
52.574
52.154
57.591
58.257
58.247
58.237
57.737
46.522
48.417
49.846
51.103
51.756
52.363
52.622
52.727
52.801
53.039
53.228
53.891
54.348
54.675
54.899
55.154
54.833
54.677
54.226
53.023
52.336
52.078
52.868
53.245
53.441
53.484
53.353
53.243
53.066
53.095
53.074
53.075
44.785
46.545
45.003
46.715
45.307
46.522
45.57
46.354
45.61
46.185
45.754
53.269
52.908
52.793
52.842
52.944
52.95
52.894
52.747
45.811
45.294
44.787
44.28
47.527
50.94
50.443
48.754
47.482
46.209
45.593
46.151
46.374
46.353
58.049
58.092
58.044
58.109
58.174
54.556
50.937
50.329
49.067
50.873
48.884
49.707
49.069
49.513
50.036
49.659
50.597
50.084
48.402
48.073
47.808
47.544
48.174
49.79
49.775
49.574
50.9
49.773
48.038
47.151
46.494
58.589
53.507
59.257
65.006
64.891
64.984
65.078
65.009
65.052
65.019
64.985
64.998
65.004
65.01
65
65.059
65.118
61.603
58.088
58.035
57.983
57.917
57.959
58.053
58.084
58.005
58.016
58.023
58.024
58.028
57.999
58.07
57.97
58.044
58.012
58.019
58.042
57.905
58.028
57.948
58.066
57.996
58.065
45.943
46.177
45.828
46.17
45.414
46.694
55.872
65.049
65.072
65.017
64.98
65.004
64.976
65.007
65.012
65.014
