67.444
67.52
67.525
67.373
51.194
52.683
53.716
52.322
50.929
51.908
51.341
53.621
55.9
55.645
55.659
54.839
54.018
51.593
57.982
56.888
55.794
55.587
55.396
55.657
55.652
55.479
55.393
54.217
54.58
54.943
55.456
55.8
55.59
55.457
55.551
55.543
55.491
55.493
55.371
55.562
55.676
55.656
55.706
55.847
55.732
55.619
55.648
55.552
55.648
55.669
55.62
50.507
52.491
54.476
53.87
54.867
55.865
55.909
55.746
55.396
55.366
55.46
55.481
55.498
55.406
55.149
54.804
54.229
53.132
52.259
51.924
52.074
52.387
52.536
52.528
52.601
52.388
52.52
52.617
52.197
52.667
52.376
52.086
54.48
53.163
52.986
52.838
52.861
52.568
52.666
52.402
50.814
50.634
49.711
51.332
51.56
52.676
52.134
51.592
51.385
50.131
50.359
50.217
50.659
50.772
50.699
50.818
50.812
50.854
50.896
50.741
50.537
50.671
50.866
51.661
58.126
55.417
59.838
64.259
56.861
49.462
49.358
50.291
50.012
49.932
49.583
48.797
48.979
48.203
47.866
47.529
46.34
47.205
48.069
47.66
47.574
48.828
48.191
47.97
47.572
47.354
47.825
48.519
48.502
48.408
47.382
46.351
46.559
47.63
48.389
49.075
49.03
48.731
47.591
45.99
45.896
46.752
67.579
67.545
48.949
48.717
47.466
47.564
47.662
48.251
48.84
48.842
48.168
48.276
48.87
49.097
48.959
48.393
47.194
69.502
69.472
69.454
69.52
69.434
72.453
72.533
72.461
72.54
72.454
72.557
72.499
72.501
57.511
57.502
48.713
49.701
50.689
46.873
50.252
53.632
53.012
52.376
52.458
52.54
52.377
52.64
52.805
60.834
68.863
69.309
61.696
54.084
53.454
61.156
56.022
64.259
72.496
72.487
72.393
72.414
69.929
67.443
67.44
67.338
53.22
53.412
53.301
54.648
53.911
53.759
53.608
53.914
53.595
53.776
53.591
69.469
69.479
68.302
69.403
53.515
53.2
52.83
52.879
52.669
52.177
52.524
52.835
52.845
52.75
67.532
66.377
65.523
53.403
53.122
65.191
67.578
67.687
68.184
68.755
68.316
67.877
67.789
68.04
66.196
68.769
69.892
52.389
51.943
69.845
69.803
69.803
70.25
69.459
68.358
48.509
48.331
48.296
48.128
48.012
48.057
65.546
65.732
65.693
65.728
67.54
68.347
67.924
68.105
69.816
69.716
69.617
65.502
65.739
70.176
70.141
70.254
70.271
69.969
69.691
69.414
69.131
67.858
67.832
67.806
69.824
81.583
81.6
81.602
81.763
81.654
81.602
81.583
81.548
75.733
69.917
70.725
71.533
71.949
71.832
71.551
71.455
74.424
77.392
77.333
77.343
66.439
64.643
62.847
62.586
71.791
71.711
71.56
71.495
71.517
71.571
71.628
71.581
71.598
71.642
71.627
71.612
83.608
83.601
83.542
83.459
83.448
83.491
83.533
83.537
83.438
83.39
83.417
83.417
83.353
83.378
83.403
83.442
71.471
71.476
83.248
83.301
83.285
83.375
83.396
83.409
83.42
83.426
83.398
83.291
83.268
83.212
83.229
83.273
83.298
83.454
83.556
83.417
83.311
83.144
83.045
82.94
83.126
71.274
71.292
83.342
83.36
83.342
83.278
83.193
83.079
83.076
83.089
83.228
83.355
71.54
71.519
71.452
71.263
70.994
71.051
71.108
71.243
71.268
71.288
71.348
71.407
71.243
50.641
50.301
50.027
49.754
62.343
62.528
62.595
62.661
62.539
72.903
62.437
58.367
54.298
51.799
51.392
55.059
54.685
54.284
51.534
50.952
50.771
51.196
67.221
55.139
43.056
43.971
43.481
43.608
55.624
55.573
55.541
55.613
55.6
55.485
55.494
55.567
55.585
55.582
55.248
71.464
71.443
71.494
65.534
