65.584
55.902
55.762
55.845
55.705
55.671
55.498
55.524
55.559
55.533
55.584
55.561
55.612
55.673
55.667
55.639
55.702
55.572
55.652
55.585
55.632
55.548
55.547
55.575
55.345
65.389
65.24
55.455
55.464
72.568
72.497
72.495
72.425
72.571
72.299
62.857
53.414
53.68
53.328
52.977
53.218
53.46
52.852
43.69
43.914
43.798
53.315
53.242
67.484
67.455
67.295
45.362
45.382
45.596
45.77
45.802
45.768
45.615
45.453
45.454
45.52
45.448
45.516
45.721
45.76
45.535
45.374
45.334
45.077
44.513
43.736
43.465
43.364
43.814
44.465
44.633
44.518
44.584
47.05
47.052
57.235
53.434
49.632
46.919
47.94
50.56
50.322
50.085
57.362
64.639
64.476
48.32
48.458
47.728
47.749
48.235
48.096
47.636
47.35
51.273
55.196
55.453
55.71
67.626
67.371
67.594
67.436
67.56
67.506
48.553
47.928
48.917
48.616
48.277
48.53
48.726
48.452
48.645
48.765
48.278
48.388
49.845
48.402
48.54
48.139
47.737
48.551
48.566
47.973
48.448
48.642
48.439
48.347
48.593
48.641
48.579
48.758
48.863
48.434
48.297
48.414
48.421
48.546
48.682
48.812
49.098
50.266
50.204
50.218
50.768
50.711
50.349
50.609
50.491
50.207
50.414
50.814
50.265
50.267
50.919
50.352
50.294
51.194
50.257
50.438
51.126
49.839
48.391
48.087
48.676
49.04
48.348
64.329
72.421
72.496
72.456
71.104
69.753
50.521
51.323
51.186
51.048
69.723
69.652
51.425
50.247
69.539
69.465
69.463
69.476
64.75
64.718
69.492
69.405
69.447
69.488
52.708
52.625
52.949
53.108
52.472
60.927
69.382
63.497
57.612
57.469
57.538
57.529
57.495
57.507
57.516
57.476
57.53
57.586
57.505
57.464
57.412
57.385
57.455
81.611
81.463
81.515
81.501
81.486
81.517
81.519
81.488
81.548
81.506
81.464
64.48
64.521
56.434
56.986
57.538
57.465
57.432
57.398
57.52
57.348
66.968
65.606
64.244
79.563
79.432
79.473
79.426
79.468
79.471
79.506
79.503
79.483
79.477
79.522
79.567
49.343
52.49
55.638
49.415
48.018
46.621
45.021
43.42
44.057
46.373
48.689
48.593
48.498
60.618
60.682
60.698
60.881
60.716
66.596
63.128
67.841
68.631
69.422
61.506
53.591
53.284
50.32
47.355
47.873
47.875
46.253
47.517
47.13
45.504
44.559
44.51
44.462
53.549
53.682
53.592
48.303
49.554
49.997
48.332
46.444
56.027
65.611
65.51
52.093
47.898
47.507
47.951
48.167
48.391
48.205
47.928
48.249
65.386
65.589
65.573
65.544
65.562
65.106
64.296
63.486
64.822
63.81
64.871
64.857
64.842
69.478
69.431
69.507
69.518
69.528
58.048
46.568
44.662
47.65
65.62
65.547
65.533
65.518
47.756
47.596
48.451
48.965
48.117
44.691
45.661
44.408
44.78
45.152
45.645
46.139
45.822
46.762
47.708
47.938
47.615
47.342
47.569
47.905
48.191
47.821
47.961
48.051
48.349
56.53
64.711
72.445
72.411
72.451
72.379
72.478
72.517
72.466
72.427
72.516
72.462
72.481
72.451
64.369
64.472
64.576
46.959
48.013
48.516
48.642
47.915
72.473
72.519
46.788
47.134
48.231
48.834
48.423
47.921
45.901
46.708
47.266
48.005
47.979
47.446
46.399
46.097
55.444
55.471
55.445
55.474
55.531
55.43
55.51
55.453
55.502
55.461
55.484
55.468
55.478
55.431
55.456
55.43
62.717
62.666
62.401
62.521
62.558
62.469
62.514
62.57
55.656
55.538
55.483
55.497
55.537
55.541
55.417
55.701
55.466
