46.034
45.939
46.294
45.694
46.359
46.136
45.854
45.973
45.9
46.125
46.054
46.076
46.064
46.005
45.973
46.167
45.941
46.168
45.949
46.134
46.082
45.99
46.133
45.488
46.556
46.551
45.396
45.836
46.788
45.974
45.541
45.532
45.896
46.602
45.728
45.848
46.579
47.31
47.068
66.859
66.244
46.946
46.175
46.108
45.98
46.066
46.019
45.988
46.185
45.834
47.057
48.005
48.953
48.942
48.124
48.252
48.38
53.168
50.289
54.16
50.576
54.311
49.719
48.938
48.158
53.147
50.025
46.903
46.026
46.476
46.927
58.037
58.052
58.121
58.19
57.911
46.603
46.762
45.355
47.148
46.76
46.372
46.714
45.321
46.863
45.394
65.025
65.039
65.004
65.004
64.983
64.979
64.99
64.989
64.988
45.961
46.087
45.97
46.077
46.11
45.87
46.123
45.931
45.977
46.039
45.8
46.425
45.659
46.141
45.898
45.91
46.232
48.811
49.43
49.339
49.004
61.536
68.283
68.123
49.12
53.595
50.848
56.423
61.997
61.95
61.463
59.742
58.022
45.177
46.594
45.748
46.153
46.663
49.735
61.629
61.491
61.48
49.526
49.855
48.484
49.756
48.758
49.355
49.952
49.387
50.967
50.232
49.156
47.67
46.184
48.03
46.379
52.699
53.41
53.588
53.519
53.383
53.733
53.15
53.007
52.972
52.224
51.476
52.062
52.401
52.877
53.232
53.336
53.061
53.039
53.024
52.726
52.731
52.794
52.986
52.96
52.91
52.723
52.61
52.68
52.92
53.191
53.25
53.143
53.048
52.906
52.856
52.858
52.695
52.11
55.371
58.631
56.674
55.294
53.915
54.607
55.3
56.131
56.416
56.701
58.357
44.911
45.81
44.397
42.984
45.72
44.366
43.277
44.67
44.718
45.541
45.62
45.616
45.721
57.3
57.1
57.057
45.805
45.629
45.631
60.29
60.008
60.037
60.067
60.172
54.124
55.323
45.585
46.096
46.607
46.995
47.171
47.596
48.325
48.392
48.588
48.937
49.268
49.413
49.558
49.579
49.747
49.521
49.295
55.091
54.959
55.092
55.146
54.908
54.757
52.004
50.367
51.989
51.564
51.302
50.38
50.295
54.779
55.1
55.422
56.465
57.508
58.973
47.632
47.998
48.165
47.814
47.297
47.041
46.264
46.552
59.524
59.812
60.07
60.228
60.09
59.386
45.806
45.459
44.665
45.855
46.924
46.926
59.863
60.147
60.211
60.102
59.873
59.361
46.38
46.223
46.682
47.14
47.808
48.629
48.975
60.047
59.846
59.96
60.075
45.888
46.804
60.46
59.872
59.997
60.046
59.721
59.875
60.029
46.882
47.846
48.08
47.922
59.978
59.88
47.322
47.95
48.042
47.85
47.58
47.918
60.05
60.014
60.125
60.062
59.999
47.857
47.828
