43.501
43.513
42.982
42.944
44.698
46.452
48.848
47.109
46.698
48.051
48.223
47.99
48.254
47.894
47.326
48.174
47.899
47.783
47.842
47.9
47.512
48.297
47.787
47.595
45.523
43.451
43.129
43.21
45.365
45.754
58.674
59.413
47.402
47.434
46.838
48.047
55.157
60.028
59.882
63.418
66.954
67.17
67.238
67.437
60.194
60.06
48.369
47.945
59.828
59.936
48.112
48.119
48.296
48.2
48.317
48.543
48.496
48.244
47.999
47.186
47.418
48.305
48.085
47.855
47.041
47.258
51.253
50.638
50.023
50
50.364
50.098
50.465
50.633
50.337
50.872
50.49
50.888
50.394
50.164
60.025
60.083
59.905
59.995
59.923
64.989
65.607
64.808
53.238
50.815
49.305
49.955
50.076
50.358
49.932
50.072
50.782
51.451
50.301
51.77
51.69
50.833
51.607
50.742
50.47
57.413
57.206
57.017
51.715
52.293
59.45
59.562
56.708
49.835
48.081
47.864
47.917
47.992
47.99
48.21
48.283
48.066
48.491
47.884
47.56
47.457
47.643
47.762
47.584
47.309
47.451
47.285
47.466
48.103
48.417
48.23
47.851
47.209
47.013
47.018
64.942
65.025
65.106
65.035
64.867
64.937
65.077
64.985
64.842
45.555
44.666
44.7
44.735
45.614
44.73
44.96
44.643
57.264
56.789
50.93
53.757
56.585
55.795
55.768
56.175
56.653
56.921
46.103
47.416
47.144
48.053
46.369
47.458
48.943
48.118
48.926
49.151
47.065
45.411
58.088
57.966
57.996
58.021
58.079
58.025
57.993
58.54
59.088
48.445
47.538
47.42
47.959
48.498
47.353
47.258
47.41
47.561
45.572
43.624
44.242
44.616
43.537
50.684
57.83
57.209
45.651
45.95
46.181
45.948
46.053
45.936
45.866
46.348
47.41
45.692
45.696
45.993
46.014
45.403
44.64
43.867
44.603
45.338
46.063
46.363
46.226
44.636
44.009
43.709
43.41
43.501
43.651
45.168
46.286
58.867
58.73
57.497
43.7
43.281
43.449
43.617
44.397
45.177
46.01
46.54
58.55
57.859
44.249
44.009
44.171
44.333
44.454
43.707
43.592
58.273
58.04
53.221
53.217
53.155
52.468
52.986
53.148
53.068
53.028
52.988
53.139
53.012
53.086
53.161
53.01
53.02
52.839
45.817
45.961
46.097
45.972
46.018
45.626
46.094
45.876
46.398
46.007
46.166
45.619
45.729
45.839
57.884
58.178
57.805
58.32
57.835
57.961
52.163
50.254
48.344
50.925
53.506
56.781
57.047
57.168
56.938
57.223
56.986
57.017
57.106
56.876
57.026
57.174
57.097
57.021
57.02
55.99
54.96
55.484
54.583
54.142
55.126
54.075
55.049
53.946
55.198
54.255
54.342
51.509
48.676
53.039
57.403
58.67
57.778
57.612
57.113
56.096
54.161
46.537
46.544
46.551
51.138
55.478
57.77
56.685
57.435
56.68
68.813
68.839
56.785
57.225
56.071
57.655
56.768
57.699
56.313
54.671
58.093
57.889
57.589
55.325
55.73
54.827
55.456
55.985
55.213
54.835
55.551
55.588
54.926
54.993
58.968
58.068
58.14
58.413
58.357
57.992
57.954
58.223
58.347
58.066
57.731
57.101
58.331
58.393
59.071
58.052
58.91
57.942
57.903
57.919
59.189
53.902
55.873
55.25
55.387
56.789
57.708
58.627
58.344
58.083
58.592
58.639
55.286
55.248
55.21
55.239
55.246
55.207
54.855
55.019
55.644
55.472
55.299
52.884
50.468
49.799
50.048
49.493
49.77
49.716
49.487
44.136
43.053
49.091
49.951
50.505
50.899
48.616
49.553
50.614
50.969
51.324
53.369
62.216
62.184
62.004
61.871
61.622
61.373
46.655
46.045
48.153
50.262
53.824
53.606
53.581
49.294
49.986
51.064
51.402
53.544
52.29
51.202
50.114
50.723
51.331
51.377
51.423
53.356
51.368
50.892
54.033
57.174
55.87
69.106
68.865
55.267
53.429
54.879
52.767
50.654
50.025
49.308
51.241
55.712
54.637
59.104
58.298
58.14
58.004
57.416
56.077
62.11
61.749
69.086
69.019
68.992
61.166
59.244
59.376
59.633
59.446
58.638
57.802
57.744
58.434
58.185
58.243
58.144
57.816
57.188
69.061
69.048
45.678
44.146
56.858
56.475
56.378
56.144
68.448
68.017
68
67.982
56.29
56.641
56.269
57.216
56.98
57.879
57.95
57.773
58.016
58.256
56.369
55.832
55.294
54.408
54.662
55.288
