74.162
68.169
62.176
53.82
53.414
52.828
52.97
53.015
53.317
52.65
52.88
53.06
52.975
53.427
53.486
53.545
56.873
57.41
57.211
57.167
57.217
57.16
81.076
81.071
81.036
81.002
71.938
53.039
53.009
53.257
53.491
53.974
57.806
57
55.865
54.968
54.071
53.467
54.146
54.208
58.725
58.595
58.466
46.782
47.639
59.042
59.167
59.136
59.02
51.027
53.005
53.754
54.477
56.758
54.761
52.764
57.818
56.838
58.26
58.588
58.02
58.01
57.769
57.788
57.359
56.295
80.964
81.028
80.99
80.954
71.953
57.271
57.186
56.541
57.484
56.579
57.796
81.057
81.063
81.038
72.106
72.077
61.862
56.807
56.779
56.939
56.915
56.89
64.496
72.102
72.05
72.051
72.087
72.081
57.079
56.51
56.694
56.545
57.094
56.969
55.761
54.417
53.073
81.051
81.022
61.894
56.796
56.696
57.035
56.554
57.563
56.854
80.988
80.975
81.054
81.049
81.021
57.227
56.626
56.573
68.586
68.636
62.65
56.665
56.497
56.768
56.223
68.602
80.98
80.958
56.907
56.656
57.031
57.132
56.912
57.242
58.117
58.993
80.898
80.975
81.021
81.052
80.973
60.978
59.735
59.772
60.004
71.922
72.196
72.547
73.153
73.759
74.017
74.246
62.264
61.978
61.762
61.755
58.969
56.184
57.281
56.665
56.716
57.476
72.042
72.146
72.013
62.067
61.886
62.106
74.034
73.743
73.354
73.549
61.739
61.903
62.097
62.176
62.001
61.582
61.162
61.587
61.889
61.998
62.019
61.915
61.732
59.932
61.997
62.093
62.089
62.104
62.16
53.739
53.558
52.62
53.076
53.008
53.122
52.938
52.648
53.046
53.075
52.871
55.691
54.834
55.338
57.046
60.941
61.055
61.395
61.919
61.94
61.906
61.655
60.977
60.615
60.289
60.54
60.21
60.529
60.305
60.319
60.115
59.63
65.746
62.2
58.655
59.346
60.037
59.895
59.9
59.687
59.397
59.407
59.588
59.604
59.875
60.076
59.959
60.121
60.193
59.957
59.634
59.698
59.903
60.061
60.127
60.097
59.859
59.748
59.77
59.768
59.918
60.069
60.171
60.03
59.877
59.591
59.509
59.621
59.54
59.799
60.342
60.389
60.45
60.346
60.26
60.1
59.986
59.936
59.972
60.014
60.034
60.032
60.262
60.673
59.694
60.31
60.029
59.535
59.472
59.726
59.98
60.092
66.088
72.085
72.079
77.948
83.816
83.865
83.991
84.116
84.128
72.033
72.134
72.088
63.315
54.543
54.703
54.921
55.061
55.132
55.224
54.886
54.307
54.361
54.961
53.497
53.967
71.955
72.081
55.256
54.762
55.397
55.13
54.863
54.764
54.588
60.052
60.555
57.692
54.829
54.724
54.803
54.708
54.665
55.106
54.947
54.661
54.732
54.533
54.697
72.129
72.167
71.985
72.065
72.074
72.11
65.568
68.823
72.077
72.099
59.479
59.516
72.017
65.867
59.716
59.904
60.033
60.184
60.299
60.349
66.256
72.162
72.095
72.106
72.116
72.067
78.033
68.553
76.338
84.123
84.037
84.04
83.988
83.994
84
84.169
84.13
84.24
84.11
83.997
