55.223
53.94
55.087
56.409
54.916
54.469
56.593
56.512
58.483
58.328
57.306
55.661
56.359
57.814
57.417
45.96
44.91
46.009
45.956
45.904
46.154
45.938
45.721
46.147
46.573
46.481
46.611
46.742
46.636
46.531
46.174
45.818
58.121
58.061
44.686
44.962
45.234
45.447
45.66
44.385
44.024
43.8
44.029
44.706
45.607
45.554
45.501
45.286
45.601
45.732
45.863
45.452
45.941
45.961
45.981
46.676
48.37
52.145
50.593
50.303
49.474
48.645
46.513
46.491
48.436
46.784
49.097
47.923
72.332
72.007
65.664
59.321
45.657
47.011
47.029
47.771
48.166
49.036
47.368
46.377
45.578
44.78
45.482
46.034
46.586
49.121
48.776
48.431
47.954
47.476
47.024
46.572
46.611
46.65
49.624
49.675
49.674
49.674
45.147
44.888
43.029
44.163
45.144
46.125
44.875
44.893
43.161
45.598
45.506
45.414
45.379
45.345
43.923
44.066
44.96
43.34
44.64
43.716
43.05
43.55
44.05
44.097
44.184
44.47
43.91
43.789
43.669
44.763
44.9
44.749
44.776
44.804
44.711
43.191
44.203
45.215
52.797
53.324
53.82
52.555
52.477
52.684
52.892
51.698
51.798
51.898
52.665
51.624
51.1
52.547
54.379
54.671
54.963
55.529
56.009
56.099
55.909
55.897
56.269
56.641
57.418
57.666
57.159
57.185
57.212
47.059
45.367
46.653
47.939
47.374
46.809
46.365
45.922
46.811
46.598
46.385
45.675
44.965
44.199
43.829
43.976
43.858
43.577
43.608
43.639
43.624
43.823
44.781
44.186
43.577
44.239
49.743
48.17
48.303
49.362
50.422
50.86
50.948
51.096
51.236
51.083
51.389
51.436
51.197
51.231
51.303
51.31
51.367
51.132
50.702
51.529
75.035
74.909
75.021
55.707
54.7
53.36
52.708
53.267
52.538
52.516
52.792
52.834
58.513
57.799
56.83
74.981
74.935
52.201
51.376
51.02
50.993
51.833
51.595
51.268
50.942
51.872
51.099
50.786
51.105
51.956
53.193
52.517
53.02
53.353
53.009
53.277
52.764
52.65
52.257
52.483
51.095
49.762
49.635
49.893
50.352
50.824
51.33
51.054
50.877
50.721
50.073
49.391
49.607
50.243
50.615
51.065
51.299
50.987
50.538
49.784
50.071
49.027
50.074
50.405
50.832
50.805
51.83
50.808
50.384
54.142
57.899
57.256
50.172
50.135
50.95
51.567
51.386
50.483
49.959
49.329
48.7
48.938
49.299
49.896
51.388
51.064
50.845
50.683
49.426
48.548
48.961
49.367
49.91
50.595
50.914
50.438
49.511
49.197
50.014
50.748
51.128
50.526
49.756
49.974
50.453
50.584
50.472
50.089
50.315
50.462
50.762
50.191
48.89
51.237
53.584
51.595
50.912
