81.162
81.177
80.978
81.006
81.047
81.1
81.074
81.003
81.004
81.093
72.138
72.014
72.087
72.05
72.028
78.969
79.076
79.094
79.101
79.034
79.082
79.052
78.932
78.999
79.124
79.043
79.034
72.067
72.02
72.051
72.042
72.013
72.071
72.072
71.965
71.921
71.882
71.857
79.076
79.056
79.074
79.038
79.101
79.027
79.158
79.896
79.215
78.998
78.959
78.921
79.147
79.016
79.002
78.997
84.026
83.96
83.949
79.055
76.396
76.088
76.055
76.042
76.04
75.976
75.967
76.021
75.935
76.004
75.967
76.062
68.967
68.852
68.952
69.074
69.003
69.02
69.091
69.093
65.393
61.694
49.321
51.03
69.09
68.953
69.027
68.985
69.017
68.999
68.912
68.895
68.917
68.924
56.569
56.646
56.595
56.495
69.077
68.994
61.807
61.959
61.88
61.52
61.161
57.634
57.373
57.429
57.411
57.057
57.073
56.663
56.391
55.965
56.561
57.499
70.046
69.648
63.506
57.365
57.236
63.121
62.551
61.982
61.946
61.895
61.88
57.277
57.642
57.507
57.428
57.196
57.246
56.836
76.07
76.002
76.044
75.635
75.598
75.561
75.131
75.594
75.46
75.776
68.906
68.972
57.247
56.537
56.808
56.798
57.045
57.073
57.122
57.068
57.138
57.141
57.22
56.896
57.276
57.004
57.065
57.247
57.313
69.295
69.519
69.496
69.396
69.279
69.264
57.547
56.547
68.739
80.931
80.97
80.982
60.848
59.578
59.396
60.864
59.959
60.876
61.041
61.206
61.347
61.488
61.756
61.936
61.94
61.976
61.897
61.829
61.86
62.011
61.832
61.625
60.898
61.358
61.587
61.67
61.849
62.922
62.327
62.159
62.235
61.952
61.993
61.933
61.911
61.782
61.679
61.493
61.486
61.675
61.874
61.956
62.215
62.122
61.839
50.028
50.073
49.868
50.015
50.158
50.078
50.18
50.34
52.521
54.702
55.889
69.165
69.212
69.06
65.545
67.064
67.172
66.95
66.602
66.893
66.704
66.147
65.591
66.9
66.709
66.798
66.802
66.764
66.721
66.881
66.866
66.81
55.512
54.236
57.026
57.075
57.269
62.067
61.959
61.766
61.691
52.457
43.223
43.244
43.483
43.964
44.466
44.628
44.355
43.837
43.871
46.26
49.077
50.729
52.774
54.818
56.448
57.736
57.474
55.714
66.843
66.872
66.774
66.907
62.508
58.11
57.319
57.297
57.382
56.855
56.998
57.14
57.225
56.41
56.623
56.754
56.966
57.08
57.534
56.36
57.641
55.854
80.96
81.084
66.544
66.447
66.337
61.63
56.922
56.828
57.298
57.644
57.499
57.239
56.568
67.305
66.912
67.007
66.978
66.979
67.018
58.362
57.371
57.68
57.172
56.665
53.879
53.08
53.08
53.156
56.077
58.999
57.181
57.183
56.681
57.709
56.634
57.13
57.241
57.167
56.922
56.646
57.786
58.926
68.825
68.654
68.679
56.846
57.037
56.893
56.997
55.643
61.295
66.948
67.046
57.789
57.399
57.329
57.265
69.132
69.382
69.675
69.968
70.105
70.061
70.072
70.067
70.096
70.047
70.091
60.655
59.834
60.481
60.497
60.206
60.337
60.212
60.61
61.753
62.457
62.476
61.836
57.866
56.948
61.565
61.974
64.964
67.954
67.418
68.252
69.086
66.401
62.381
61.969
61.882
61.894
61.915
61.799
61.454
61.456
61.474
61.699
61.724
61.667
62.159
62.121
66.674
67.044
67.414
66.831
66.978
66.982
