65.423
60.46
55.497
55.516
55.282
55.482
55.481
55.462
55.395
55.418
55.442
55.466
55.384
55.435
55.452
55.493
55.536
55.518
55.405
55.501
55.595
42.786
40.037
39.018
67.554
67.555
44.847
43.699
44.3
44.739
44.664
44.615
44.557
44.451
44.28
44.442
44.847
45.351
45.931
46.166
45.986
45.972
54.86
63.748
63.668
59.514
55.36
55.651
56.288
64.041
63.98
64.438
46.803
47.58
48.121
48.224
64.309
64.257
64.225
64.246
64.224
60.315
48.399
48.086
48.126
48.167
48.244
48.485
48.725
49.099
64.207
64.214
64.191
64.25
64.246
64.493
64.221
54.965
55.428
55.582
49.238
48.739
48.658
48.477
48.826
48.949
48.912
48.575
60.504
60.404
60.587
60.58
60.684
60.614
60.648
60.459
60.408
60.446
60.519
64.48
64.514
64.366
48.427
48.737
48.559
48.258
48.482
48.404
48.567
48.343
48.213
48.596
48.979
60.557
60.364
50.164
50.195
50.605
50.209
49.684
49.654
50.38
50.328
49.971
50.081
50.581
49.878
50.209
51.177
49.876
49.077
55.584
52.017
48.45
48.353
62.368
63.286
63.272
63.257
62.56
66.116
69.671
69.652
69.666
69.652
51.319
51.243
51.007
50.771
52.571
53.489
52.992
52.495
51.728
51.316
50.903
52.684
52.437
52.456
52.665
52.874
51.288
52.336
52.487
52.349
52.903
52.629
51.942
52.397
52.58
52.686
52.205
52.343
52.123
51.843
52.637
52.787
51.434
53.454
52.361
51.353
53.434
52.554
51.249
53.202
57.323
57.254
57.138
56.19
52.302
51.505
52.492
53.48
53.456
53.432
52.789
51.109
57.001
57.646
57.25
52.607
52.835
52.651
51.406
51.982
52.558
52.09
52.562
53.212
53.613
54.13
54.646
54.454
54.261
54.937
53.731
52.524
52.775
43.236
44.184
44.082
44.609
45.384
49.16
48.485
47.811
47.709
48.267
45.828
49.692
49.27
48.847
56.176
56.495
57.75
59.005
48.583
48.107
48.076
49.665
51.254
61.428
61.176
57.044
52.911
48.729
48.72
48.585
48.023
55.07
62.116
55.783
59.167
62.551
62.795
46.97
47.711
61.179
62.45
62.838
61.616
65.35
65.367
62.864
62.319
62.495
48.496
48.718
48.771
48.73
48.88
48.792
48.637
48.307
47.815
47.153
62.982
62.041
54.951
60.127
53.607
54.954
56.3
60.342
52.303
58.037
63.771
64.425
63.853
45.512
44.345
46.15
64.691
65.823
65.447
65.084
64.721
65.186
65.652
65.772
65.61
65.785
65.676
65.367
65.298
65.23
65.573
65.642
65.424
65.784
64.628
63.472
65.798
65.754
65.311
65.563
65.581
65.413
48.173
48.103
48.453
65.473
65.514
48.419
48.61
48.533
48.456
48.408
56.609
52.597
58.714
64.831
64.75
64.67
66.606
65.712
64.818
64.354
56.553
48.752
48.58
48.349
64.802
64.4
64.639
64.147
64.368
64.344
49.507
48.813
47.818
46.378
46.85
47.323
47.945
48.656
49.119
49.337
48.549
47.76
47.027
46.294
46.986
47.678
48.395
49.115
48.872
48.226
47.134
46.747
47.575
48.146
48.681
48.475
47.203
55.707
58.992
64.035
64.63
64.706
64.781
56.193
55.66
63.619
64.71
64.537
64.363
64.593
64.822
55.484
55.749
55.597
55.476
55.567
55.85
54.853
56.1
55.322
57.536
50.381
50.378
50.375
50.762
51.149
47.061
42.974
43.256
43.265
43.298
43.256
43.214
43.076
43.791
44.103
44.569
45.152
46.554
45.509
44.464
43.924
43.092
43.216
43.34
43.466
43.592
44.317
45.042
45.813
46.166
47.282
53.647
60.012
53.937
60.703
62.513
64.323
64.493
64.521
64.434
48.658
48.835
48.362
47.888
47.817
47.708
48.006
48.17
48.883
64.484
64.507
64.496
64.343
64.518
47.771
48.117
64.777
64.377
64.499
64.547
64.488
48.632
48.618
48.633
48.976
48.955
48.88
48.687
55.29
57.905
60.52
60.672
60.541
60.723
60.627
60.57
60.565
60.53
60.494
64.397
56.549
48.701
48.64
48.67
48.653
48.765
48.719
48.735
48.976
49.201
64.485
64.497
64.361
64.245
59.137
54.029
51.693
50.658
50.972
50.543
50.19
50.751
50.493
50.212
50.658
50.734
50.34
51.075
50.639
50.385
51.402
50.573
50.982
52.095
48.727
48.473
48.587
62.633
62.755
48.541
47.531
48.852
51.151
52.037
57.305
54.341
51.378
51.889
51.264
51.525
51.786
52.15
52.214
52.887
53.115
52.172
51.473
52.352
51.478
52.328
52.2
51.7
52.925
52.733
51.765
52.219
59.649
67.08
66.596
66.712
66.827
51.585
52.094
52.627
52.317
52.314
52.432
50.763
67.887
67.663
67.394
67.355
67.258
67.233
67.307
67.286
52.996
51.871
55.755
57.231
67.761
67.755
