48.147
46.919
47.397
58.833
57.488
56.27
56.883
56.629
57.438
56.981
58.163
59.344
69.474
69.548
69.571
56.831
57.359
56.613
56.828
56.893
57.337
57.049
56.893
56.625
56.813
57.459
64.749
72.039
75.957
75.986
57.066
56.714
57.517
68.253
61.488
63.929
66.37
66.47
54.631
53.894
53.302
54.413
54.434
53.415
54.24
55.006
53.874
55.749
57.623
53.767
54.875
53.446
52.357
63.974
63.824
65.414
67.005
65.872
65.889
72.734
72.888
73.075
73.02
66.233
54.52
56.506
57.25
57.438
56.885
56.244
79.007
78.9
69.127
62.087
61.678
61.865
62.053
62.594
62.774
62.976
63.178
78.873
78.9
63.39
63.363
63.249
63.136
63.357
51.379
51.371
63.64
63.87
63.876
63.808
63.877
63.881
63.796
63.854
63.851
63.849
65.435
67.022
67.072
67.098
66.944
66.868
66.882
67.004
66.861
55.238
55.241
55.361
55.878
56.22
56.752
57.235
57.27
56.79
56.712
61.424
59.258
60.22
61.183
64.907
62.702
60.497
56.426
56.617
57.429
57.266
56.882
56.594
61.607
62.015
61.932
61.92
61.779
62.063
61.736
61.724
62.169
61.553
61.924
62.115
60.956
60.684
60.411
60.433
58.776
60.236
60.643
61.05
62.155
62.105
61.228
60.959
60.691
60.638
60.864
61.091
60.463
61.697
61.494
73.84
71.353
68.865
68.848
80.914
80.925
80.885
80.87
80.838
80.857
49.864
49.832
50.011
80.9
80.943
80.921
80.906
77.918
79.396
80.874
80.879
50.033
49.868
54.983
60.099
54.676
56.893
59.11
82.076
82.066
82.084
82.219
82.437
82.655
77.833
77.981
77.706
70.109
56.874
56.713
56.747
56.772
56.905
56.885
57.025
57.342
57.266
57.143
57.111
57.102
56.689
54.751
54.514
56.45
57.848
69.878
69.156
69.086
69.016
68.763
68.655
55.428
54.696
59.087
59.931
59.776
59.621
59.442
58.989
58.816
58.242
59.231
61.911
61.934
61.958
61.831
54.957
54.943
55.031
61.884
72.243
78.601
78.425
78.183
78.21
78.179
78.256
59.715
55.036
54.713
54.756
54.909
55.106
54.828
54.762
54.722
55.148
55.574
54.913
55.078
54.78
55.033
59.169
61.783
61.898
58.41
58.794
59.063
58.751
58.024
57.531
55.953
54.081
54.443
54.806
54.65
61.914
61.914
66.445
70.976
70.961
70.946
59.55
59.046
58.86
58.742
58.693
59.434
60.826
55.286
49.747
49.97
50.117
49.951
50.248
50.231
50.448
50.708
52.745
54.781
55.029
54.337
54.418
54.717
54.957
58.384
61.811
58.221
54.631
54.031
65.702
66.106
54.361
54.41
59.017
58.831
54.394
54.515
54.694
53.821
53.16
52.499
53.297
54.095
55.234
54.621
54.723
55.183
54.733
55.018
55.628
54.819
55.096
55.665
54.341
55.144
55.127
53.924
53.441
52.957
53.164
53.37
55.08
54.277
54.365
54.343
54.321
55.153
54.598
54.042
63.722
63.831
63.946
63.866
63.897
63.959
63.905
63.887
63.869
63.965
63.914
63.971
63.849
59.051
58.942
63.923
63.933
63.937
64.019
63.817
61.479
59.141
59.007
59.014
58.879
63.8
63.843
63.947
63.935
64.034
54.034
54.668
54.723
55.134
54.789
54.614
55.14
