60.084
56.092
57.991
58.1
58.468
58.577
58.417
52.317
46.216
45.526
46.654
45.252
46.995
46.395
45.795
46.299
46.88
47.461
44.822
46.438
46.19
45.942
45.651
45.873
46.095
45.781
45.649
45.594
45.897
46.2
45.973
46.186
46.399
45.918
45.838
46.028
46.043
46.114
46.053
46.795
57.835
57.422
45.769
45.846
45.915
45.787
68.089
69.063
69.618
69.81
70.001
70.28
50.247
48.566
46.885
45.735
46.144
45.471
46.301
46.689
52.263
70.594
70.359
70.198
70.324
70.611
51.969
52.33
52.197
52.455
52.654
52.695
64.652
64.499
51.508
45.959
45.924
48.543
51.162
50.212
50.233
50.501
51.15
51.345
51.989
52.634
50.71
52.074
51.267
52.087
52.907
52.265
52.427
52.589
54.138
52.54
53.523
52.905
53.823
53.774
54.622
58.86
57.643
56.425
56.991
57.558
57.951
57.646
60.278
56.238
59.68
53.9
48.121
47.404
62.977
63.185
57.763
60.352
54.074
57.436
53.15
48.864
49.747
51.74
51.971
52.747
53.212
53.154
53.775
53.29
53.457
52.756
52.3
51.982
51.685
51.253
51.569
51.86
52.365
52.841
53.095
53.077
53.657
52.325
53.102
52.145
52.201
52.402
52.603
52.804
53.154
52.79
51.404
51.038
50.672
51.173
51.675
51.069
50.464
50.352
50.073
50.401
50.197
49.992
49.96
49.286
50.045
50.804
50.712
49.921
51.198
50.486
48.534
48.733
48.932
49.945
50.57
50.865
51.107
51.364
55.735
55.879
56.078
56.035
56.425
56.25
55.804
55.81
55.82
55.901
56.128
55.877
55.903
56.005
56.04
56.332
55.774
56.297
56.484
55.717
55.992
56.007
56.125
67.436
67.617
67.597
67.558
55.943
55.899
55.855
56.038
55.971
55.903
59.327
62.75
62.846
63.323
63.572
63.805
63.734
63.561
63.692
51.996
51.848
52.046
52.578
51.845
56.183
56.282
55.697
56.08
55.947
55.767
56.279
56.338
49.647
49.748
50.215
50.159
50.547
50.633
50.718
51.585
51.301
51.16
52.248
52.119
52.666
51.87
51.825
51.761
52.491
53.901
53.203
52.923
52.41
53.025
58.716
54.978
51.239
52.783
52.78
51.937
52.887
53.132
51.672
50.829
49.986
48.606
49.789
51.455
53.262
51.711
52.744
53.565
51.847
52.507
53.638
52
51.6
51.334
51.068
57.936
54.471
54.532
54.592
64.967
64.84
64.881
64.923
52.787
52.21
53.226
53.225
51.59
54.567
56.012
56.148
55.614
55.528
56.029
56.53
56.214
54.884
55.617
56.394
56.148
55.567
56.112
56.054
55.74
56.334
56.023
55.617
56.08
56.016
55.953
49.8
