55.716
55.607
58.785
61.962
73.839
73.725
73.75
73.501
73.506
73.272
73.194
73.422
73.595
74.145
74.739
75.102
75.041
74.727
73.795
73.069
72.344
72.204
72.064
60.083
60.666
60.907
61.032
60.806
60.37
59.933
60.35
60.767
66.799
72.831
72.887
72.887
60.929
60.794
60.619
60.795
61.014
61.05
60.947
61.101
61.091
56.291
54.892
53.288
60.678
60.695
60.797
60.873
60.619
60.977
60.793
54.139
53.051
53.116
53.441
53.766
53.845
53.924
52.889
53.333
54.764
56.195
55.841
55.927
60.786
60.668
54.909
56.324
55.889
55.426
56.434
56.239
55.92
56.036
55.834
56.151
56.243
55.969
56.305
56.145
56.549
58.758
57.415
57.813
57.754
54.321
50.887
49.794
57.142
58.59
57.52
58.175
57.559
56.398
55.237
56.515
57.363
58.179
58.305
58.48
58.652
59.51
59.027
60.059
60.187
60.615
60.597
60.555
60.477
60.436
60.174
58.661
57.711
56.761
55.775
56.615
56.493
57.112
57.731
57.118
57.397
57.675
57.621
57.582
57.572
66.006
65.869
65.956
65.906
66.019
65.886
51.229
50.069
51.084
63.805
75.199
75.202
74.934
74.909
74.909
75.37
75.794
76.276
76.627
76.867
76.886
76.857
76.624
76.036
75.504
62.744
62.745
63.263
63.441
75.5
75.377
75.219
75.138
55.76
55.66
59.462
63.264
63.106
63.112
63.153
63.107
63.052
62.817
62.535
62.289
62.05
62.824
75.163
75.269
75.374
75.349
75.238
75.39
75.595
75.424
75.072
74.75
80.873
79.001
72.95
66.899
59.34
57.308
59.925
62.543
66.629
67.228
67.163
67.371
67.449
67.652
61.767
55.882
55.822
67.845
57.122
68.555
79.988
79.981
79.964
55.457
55.586
55.714
56.958
58.203
59.059
58.937
59.437
59.662
60.178
56.089
56.156
54.639
58.857
63.076
62.939
55.607
55.478
56.156
55.573
56.76
55.717
56.194
55.716
55.887
59.742
59.633
60.006
55.359
55.901
55.95
55.702
60.067
59.849
56.088
56.033
55.987
55.886
56.038
56.491
55.547
55.914
56.326
55.802
55.83
56.285
55.872
55.601
56.336
56.332
55.513
55.984
56.329
55.342
55.915
56.296
55.622
55.791
56.427
56.244
55.444
56.045
61.399
69.75
71.067
71.599
72.384
54.982
56.236
55.597
55.86
55.772
55.604
55.436
56.277
55.574
55.456
56.177
56.298
55.673
55.902
56.686
56.014
60.391
59.664
55.915
55.272
55.707
55.581
58.487
61.393
62.654
63.006
63.193
62.794
62.677
62.148
62.017
61.876
61.426
61.307
61.123
73.264
79.794
79.741
72.334
72.121
72.146
72.203
72.382
72.528
72.675
60.425
60.599
60.822
60.916
60.851
60.926
45.52
45.608
46.086
46.206
45.749
46.031
46.459
46.449
45.7
46.461
46.143
46.111
46.025
45.069
49.302
53.534
52.52
