47.995
47.969
47.798
47.86
48.021
50.983
53.945
53.212
51.969
52.036
50.041
48.047
67.131
66.954
66.959
66.965
47.414
48.293
47.97
47.779
48.028
47.767
47.88
48.276
47.757
47.892
48.111
61.111
72.614
72.234
71.829
71.749
71.639
71.449
59.752
59.853
59.353
58.996
59.062
58.785
49.703
49.628
49.664
51.175
51.351
51.527
51.255
50.983
64.178
64.524
64.702
64.721
64.61
64.38
64.456
64.129
64.011
64.087
64.208
63.767
63.302
49.834
49.872
50.204
49.312
49.564
50.423
65.187
77.196
77.443
77.592
77.677
77.594
77.661
77.568
77.367
77.327
77.107
64.527
66.768
69.009
68.99
69.072
68.989
69.052
66.423
63.793
63.438
63.082
63.372
63.663
75.847
75.877
75.825
75.773
63.757
63.725
63.945
63.838
63.576
62.489
50.181
49.969
49.976
50.223
50.103
49.981
73.96
73.647
80.983
81.077
73.638
73.188
72.207
58.479
57.083
55.901
55.344
54.788
49.581
49.133
50.268
67.971
67.967
68.277
68.118
67.959
67.747
67.535
55.942
54.778
55.468
56.805
56.279
56.689
54.836
52.983
44.066
45.325
45.138
45.96
44.007
44.879
44.837
45.918
44.792
44.57
44.14
51.711
56.469
80.998
81.097
81.087
81.085
81.084
57.279
56.553
56.662
68.949
69.187
71.632
74.077
81.057
81.038
81.11
80.982
74.204
67.427
54.232
53.85
54.529
53.827
81.025
81.096
67.395
64.382
61.369
53.867
52.386
55.689
52.732
66.893
81.054
81.043
67.944
68.567
69.19
70.508
53.677
54.473
68.719
69.724
76.398
76.284
76.402
76.555
76.635
69.737
60.513
65.785
71.057
70.995
77.718
77.529
77.364
77.208
77.128
77.148
70.253
70.889
78.184
78.573
71.221
71.123
82.858
82.624
80.22
77.816
77.989
78.042
78.037
78.213
78.509
71.301
71.155
70.795
70.874
47.95
47.934
59.924
70.561
69.792
69.736
69.855
69.784
69.75
69.856
70.067
70.558
57.456
48.258
48.039
48.057
47.57
48.515
47.742
48.3
67.203
66.632
54.789
53.014
71.594
71.51
71.19
71.038
70.923
70.947
70.936
70.948
70.894
70.803
70.842
70.852
70.885
71.062
58.588
62.814
67.039
67.167
47.494
49.024
77.743
77.555
77.259
77.061
77.157
77.233
77.218
77.152
77.072
77.107
76.999
69.776
69.695
70.127
48.016
47.676
47.477
47.999
48.151
48.468
71.415
71.552
71.496
71.402
71.331
71.325
71.353
71.356
71.412
71.363
71.416
71.39
71.163
70.977
76.257
77.154
77.503
78.765
79.311
79.083
78.856
79.373
79.925
80.482
80.809
75.962
75.936
75.997
76.221
69.395
69.336
70.026
58.203
48.372
47.712
48.044
47.898
56.952
55.048
53.144
51.964
73.208
72.928
72.88
73.016
73.099
73.363
73.817
74.106
74.397
74.836
75.059
75.074
74.967
74.99
74.951
74.881
74.875
74.699
74.327
73.685
73.001
72.947
73.06
73.413
73.317
73.46
73.558
73.442
73.45
73.264
73.349
73.477
73.348
73.49
73.485
61.524
60.619
50.07
43.719
43.533
60.226
60.3
60.039
59.794
60.217
59.983
60.252
60.216
59.766
60.487
59.972
60.768
60.39
61.462
61.675
61.99
62.027
61.952
61.897
62.006
61.941
61.854
62.09
61.988
61.921
73.937
73.97
73.868
68.923
61.788
61.722
61.662
61.794
61.82
61.732
61.614
61.591
61.568
61.932
60.95
61
61.05
61.207
61.161
60.236
60.989
60.825
60.231
61.049
62.379
61.246
61.336
61.382
61.189
61.157
61.125
61.163
61.201
59.281
57.361
54.739
54.511
61.726
61.25
62.984
60.988
60.85
62.291
60.989
61.037
61.085
61.586
61.953
61.584
62.348
60.497
61.324
62.088
61.611
61.911
61.318
61.173
61.328
61.482
61.707
61.81
61.575
62.269
62.964
55.442
54.85
61.047
60.6
60.844
60.59
60.292
60.967
60.064
60.79
60.422
60.382
60.459
60.422
60.436
60.436
60.423
60.237
60.627
59.874
60.943
59.632
60.82
61.014
61.248
61.482
61.462
61.442
56.834
55.982
54.111
49.895
49.006
48.042
45.71
47.212
48.778
50.344
46.797
46.686
48.213
48.059
46.637
46.827
45.777
45.563
46.334
47.448
46.762
46.836
46.91
50.67
49.574
47.892
46.21
50.93
