80.951
73.851
66.751
67.218
66.799
67.115
66.854
67.141
66.648
66.685
66.722
67.096
67.01
68.149
69.289
69.51
69.834
69.966
69.446
68.926
69.087
69.059
69.013
68.99
66.062
66.226
65.217
76.943
76.603
76.639
76.546
76.58
76.928
77.156
77.446
77.539
77.598
77.277
77.38
66.175
54.144
51.33
51.811
53.33
50.894
52.653
52.021
63.691
63.918
63.88
64.016
64.263
64.358
64.119
64.299
64.418
64.504
63.835
66.036
66.059
65.889
77.98
77.947
55.73
52.229
48.738
55.054
61.37
61.892
62.428
62.547
62.284
62.495
62.514
62.533
62.399
61.69
60.312
56.44
56.305
59.302
62.299
74.219
73.755
73.33
72.723
71.586
77.845
82.961
82.904
57.216
57.238
56.812
57.18
56.775
56.995
56.835
56.675
57.909
57.848
57.788
57.759
57.035
57.166
61.45
52.378
57.007
61.636
73.801
73.99
73.785
73.723
73.746
73.899
82.962
82.955
61.428
71.238
81.049
80.958
73.262
75.387
77.512
77.686
77.847
78.038
78.162
78.27
78.384
78.526
78.643
78.78
78.883
78.886
78.745
78.617
78.378
77.954
65.528
64.925
64.887
77.078
77.202
77.28
77.395
77.49
77.612
77.708
77.767
77.79
77.92
78.004
77.995
77.943
77.816
77.66
65.44
65.703
64.984
58.99
58.877
58.789
66.872
66.706
66.888
66.718
66.984
63.252
63.733
63.673
63.613
66.918
66.985
66.997
58.819
58.639
66.728
66.362
65.699
66.438
66.953
66.938
52.466
52.064
52.22
51.888
47.566
49.818
52.071
62.757
62.796
63.169
63.085
63.129
63.174
63.437
63.556
63.535
63.763
63.992
63.809
64.058
75.483
75.22
62.94
61.879
55.633
64.425
73.217
73.469
73.461
73.556
73.625
73.635
73.751
73.825
73.796
73.876
73.864
73.869
52.056
52.246
52.086
51.698
51.676
51.822
52.122
50.685
48.251
45.817
45.801
44.792
45.145
45.148
44.959
44.898
44.703
56.161
72.158
71.531
78.425
78.47
78.498
78.472
78.334
71.377
76.85
70.338
71.174
72.01
71.47
71.177
71.084
71.113
71.295
71.474
71.613
77.45
83.286
83.037
82.91
82.782
82.227
81.912
82.435
82.959
82.995
69.567
74.719
79.87
83.826
83.792
80.948
72.466
63.984
52.029
52.013
52.006
83.722
82.956
76.504
70.051
69.778
69.59
60.871
52.151
52.094
52.14
59.895
59.93
60.06
60.058
59.971
44.993
45.093
45.112
64.094
63.122
57.381
51.64
51.656
52.173
58.313
64.452
64.014
63.772
64.067
69.317
70.118
70.628
70.716
49.444
50.17
49.844
49.762
50.139
49.949
72.954
72.456
72.061
72.167
59.924
49.436
50.173
49.522
49.806
49.818
49.903
72.417
78.584
78.528
78.659
78.696
78.732
78.424
83.898
83.934
83.279
82.624
77.597
77.373
77.286
77.397
70.29
69.822
50.413
49.58
46.865
61.478
76.09
79.671
78.721
78.82
78.92
79.207
74.744
79.364
83.984
83.881
47.908
45.057
44.712
45.798
68.995
69.03
69.031
60.252
63.197
54.812
55.971
57.131
56.776
68.718
68.664
68.075
75.387
75.382
75.444
75.507
75.857
76.359
76.846
77.048
57.292
45.408
45.166
56.751
56.901
56.373
55.845
53.623
59.97
66.318
66.79
66.746
66.702
73.406
73.543
73.493
73.443
73.621
73.677
73.656
73.599
73.645
73.654
73.587
73.626
73.602
73.614
73.589
73.569
73.53
73.704
73.67
73.637
73.558
54.548
54.736
54.924
44.131
43.314
58.478
64.782
71.087
71.053
71.047
54.936
55.652
54.958
54.429
53.9
43.367
43.236
44.135
46.467
45.13
43.794
43.506
43.251
42.996
43.134
50.479
50.626
50.477
50.795
67.314
61.565
55.816
57.189
57.069
57.261
57.143
56.92
57.098
49.925
50.552
49.706
62.054
56.296
61.241
55.579
49.916
50.798
50.355
49.552
49.958
50.65
49.068
65.486
54.671
43.856
43.381
43.417
43.2
42.982
43.107
50.347
50.518
50.414
