56.853
56.013
55.174
56.112
69.428
69.639
70.694
65.976
66.726
66.79
66.855
66.547
66.329
66.377
70.301
70.238
70.193
70.326
70.454
70.374
70.495
70.511
70.5
70.468
58.165
57.895
58.142
58.674
70.817
70.715
70.741
70.53
70.316
70.027
70.195
70.385
70.404
70.328
69.969
58.855
55.109
55.127
54.543
76.396
75.668
75.236
75.249
75.593
75.937
76.169
76.35
76.527
76.742
76.926
77.324
77.392
77.336
77.498
70.265
70.105
70.141
70.374
58.742
58.418
58.205
57.873
57.935
55.865
54.766
55.019
55.2
55.164
54.779
61.469
68.159
68.28
68.441
68.469
68.553
68.324
67.914
66.9
52.574
52.451
66.838
60.413
53.988
55.301
54.637
54.911
54.618
56.2
57.782
54.103
54.556
54.993
54.618
54.509
55.932
55.295
55.135
53.648
55.838
56.884
57.303
57.004
57.05
57.061
57.193
57.248
57.069
62.03
62.066
56.948
56.946
61.405
59.17
56.935
56.961
57.015
57.122
57.154
56.956
56.758
56.88
67.988
68.527
68.685
68.747
68.724
68.655
75.712
75.689
75.727
75.835
75.723
75.626
75.539
68.525
68.298
68.726
57.333
57.597
69.929
70.085
69.154
69.269
69.261
69.33
69.565
81.572
81.684
69.732
69.542
69.523
56.96
57.166
57.049
57.113
74.952
78.263
77.657
81.502
81.726
80.796
77.741
74.685
74.893
74.917
75.157
75.272
75.309
75.469
75.605
56.935
56.927
68.556
68.616
68.81
68.843
68.702
68.519
56.082
57.155
57.153
57.146
57.04
55.616
56.125
56.635
55.619
66.32
66.767
67.31
67.248
67.124
66.585
59.505
59.292
59.078
54.069
49.059
64.735
59.542
70.298
67.793
65.287
65.04
64.971
64.776
65.209
65.015
64.768
64.899
64.857
51.758
51.582
51.408
53.396
51.538
49.68
52.598
61.814
62.364
62.041
61.717
62.122
62.304
62.028
61.819
61.851
64.072
62.861
61.65
59.403
57.157
56.84
56.524
56.703
49.673
50.828
51.983
65.219
65.774
65.788
65.783
65.847
65.529
61.406
57.283
57.074
56.95
65.361
65.155
65.21
61.627
61.616
61.606
66.481
69.493
63.088
56.682
56.792
56.431
56.163
55.896
56.792
57.687
54.309
53.098
55.103
54.51
53.917
55.428
56.938
61.229
65.52
64.886
71.93
72.041
71.962
71.74
76.48
81.221
81.792
82.251
67.436
67.785
67.778
67.879
67.952
68.126
68.144
68.058
55.386
56.502
56.355
57.302
58.248
52.928
54.006
55.083
58.098
56.898
54.695
56.184
56.351
56.517
57.258
57.343
56.871
57.328
56.586
56.145
56.754
51.889
51.402
50.915
46.991
47.097
47.202
53.39
53.567
51.679
54.338
52.906
51.473
56.917
56.959
56.93
57.037
51.904
55.242
54.517
53.792
72.046
72.157
72.386
72.394
72.318
72.192
72.086
65.586
59.087
58.955
74.24
74.69
74.557
74.22
74.019
73.724
64.286
54.848
55.236
55.411
74.274
74.104
55.52
54.658
54.322
54.586
55.263
55.939
54.582
54.839
54.775
54.826
61.857
61.887
61.916
47.108
45.368
48.597
47.035
47.472
46.481
51.622
50.274
55.048
54.647
54.921
50.111
49.131
50.125
54.328
54.447
54.127
53.807
54.133
44.09
45.604
49.756
47.422
45.087
43.154
44.027
43.955
43.204
43.649
43.68
43.437
43.193
43.806
55.338
56.342
56.45
59.109
57.693
56.277
61.854
61.863
59.765
52.667
52.159
51.402
52.647
51.716
53.035
52.482
51.929
51.967
52.006
57.228
57.535
57.842
57.053
56.815
61.991
61.858
61.652
56.758
57.151
