43.532
49.731
55.93
55.551
55.762
55.522
55.603
55.597
55.551
55.533
55.456
55.627
55.562
55.424
71.445
71.46
71.506
65.641
65.474
65.161
65.346
60.381
55.416
55.327
55.341
55.43
55.53
55.406
55.436
55.471
55.473
55.5
55.423
55.502
55.473
55.571
55.57
55.556
67.467
66.521
68.405
70.289
70.105
69.921
54.833
55.164
55.183
55.201
67.923
68.636
68.256
67.754
67.614
67.449
67.491
55.914
55.462
69.654
69.59
56.144
57.831
60.873
53.537
46.201
47.488
60.401
60.5
62.335
64.169
63.792
63.84
63.888
63.924
62.265
60.605
64.227
64.372
64.21
64.266
64.17
64.153
60.185
60.356
60.302
60.619
60.936
64.203
64.21
64.215
64.208
64.201
64.189
64.204
64.261
64.247
64.387
66.698
69.009
67.985
72.258
72.077
72.228
72.156
71.983
69.506
67.029
67.161
64.459
60.361
60.446
60.575
60.587
60.256
60.66
67.577
67.416
67.201
67.056
67.197
67.119
60.483
60.568
60.473
72.432
72.4
72.449
72.379
72.409
72.344
64.732
64.886
60.664
60.67
60.585
49.443
49.559
50.18
50.036
49.892
49.85
50.041
50.232
49.615
49.737
49.641
49.545
49.708
50.129
50.056
49.983
49.67
48.286
48.251
48.217
48.441
62.364
63.178
62.837
63.055
62.17
69.002
68.916
71.454
73.991
74.231
74.489
84.316
84.447
74.904
79.723
65.606
63.378
66.566
59.055
51.544
52.478
52.732
52.201
52.409
52.517
51.517
49.991
48.464
52.662
51.945
52.234
52.972
51.727
52.482
52.587
51.595
53.096
53.111
52.359
52.145
52.687
53.287
50.919
52.471
53.246
51.107
52.594
53.057
51.292
53.383
57.306
57.375
56.667
56.419
52.427
51.736
52.547
53.358
51.26
52.884
53.632
55.353
57.074
57.541
57.401
52.197
52.718
53.63
51.188
52.608
52.761
52.176
52.496
52.712
52.311
56.297
58.53
55.839
61.528
57.46
59.164
60.869
52.639
52.668
60.441
69.968
69.42
69
69.101
58.383
47.664
47.837
47.922
47.923
45.489
52.877
60.266
61.192
54.878
48.563
50.441
61.468
55.009
48.551
48.765
49.395
50.549
43.727
43.959
53.897
51.026
48.155
48.727
49.195
49.279
46.578
43.876
44.629
62.639
62.694
65.638
65.449
65.504
62.075
62.869
62.76
65.348
65.214
62.746
62.434
62.453
62.533
62.309
68.252
72.613
72.44
72.262
69.704
67.147
67.288
67.285
67.104
62.207
61.167
63.291
63.303
63.316
64.264
69.727
68.996
67.968
63.752
64.779
68.46
68.375
68.702
68.623
68.821
65.865
65.658
65.689
64.705
65.622
65.732
65.743
65.661
65.726
65.74
65.345
65.36
65.375
65.526
65.608
65.718
65.404
65.418
65.432
65.517
65.35
65.952
65.519
65.507
65.593
65.92
66.247
66.778
65.298
65.318
67.667
67.396
65.41
60.363
60.347
60.14
63.718
67.297
67.79
68.412
68.232
67.722
67.687
72.618
72.571
72.608
72.509
72.274
64.857
64.533
64.48
64.569
64.106
64.442
64.302
64.988
65.221
64.983
64.468
64.941
65.649
55.416
55.446
55.434
55.423
55.369
55.315
64.467
64.504
64.723
55.446
55.395
55.551
55.498
55.511
55.424
55.484
