49.933
49.883
51.086
50.102
50.151
51.34
52.195
51.811
47.907
44.004
44.414
44.397
44.052
44.411
43.827
44.515
45.69
45.162
45.607
46.052
45.344
45.522
44.529
57.839
68.861
69.268
69.675
60.689
61.304
51.376
51.988
53.067
52.301
51.842
51.621
50.16
47.023
51.549
56.074
56.01
44.006
44.652
66.105
72.203
76.44
76.773
77.186
77.552
77.65
77.748
72.671
72.729
72.621
52.87
53.723
52.745
51.902
51.828
51.754
52.34
54.319
52.264
52.673
53.999
52.382
53.105
53.591
53.708
53.825
52.589
53.605
53.998
54.309
54.003
54.72
55
55.281
55.593
55.754
55.629
54.766
55.038
55.31
55.089
48.457
49.372
55.913
55.388
56.141
55.434
55.157
48.328
49.684
49.233
48.783
49.805
50.828
49.644
48.461
50.023
51.585
53.338
53.397
65.055
64.913
54.354
55.212
56.07
54.458
59.739
57.192
54.644
56.08
55.463
54.847
56.019
56.361
55.338
55.167
56.068
55.271
67.249
67.056
55.925
55.549
56.467
56.098
55.445
56.178
80.153
80.029
56.336
56.428
55.751
55.788
56.289
62.114
62.763
63.412
64.598
65.329
65.916
66.128
66.29
66.453
54.81
55.986
55.505
56.101
56.264
54.467
53.178
52.383
51.584
53.76
52.921
51.867
53.298
53.711
59.496
56.665
53.834
54.2
54.684
55.168
54.314
53.459
53.625
65.948
65.568
64.809
49.716
51.685
52.799
52.811
52.824
52.492
50.945
63.11
63.696
51.875
52.954
52.42
52.684
53.259
54.702
56.145
54.586
53.028
51.606
56.015
65.226
64.933
65.046
56.344
56.287
69.594
69.77
70.497
66.903
67.311
67.72
67.891
67.805
67.714
67.356
80.072
80.094
80.085
80.028
55.862
55.8
55.794
55.97
56.156
56.339
56.086
55.961
55.831
49.016
48.803
51.828
50.338
48.847
48.868
48.474
48.081
48.102
48.231
48.36
51.154
51.447
51.74
52.495
53.251
53.411
53.292
54.172
55.053
56.197
55.501
55.759
56.465
54.039
53.597
56.031
55.511
55.242
56.547
56.303
55.187
56.021
55.677
55.333
55.096
52.096
52.947
53.045
53.281
53.947
65.686
66.559
66.792
67.026
55.224
55.886
55.872
55.575
55.924
55.581
55.573
55.323
54.495
53.597
52.594
51.464
63.498
63.936
64.683
64.983
65.073
64.955
64.847
64.894
64.651
64.371
52.346
51.841
50.325
51.116
51.653
52.3
52.377
52.385
52.029
52.342
46.461
45.298
46.852
52.91
52.787
53.288
52.855
45.99
46.474
46.076
46.012
46.962
46.316
45.945
46.055
