55.07
65.916
64.326
62.736
62.436
62.313
61.476
58.106
54.736
67.873
64.794
61.716
62.194
62.38
62.303
62.222
61.352
62.489
62.018
62.156
62.294
74.863
74.408
74.238
80.877
80.35
79.518
79.119
78.802
78.435
78.35
78.234
78.162
78.16
78.152
70.697
43.58
43.157
43.316
43.246
43.202
42.979
43.269
59.568
59.277
58.423
60.278
62.133
66.548
70.963
71.095
72.046
78.088
77.796
77.687
70.514
64.737
58.96
58.629
58.464
57.273
71.347
71.823
55.084
53.306
77.677
77.288
77.063
76.433
76.154
75.962
75.836
84.494
84.29
84.181
76.277
68.373
73.698
58.744
68.883
56.093
56.411
56.728
68.851
68.826
68.64
55.34
55.627
55.659
55.691
56.318
56.945
57.175
56.324
49.759
53.21
51.832
50.453
50.262
50.07
53.829
57.587
69.678
76.103
76.028
75.771
75.324
74.835
74.365
74.049
73.784
73.468
73.233
73.048
73.062
69.452
65.842
65.532
65.928
65.822
65.981
66.093
66.183
72.97
72.953
66.094
65.989
65.884
65.718
65.679
66.399
43.47
43.189
43.477
43.244
43.296
43.328
43.36
43.33
43.301
43.267
43.234
43.107
42.98
67.843
69.312
75.776
75.775
75.833
75.804
76.064
76.108
76.052
66.13
56.207
56.323
56.528
56.733
57.019
57.306
57.482
57.658
58.161
58.664
65.497
72.33
71.994
78.505
78.202
78.041
78.175
78.38
78.49
78.564
78.779
78.565
78.596
78.634
68.878
59.121
43.077
42.982
44.185
45.389
54.549
53.263
52.798
52.385
51.575
51.107
52.833
47.979
47.136
53.278
59.421
53.932
48.444
47.653
49.966
52.279
52.275
48.455
48.238
55.285
62.332
61.72
62.063
62.92
63.647
76.056
76.278
76.467
76.405
76.381
76.358
76.109
75.653
74.787
73.603
78.756
77.309
76.327
76.509
70.389
70.736
71.084
71.11
71.026
70.842
70.673
70.534
70.487
70.712
70.576
70.483
70.502
70.555
70.573
68.845
67.117
67.104
56.668
46.232
47.519
47.893
71.41
71.353
59.575
59.703
47.78
47.59
46.886
45.318
45.53
47.961
48.882
49.11
52.466
52.331
50.272
55.292
60.312
60.746
60.83
61.18
61.122
60.713
61.12
60.27
46.027
44.968
46.178
47.541
48.533
61.473
61.94
62.142
61.693
61.291
61.241
61.495
61.248
60.981
61.7
61.672
61.186
60.559
61.759
61.941
61.756
61.465
60.901
61.374
61.727
61.691
61.693
61.683
61.525
61.374
48.19
48.33
47.41
59.005
52.34
50.63
48.92
53.813
53.524
53.235
52.957
52.68
48.445
47.577
59.442
59.442
59.426
53.909
48.393
48.41
50.763
53.115
57.924
53.108
48.291
47.565
51.483
55.401
57.997
69.626
69.823
76.747
76.904
77.018
77.103
77.222
77.465
77.552
77.784
77.863
77.883
77.945
77.53
45.121
46.603
59.775
59.126
58.46
79.731
80.56
81.569
82.112
82.141
82.124
82.215
75.321
75.169
75.217
75.677
63.853
63.808
63.563
59.517
60.195
60.088
59.981
46.926
47.752
60.261
58.968
64.638
65.135
65.273
65.29
65.252
65.29
65.399
65.427
62.301
59.175
48.186
47.721
47.724
47.727
47.875
47.634
60.101
64.57
75.896
75.934
75.94
75.892
76.12
76.25
76.27
76.315
76.24
76.044
63.1
47.731
47.699
48.238
47.994
48.186
47.83
48.388
47.838
47.703
48.195
48.086
47.603
61.789
61.534
61.69
61.539
61.331
60.567
58.834
56.84
56.718
56.595
58.3
57.712
58.302
58.316
58.553
57.985
57.46
58.252
58.13
58.008
58.575
59.143
59.155
58.82
59.037
58.416
58.123
52.358
51.513
50.669
59.246
58.723
58.385
63.759
63.852
63.618
63.781
56.599
49.416
50.505
50.415
50.326
48.7
46.747
48.354
48.065
47.713
48.259
47.999
48.092
47.64
