67.513
83.373
83.247
83.328
83.334
83.361
83.389
83.471
83.525
83.482
71.482
71.688
71.556
71.666
71.503
83.388
83.376
83.413
83.436
83.459
83.44
83.271
83.277
83.295
83.304
83.373
83.251
83.319
83.323
83.326
83.388
83.449
83.374
83.367
83.365
83.363
83.385
68.169
74.873
67.031
59.189
59.394
59.419
59.444
60.28
62.333
64.385
83.453
83.341
69.538
69.229
68.759
67.908
67.398
72.187
72.022
71.883
71.812
72.033
71.639
69.59
69.539
69.564
69.642
69.581
71.915
73.88
75.845
69.466
73.004
62.079
61.397
60.715
60.725
69.428
81.469
81.494
69.463
69.496
71.901
71.385
71.263
69.876
69.743
69.606
71.826
70.726
69.627
69.648
69.596
69.646
69.576
76.582
70.508
70.055
69.602
69.458
69.597
69.519
69.451
69.383
69.385
69.477
69.526
69.664
69.801
74.317
71.816
69.314
69.508
73.088
76.668
77.761
76.41
75.058
67.461
59.865
65.706
57.771
62.354
66.936
66.702
50.071
50.29
50.714
50.277
50.649
50.581
50.68
49.751
66.774
66.584
66.604
58.446
55.536
52.626
52.772
52.33
51.887
72.148
71.01
69.908
58.896
60.046
59.323
59.411
59.596
59.664
63.402
67.141
66.968
66.727
69.051
71.376
71.435
71.478
71.412
52.496
52.356
52.668
52.475
51.517
55.32
49.664
51.188
52.712
53.04
53.368
52.231
57.271
54.925
52.578
52.728
67.48
67.226
67.044
67.175
67.123
71.247
71.003
70.592
67.541
64.491
64.7
66.065
67.43
67.58
71.551
71.673
64.541
52.63
52.925
51.883
52.755
52.804
52.15
52.679
52.257
52.516
52.774
52.441
52.684
52.646
53.067
53.437
53.808
48.109
65.845
60.114
54.384
59.581
56.877
54.173
54.769
57.176
59.584
58.888
65.282
59.026
65.413
62.457
59.5
48.732
48.21
47.09
47.879
76.618
74.175
71.732
52.292
52.711
53.223
49.066
48.216
48.285
48.354
47.896
59.598
67.263
67.306
67.12
53.397
53.733
53.922
53.778
64.717
75.657
75.807
75.799
75.459
75.606
75.851
76.358
76.83
77.17
70.27
70.684
58.645
58.114
58.301
58.908
58.457
58.435
57.552
64.04
70.529
70.226
76.774
76.664
76.5
76.571
76.885
77.265
70.075
67.908
65.742
57.802
57.462
64.432
71.402
71.6
78.039
77.202
56.458
55.003
52.751
50.5
57.927
65.354
65.316
69.184
69.407
69.407
69.547
69.44
69.515
69.536
69.699
69.603
67.898
66.194
65.793
71.047
70.459
70.258
65.382
65.41
65.497
65.633
65.568
65.581
65.658
65.619
65.55
69.695
69.316
65.6
65.764
65.506
65.249
69.34
69.52
64.877
60.235
60.283
60.205
47.352
47.413
48.036
46.831
47.624
48.417
52.513
52.288
54.126
54.152
54.178
66.731
66.745
66.95
67.36
67.549
67.386
67.243
67.145
53.923
51.284
52.683
53.388
69.599
67.611
67.075
74.001
73.848
73.685
73.736
73.637
73.617
73.542
73.927
73.839
73.99
73.779
74.034
74.085
74.054
74.047
74.043
74.039
55.069
55.243
56.492
57.742
58.032
67.439
67.425
67.984
67.542
67.6
64.187
64.569
64.505
64.232
64.691
64.437
50.526
50.883
