60.395
59.245
59.502
57.795
58.601
57.122
59.679
58.839
57.999
59.086
59.545
60.005
70.052
80.099
80.414
73.527
73.294
73.152
73.173
72.886
72.842
73.076
73.337
72.966
72.532
72.097
72.115
64.524
66.812
69.101
68.975
69.012
66.131
70.466
74.8
74.651
81.365
81.298
81.335
74.407
74.295
74.222
74.125
74.025
74.034
74.171
74.565
74.642
74.389
69.78
68.507
67.235
67.109
70.671
74.234
74.139
73.907
73.889
73.874
73.94
73.939
73.892
73.77
73.746
73.552
73.536
73.68
61.9
61.503
62.203
63.864
63.031
63.137
63.244
63.213
63.011
62.809
62.126
62.487
62.575
62.537
62.33
62.012
62.265
62.493
62.718
63.06
63
62.435
61.066
64.456
64.648
65.219
65.382
64.477
64.322
66.466
66.315
63.42
59.239
59.741
59.611
59.617
59.29
58.738
59.003
59.269
60.343
60.192
60.758
60.981
60.918
60.985
61.137
60.596
60.065
59.988
59.459
59.716
59.54
58.6
59.443
59.876
57.802
59.037
59.196
59.15
59.104
58.393
58.518
59.378
58.969
58.488
58.592
51.082
51.265
51.22
51.175
50.117
51.411
51.036
50.825
50.918
59.008
59.495
59.02
58.546
58.875
58.854
58.832
58.747
58.662
50.914
51.005
57.62
57.26
56.965
56.529
56.092
57.69
58.77
59.85
57.201
58.382
57.723
69.405
69.449
58.158
58.105
57.399
58.094
57.808
57.674
58.813
57.004
59.077
58.988
58.899
58.898
59.203
59.507
58.351
78.041
78.174
77.911
77.633
77.576
77.439
77.378
77.549
71.27
64.992
64.985
64.996
78.069
78.429
78.51
78.549
78.461
78.412
78.324
78.384
78.445
78.479
78.512
78.312
78.346
78.484
78.489
78.494
78.489
78.488
78.497
78.407
78.478
78.4
78.403
78.43
78.369
78.288
78.352
78.473
78.367
78.487
78.522
78.628
78.563
78.546
78.577
78.515
78.523
78.669
78.564
78.41
78.521
78.39
78.657
78.489
78.712
78.387
78.597
78.334
78.427
78.442
78.463
78.485
78.379
78.519
78.421
78.54
78.409
78.418
78.362
78.318
78.38
78.366
78.397
78.428
78.454
78.503
78.581
78.607
78.634
75.169
71.705
75.068
78.432
78.431
78.423
78.414
75.048
76.782
78.515
78.566
78.44
78.527
64.959
65.009
64.983
71.733
71.642
71.669
78.479
78.548
75.229
71.909
71.881
60.06
59.674
71.894
71.922
71.915
71.908
72
72.134
72.044
71.996
68.458
64.921
64.969
68.432
64.11
68.158
72.207
71.999
72.008
72.079
72.146
72.064
71.962
71.957
64.995
64.907
71.903
72.028
64.907
60.198
59.322
59.417
59.77
60.123
60.229
59.69
52.924
52.83
59.269
68.882
68.968
69.059
62.492
55.925
56.607
64.97
65.019
64.997
56.747
56.927
