46.639
46.983
58.742
58.647
58.704
58.652
58.623
58.604
46.779
46.743
46.605
46.936
47.071
47.022
46.696
46.778
46.572
47.06
47.062
58.959
58.942
59.022
58.973
58.988
58.752
58.663
58.57
58.74
58.667
58.535
58.71
58.886
58.981
58.918
58.906
58.921
60.874
60.113
59.353
47.773
48.407
47.84
47.639
47.848
47.943
48.137
48.332
48.469
48.605
59.655
59.675
59.819
59.843
59.867
59.745
61.854
54.475
51.936
55.842
59.748
59.786
59.765
59.816
65.348
70.88
70.419
70.168
70.347
70.411
70.296
70.277
59.437
59.652
59.709
60.02
60.168
60.251
60.334
60.243
61.211
62.179
59.873
61.336
61.437
59.643
59.501
59.719
59.719
59.669
60.808
70.993
70.091
69.611
69.341
69.349
69.729
69.923
70.12
63.258
63.602
59.275
54.948
55.11
60.373
67.782
67.513
67.526
67.781
74.398
74.068
73.8
73.707
73.578
73.673
66.83
66.861
67.028
67.041
66.999
54.632
55.281
54.808
54.334
59.889
59.735
59.74
59.913
60.278
59.995
69.107
68.717
68.15
68.296
68.496
56.444
56.955
56.542
56.525
68.712
69.08
69.764
70.294
70.377
70.459
70.398
70.396
70.634
70.797
70.769
70.648
64.815
58.981
58.607
64.822
71.036
70.964
71.066
71.05
70.978
59.054
58.897
58.74
58.966
58.824
59.209
47.019
46.827
46.757
70.723
71.425
71.57
71.456
71.148
70.671
70.541
70.362
70.467
47.111
46.529
47.109
49.747
59.562
69.377
69.357
69.561
69.417
69.543
69.588
69.375
57.254
49.659
49.951
49.814
49.523
70.762
70.657
71.039
70.709
69.786
68.712
67.081
65.451
67.236
69.021
50.051
49.793
50.098
50.272
60.406
55.082
58.382
61.682
61.985
62.237
62.118
61.772
62.131
61.464
61.929
55.111
54.715
54.852
54.708
54.777
54.847
54.739
54.632
54.739
54.731
54.807
54.883
54.844
54.393
54.688
48.856
51.71
47.366
51.103
47.221
51.025
47.19
51.072
47.126
51.074
55.022
54.776
55.651
43.823
44.584
69.111
69.853
70.308
70.763
57.052
56.976
57.015
56.724
67.982
67.871
56.876
57.077
57.459
57.725
57.352
56.978
56.999
57.02
57.058
57.195
57.332
56.631
56.693
56.944
56.746
63.632
70.676
75.213
74.841
69.727
70.139
69.957
63.665
64.356
64.002
63.859
69.031
69.012
68.799
67.879
67.388
66.921
66.758
66.917
66.984
67.197
56.808
57.583
68.874
68.912
68.556
69.084
69.186
69.478
69.303
57.321
57.07
69.009
69.007
69.143
69.977
70.175
70.887
71.837
71.529
78.408
78.192
77.999
77.894
77.814
70.617
71.521
59.588
45.186
45.058
59.054
69.12
69.236
68.933
68.182
67.431
66.378
66.124
65.888
67.366
68.843
68.615
56.18
64.964
73.748
73.186
78.082
78.141
73.108
73.229
73.353
73.762
47.853
47.652
47.578
48.458
48.826
49.476
55.918
68.731
68.935
68.906
68.876
68.872
68.718
68.639
68.631
68.912
68.751
68.589
68.444
68.723
68.813
68.839
61.897
61.97
61.79
61.962
61.84
68.967
68.889
68.736
68.689
68.637
68.617
68.788
68.934
69.108
65.978
66.093
65.984
66.123
57.988
49.853
50.494
47.523
44.553
45.189
44.719
44.25
45.193
