43.581
43.665
43.433
43.527
43.305
43.319
43.22
43.122
43.14
43.159
43.113
55.753
54.92
54.962
55.003
55.168
55.132
55.06
55.008
55.004
55.772
56.539
53.702
55.237
56.771
55.22
57.724
53.655
57.166
60.677
62.244
62.418
56.032
49.645
50.389
52.793
55.631
56.196
57.407
56.848
57.281
54.764
51.908
50.865
49.822
50.156
50.043
49.929
51.01
52.09
51.249
55.091
58.933
58.499
58.621
58.743
58.823
58.904
58.919
58.934
58.984
58.962
58.958
58.976
59.084
58.899
58.921
59.017
54.853
54.861
54.764
55.122
54.845
55.094
54.99
54.964
44.111
43.417
43.079
74.33
74.253
74.262
50.576
52.837
48.495
51.599
47.688
52.726
49.701
50.078
50.455
51.254
50.562
49.871
49.204
51.917
54.631
58.841
59.253
59.535
59.817
59.407
58.998
59.028
66.624
74.221
74.175
74.164
74.029
73.783
73.454
73.45
73.445
73.755
74.079
74.024
74.109
74.018
74.001
74.035
73.812
73.55
74.132
61.069
58.36
58.814
58.843
43.618
43.229
43.612
43.197
43.355
43.291
43.228
63.132
63.646
63.627
55.706
55.674
63.572
63.452
63.728
63.397
63.998
63.535
63.816
63.814
63.555
63.641
63.587
63.917
63.978
59.458
54.937
53.475
53.356
53.237
55.128
55.96
56.791
53.712
55.416
53.128
53.681
54.235
52.644
51.981
58.475
58.779
57.256
55.732
57.35
58.37
58.902
58.992
59.068
58.481
58.554
58.568
59.022
63.89
63.959
63.987
64.009
56.104
54.999
54.984
56.358
56.817
55.417
61.751
75.647
76.292
76.567
83.743
83.909
77.131
55.077
55.32
54.38
66.958
66.91
66.793
66.688
66.637
66.5
78.351
78.102
77.981
78.124
78.206
78.328
78.353
65.78
51.832
53.595
55.358
55.572
55.291
55.733
65.626
65.861
66.132
66.307
66.264
66.336
66.082
65.791
65.598
64.974
64.046
63.162
61.629
60.591
60.7
59.914
60.123
60.559
59.868
60.81
57.143
56.466
52.439
51.62
56.247
56.692
53.53
52.846
60.199
61.542
61.539
73.143
72.897
73.034
73.066
73.073
73.17
73.343
73.239
73.141
73.066
73.158
73.365
73.311
72.974
72.882
72.783
72.788
52.522
52.019
52.534
52.05
51.566
52.303
51.964
51.626
52.072
58.934
74.518
74.324
74.572
64.922
55.272
47.218
48.771
50.324
52.092
53.859
52.173
51.885
58.989
64.324
75.876
75.876
76.079
76.592
77.041
77.566
78.084
78.539
78.893
67.011
51.679
52.105
52.347
52.118
51.822
51.989
52.135
64.173
64.281
64.164
64.18
63.892
63.32
55.358
54.684
61.396
61.391
61.416
61.44
59.894
60.439
61.142
61.302
61.79
62.278
61.874
52.356
52.036
61.385
60.618
60.862
60.615
58.685
56.754
55.936
57.099
68.93
69.401
76.276
76.731
76.951
77.142
77.224
77.11
77.138
77.26
77.365
77.374
77.348
77.268
77.191
77.246
73.686
70.127
63.579
57.03
58.594
57.925
57.756
57.541
57.327
58.841
59.46
59.823
71.777
71.692
71.477
71.358
71.28
71.319
71.303
71.256
71.382
71.532
72.125
72.997
73.99
74.625
74.981
74.91
74.715
74.585
74.442
74.106
51.934
52.083
52.011
51.478
51.87
52.262
58.924
59.059
63.643
72.771
72.477
72.188
72.154
72.389
72.13
72.084
71.967
71.794
71.947
72.412
72.946
73.432
73.969
74.25
74.167
73.883
73.725
73.47
73.253
73.375
73.469
73.524
73.639
73.562
73.5
73.578
73.795
73.884
73.732
73.597
73.731
73.624
73.747
73.805
73.791
73.699
73.661
73.672
73.676
73.754
73.853
73.797
73.847
73.822
73.665
73.699
73.733
73.797
73.818
73.894
73.865
73.873
73.968
73.84
73.903
57.025
57.057
56.921
57.188
57.203
57.192
57.127
57.062
56.94
56.818
57.219
57.07
56.922
56.998
57.045
57.059
56.92
57.152
56.198
55.243
57.792
56.63
56.564
57.229
57.154
56.642
57.204
57.283
56.588
56.815
57.415
56.702
58.283
55.881
54.984
53.987
52.989
53.209
52.629
54.198
55.768
52.907
53.39
43.477
45.068
