45.504
45.528
45.368
45.208
64.579
76.553
76.535
76.556
76.526
76.568
69.547
69.517
69.568
69.576
69.562
69.624
69.574
58.79
57.595
57.875
44.659
44.619
45.344
44.854
57.269
55.992
56.034
56.29
56.306
56.425
56.469
56.367
56.342
56.685
56.624
56.49
56.386
56.284
56.412
56.4
57.074
56.799
56.602
56.406
56.298
56.123
56.418
56.713
56.516
56.555
52.018
51.984
56.226
56.516
62.517
68.518
68.593
68.533
68.508
68.534
68.61
68.493
70.678
71.406
71.354
71.358
71.807
64.296
44.447
44.597
63.651
75.447
75.619
75.429
55.023
54.203
55.343
54.031
52.719
53.364
64.534
64.766
64.952
64.917
65.371
65.25
65.438
65.405
65.736
65.521
65.652
65.863
65.656
65.453
65.423
64.922
64.166
54.384
54.87
54.902
54.192
55.246
54.604
76.487
76.645
76.773
76.857
76.906
77.002
77.153
77.214
77.314
77.448
77.538
77.596
65.736
65.455
65.313
64.977
64.882
65.68
66.478
70.074
73.669
73.573
73.568
73.579
75.442
77.305
77.696
77.967
66.091
66.054
65.912
65.645
65.593
64.848
64.165
48.776
49.351
49.411
49.466
49.483
49.444
49.583
75.473
75.456
75.434
75.557
75.494
75.558
75.547
75.584
75.824
75.775
75.696
75.847
75.783
75.659
75.609
63.533
62.042
62.268
62.493
63.599
62.871
69.182
75.494
75.691
75.705
75.705
75.925
75.88
76.048
75.914
75.981
75.877
76.105
75.988
76.05
75.924
76.036
76.06
64.061
63.606
63.924
64.243
64.614
66.165
66.248
66.158
66.375
66.557
66.293
66.161
65.578
64.996
61.472
62.532
49.633
49.59
49.567
75.052
75.459
75.327
75.219
75.111
64.161
64.943
64.228
64.667
64.676
64.397
64.82
64.579
68.874
73.169
73.163
73.212
73.337
73.318
73.168
73.02
72.957
72.73
56.208
56.752
56.426
49.745
49.395
49.593
49.694
49.455
59.92
70.384
70.668
49.321
49.557
77.966
77.875
49.481
49.907
64.533
64.627
64.476
64.325
74.022
73.587
80.456
80.305
80.042
79.892
79.848
79.715
79.565
79.483
79.603
79.759
79.907
79.868
79.914
79.942
54.77
54.46
54.746
54.514
54.668
73.121
73.053
72.984
54.637
54.587
54.478
54.495
54.075
54.601
54.422
54.492
54.482
54.505
54.646
69.549
69.42
69.633
69.503
69.536
69.507
69.532
69.553
69.561
69.582
69.55
69.584
69.564
69.613
69.568
69.596
54.761
54.606
54.667
54.696
54.569
54.669
53.926
66.386
65.036
59.559
54.081
54.797
54.381
54.435
54.258
54.275
54.291
55.236
54.664
54.369
54.347
54.332
55.027
54.288
47.254
47.172
47.459
47.887
47.307
47.545
47.12
59.778
59.834
59.715
59.596
59.804
59.726
59.62
46.783
47.562
47.621
47.353
47.546
47.618
59.277
59.572
54.653
54.557
78.152
78.017
77.905
77.929
77.843
77.68
77.875
78.069
47.525
47.591
47.646
47.587
47.716
48.317
47.384
47.582
47.547
47.43
47.417
46.926
46.345
55.742
69.042
69.013
68.829
70.182
71.536
71.558
71.581
71.576
71.571
71.573
71.575
71.538
71.502
55.179
49.06
50.03
49.328
80.778
80.5
80.197
79.816
49.553
49.517
79.458
79.433
72.576
72.774
72.997
72.924
73.082
73.337
73.355
73.335
80.288
79.932
79.673
60.71
61.147
67.217
73.287
80.637
80.341
73.199
73.121
73.045
73.116
73.119
73.105
73.028
73.098
73.038
72.973
72.676
72.686
72.427
49.454
49.617
49.489
49.268
49.048
49.599
49.601
49.53
71.085
71.399
71.479
73.587
73.535
73.543
73.552
73.57
73.571
73.552
73.639
62.079
59.292
64.056
60.128
56.199
54.331
56.239
50.322
51.399
50.674
50.481
51.099
50.069
50.744
50.533
50.507
58.454
58.094
57.733
66.063
66.313
66.141
73.895
81.648
81.61
72.138
62.667
62.606
62.465
62.846
56.44
50.035
51.149
50.851
50.553
50.552
50.511
50.615
50.581
50.13
64.399
62.847
63.191
58.141
53.091
51.354
50.701
50.669
51.076
50.362
51.043
51.231
51.42
77.23
81.145
81.072
69.559
69.573
69.544
65.838
51.198
49.511
54.136
54.674
54.417
54.447
54.444
54.662
54.775
54.551
54.461
61.578
61.539
61.475
54.424
54.605
66.512
66.53
66.545
66.546
66.544
66.544
66.532
66.595
