65.808
59.583
59.638
59.569
59.501
59.551
59.602
59.591
59.58
66.622
65.96
65.987
66.015
66.191
66.366
59.727
59.611
59.635
56.123
57.935
59.748
59.936
59.747
59.675
60.104
63.829
67.554
67.203
67.498
67.532
67.454
67.375
67.137
60.356
62.892
59.182
62.449
54.421
55.016
55.611
55.714
55.632
55.594
55.596
55.558
55.534
55.491
55.567
55.482
55.494
55.491
55.46
55.475
55.429
55.446
55.459
55.56
55.447
55.497
55.473
55.458
55.526
55.466
55.563
55.503
55.4
72.675
72.484
72.501
72.441
72.526
72.427
53.538
53.249
53.584
53.312
53.323
53.574
53.532
53.174
53.109
67.56
67.486
53.181
53.228
53.059
67.55
67.536
67.543
67.514
67.826
68.138
68.216
70.139
72.061
72.263
44.791
45.35
45.266
48.702
52.139
66.992
66.678
66.374
71.222
71.234
71.052
70.678
65.722
65.676
65.168
46.077
45.257
45.494
47.3
57.195
58.883
65.587
70.296
70.952
48.252
48.415
49.237
47.799
48.212
64.426
64.472
64.494
64.345
64.515
64.375
64.59
54.721
48.731
46.709
48.093
51.771
55.449
55.261
55.072
67.54
67.521
55.035
48.029
48.224
48.81
51.478
50.706
49.933
47.43
47.831
49.709
49.61
49.511
48.868
48.632
49.38
48.4
60.579
67.513
67.071
57.679
48.286
49.62
48.572
48.152
50.78
67.691
67.119
66.852
66.776
66.701
66.873
67.124
67.262
67.415
67.414
67.473
67.453
72.263
72.171
72.182
72.106
67.082
47.386
47.764
48.541
49.116
48.475
49.613
51.167
51.096
51.256
51.253
50.492
51.366
50.332
50.303
51.147
50.283
50.205
51.184
50.184
50.451
51.18
49.299
49.077
48.574
48.526
49.223
64.583
72.464
72.449
72.433
69.153
68.641
69.048
69.298
69.371
69.496
69.449
69.604
69.931
70.259
69.817
69.898
69.978
69.932
69.885
69.557
70.553
71.548
71.732
71.328
71.6
52.411
51.528
51.769
52.01
52.267
52.833
52.593
51.719
52.568
51.376
57.462
57.557
57.546
57.639
57.591
52.369
52.038
57.533
57.566
57.636
57.568
57.529
81.453
81.497
81.514
81.502
81.508
81.516
81.537
81.445
81.449
81.452
64.457
64.564
56.613
48.662
48.709
47.429
76.609
76.541
76.558
79.006
81.454
81.556
76.663
78.031
79.4
79.437
79.461
79.479
79.487
79.414
79.539
79.477
44.021
44.228
79.501
79.549
74.712
69.875
69.471
69.029
68.93
69.267
57.487
52.158
49.425
48.047
47.422
47.968
48.514
60.534
59.203
59.921
60.639
60.687
60.735
72.502
72.516
72.447
60.75
60.135
64.784
69.433
69.478
69.53
52.537
56.21
59.884
60.058
54.124
53.971
53.819
53.89
47.311
48.608
51.31
49.488
48.858
47.546
48.021
48.683
49.58
65.599
65.55
65.594
65.997
69.317
68.248
73.065
72.804
72.518
72.495
67.392
67.045
66.989
65.744
