73.033
73.05
73.062
73.401
73.74
75.783
77.159
78.317
71.817
72.806
73.023
71.047
71.034
71.041
71.049
71.799
72.55
72.266
72.565
72.51
72.291
72.595
73.067
73.165
73.069
72.998
73.082
73.201
72.896
73.014
72.939
72.677
72.591
72.805
73.278
72.161
71.044
61.62
61.489
56.849
57.816
56.964
63.931
73.846
73.73
73.559
73.694
73.727
73.747
73.804
73.55
73.917
74.314
74.872
75.188
75.322
75.172
75.034
74.91
74.689
62.314
61.087
57.282
57.33
55.739
57.615
57.018
57.128
57.394
62.053
61.679
61.619
61.367
60.934
60.79
60.693
60.65
60.861
61.176
61.366
61.569
61.455
61.118
65.992
70.867
63.586
56.304
56.238
56.352
55.991
56.2
83.038
83.104
71.112
71.051
71.079
71.041
70.918
71.154
69.29
67.426
67.228
67.368
68.171
69.02
69.73
70.485
70.871
71.055
65.102
68.124
71.146
70.757
70.496
70.675
70.695
83.042
83.133
83.091
83.106
83.054
79.607
81.384
83.161
81.429
78.559
78.989
79.209
79.284
72.506
72.577
72.74
72.807
57.204
57.782
56.262
54.742
60.225
65.708
64.637
64.25
63.995
64.283
80.083
80.098
80.1
80.088
80.108
80.114
80.075
80.118
80.153
80.136
55.528
55.507
55.399
80.124
80.031
80.096
80.127
80.089
80.072
80.096
80.144
80.176
76.245
77.22
78.195
78.104
78.052
78.04
78.205
69.09
66.638
66.414
66.189
67.377
68.564
69.608
70.253
76.446
76.188
76.109
76.034
76.046
55.2
54.639
56.442
56.587
53.654
52.838
50.955
49.071
54.957
66.223
66.19
54.18
52.94
54.413
53.294
54.374
54.407
54.44
49.553
49.316
54.231
68.204
78.241
78.149
78.118
43.051
43.27
43.004
78.062
78.152
78.141
49.152
49.569
49.631
66.031
66.116
78.119
78.1
78.061
78.078
78.116
74.123
70.131
69.672
69.214
66.879
64.545
53.413
53.479
53.708
78.126
78.081
78.036
72.559
72.975
66.293
66.055
65.548
59.787
54.025
54.376
54.217
54.057
54.764
53.33
53.128
64.667
65.228
59.531
62.643
65.756
65.6
65.653
65.707
65.813
78.217
78.176
75.727
73.277
73.255
78.118
78.083
77.992
78.029
78.187
77.908
72.07
75.049
78.027
78.101
78.147
78.063
78.003
77.982
56.936
56.969
57.001
48.92
49.29
50.463
49.569
48.675
43.01
44.451
44.6
71.205
71.109
44.833
44.848
45.004
45.914
46.824
80.116
80.098
75.632
71.166
66.806
66.357
66.389
66.603
66.735
55.936
45.137
45.138
51.335
48.094
58.651
51.375
60.145
52.454
44.763
45.045
45.363
57.156
57.306
57.221
57.137
56.802
44.351
44.747
44.753
45.346
45.401
58.802
70.175
70.024
69.639
69.634
69.762
69.549
69.284
57.551
57.083
62.934
54.063
61.485
68.908
68.298
68.462
68.625
68.123
67.621
67.499
67.232
67.429
67.626
67.597
67.389
67.559
67.835
67.719
68.129
68.539
68.45
68.674
68.835
68.846
68.848
78.216
78.225
78.137
77.999
78.049
78.191
69.375
69.182
68.959
68.679
61.696
54.712
52.181
52.248
52.314
78.146
78.182
78.044
78.107
72.195
66.282
66.166
59.11
59.098
78.132
78.069
78.069
59.124
59.114
59.09
59.073
47.123
47.335
47.1
46.897
47.03
78.097
78.034
78.072
78.012
66.106
66.101
