65.065
65.047
65.12
65.232
64.853
65.043
64.967
64.97
64.923
65.013
65.037
65.021
65.04
65.075
65.067
65.06
65.021
65.096
65.027
65.102
65.135
65.209
54.681
56.624
58.567
58.214
58.099
57.984
58.053
57.945
57.836
57.891
57.899
57.906
57.976
57.938
57.94
57.985
58.045
57.866
57.919
58.224
60.586
62.949
62.841
63.284
75.315
75.526
75.545
75.598
75.664
75.708
75.89
76.111
76.406
76.478
76.528
76.513
66.406
66.949
66.972
66.689
66.406
66.912
65.614
77.078
77.009
76.778
76.479
76.063
75.582
62.537
61.39
60.18
58.895
57.609
61.815
62.224
61.894
62.045
66.89
66.893
66.948
57.713
57.969
57.816
70.008
69.731
69.453
69.409
69.438
69.535
69.476
69.553
69.492
69.282
56.673
57.275
56.455
59.619
62.783
66.912
67.236
67.049
66.977
66.894
66.934
57.532
57.509
69.7
69.612
69.43
69.231
69.441
69.418
69.38
69.342
68.853
68.882
68.609
68.646
67.131
66.86
57.919
58.156
62.39
62.225
62.059
68.474
68.3
67.651
67.956
67.733
55.918
55.365
67.721
67.995
56.31
55.613
55.779
55.945
56.006
66.827
66.799
54.9
55.485
66.905
66.937
66.793
58.005
57.617
62.122
62.106
62.094
61.93
61.963
67.962
62.53
57.097
57.657
58.01
57.639
57.67
58.622
58.146
57.67
58.04
58.121
58.686
70.521
70.306
69.722
57.874
57.014
57.658
56.744
56.702
56.661
57.595
57.182
56.502
56.462
57.343
57.672
56.967
59.781
55.803
59.282
62.761
62.58
58.519
58.118
57.683
62.125
62.072
61.967
61.999
61.856
62.032
58.118
57.68
57.931
58.698
58.429
58.16
50.189
50.076
50.11
50.05
49.842
74.068
73.957
73.985
80.991
81.023
81.089
74.401
74.718
75.023
75.392
75.954
76.312
76.411
76.595
76.584
76.666
64.554
64.466
64.344
64.418
64.619
76.692
76.715
76.689
76.626
76.433
76.236
75.729
74.917
73.749
59.945
61.357
58.208
57.51
57.734
58.867
59.999
60.63
59.49
60.792
59.92
59.903
56.944
58.238
58.991
59.865
60.345
60.824
59.905
56.569
57.705
59.472
57.877
57.712
56.549
56.867
56.661
55.7
56.535
55.562
56.648
56.525
56.402
56.153
68.668
68.884
68.791
68.568
68.568
68.924
68.801
69.018
68.732
68.596
68.594
68.506
68.502
71.243
73.983
74.081
73.979
74.023
73.997
57.081
56.91
56.663
56.416
67.956
67.906
67.933
68.004
67.962
68.059
68.13
68.393
68.619
57.359
55.308
56.586
54.586
55.251
55.916
43.017
42.962
56.187
56.369
57.895
62.263
62.073
62.086
61.991
62.002
62.012
62.008
67.988
62.858
57.728
58.727
56.906
61.907
62.033
74.015
73.986
55.583
56.346
56.41
56.474
68.976
69.083
69.118
68.932
69.017
69.064
69.11
69.003
68.857
69.06
55.313
55.962
56.611
69.025
68.85
68.909
68.858
68.885
68.912
69.01
69.254
75.572
66.935
58.298
57.389
58.178
57.97
57.874
58.013
58.089
58.164
57.665
57.806
57.948
