61.847
61.822
61.841
61.847
61.844
61.835
61.859
61.865
61.852
61.841
61.875
61.901
61.752
80.888
80.878
80.857
80.818
80.788
80.868
80.812
80.778
80.865
80.834
80.798
80.817
81.199
80.842
80.857
80.854
80.839
80.799
80.87
80.799
80.834
80.84
80.838
80.788
80.811
80.951
61.807
61.803
61.753
61.789
61.806
61.833
61.805
61.882
61.821
61.859
61.877
61.903
61.635
61.876
61.926
61.958
61.855
61.899
61.893
61.966
61.753
61.718
68.872
68.85
68.882
61.307
61.953
61.931
61.969
61.97
61.913
61.759
62.149
68.655
68.922
69.106
62.039
62.029
62.02
61.732
61.826
61.755
62.013
61.986
61.959
61.879
61.925
68.868
68.838
68.81
61.542
54.275
54.356
54.753
55.293
55.505
55.279
49.335
52.366
47.743
51.394
47.64
43.885
43.075
43.074
44.381
44.472
44.564
44.722
44.88
44.33
44.526
44.721
55.245
54.846
55.053
61.923
61.805
61.833
65.6
69.366
68.729
61.633
49.39
49.153
49.509
49.286
49.063
49.035
48.888
49.352
49.47
50.309
49.798
49.832
49.945
49.337
48.729
57.85
59.954
62.057
61.892
61.868
61.843
56.388
66.157
59.125
52.093
50.429
49.782
68.362
68.155
67.87
67.692
67.514
48.953
48.923
48.785
48.804
49.28
49.994
49.973
50.315
51.309
51.501
51.61
52.642
51.17
49.849
47.76
45.163
45.044
44.563
45.394
46.029
46.32
46.62
46.81
46.398
46.607
45.714
46.632
45.559
54.758
54.588
54.866
54.825
54.667
66.908
66.829
66.345
66.472
66.59
66.565
66.721
66.846
66.773
60.501
54.229
54.15
54.114
53.788
53.636
53.753
54.17
50.884
47.597
47.934
47.909
47.884
47.115
54.035
58.917
59.021
59.042
58.993
58.928
58.928
58.965
58.756
58.736
58.682
58.616
58.788
58.711
58.842
58.972
46.463
47.367
46.869
46.811
46.987
47.053
46.902
46.64
46.806
46.815
58.788
58.783
59.031
59.151
59.233
59.118
59.002
47.034
45.849
47.812
65.573
65.662
65.63
53.773
53.797
53.569
53.881
53.91
59.277
59.132
58.995
59.054
59.029
58.694
77.944
77.87
77.951
77.855
65.73
56.843
45.386
45.916
46.965
47.51
47.047
46.533
65.86
65.83
65.854
65.898
61.903
61.846
62.174
61.28
67.63
57.956
48.281
48.401
48.068
47.735
53.709
53.906
54.048
53.068
52.907
52.745
52.802
52.859
52.204
51.55
50.533
51.845
53.895
54.531
54.841
54.934
54.242
52.996
51.75
53.794
53.997
52.569
53.639
54.159
54.679
55.202
54.729
55.086
54.759
54.968
55.132
54.678
55.161
54.923
53.559
63.833
63.897
63.781
63.89
63.829
63.878
63.907
58.822
63.083
67.343
66.841
54.774
54.647
54.693
54.494
54.616
54.77
54.992
54.775
55.026
55.037
54.785
55.008
54.434
54.968
54.815
54.523
54.915
53.767
63.787
63.901
54.365
54.765
67.1
66.782
66.773
66.967
66.933
66.898
54.835
55.124
55.267
54.8
54.908
54.481
54.24
54.098
54.143
54.567
55.02
55.783
56.191
56.431
56.017
55.702
55.578
55.758
56.044
55.95
55.995
55.865
55.808
55.72
55.566
63.862
63.842
63.973
63.868
63.872
70.881
70.869
70.907
70.883
70.797
70.621
70.457
70.103
57.808
70.407
61.136
51.866
51.565
