59.117
47.081
51.779
56.478
58.577
58.811
58.788
58.884
58.776
58.889
58.466
58.279
58.314
58.594
58.668
58.621
58.294
46.526
52.782
59.039
58.447
49.477
48.516
47.555
59.644
63.902
64.247
64.296
64.345
64.435
71.768
67.952
64.136
59.67
47.855
48.074
47.962
47.947
48.032
48.118
47.74
48.069
47.849
48.107
64.68
64.859
65.285
65.616
65.531
65.749
65.843
65.805
65.987
65.624
65.579
65.223
64.468
62.895
67.006
67.11
66.953
67.053
58.449
62.896
67.344
75.887
75.926
75.759
75.669
75.619
75.6
75.626
75.683
75.793
75.97
75.993
63.56
63.387
63.215
55.75
57.681
59.613
71.56
79.288
78.927
79.286
73.594
73.61
73.238
73.023
72.912
72.204
71.496
49.413
47.64
46.689
48.211
48.78
53.39
58.001
58.096
57.81
58.332
58.17
58.643
58.014
58.248
57.795
58.277
58.31
58.342
58.229
58.548
53.821
56.078
58.334
58.604
58.434
58.514
58.001
58.416
58.19
58.824
57.537
56.249
47.167
47.52
59.065
57.717
58.859
57.326
59.063
58.439
58.851
58.72
47.825
47.664
47.908
47.993
48.078
47.774
48.136
47.842
48.656
63.967
63.884
54.687
53.928
53.394
53.635
53.875
47.921
48.044
47.836
48.363
47.434
47.763
48.508
47.935
47.7
48.283
48.257
48.232
47.809
48.62
48.711
50.992
49.527
48.062
48.371
58.93
59.145
71.032
70.72
70.493
70.352
70.179
70.333
70.039
70.049
69.783
69.789
68.365
66.94
60.061
53.381
51.033
50.934
63.512
63.198
63.609
63.433
63.35
63.267
82.394
82.375
82.56
63.39
63.496
63.385
63.664
63.696
63.52
49.387
49.301
68.903
69.132
73.052
76.972
76.972
76.794
76.838
76.721
76.76
76.663
76.902
76.905
77.106
77.168
64.762
64.372
63.982
63.227
61.967
58.427
54.888
51.966
57.677
63.387
75.253
75.36
75.459
75.5
75.496
75.546
75.596
75.722
75.735
75.623
75.346
74.903
74.684
61.336
60.404
59.458
58.537
58.961
59.552
60.104
60.195
59.942
59.396
57.155
55.708
54.582
53.456
52.43
51.404
55.276
55.94
55.937
55.933
55.626
55.817
56.008
56.342
56.22
56.097
56.102
62.235
62.096
56.154
56.421
55.942
50.334
44.726
45.87
44.949
44.294
44.489
44.685
45.952
45.255
56.111
56.33
54.072
54.853
55.635
56.325
56.179
56.308
56.777
55.255
55.516
55.777
56.171
56.147
56.123
56.28
55.909
55.876
55.843
56.896
56.682
57.216
57.536
56.291
54.325
54.897
80.994
81.073
81.002
53.435
53.396
54.198
80.964
80.937
81.076
81.016
81.061
81.041
81.028
81.011
