45.15
44.666
44.818
45.308
45.654
44.829
51.663
51.595
51.969
51.95
52.07
52.236
51.851
67.097
67.024
67.011
43.038
44.685
44.186
43.687
45.393
45.435
45.221
45.054
44.773
44.435
55.412
71.759
74.701
74.895
75.53
49.962
50.349
51.268
52.186
54.586
56.425
66.124
72.131
72.078
72.09
72.123
72.133
72.091
71.959
71.691
71.366
71.353
71.341
71.33
71.443
71.699
71.665
64.699
64.214
63.749
67.062
70.374
70.208
70.156
70.181
63.578
63.455
83.063
83.027
82.997
43.123
43.519
45.731
53.019
65.9
65.73
65.664
45.329
45.109
45.391
45.174
44.918
44.662
75.483
75.196
74.841
74.511
74.309
53.001
52.621
52.24
53.419
52.515
51.612
52.108
52.604
51.895
52.032
51.773
51.408
66.145
66.694
66.476
66.332
56.662
56.767
66.107
66.021
66.002
66.021
74.678
73.908
78.872
78.501
77.755
77.45
57.166
56.472
56.243
68.836
69.505
69.144
57.161
56.299
55.045
52.049
49.054
50.574
49.149
57.129
70.215
69.815
75.989
75.662
68.382
56.242
56.604
56.769
56.795
57.691
64.472
71.252
77.066
76.816
76.505
76.3
75.983
75.59
75.867
76.78
77.579
71.038
70.903
70.491
69.785
69.487
56.491
56.808
57.125
56.975
56.686
55.827
56.181
56.535
75.909
75.823
75.697
75.771
75.95
68.976
68.74
61.612
63.603
65.594
52.59
52.744
51.172
52.071
52.704
54.89
54.258
54.32
54.517
54.714
54.048
54.074
54.451
43.607
43.053
45.405
47.756
55.372
55.343
61.499
67.655
67.95
67.384
74.175
74.096
74.154
54.66
55.226
54.744
55
55.256
55.528
55.658
55.775
55.548
55.365
55.181
55.859
54.979
68.945
56.071
63.55
53.364
43.177
43.025
42.947
43.395
43.849
44.302
55.21
81.05
80.944
80.862
80.916
80.97
80.98
80.989
80.968
80.947
80.952
80.999
80.949
80.977
81.025
80.925
81.033
80.967
80.978
43.695
44.684
83.966
83.943
44.981
45.328
45.194
44.945
45.288
45.03
45.067
44.836
44.858
44.659
44.183
44.044
43.99
44.605
44.812
55.885
66.685
80.969
81.008
80.972
81.014
80.958
80.902
80.927
80.912
65.275
73.104
58.148
70.551
82.954
83.047
82.953
82.993
82.999
82.963
82.99
82.987
82.985
83.009
82.976
82.982
78.96
79.015
76.958
76.932
76.783
75.874
75.885
73.978
73.928
72.023
71.954
71.521
71.088
70.932
70.84
70.865
77.691
78.062
78.335
71.054
70.65
58.108
57.798
56.078
59.264
62.451
63.725
65.858
64.288
64.613
65.088
65.831
64.982
65.93
66.125
65.271
66
66.203
65.402
66.166
64.997
65.295
64.242
67.177
70.112
67.894
65.675
64.763
65.328
77.132
77.194
77.22
77.168
77.191
77.168
77.163
77.327
77.468
77.524
77.554
77.424
77.135
64.981
63.893
62.878
62.333
62.245
63.465
63.836
64.035
64.256
64.342
64.199
64.215
64.201
64.387
64.573
76.389
76.236
76.297
76.437
76.369
76.371
76.265
76.3
64.106
64.185
64.169
64.158
64.207
64.069
63.882
63.971
63.994
83.968
83.984
75.239
75.518
75.274
75.2
75.456
75.643
75.763
75.683
64.008
63.789
63.889
64.172
63.944
70.061
76.178
76.113
76.046
75.932
69.967
64.003
64.28
63.682
64.181
64.627
65.472
65.073
66.267
66.308
66.373
66.561
66.514
66.377
65.891
65.367
64.582
63.483
63.615
63.82
64.025
66.59
66.245
70.612
74.98
75.02
75.078
43.292
43.092
43.284
43.39
48.592
50.401
56.666
57.017
56.545
50.512
49.374
50.184
49.514
56.634
56.655
56.783
57.204
57.363
56.86
56.85
49.211
49.186
56.565
56.708
82.641
82.129
49.593
50.703
51.169
49.575
