50.083
52.631
52.84
51.635
50.431
62.297
61.919
61.69
61.77
62.045
62.481
62.5
62.159
61.906
60.972
60.393
59.884
60.022
59.816
59.581
60.15
59.998
60.058
60.085
60.333
60.22
69.229
69.427
69.468
69.487
69.46
69.428
75.607
81.786
81.817
81.643
71.693
71.905
72.035
83.842
83.874
83.938
84.043
48.123
47.786
47.924
48.061
48.99
48.529
48.454
48.662
48.609
48.531
48.269
48.022
47.774
47.922
48.602
48.742
48.868
48.472
67.516
67.468
67.48
67.462
67.397
67.493
67.454
67.431
67.436
67.477
67.54
67.474
67.588
67.417
67.557
67.451
69.513
69.514
69.501
69.535
69.489
69.452
69.548
69.457
72.445
72.53
72.504
72.53
72.446
72.505
72.551
72.436
57.546
57.447
57.99
57.829
57.668
57.568
57.468
57.827
53.937
57.218
53.918
55.031
56.144
68.937
68.725
60.828
66.461
72.093
72.051
72.287
72.429
72.398
72.268
53.441
53.693
52.693
59.019
65.346
64.879
59.006
53.133
52.651
53.155
53.508
53.306
53.308
53.583
53.45
53.435
68.2
66.808
66.096
73.028
72.779
65.736
65.752
65.99
66.227
59.478
52.729
53.784
67.77
67.064
69.662
72.259
76.364
76.31
73.908
71.505
71.712
71.832
69.118
69.568
67.45
67.71
68.713
67.159
66.475
66.729
66.295
65.69
65.353
58.465
64.229
69.994
70.117
69.767
69.84
69.761
70.116
69.55
68.46
67.203
65.946
65.833
67.952
69.627
65.221
65.514
65.57
65.618
65.854
60.162
60.256
60.17
60.002
48.274
47.462
56.481
65.5
65.621
70.344
70.088
70.246
70.259
69.817
68.207
67.888
67.581
67.245
69.86
68.768
67.677
81.677
81.573
81.614
81.719
81.658
81.656
69.747
70.074
69.856
69.639
69.77
69.9
74.594
74.717
69.694
69.607
69.346
69.162
77.407
77.385
66.509
74.061
64.84
68.289
71.738
71.733
71.574
71.477
71.503
71.523
71.712
69.699
69.509
69.381
69.065
69.159
69.204
68.988
69.23
69.333
69.436
74.315
72.894
71.474
83.627
83.396
83.365
83.473
83.455
83.414
83.373
83.419
71.439
71.441
71.379
83.319
83.285
83.35
83.378
83.405
83.415
83.429
83.414
83.317
83.272
83.243
83.208
83.272
83.271
83.458
83.605
83.454
83.285
83.187
83.043
82.985
83.081
71.271
71.298
83.332
83.383
83.365
83.344
83.245
83.111
83.079
83.118
83.189
83.331
83.61
83.621
71.455
71.213
71.019
83.105
83.118
71.257
71.234
71.262
71.339
71.417
71.356
71.436
74.447
83.346
83.377
62.353
62.406
62.421
62.436
62.474
62.541
59.122
55.703
55.895
55.588
55.781
55.585
55.755
55.538
83.317
83.178
55.603
55.626
55.579
