53.902
53.04
59.408
59.312
58.127
52.377
54.145
55.13
55.288
55.446
53.247
51.844
53.455
53.154
53.195
53.06
59.371
59.052
59.5
59.063
61.965
61.986
58.763
58.563
58.565
58.567
58.588
58.609
54.966
55.562
55.252
57.074
58.896
58.81
58.876
58.841
55.14
55.009
54.895
55.216
54.644
54.701
54.758
58.754
57.083
60.824
62.17
58.266
60.312
62.358
61.685
61.489
60.872
61.308
61.67
61.527
60.497
61.768
54.958
53.594
54.07
54.546
55.007
55.361
54.379
62.081
61.556
61.088
54.355
55.48
55.241
54.838
55.679
54.923
74.041
74.115
74.223
74.163
74.172
74.177
74.1
73.985
74.044
62.027
61.876
52.412
63.141
62.414
61.688
62.046
61.965
61.94
61.978
61.67
61.591
61.341
61.512
61.762
62.078
62.137
64.557
64.032
76.279
76.208
76.134
76.249
76.134
76.063
62.053
61.614
76.366
76.426
53.884
54.746
77.058
77.262
77.47
77.679
77.894
77.984
78.094
77.963
77.989
78.07
77.986
78.04
78.247
78.187
78.446
78.33
78.512
78.55
78.588
78.569
78.519
78.578
78.518
78.458
78.385
78.312
78.084
65.938
65.739
78.012
78.202
77.921
77.969
77.823
77.683
77.561
77.7
77.52
77.656
77.801
77.96
77.946
77.989
78.291
78.122
78.44
78.357
78.258
78.357
78.276
78.334
78.308
78.362
78.327
78.373
78.379
78.389
78.444
78.22
78.394
78.466
78.527
78.444
78.415
78.614
78.497
78.311
78.313
78.437
78.535
78.533
78.483
78.505
78.465
78.355
78.247
78.332
78.363
78.475
78.49
78.479
78.441
78.546
78.469
78.459
78.493
78.529
78.584
78.381
78.231
78.228
78.203
78.277
78.35
78.357
78.322
78.248
78.177
78.195
78.164
78.164
78.194
78.236
76.281
76.033
83.195
83.144
83.03
83.168
83.339
83.054
83.003
82.908
82.858
82.809
82.857
82.906
53.404
54.306
55.469
56.633
62.718
62.004
57.253
57
57.185
56.986
57.144
56.985
57.057
56.901
57.757
54.261
54
54.708
55.247
54.847
54.829
54.984
54.755
55.077
55.033
54.897
55.044
54.704
55.178
54.971
55.789
54.617
47.792
47.85
48.486
51.737
54.987
54.878
54.91
55.059
54.927
55.055
67.241
76.421
76.735
76.967
77.038
77.219
77.271
77.204
77.058
79.053
61.668
61.524
61.538
61.438
60.883
67.711
67.003
66.863
66.723
78.792
78.78
78.766
78.727
78.434
78.164
77.586
76.763
75.83
74.993
74.871
75.558
76.227
77.001
84.217
84.202
84.207
84.229
84.235
84.327
84.39
84.371
84.425
84.561
77.552
77.632
77.678
77.683
77.553
84.511
84.451
84.137
81.354
78.571
78.612
53.376
66.039
69.538
73.036
73.097
73.609
74.378
75.039
75.268
75.029
74.346
75.836
61.223
61.553
61.332
61.666
61.267
61.793
63.733
63.946
64.131
60.645
57.159
56.366
56.312
56.257
55.956
55.654
54.84
54.873
55.535
73.677
72.908
79.672
79.416
52.126
53.453
59.805
79.277
79.764
80.242
80.808
80.824
80.887
80.725
80.66
80.615
80.469
80.617
80.35
80.603
80.535
80.588
80.6
80.636
80.726
80.646
80.664
80.721
80.738
80.718
80.666
80.864
81.122
80.846
73.815
73.503
73.632
73.565
73.497
73.593
80.625
80.488
80.042
80.472
81.204
82.446
82.985
83.053
75.989
75.888
75.538
74.606
59.211
59.75
59.114
58.967
56.503
54.038
53.973
53.908
58.679
58.635
58.809
58.671
58.879
77.86
77.535
77.614
77.408
77.603
68.184
75.267
76.278
77.29
77.439
77.601
77.578
77.666
77.384
77.247
77.467
77.424
77.595
77.716
77.805
78.252
68.656
70.131
71.606
72.374
80.151
80.494
80.621
80.451
80.169
79.878
79.802
79.859
80.235
80.413
80.505
80.38
80.172
80.066
73.2
73.089
56.032
57.163
73.564
72.749
58.793
59.632
59.064
59.291
58.97
58.845
58.72
58.963
58.84
55.446
52.052
51.086
59.059
59.21
58.385
58.343
58.886
59.307
59.402
52.013
