65.027
57.016
57.16
56.965
56.999
57.033
57.611
57.915
62.171
62.021
57.76
57.811
61.928
61.97
57.814
57.955
58.027
58.007
57.9
57.946
57.989
58.009
57.874
61.961
61.985
61.938
61.718
62.159
61.79
61.893
62.056
62.218
65.198
67.336
69.53
70.956
71.856
72.592
73.038
73.42
73.693
73.799
73.549
60.809
59.14
58.541
53.091
53.055
61.831
62.023
62.079
62.082
57.915
58
61.329
73.594
73.373
72.85
79.899
79.771
79.593
79.715
79.859
79.935
73.254
73.396
73.538
67.606
61.674
61.645
61.531
61.53
61.528
61.711
61.979
61.857
61.739
61.572
58.019
58.104
57.972
61.921
61.939
61.833
61.698
61.594
61.509
61.337
60.894
59.079
57.513
58.133
57.906
57.856
57.805
58.808
61.09
60.947
61.278
61.441
61.428
61.214
61.457
61.527
61.584
61.591
61.421
61.221
61.222
58.549
57.523
57.956
58.069
57.857
58.469
58.721
71.064
71.123
74.5
77.877
77.802
77.846
58.551
58.479
70.284
70.14
69.885
57.28
56.758
57.34
57.921
58.476
57.834
60.031
60.072
60.231
59.638
59.14
57.311
57.43
58.697
59.551
60.406
59.833
59.436
58.99
59.609
59.928
56.787
56.484
56.473
56.083
55.693
56.365
55.768
59.552
59.85
60.123
64.363
60.377
56.392
56.079
55.522
56.079
56.077
55.835
55.778
56.248
56.111
56.329
56.037
54.204
60.049
58.133
61.555
62.187
62.224
61.82
62.126
61.954
65.483
69.013
67.498
57.448
57.284
61.915
62.063
57.851
58.005
58.303
59.796
59.032
58.65
58.651
58.866
58.305
57.743
62.014
61.909
61.987
61.971
61.888
66.703
62.689
70.311
64.723
59.134
58.653
58.568
58.604
59.187
59.163
58.943
58.998
60.272
61.909
61.977
62.046
58.113
58.168
58.065
58.517
58.969
58.611
61.495
60.716
58.462
58.326
58.03
57.527
57.149
56.997
56.845
56.995
57.145
57.139
57.132
57.386
61.972
61.959
62.002
62.044
58.106
57.629
57.553
57.467
57.308
56.52
57.273
57.288
57.238
57.284
57.33
57.332
57.197
57.061
57.986
62.03
62.109
62.127
57.948
57.927
57.911
57.888
57.931
57.983
58.012
57.891
57.945
58.005
57.981
58.048
57.854
57.925
57.97
57.986
57.856
57.709
58.037
58.012
57.962
58.024
58.045
57.936
57.851
58.073
57.983
57.822
58.009
57.952
57.918
58.063
57.967
57.967
58.031
57.836
57.914
58.237
58.927
58.7
58.473
61.802
61.789
57.498
57.955
58.036
57.981
58.175
57.487
58.055
61.668
65.375
63.792
62.21
62.161
61.972
58.334
61.633
64.932
64.914
68.606
72.299
72.409
72.235
60.268
59.346
59.365
59.384
61.107
61.146
61.293
61.439
61.86
61.827
80.9
80.757
80.672
62.001
61.891
61.861
59.126
59.073
59.043
59.014
58.797
58.58
64.88
61.772
66.396
71.021
70.561
70.289
69.875
69.607
69.417
69.205
69.14
69.099
69.425
57.614
57.777
56.796
57.203
57.609
57.216
58.043
57.997
57.251
57.874
58.011
57.557
57.771
58.124
57.863
57.633
57.811
61.465
65.119
64.691
64.804
65.073
65.231
65.132
64.829
65.05
65.002
65.025
64.924
64.983
57.331
57.445
57.54
57.32
57.609
57.553
57.497
57.698
57.468
57.713
57.502
57.053
56.96
56.736
55.67
54.604
55.493
55.657
56.591
57.524
57.291
56.811
56.331
57.582
56.529
65.194
64.925
57.803
56.949
64.944
65.024
64.988
67.242
58.396
58.14
57.884
62.773
62.571
63.061
63.278
63.008
62.839
62.933
63.168
63.05
62.842
62.836
63.145
63.175
62.877
62.809
63.147
63.201
63.004
62.714
63.019
55.428
54.894
54.519
55.098
55.873
55.069
54.488
55.195
55.606
