67.507
67.44
67.563
67.561
67.568
67.626
67.408
67.465
67.54
67.495
67.363
67.382
67.514
67.571
67.578
67.56
67.713
67.539
67.705
67.537
67.696
53.402
52.012
67.219
66.999
66.982
66.964
54.959
54.563
54.168
52.47
50.773
48.069
48.619
47.972
44.949
45.234
44.966
44.698
49.351
47.525
48.662
48.821
48.45
47.756
47.027
46.299
45.363
44.428
47.496
50.565
50.444
43.599
44.402
49.529
51.274
59.154
57.956
57.172
56.387
57.065
65.071
64.934
69.792
68.747
67.703
64.46
64.539
64.474
67.856
71.237
75.784
75.425
75.466
79.406
79.648
76.063
76.283
74.337
72.391
72.049
84.48
84.463
84.509
84.436
67.529
67.472
67.53
84.525
84.459
84.428
84.551
67.701
67.746
66.433
65.288
72.148
72.065
72.01
71.89
71.55
71.523
69.531
67.539
72.566
81.742
81.73
81.721
81.768
76.897
72.026
71.06
84.527
84.492
84.468
84.444
84.502
84.494
84.561
84.491
84.517
81.708
81.758
81.664
81.7
84.47
84.499
84.516
84.542
84.491
81.707
68.135
67.704
67.387
81.703
81.644
81.663
81.631
81.665
81.615
81.618
81.606
81.689
81.65
81.61
81.628
81.58
67.638
67.458
81.542
81.543
81.49
84.559
84.34
83.957
83.693
83.705
83.717
83.73
83.744
83.821
83.742
83.563
71.596
77.62
83.644
83.885
83.807
83.775
83.913
83.799
83.805
83.648
83.491
83.597
83.704
83.723
83.834
83.804
83.775
70.081
69.269
73.706
73.587
73.648
73.868
73.795
83.7
83.699
73.881
78.723
83.565
83.565
83.693
83.731
83.661
83.936
83.729
83.774
83.708
83.582
83.501
83.589
83.544
83.664
83.768
83.741
83.68
79.389
79.174
83.521
83.522
83.635
83.589
83.542
83.761
83.678
79.411
78.927
83.717
83.662
83.618
83.574
74.653
79.146
75.391
77.392
79.394
83.454
83.559
83.602
83.588
83.784
83.672
83.679
83.667
83.562
83.507
83.595
83.463
83.476
83.545
83.572
83.585
83.469
74.186
64.904
65.108
58.205
63.878
69.552
69.598
75.612
70.937
66.263
66.496
66.607
81.603
81.719
82.696
83.672
83.539
81.742
69.518
67.981
69.48
69.507
69.498
69.5
71.913
71.874
66.722
66.871
67.565
67.627
72.355
75.929
76.029
76.061
76.371
73.087
69.804
75.632
63.231
73.382
77.445
81.509
81.729
81.72
76.932
79.304
81.675
81.506
76.602
71.698
77.625
83.552
83.657
67.904
68.764
69.624
76.506
64.352
68.395
72.438
72.516
72.508
81.766
83.573
81.607
81.553
81.35
81.147
81.406
79.76
81.686
79.296
79.209
79.55
79.958
81.433
74.746
75.094
73.466
71.839
72.05
67.042
66.904
66.972
67.123
83.484
81.508
81.502
81.437
81.447
81.627
81.642
81.687
73.959
66.231
66.807
66.973
66.732
81.484
81.481
79.034
76.587
79.084
75.419
71.754
70.848
57.451
58.76
59.465
59.523
59.582
64.274
64.468
64.751
67.856
67.409
67.131
66.431
66.556
71.678
71.687
76.459
76.57
71.614
53.871
60.887
67.903
57.126
46.35
46.695
63.15
59.014
54.877
55.281
51.304
61.478
71.652
71.605
66.573
66.602
66.004
66.538
66.164
66.729
63.264
59.8
63.484
67.168
71.322
69.501
67.68
73.555
72.625
71.695
75.662
63.872
52.083
52.598
53.132
52.134
52.816
52.984
52.909
52.834
52.567
71.371
71.469
71.603
71.554
49.233
47.185
47.678
47.669
53.862
54.092
54.322
67.526
76.587
79.481
79.506
79.566
79.626
47.339
47.658
47.296
47.003
47.477
47.516
47.555
47.497
62.057
76.617
76.679
62.223
47.766
48.83
48.32
47.472
47.52
58.984
66.085
66.969
67.106
66.388
57.409
48.43
46.496
52.552
69.743
73.447
74.202
74.732
75.04
75.004
54.941
56.12
54.907
75.471
76.438
69.846
69.922
58.014
57.309
56.999
56.723
56.76
56.796
57.038
56.822
55.587
62.883
70.18
76.266
76.084
75.943
75.98
76.108
76.245
69.238
68.976
63.053
57.13
58.512
64.317
70.121
76.696
75.973
74.947
73.751
72.391
69.894
49.291
47.074
53.841
60.608
60.542
69.108
77.674
77.467
79.441
81.416
81.101
81.286
81.242
62.519
65.893
69.268
69.64
69.667
69.588
69.6
69.373
69.429
67.02
64.611
64.85
74.506
84.161
84.143
84.08
84.159
84.2
84.312
60.203
59.795
59.704
59.196
59.383
59.322
59.679
60.09
47.263
46.934
47.282
46.748
48.37
47.964
47.558
49.2
64.546
65.212
65.879
66.309
66.739
66.96
66.874
67.13
67.257
67.411
67.503
67.324
67.172
66.824
76.343
77.732
79.121
76.516
73.911
73.628
73.43
73.489
73.228
73.213
73.056
73.165
73.198
73.397
73.508
73.772
73.921
73.892
73.659
73.431
66.856
69.799
63.898
57.997
56.756
64.247
66.999
69.752
69.607
61.577
65.59
69.603
69.621
60.95
72.411
62.547
52.683
