44.026
44.517
45.026
44.917
44.808
44.741
44.674
44.722
44.77
44.726
44.683
49.416
54.149
55.662
55.356
55.05
55.008
57.128
59.249
59.195
59.042
58.888
58.934
59.197
59.208
59.141
59.074
59.079
58.952
58.884
58.871
58.902
58.853
58.925
58.948
59.093
59.159
59.226
59.192
59.157
58.829
58.907
58.81
58.98
58.94
59.163
59.165
59.203
59.078
58.865
51.178
55.103
55.322
55.54
57.051
58.562
69.825
70.119
60.345
59.603
59.701
53.973
54.02
57.068
53.236
58.856
64.476
63.655
70.453
70.683
70.886
70.882
70.745
51.698
48.899
47.765
47.87
59.987
60.037
64.143
70.348
70.112
70.041
70.084
70.282
70.389
67.08
63.772
63.713
63.966
59.936
60.143
48.01
47.924
60.26
61.176
61.679
63.219
60.571
59.768
60.565
60.872
60.591
60.099
65.242
70.384
69.96
69.694
69.436
69.363
69.449
69.487
63.82
63.657
49.263
48.761
55.117
54.649
54.465
67.67
67.088
66.858
66.674
66.564
82.107
82.058
77.649
73.24
54.943
53.939
55.339
55.615
55.891
55.995
56.099
56.468
44.858
44.765
56.838
56.218
55.759
55.3
54.734
56.699
70.434
77.058
76.926
76.698
76.569
76.657
76.673
76.518
69.56
69.965
70.574
71.057
58.985
59.259
54.971
46.698
47.029
58.88
58.791
58.934
58.888
58.588
58.927
58.414
58.734
59.134
71.317
71.152
70.947
70.855
70.799
70.726
70.673
70.873
58.569
58.794
58.712
58.686
58.853
61.602
71.463
83.23
83.233
71.453
71.46
71.273
59.236
47.198
46.704
47.939
55.814
55.973
56.132
68.952
69.045
69.12
72.462
69.207
65.953
55.035
54.63
54.626
54.622
62.53
70.438
70.764
70.351
69.647
68.747
74.503
73.21
72.075
63.505
54.936
55.016
54.879
54.741
49.562
64.318
79.074
80.916
74.286
72.937
71.589
61.261
62.014
61.895
61.744
61.945
47.336
47.861
61.913
61.733
61.777
61.848
61.853
68.411
68.473
61.707
61.966
61.733
58.218
59.982
61.747
61.756
61.719
61.362
61.158
61.305
61.452
61.576
62.188
61.892
61.595
61.73
56.023
43.97
44.164
58.445
70.051
70.335
69.886
70.156
70.005
70.13
69.794
57.861
57.246
57.439
57.021
56.603
55.967
55.884
44.803
44.948
44.847
44.719
44.977
44.926
44.869
44.76
44.805
44.811
44.796
56.595
68.923
68.936
68.684
68.18
68.258
68.324
67.888
68.153
68.252
68.351
68.392
68.432
68.347
68.262
68.273
68.136
68.226
68.043
68.227
68.424
68.084
68.287
68.14
68.26
68.429
67.986
68.446
68.46
68.102
68.282
68.249
68.346
68.296
68.167
68.39
68.453
68.226
68.314
68.389
68.153
68.365
68.071
68.302
68.329
68.585
68.583
68.488
68.357
68.582
68.502
68.473
68.443
68.518
68.452
68.387
68.54
44.788
44.797
44.836
44.687
56.571
56.488
56.329
56.324
44.792
44.573
44.847
45.358
45.004
56.641
56.57
45.582
45.087
44.127
47.955
46.592
47.704
48.816
49.164
49.512
80.921
80.901
80.888
80.865
49.488
49.501
50.246
49.917
49.295
49.901
49.997
49.906
49.682
49.958
49.993
49.633
49.913
49.983
49.859
49.712
49.962
49.829
49.846
49.777
50.065
49.947
49.62
49.886
49.981
49.78
49.683
50.156
49.776
49.861
49.708
50.103
49.703
49.681
49.756
49.831
49.559
55.677
61.795
61.809
71.366
66.604
61.842
61.88
61.891
61.432
67.339
67.795
68.127
68.459
68.687
65.706
62.725
61.633
61.517
61.489
49.63
49.571
49.496
49.489
49.549
49.459
61.434
61.509
61.629
61.634
61.832
55.429
49.026
49.392
62.001
61.917
69.225
68.411
68.727
68.73
68.674
68.662
68.657
68.535
68.35
72.067
75.785
75.806
61.92
61.884
61.874
61.833
73.681
73.776
73.843
73.93
73.764
73.874
73.922
70.698
70.756
55.389
43.282
43.282
55.307
55.174
55.245
55.001
54.961
54.316
54.594
54.873
55.153
55.133
68.545
69.1
68.651
68.42
68.973
55.032
55.058
67.292
66.971
66.97
68.033
69.24
70.681
67.281
55.339
55.225
55.271
67.242
67.366
43.616
43.539
55.183
55.067
55.147
55.044
68.677
68.819
68.944
68.73
68.682
68.602
68.948
69.015
68.765
68.794
68.783
68.942
69.224
68.88
68.582
68.738
68.868
69.005
68.965
68.471
67.98
67.347
55.141
55.227
55.034
55.133
58.499
61.865
61.651
61.781
61.87
61.896
61.992
67.946
73.9
73.82
73.85
73.907
48.883
52.008
50.618
49.228
49.585
49.893
49.783
49.799
49.941
49.745
54.776
54.762
54.854
62.819
70.785
70.811
70.916
70.82
70.883
72.363
73.842
73.771
73.916
73.78
73.886
73.897
75.748
75.8
75.837
75.908
75.839
52.501
52.309
52.754
53.199
51.855
51.087
53.248
51.905
51.441
52.514
51.856
51.445
52.596
52.218
51.204
52.636
51.828
51.523
