59.384
59.095
59.073
54.52
51.566
52.742
52.612
51.192
51.396
52.629
51.927
51.791
52.873
52.722
52.571
61.495
59.951
60.561
60.205
59.85
59.364
54.142
58.186
58.633
59.079
55.951
57.362
58.773
55.74
57.352
58.963
59.103
59.039
59.287
59.283
59.279
59.046
59.469
59.301
59.134
77.899
78.098
77.947
64.953
51.96
50.068
59.363
69.928
69.471
68.311
75.682
75.961
76.752
70.427
71.027
71.502
71.713
71.663
71.599
71.238
71.29
58.777
58.189
57.642
66.895
67.25
71.368
71.128
70.739
70.599
70.534
70.53
70.616
70.63
70.499
70.474
70.36
70.36
70.375
70.721
70.827
58.912
56.672
54.431
53.945
70.899
70.936
70.494
70.323
70.364
70.43
70.496
70.859
70.856
70.945
71.165
71.28
71.426
71.361
59.373
59.57
59.487
58.91
58.795
58.817
58.527
58.811
70.743
69.996
76.906
76.906
76.857
76.908
69.981
69.854
69.853
69.808
69.845
70.091
70.215
58.808
59.64
59.757
48.173
48.18
48.232
53.613
58.995
58.385
58.64
56.942
57.583
58.224
58.21
58.196
58.6
59.027
59.198
59.117
58.99
59.267
58.977
58.353
51.813
53.1
54.386
61.784
70.616
70.281
69.915
69.865
69.944
69.935
69.884
69.84
69.773
69.736
69.71
69.825
70.18
58.286
58.026
57.07
56.358
55.645
54.443
53.24
61.931
70.621
70.409
70.144
70.184
70.046
69.914
70.066
70.453
70.801
70.883
71.106
71.203
59.036
58.721
58.909
58.104
57.807
57.734
57.638
57.913
70.152
69.834
69.702
69.636
69.512
69.991
57.594
58.36
58.148
56.411
55.664
54.917
57.724
60.532
59.411
51.214
49.346
47.479
56.324
70.572
76.301
76.175
75.594
75.321
75.656
76.005
76.714
76.996
77.387
77.463
73.762
70.061
70.346
58.097
57.866
58.648
57.971
58.001
58.914
58.841
59.166
58.552
58.615
57.704
57.749
59.382
59.368
60.312
61.437
61.814
61.756
61.452
60.787
60.082
61.787
57.194
57.183
58.271
66.531
74.792
73.777
77.72
77.995
73.267
73.348
73.554
73.765
66.532
66.016
65.908
66.119
66.081
50.696
48.452
50.251
50.401
50.221
49.178
66.454
66.379
65.914
65.672
65.71
65.71
65.751
66.028
66.105
51.57
54.902
58.234
65.847
66.267
66.194
73.36
73.349
73.329
73.338
73.254
73.406
73.229
73.49
59.638
45.787
47.453
55.294
56.024
55.707
55.578
44.79
44.364
44.331
44.909
45.121
44.815
45.295
45.512
44.531
44.702
47.061
50.419
51.677
51.196
54.624
61.858
62.237
62.192
62.157
62.001
62.052
61.965
62.038
61.85
61.872
62.038
62.049
62.06
61.982
62.036
