62.165
61.928
62.073
61.901
62.084
62.004
62.094
62.001
45.508
45.038
45.923
44.615
45.173
45.284
44.57
45.152
43.586
52.772
52.307
62.134
62.107
57.847
53.587
52.499
52.056
62.006
62.164
62.105
61.996
61.934
62.162
57.618
53.074
49.826
46.577
51.09
55.603
54.783
53.963
57.433
60.902
59.984
61.112
59.898
60.985
61.134
61.283
61.328
61.372
61.4
61.428
62.49
61.734
62.065
61.917
61.931
61.753
61.859
61.965
61.779
62.229
61.884
61.983
62.081
62.053
61.853
62.031
61.904
61.868
61.906
61.979
62.051
62.061
56.362
59.117
61.872
62.471
52.853
50.186
50.155
51.516
66.703
66.904
67.162
67.438
67.677
68.482
69.429
70.437
71.04
59.372
60.165
59.703
59.083
58.22
60.278
57.707
65.924
54.596
43.267
43.385
69.134
75.444
74.979
74.845
74.973
74.866
75.042
74.85
74.977
75.111
68.423
68.389
56.462
43.165
43.193
43.05
48.073
53.097
53.74
61.982
70.224
69.451
69.295
69.089
69.282
69.347
58.104
58.203
58.302
58.294
58.094
58.173
57.736
57.798
56.355
50.399
49.708
50.627
50.276
49.879
69.022
68.363
67.769
74.854
74.731
67.555
56.296
56.012
55.43
56.04
56.878
56.307
55.857
55.026
50.368
50.644
49.497
50.558
49.843
53.692
57.54
57.505
57.577
57.28
56.731
57.088
56.754
57.495
57.641
57.787
58.235
58.182
57.989
57.859
57.865
59.254
60.643
56.363
52.083
53.473
55.435
57.397
56.419
65.747
54.343
42.94
43.642
55.986
56.187
56.387
56.967
57.546
56.917
56.288
56.138
55.989
52.95
52.99
53.03
56.095
69.445
69.452
75.971
75.949
75.847
75.741
75.695
75.742
76.174
76.606
57.912
58.138
58.242
57.867
57.493
53.818
50.144
43.323
43.159
43.369
43.686
68.365
75.309
75.078
74.791
74.996
75.079
75.272
56.283
56.065
57.358
56.872
56.386
57.883
58.441
58.999
51.479
51.601
50.392
52.072
51.927
58.648
58.335
69.24
68.9
68.555
57.691
58.686
58.576
58.466
58.531
58.74
58.613
58.471
58.328
58.31
56.934
57.799
55.816
57.04
57.438
69.109
75.488
75.693
75.727
75.583
75.464
75.154
75.238
75.322
54.845
55.084
57.607
56.308
59.228
58.737
59.177
58.797
59.618
63.645
61.363
59.082
58.835
59.123
58.901
59.282
75.98
75.555
75.01
59.071
59.069
59.104
59.14
58.641
59.226
58.864
58.944
58.86
63.567
70.312
70.687
70.27
70.028
51.469
51.324
52.162
51.535
51.062
51.216
52.698
58.447
64.196
64.913
71.967
72.027
72.091
72.019
71.958
71.824
71.679
71.514
71.378
71.499
71.345
71.929
72.779
73.629
73.897
73.782
52.362
50.619
52.96
52.756
54.811
54.689
54.734
54.804
54.306
52.316
50.326
52.11
52.31
50.802
53.802
59.405
60.563
52.036
52.4
50.476
52.594
52.367
52.581
52.795
50.99
51.845
52.7
