69.566
69.562
69.557
69.541
47.734
47.094
47.738
47.645
47.526
47.569
47.382
69.557
69.559
69.571
57.865
46.159
46.073
44.8
44.946
46.356
46.073
44.776
69.548
69.532
69.548
69.506
69.498
69.578
69.658
57.463
57.568
57.552
57.555
57.492
57.561
57.505
57.551
57.518
57.604
57.559
57.611
57.51
57.705
57.411
62.488
62.34
63.334
45.18
45.359
73.214
73.541
74.434
68.517
69.103
69.689
57.473
57.448
59.756
62.065
62.636
65.96
69.284
69.131
69.001
69.074
69.065
69.207
69.042
68.832
69.114
69.447
69.441
69.434
69.6
69.583
70.09
71.417
77.93
77.919
77.862
77.795
70.813
70.561
70.656
57.839
52.89
52.226
52.857
52.507
52.157
57.477
57.579
59.205
59.829
59.553
58.827
58.228
57.579
64.669
64.632
64.553
64.55
64.547
64.577
64.587
64.498
64.597
64.611
64.56
64.511
64.543
64.525
64.449
64.542
64.558
64.53
64.503
64.527
64.488
64.449
64.591
64.565
68.952
73.339
73.654
73.474
73.411
73.416
64.424
64.519
64.613
64.565
61.421
61.183
60.994
60.657
60.54
61.128
73.158
73.107
73.011
72.794
72.526
72.371
72.656
72.888
73.258
73.495
73.565
73.519
73.333
73.35
57.63
57.558
57.481
57.396
57.35
57.259
57.358
57.458
57.426
57.355
58.093
60.99
61.055
61.088
67.027
72.965
72.371
57.72
57.247
57.414
57.537
57.821
72.816
72.93
72.633
72.666
72.465
72.515
72.859
72.597
72.688
60.876
57.929
57.602
57.423
57.703
57.492
57.563
57.584
57.536
64.569
64.492
70.563
76.635
76.582
76.595
76.576
69.581
69.581
69.604
70.013
69.636
69.57
69.579
69.574
64.611
64.605
64.521
63.884
64.184
65.709
67.335
68.147
68.623
68.573
68.522
68.616
69.153
73.438
77.723
78.174
78.445
78.456
78.267
78.118
78.052
78.077
78.114
78.207
78.353
59.207
59.267
59.216
58.709
58.735
58.76
58.804
58.572
65.019
71.466
71.629
71.401
71.392
71.394
71.395
71.579
71.604
64.795
57.986
58.29
58.594
58.067
45.632
45.839
52.757
59.676
59.728
59.615
59.675
59.206
59.39
59.016
57.825
58.328
59.55
59.317
60.387
61.249
61.416
61.627
57.3
57.556
61.108
61.076
60.924
60.772
60.821
60.87
60.723
60.423
58.344
57.477
57.387
57.296
76.605
76.578
58.92
59.286
59.598
71.71
71.618
71.322
71.216
71.054
70.995
71.338
71.426
71.344
71.299
71.107
71.234
71.362
71.378
71.268
64.494
64.565
64.588
64.579
64.58
64.598
45.501
45.723
46.033
47.149
76.601
76.571
76.594
76.624
76.578
76.594
76.592
76.58
76.568
47.99
48.034
64.622
64.578
64.455
60.935
57.414
57.532
74.291
77.92
77.57
77.537
57.563
57.549
57.492
45.734
46.018
62.225
62.617
62.688
62.384
62.338
62.291
62.664
65.637
55.942
62.534
59.874
57.215
57.056
52.5
52.178
52.821
52.475
52.519
52.44
52.372
54.855
57.339
69.533
69.51
69.227
69.165
69.196
45.73
45.675
45.597
45.584
45.548
45.653
45.558
45.73
45.359
45.513
45.526
45.554
45.598
45.643
45.676
56.79
56.96
69.63
69.604
69.647
69.441
57.191
57.515
58.319
57.581
57.532
57.572
57.511
57.487
57.403
57.358
57.251
57.068
45.692
45.723
45.673
45.303
45.553
46.177
45.188
69.081
68.437
68.365
68.294
67.954
56.573
56.468
56.363
55.211
54.059
53.046
45.402
44.594
43.4
52.588
53.519
54.593
54.523
54.169
54.852
54.479
69.606
69.549
69.574
69.598
69.537
69.55
69.617
69.489
69.541
69.613
64.12
63.678
63.865
63.549
71.348
71.427
69.751
69.872
69.935
69.65
51.901
52.313
54.818
50.069
45.32
45.372
45.607
45.249
57.56
57.519
45.261
45.361
45.473
45.443
45.465
45.3
45.122
44.881
64.672
64.594
64.556
64.596
64.631
64.634
64.611
52.244
52.896
52.481
52.542
52.564
52.573
52.452
52.601
52.377
52.648
69.576
69.534
45.678
45.49
45.673
45.483
45.292
45.591
69.595
69.564
45.4
45.612
45.516
76.635
76.567
76.57
