43.526
54.599
65.671
64.097
63.86
84.115
83.972
84.012
83.046
81.087
81.016
80.987
78.945
78.929
76.865
76.919
77.001
75.875
76.109
73.99
74.006
73.069
72.132
71.991
71.29
71.035
70.759
71.745
72.732
72.789
72.845
67.59
70.201
72.812
72.779
72.839
72.694
72.717
72.781
72.664
72.8
72.746
72.786
72.778
72.713
70.388
65.596
64.996
67.329
65.438
65.301
65.163
65.099
65.23
65.792
65.477
66.384
65.106
66.084
65.479
64.875
66.458
65.378
64.505
65.969
58.545
59.083
59.284
62.104
62.149
58.202
54.255
61.761
69.267
67.583
71.952
71.786
68.709
69.704
62.717
55.731
55.934
55.539
55.143
65.789
76.435
64.106
70.353
70.895
71.436
71.083
62.598
54.114
55.01
55.534
55.659
55.452
67.066
66.727
54.614
56.223
55.772
55.322
54.747
66.651
66.865
66.713
66.564
66.331
65.47
53.758
55.051
56.343
68.727
68.525
67.871
67.676
67.721
67.658
67.759
67.965
56.33
55.64
56.123
56.374
56.715
57.291
57.366
57.458
57.265
57.09
56.831
56.845
56.457
56.74
56.336
56.263
56.661
56.516
61.093
65.67
66.186
66.218
69.587
76.464
76.543
76.469
69.404
69.238
69.005
55.926
56.048
56.17
57.628
59.085
59.583
58.947
58.275
57.566
50.334
50.351
50.246
50.141
50.079
43.14
43.35
43.481
43.612
49.617
49.352
49.289
49.161
49.159
49.243
48.51
49.368
71.029
71.048
71.008
70.985
73.07
75.156
75.762
57.239
57.174
57.218
56.96
57.216
57.154
56.519
55.774
55.03
58.122
69.795
76.897
76.996
69.888
69.902
69.955
70.203
70.451
70.619
70.889
56.452
56.094
58.937
58.168
57.398
56.487
70.922
71.125
63.143
60.988
69.051
77.114
77.174
76.968
76.727
76.681
76.55
76.451
76.336
69.158
69.03
69.076
56.308
55.767
65.57
64.185
64.566
65.936
43.054
43.77
46.516
75.462
75.729
75.879
75.902
75.933
75.902
68.865
68.817
68.77
45.291
45.49
45.28
45.297
55.724
56.421
55.848
44.771
44.487
56.088
68.784
75.225
75.264
75.338
75.313
75.229
68.273
52.547
52.467
52.386
51.525
75.487
75.053
79.376
78.806
78.348
72.721
72.08
52.98
52.925
50.741
51.681
51.799
51.977
52.029
51.974
51.919
52.013
52.016
51.909
51.957
71.431
71.437
71.3
78.11
78.065
77.902
77.863
77.806
70.508
70.028
51.966
51.968
51.909
52.07
52.072
52.056
52.039
52.153
66.314
66.735
59.064
58.742
70.744
70.71
70.265
77.15
77.058
77.149
77.421
43.773
43.772
45.274
45.385
44.652
44.636
71.71
71.581
45.369
45.044
44.88
45.024
44.824
44.846
45.116
45.247
45.2
45.099
45.059
44.896
72.196
72.433
72.515
45.071
45.129
45.055
44.989
44.887
48.604
52.322
51.775
51.604
51.998
51.978
69.029
69.012
69.095
69.046
69.057
59.77
50.483
51.567
