57.995
57.708
66.967
66.865
67.14
67.724
68.112
68.43
68.481
68.955
69.33
69.427
69.566
69.401
69.235
69.556
58.102
56.835
53.867
54.026
59.164
59.059
60.567
61.64
62.312
62.27
62.65
52.652
51.777
53.929
62.848
63.834
64.157
64.501
64.941
64.998
65.022
64.988
64.654
64.43
64.624
64.976
77.193
77.182
77.176
77.171
77.186
77.184
77.203
77.131
77.017
77.037
76.93
76.823
77.022
76.992
76.994
76.963
76.953
76.996
76.764
76.615
76.459
76.61
76.432
76.38
76.524
76.649
76.774
76.906
76.929
77.006
76.862
76.759
77.902
77.826
78.057
78.019
78.038
75.969
73.899
62.123
62.209
62.237
62.266
61.93
61.732
61.894
61.263
61.044
60.782
60.521
67.74
74.959
74.962
74.983
66.115
65.989
66.121
72.984
84.451
84.024
83.848
72.077
72.102
72.07
78.877
78.893
78.968
78.915
78.535
58.238
51.2
51.601
50.424
50.725
50.655
50.645
59.726
59.891
71.464
71.391
71.292
55.629
55.747
55.779
55.771
58.034
60.297
60.889
62.799
62.856
62.718
61.671
61.766
61.233
61.933
62.286
73.902
73.759
73.689
73.753
73.72
73.803
73.856
73.893
74.038
73.691
73.437
75.011
74.984
55.657
50.445
51.467
52.049
52.63
68.049
68.61
68.147
68.593
50.416
51.86
52.746
53.632
51.99
50.349
55.151
59.806
59.073
59.575
60.077
60.112
65.978
71.844
71.926
56.472
57.142
69.02
68.819
68.618
56.191
56.138
55.296
56.403
56.599
55.953
55.879
55.416
56.179
55.635
55.638
55.641
55.641
55.621
55.6
73.82
73.641
55.377
55.399
55.327
55.256
55.891
56.04
55.201
56.295
56.177
55.636
55.702
56.35
55.525
56.046
56.453
55.797
55.422
56.368
56.139
54.838
79.99
79.992
79.949
79.956
79.984
80.006
80.027
65.774
65.38
65.564
66.143
66.055
56.468
57.339
59.033
60.126
61.219
63.519
64.593
64.808
77.064
77.277
77.213
76.976
64.324
63.571
62.02
60.831
60.069
55.608
55.54
56.489
56.056
55.264
56.246
56.298
62.538
74.481
74.405
74.567
74.668
74.799
74.962
75.27
75.625
76.062
76.574
76.682
76.882
76.998
77.011
76.977
76.998
76.983
77.022
77.027
77.015
73.672
73.728
73.768
73.858
74.064
74.286
74.304
73.918
73.329
72.408
72.179
71.577
71.249
70.928
70.466
70.128
70.445
71.229
71.659
71.784
71.609
71.644
71.846
72.076
72.158
72.241
60.294
53.934
52.735
52.749
52.982
52.855
52.927
52.999
53.266
52.828
60.666
60.792
56.73
58.591
60.451
60.706
53.998
53.475
60.515
60.374
53.318
55.016
60.309
60.685
60.107
55.193
53.688
54.185
72.935
73.072
60.955
60.384
56.909
53.434
51.346
51.364
56.151
55.507
55.353
55.067
54.781
56.393
54.756
55.756
54.611
53.236
51.861
58.311
54.705
51.1
50.297
49.494
49.364
49.531
49.699
69.998
69.979
50.67
50.409
51.366
51.401
51.437
