55.997
83.955
83.945
83.98
84.002
84.008
84.004
84.009
84.031
84.036
55.724
43.284
44.976
44.776
44.76
45.043
45.3
45.079
45.019
45.159
45.312
45.014
44.821
44.756
44.641
44.281
44.078
44.12
44.819
44.935
66.351
66.68
69.011
83.996
84.016
77.981
71.947
66.141
66.151
66.088
68.619
71.15
71.218
70.953
70.986
71.02
83.019
82.993
83.023
83.038
83.086
43.086
43.364
51.327
59.29
58.956
63.418
67.88
67.625
75.326
83.028
83.009
82.999
83.022
82.998
83.539
84.079
83.986
83.935
83.026
78.687
78.187
77.688
74.712
74.575
62.778
60.302
60.398
55.81
57.342
59.81
62.277
63.161
64.044
64.986
66.459
76.82
77.079
66.12
66.775
66.23
66.231
66.233
66.05
77.798
77.53
65.381
64.913
64.017
66.183
65.556
64.283
64.784
76.883
76.999
76.873
76.847
77.082
76.95
77.168
77.188
77.093
77.3
77.272
77.126
77.094
76.844
64.31
63.536
63.469
63.356
63.345
63.835
63.991
76.114
76.1
64.057
64.028
76.048
76.05
76.029
76.008
75.992
75.988
76.128
76.065
76.037
76.013
76.058
76.012
75.966
63.992
64.161
64.068
63.955
63.788
63.476
63.53
63.585
63.705
64.709
64.193
63.677
75.367
75.416
75.39
75.196
75.525
75.563
75.723
75.768
75.813
75.987
76.085
76.207
76.363
76.756
76.486
76.626
76.447
76.288
64.291
64.283
64.714
64.927
65.189
66.29
66.394
66.498
66.528
66.576
66.476
66.375
66.234
64.769
63.92
59.617
61.8
63.984
72.139
72.009
67.679
70.771
73.863
73.686
74.192
74.697
77.916
60.561
43.207
43.13
44.522
43.762
46.08
48.398
52.552
56.707
57.023
56.203
56.516
56.829
57.152
56.567
57.497
56.473
56.947
56.634
56.321
56.133
50.266
51.624
81.437
82.132
55.685
56.442
56.564
56.685
55.955
57.544
56.61
75.69
75.445
75.955
76.464
76.843
76.98
76.876
72.965
69.053
69.002
69.065
75.525
76.283
83.661
83.835
83.892
83.828
83.896
83.907
84.038
84.176
84.463
84.548
77.613
77.685
77.279
76.874
76.247
75.58
75.145
75.473
75.802
75.968
82.985
82.888
82.8
82.82
82.901
75.914
75.969
75.962
76.079
76.061
76.044
75.993
52.146
51.508
52.439
52.226
52.013
69.022
68.898
51.619
57.073
62.527
62.805
62.565
62.187
53.879
54.204
54.186
54.418
74.511
74.145
73.998
74.247
61.876
61.847
61.892
61.961
62.043
62.118
64.712
74.711
83.052
82.981
82.966
82.952
82.913
82.875
82.975
62.154
45.353
44.639
78.219
78.417
71.326
71.113
80.921
80.988
80.938
80.916
43.528
44.027
43.76
43.493
80.875
82.939
82.952
48.641
51.53
54.419
63.182
62.565
74.596
74.636
74.398
50.004
49.827
49.76
62.014
61.782
61.528
76.479
83.157
83.292
83.641
83.995
77.273
77.641
77.756
72.22
66.683
74.885
83.088
82.948
82.951
82.955
82.943
82.914
82.945
82.952
49.393
48.156
52.293
51.723
52.361
52.268
51.876
51.884
51.977
52.055
81.038
80.963
81.021
52.119
52.369
52.291
51.769
