50.051
58.044
57.211
56.379
69.283
69.09
69.017
69.011
69.01
68.99
68.997
69.063
69.111
51.916
52.135
61.555
63.075
63.854
64.723
65.233
66.033
66.487
66.985
68.303
69.079
68.918
68.757
68.758
69.114
75.589
75.609
75.345
75.348
75.323
75.416
75.557
75.643
75.833
76.054
76.038
76.037
57.629
56.379
56.817
51.714
52.944
52.499
52.054
52.004
58.968
59.64
58.435
58.679
56.841
55.875
54.705
55.133
55.561
67.173
66.678
74.045
74.275
74.286
74.229
74.209
74.374
74.619
74.815
75.056
75.629
75.852
76.051
76.153
56.867
56.799
57.022
56.817
56.915
56.572
56.225
54.378
55.252
53.928
53.932
53.935
55.713
55.477
55.24
55.602
55.964
66.815
66.493
63.718
60.943
52.58
52.789
64.968
65.083
65.666
66.239
66.059
65.951
55.262
60.296
65.33
65.533
65.477
65.219
65.683
57.557
56.121
58.356
61.169
63.983
71.099
74.964
74.963
75.328
78.106
64.064
63.093
62.123
62.04
61.956
50.599
48.71
51.403
81.273
80.928
72.424
57.184
57.362
57.258
57.028
56.896
56.944
62.089
62.095
62.038
61.958
73.23
77.377
77.17
76.964
77.138
77.179
72.224
72.198
61.76
61.698
62.073
62.053
62.033
61.823
61.916
62.247
66.274
72.726
72.347
72.36
72.374
72.452
67.198
61.943
59.458
62.67
59.9
57.13
57.033
57.161
57.097
57.066
57.062
57.228
56.937
56.646
61.163
65.679
65.223
57.385
56.767
56.148
57.334
57.287
57.24
56.82
56.399
56.029
56.056
56.51
56.591
56.301
55.862
55.424
56.802
57.379
56.652
57.292
56.91
57.196
56.998
57.185
57.31
57.085
69.021
69.21
69.35
69.49
61.594
57.769
57.644
57.03
55.894
55.506
55.119
54.631
54.143
54.544
54.946
54.666
55.757
53.909
56.092
54.546
52.999
54.683
51.55
48.417
45.238
50.191
55.144
73.39
72.792
77.046
76.984
77.194
77.384
72.583
72.64
72.681
72.674
73.253
73.831
74.28
74.566
74.603
74.399
74.025
73.655
53.548
43.269
43.238
47.895
52.552
56.995
55.923
54.851
54.609
54.936
55.205
56.899
56.355
55.811
54.926
61.618
61.634
61.067
61.121
61.174
61.17
61.166
61.414
61.34
61.788
61.39
52.677
55.935
59.192
58.677
58.968
58.835
58.884
59.186
58.948
58.936
58.885
58.841
58.953
58.894
54.778
54.894
54.055
51.57
59.245
56.738
54.231
54.527
54.196
54.31
54.423
54.299
