56.163
55.986
48.243
48.011
48.385
49.942
51.499
56.726
57.978
57.916
57.959
58.092
58.178
58.103
58.23
57.939
57.959
58.084
45.943
45.668
46.147
46.267
45.911
45.799
46.278
45.862
45.803
46.971
45.693
45.899
45.952
46.005
46.014
46.023
45.815
46.221
46.101
45.982
45.781
46.005
45.968
45.931
45.629
45.723
45.816
45.857
44.693
44.926
45.158
45.682
53.504
53.373
45.398
46.002
46.083
46.163
45.813
46.037
46.126
46.215
45.987
45.759
57.013
75.248
75.375
75.34
58.21
57.18
57.229
57.278
56.895
56.512
45.814
46.255
45.728
46.27
45.525
45.906
46.01
46.307
45.791
45.567
57.726
57.947
57.517
53.246
53.916
55.06
54.344
53.511
53.911
53.738
54.056
66.053
65.954
65.996
65.985
66.029
66.046
66.011
58.156
58.408
58.116
56.728
55.34
57.206
61.629
57.312
52.995
54.34
54.542
54.662
54.782
54.675
54.567
54.408
54.249
58.118
61.986
63.71
64.818
66.149
67.362
68.4
68.984
69.263
69.608
69.759
57.758
57.973
58.006
56.952
65.017
73.082
73.083
73.07
73.012
73.076
73.043
73.142
60.356
59.785
71.81
72.487
72.69
72.894
73.097
61.033
60.829
60.519
59.248
66.163
73.078
73.044
73.048
73.052
73.026
73.063
57.282
55.134
57.605
60.076
59.706
59.665
57.58
58.626
59.672
59.685
59.667
59.742
59.563
71.763
71.81
59.843
59.747
59.799
59.829
59.904
59.911
59.814
59.759
71.812
71.849
71.861
71.759
71.715
71.584
71.617
71.687
71.645
71.722
71.817
59.826
59.829
59.994
60.2
72.696
72.536
79.555
79.533
79.443
79.373
79.408
72.3
72.242
72.295
72.404
72.47
59.892
56.094
56.031
55.851
55.892
55.351
55.871
79.18
79.262
75.868
72.475
72.472
72.404
72.272
72.448
72.789
73.268
73.842
74.128
74.34
74.565
74.64
74.582
74.425
73.804
72.539
70.391
67.658
53.744
54.035
54.523
61.062
58.386
55.71
56.015
55.809
55.704
55.739
55.742
55.878
56.54
56.105
55.895
56.067
56.145
55.795
56.237
48.8
48.943
49.79
50.95
55.475
55.266
54.773
54.279
55.373
55.021
56.121
54.867
54.193
53.519
56.19
54.829
55.993
54.44
53.374
52.434
56.475
55.452
55.128
55.956
55.025
55.945
56.164
56.382
54.853
56.194
55.611
55.309
56.346
53.04
53.422
53.803
54.762
55.721
54.692
50.585
52.841
55.098
56.366
56.168
55.279
56.354
56.383
55.622
55.865
56.205
55.755
55.778
56.345
55.673
55.575
