45.305
45.361
45.417
44.273
43.129
44.161
53.076
49.819
46.563
48.531
48.429
48.328
49.279
50.23
43.21
43.44
43.4
50.836
50.031
54.69
56.13
50.123
48.591
46.756
44.921
44.932
44.943
43.294
45.197
47.1
48.101
49.101
49.295
49.489
47.369
52.365
52.244
52.123
49.821
54.165
58.509
58.329
69.609
69.284
68.769
62.398
69.219
76.039
76.406
76.776
77.146
77.227
77.422
70.822
70.966
57.834
58.05
42.951
43.138
50.014
57.115
69.354
69.07
68.868
68.71
68.541
68.814
69.032
69.159
69.257
69.325
57.284
56.655
57.756
57.655
57.554
55.414
58.282
61.15
70.17
69.641
69.08
68.903
68.731
68.816
69.003
69.453
69.914
70.056
70.199
70.327
70.455
70.452
58.549
57.516
56.482
57.873
59.264
63.038
66.812
69.228
68.726
75.373
75.361
75.255
75.223
75.422
49.407
50.679
46.967
48.863
50.758
50.56
50.361
50.976
50.319
50.821
50.077
60.128
70.179
69.961
75.961
75.871
75.599
75.579
75.824
76.09
76.815
70.283
70.586
70.81
57.993
57.542
57.409
56.849
61.674
61.945
56.106
56.82
57.535
68.969
68.747
68.504
68.342
68.491
68.665
68.822
68.934
69.079
65.419
61.76
56.497
57.016
43.038
43.446
43.049
43.127
54.943
54.332
70.296
69.617
69.408
76.335
76.159
76.008
76.021
76.189
76.462
76.851
70.049
70.062
69.821
69.592
69.578
69.584
57.354
56.348
57.357
69.023
69.159
68.689
68.486
67.997
43.685
44.922
44.703
45.374
69.297
68.758
68.487
68.193
51.738
52.036
52.633
51.982
51.152
50.321
69.729
69.842
69.49
69.217
68.943
68.958
68.974
57.743
57.768
58.155
58.542
58.638
58.438
58.297
57.08
61.915
63.323
76.139
78.091
78.066
78.167
78.035
69.825
69.682
76.205
75.593
75.417
75.447
75.378
75.497
75.423
75.555
75.481
68.422
68.248
67.952
67.28
55.089
53.077
52.374
51.234
52.279
53.324
54.264
54.183
54.073
60.324
60.507
60.831
59.826
61.318
59.583
60.285
60.645
59.065
68.927
69.734
70.077
70.339
70.398
70.51
70.589
52.036
51.26
51.53
52.282
50.812
55.28
59.747
67.316
66.412
60.732
55.051
59.971
64.891
64.577
64.822
71.741
71.569
71.789
71.878
71.95
65.06
65.428
65.394
65.36
65.558
66.025
66.439
66.852
67.027
67.001
66.579
66.156
66.045
66.057
66.069
65.92
66.77
67.295
67.37
67.203
60.2
53.197
53.132
53.068
53.203
53.339
55.259
53.694
53.33
52.966
53.124
53.282
51.865
52.049
52.233
52.377
52.52
51.963
51.237
58.838
59.092
60.026
60.959
60.876
60.468
60.805
60.227
60.775
60.057
