52.369
52.418
52.468
53.027
51.486
51.531
52.359
51.782
51.76
51.737
57.077
57.165
51.709
51.247
51.84
52.433
51.348
50.263
50.129
49.994
50.112
50.23
57.338
58.489
56.777
58.106
58.177
58.249
58.21
58.172
58.063
57.954
58.877
58.855
58.834
55.126
55.026
55.142
54.968
54.794
54.839
54.883
54.994
54.945
53.759
54.466
55.174
54.814
55.034
54.991
55.228
54.755
55.117
49.314
50.234
50.213
50.193
49.755
49.317
49.919
58.688
56.834
54.979
57.055
59.131
58.829
59.089
58.961
58.901
58.838
58.801
58.98
58.456
59.019
71.199
71.331
71.767
72.046
72.056
72.206
72.309
72.399
72.832
73.202
73.406
73.539
73.673
73.663
73.724
73.743
73.65
67.531
66.764
67.099
67.116
67.131
67.145
67.068
67.258
63.493
63.623
63.105
55.741
61.337
60.048
58.76
53.601
53.402
53.204
54.63
56.663
58.695
58.843
62.171
67.007
66.921
57.497
62.142
66.786
66.933
66.873
66.813
66.602
62.614
58.626
59.25
57.61
58.159
58.708
55.829
54.318
56.762
59.206
58.76
57.557
56.355
55.915
55.476
54.567
56.503
58.438
58.507
58.952
59.164
59.077
58.508
57.291
58.773
58.997
58.511
55.838
54.806
57.713
58.865
55.596
55.364
67.088
68.202
67.585
68.711
70.168
62.498
54.827
55.207
55.84
55.798
67.232
67.334
55.732
55.959
75.477
76.049
69.653
69.789
69.386
69.321
76.431
76.483
76.506
76.516
76.567
69.472
69.26
63.898
58.536
58.853
70.268
69.734
76.461
76.394
76.277
76.077
75.843
75.97
73.046
70.123
70.585
70.668
70.811
70.863
70.853
70.876
71.128
71.188
70.923
58.227
57.586
51.962
52.221
51.902
51.678
52.163
52.918
53.453
52.044
51.654
56.604
56.033
56.295
55.184
52.463
52.011
52.376
51.515
51.788
53.021
52.35
52.157
51.963
52.54
53.118
53.493
53.791
53.746
53.701
53.202
52.382
50.029
51.227
52.425
51.235
51.998
52.877
52.074
52.291
52.694
52.332
50.625
52.49
54.706
56.921
59.443
61.966
63.584
56.136
56.558
56.886
57.167
56.44
57.276
57.208
57.185
57.492
57.048
56.702
56.807
56.935
57.107
57.262
57.1
56.965
57.202
57.163
57.124
57.109
57.719
57.556
57.394
57.161
57.252
69.511
69.442
57.3
57.418
57.252
58.01
60.028
61.673
61.731
73.878
73.638
73.494
73.26
73.152
73.568
57.448
56.69
57.068
57.058
56.576
57.408
57.142
57.135
75.577
75.728
75.609
75.483
75.182
74.871
74.687
74.761
75.118
75.681
76.274
76.852
77.056
77.406
77.573
77.587
59.976
52.063
52.046
52.177
51.993
52.111
51.897
52.022
52.426
52.09
52.037
52.16
52.255
53.453
64.314
76.5
76.259
76.277
76.273
76.229
76.036
75.697
75.077
73.795
78.504
69.066
59.627
60.41
61.193
60.417
61.899
61.625
61.792
61.256
60.912
61.442
60.836
60.815
59.635
58.454
59.281
62.41
57.198
57.984
58.771
71.283
71.409
71.448
71.379
71.389
61.698
61.55
61.402
73.541
73.981
74.243
74.326
74.119
73.9
73.797
73.622
73.522
73.556
73.602
73.597
73.682
73.783
73.763
73.841
73.796
73.872
73.936
73.896
73.83
73.821
73.926
74.162
74.351
74.314
74.382
74.239
74.231
74.429
74.756
75.011
75.268
62.968
69.334
75.7
75.571
75.369
74.876
73.81
71.933
70.288
69.456
69.118
69.316
69.545
70.116
70.548
70.697
70.655
70.552
70.475
70.381
70.303
70.37
70.437
70.586
70.663
70.627
70.566
70.613
70.666
70.584
70.527
70.457
70.379
70.467
70.529
70.649
70.937
71.277
71.056
58.9
59.738
72.64
73.385
73.34
73.39
73.136
72.959
72.708
72.362
72.742
73.256
73.77
74.163
74.279
74.159
73.87
73.704
73.558
56.165
56.353
73.739
73.941
73.972
73.807
73.474
72.616
58.059
57.18
56.301
52.228
51.495
52.569
52.704
53.793
54.882
55.072
55.324
54.97
54.895
55.36
54.686
55.287
55.152
55.385
55.282
