54.476
66.773
55.168
67.102
55.169
52.662
50.154
50.84
51.525
60.527
61.372
61.072
61.093
60.48
60.846
60.525
60.694
60.405
60.397
60.879
47.075
48.064
45.77
47.505
60.275
60.252
60.217
60.181
43.241
43.918
50.865
50.392
59.963
60.701
60.892
61.468
61.389
54.961
56.337
57.713
52.126
56.616
61.106
61.185
61.292
60.902
61.769
61.848
59.874
57.987
54.785
64.532
74.279
74.127
73.643
80.311
80.007
79.624
79.189
78.763
78.576
78.264
78.027
77.806
77.375
77.03
76.814
61.803
61.937
62.045
62.154
65.757
61.858
57.958
58.212
43.475
43.131
43.104
43.103
43.286
43.227
43.038
77.38
77.097
76.797
43.003
43.202
43.006
43.441
57.898
64.586
70.55
76.976
77.2
77.154
76.794
76.337
75.783
75.208
74.893
74.872
74.86
74.805
74.854
71.141
67.428
43.4
43.309
43.373
43.417
43.164
68.147
67.817
67.774
67.687
43.596
43.366
43.402
42.972
55.609
67.739
68.119
61.716
55.313
55.523
55.079
55.699
56.319
56.173
55.783
68.714
74.961
74.864
74.897
74.266
73.888
73.624
78.172
77.902
72.883
72.726
72.558
72.653
72.61
69.077
65.543
65.442
65.124
65.395
65.666
65.798
69.203
72.608
72.409
72.234
65.485
65.495
65.504
65.576
66
60.45
54.9
53.033
51.166
51.228
51.29
51.023
50.997
50.959
50.92
58.146
65.371
69.083
75.144
75.039
75.127
75.322
75.285
75.271
75.302
75.135
75.342
68.582
61.822
58.745
55.668
55.475
55.841
56.001
56.161
57.907
77.574
77.675
77.617
77.506
77.492
77.419
77.496
77.432
77.558
77.618
77.64
77.642
75.843
74.045
59.276
42.984
43.27
43.242
62.59
55.098
54.02
52.942
52.549
52.105
51.703
50.339
47.157
44.953
43.86
50.004
51.281
52.309
45.323
44.413
46.869
48.117
48.686
46.939
45.294
44.896
46.404
48.609
55.664
62.72
63.306
69.305
75.305
75.352
75.236
75.164
75.292
75.443
75.522
75.642
75.732
75.763
75.594
75.126
74.347
72.781
70.927
56.849
66.807
76.765
77.175
58.474
59.152
58.988
58.824
64.656
61.635
58.614
58.468
77.221
77.225
70.505
58.849
58.815
59.051
59.161
58.373
59.316
60.26
70.955
70.924
58.641
57.868
58.601
59.333
59.031
58.697
59.425
49.689
54.283
58.876
59.452
60.768
60.454
61.332
60.025
61.263
60.031
61.232
59.985
61.092
60.069
61.577
60.933
61.023
61.514
62.029
62.037
61.847
61.423
61.114
61.225
61.716
61.537
60.773
61.404
61.553
60.848
61.255
60.757
60.259
60.95
61.64
60.575
61.19
61.651
61.411
60.8
61.169
61.662
61.691
61.616
61.666
61.385
61.321
60.041
58.76
58.984
61.63
57.633
60.79
60.032
59.275
59.258
59.419
59.58
58.87
59.098
53.049
56.082
59.115
58.946
47.134
43.822
44.938
