45.87
56.009
54.869
53.729
71.913
75.175
77.851
78.082
78.552
76.159
77.184
74.406
74.902
70.519
70.712
64.011
64.188
64.157
64.114
50.856
52.053
55.087
53.63
52.172
63.92
65.797
65.715
65.561
72.499
72.597
72.621
72.556
72.747
72.792
72.777
72.762
72.624
52.739
53.066
52.543
53.625
52.085
53.408
53.025
73.217
73.115
73.139
73.205
73.113
73.07
72.863
54.996
52.77
54.473
55.043
55.874
55.929
56.123
55.889
55.915
55.463
55.482
56.006
54.841
53.677
51.821
49.965
50.137
50.235
50.333
50.067
49.8
62.136
61.935
61.934
62.168
65.554
57.563
63.266
60.342
64.523
59.961
63.89
67.819
67.783
68.148
68.498
68.65
68.774
68.948
69.058
57.113
57.248
57.161
57.279
57.512
57.58
57.786
57.858
57.978
57.941
57.876
57.792
57.965
58.177
58.158
58.201
58.341
58.285
57.922
57.994
58.138
58.092
57.925
57.939
57.833
45.109
45.574
44.662
45.131
45.546
44.719
47.924
51.129
64.364
64.881
65.475
81.527
81.779
82.136
82.38
82.247
82.119
77.687
73.255
73.173
73.087
73.061
73.129
73.273
73.289
73.363
73.305
73.441
73.29
73.289
73.318
73.287
73.458
73.203
73.141
73.061
73.103
73.061
73.365
73.392
73.559
73.518
73.514
73.517
73.519
73.551
73.582
54.562
54.38
54.034
54.012
54.37
73.435
73.353
73.465
73.392
73.485
73.508
73.372
73.432
73.222
73.415
73.372
73.428
73.596
73.653
73.635
73.551
73.546
54.054
54.393
60.455
66.517
73.501
73.537
63.943
54.35
53.945
54.682
54.29
55.144
66.283
60.509
54.734
54.769
54.542
54.037
54.388
54.74
55.05
55.142
54.626
54.569
60.503
66.438
60.454
54.47
54.099
54.369
54.769
54.828
54.43
54.05
53.671
54.285
54.899
54.75
54.523
54.405
53.8
53.194
54.646
55.172
58.725
50.871
43.017
43.193
43.403
43.352
43.205
43.234
43.166
43.435
43.331
43.251
43.144
43.291
43.493
43.417
43.34
43.299
43.258
43.092
43.164
42.947
43.264
43.381
43.498
43.35
43.201
78.03
78.012
77.979
78.039
78.099
64.166
50.234
50.78
50.914
52.346
53.778
57.828
50.596
43.364
43.564
43.141
48.539
53.936
48.673
49.224
49.774
51.828
53.201
53.177
53.153
51.457
61.309
56.175
63.709
58.756
53.802
43.74
43.066
43.329
43.592
43.818
43.58
43.342
43.49
43.639
43.721
43.602
43.762
43.828
43.895
43.871
43.847
43.011
43.64
43.696
43.751
43.027
43.689
42.949
43.598
43.657
43.715
43.557
43.399
43.458
43.516
43.434
43.352
43.355
43.358
43.289
43.221
43.266
43.312
48.579
53.846
55.042
54.459
57.317
50.459
55.612
49.977
55.451
49.832
55.389
50.01
58.372
51.171
58.821
51.289
43.757
42.968
43.911
43.876
43.84
43.594
43.348
43.425
43.501
42.968
43.242
43.215
43.188
43.307
43.427
43.949
52.956
51.238
43.431
42.993
43.647
43.766
43.491
43.542
43.721
43.728
43.636
44.027
43.02
44.208
44.244
44.281
44.172
44.063
49.606
55.15
60.786
60.916
60.947
60.797
60.647
60.476
60.399
60.377
60.354
60.945
61.536
60.942
60.965
60.804
60.502
60.61
60.576
60.59
60.521
60.495
60.342
60.479
60.232
60.571
60.348
60.567
55.02
49.472
54.941
49.49
44.038
43.962
49.955
