45.517
45.581
45.293
45.729
66.173
66.729
66.377
55.245
55.801
56.357
50.193
44.029
45.272
46.412
45.073
43.733
69.314
69.732
69.419
69.416
69.422
69.429
65.105
60.781
60.632
56.998
56.945
56.893
59.799
65.23
67.446
69.662
72.575
72.51
72.49
72.47
72.446
72.437
72.434
72.538
63.053
53.567
53.991
53.601
53.504
53.407
53.258
53.373
53.378
53.377
53.297
52.579
52.281
51.983
59.04
53.032
47.024
48.221
65.403
65.779
65.551
65.631
65.543
65.597
65.602
57.039
48.476
48.51
65.304
65.976
65.306
66.376
66.004
65.631
65.597
65.577
65.57
65.596
65.914
65.015
65.817
68.767
68.671
68.343
68.79
68.61
68.745
68.881
68.59
69.049
65.475
65.64
65.633
65.58
65.544
65.574
67.546
69.519
69.606
69.642
65.604
64.651
56.938
56.697
56.905
57.113
57.427
57.74
65.283
65.944
66.899
67.307
66.76
47.867
47.37
47.67
47.969
48.26
47.942
48.976
60.809
72.642
72.325
69.723
67.122
66.507
66.059
66.149
66.406
83.384
83.441
83.589
83.736
72.028
71.864
71.893
72.301
72.176
72.071
64.259
48.142
48.403
72.414
72.505
72.525
72.532
72.355
72.379
48.328
47.925
48.124
48.165
48.442
48.561
48.587
72.467
72.448
72.591
72.438
72.508
60.594
60.486
60.645
60.624
60.769
60.81
60.641
60.681
60.642
60.675
60.575
60.609
60.593
60.562
60.621
60.6
60.584
60.628
60.576
50.189
48.788
47.388
53.962
50.701
59.323
53.808
48.293
47.306
47.445
47.583
47.276
53.919
60.563
60.58
60.514
60.596
60.682
60.546
60.589
60.481
54.512
48.542
48.261
48.273
48.286
47.033
45.78
47.072
45.998
45.152
47.218
46.013
46.476
46.938
45.768
45.736
45.704
45.587
45.47
61.395
57.629
53.862
53.806
54.25
53.824
69.101
69.731
69.306
53.595
53.828
53.459
53.4
52.973
53.319
71.968
71.88
72.047
72.212
65.408
52.046
53.351
53.284
53.146
59.588
66.03
66.054
66.26
66.252
66.056
65.715
65.627
65.539
65.432
65.617
65.785
65.954
65.772
65.426
65.214
65.04
64.996
65.126
65.297
65.388
67.591
67.638
67.797
67.412
67.561
67.81
70.557
73.303
78.02
79.79
79.768
79.743
68.073
68.392
68.711
69.329
69.947
69.765
69.584
65.241
65.891
65.693
66.735
67.777
73.757
69.117
73.24
70.645
68.051
67.468
67.082
65.962
66.636
66.863
66.704
66.569
67.973
67.975
67.67
65.576
65.948
66.029
66.111
68.832
67.536
67.366
66.525
66.396
66.521
66.646
66.817
67.366
66.453
65.478
66.957
67.582
66.294
65.666
65.697
66.085
61.878
61.981
67.997
67.824
68.033
62.178
62.077
62.133
62.101
62.124
62.012
67.47
67.665
68.053
68.441
68.843
69.245
69.233
69.142
74.097
73.86
74.005
73.964
73.926
67.868
67.759
67.497
67.486
67.474
67.946
67.991
67.889
55.646
55.738
55.554
55.555
55.557
55.551
55.486
55.421
55.64
79.65
79.631
71.05
62.468
62.586
62.577
62.478
62.547
62.53
62.491
62.542
62.592
44.015
44.002
43.881
43.76
