56.926
66.432
64.952
66.453
58.107
49.76
49.958
68.874
68.73
68.768
68.851
68.796
65.573
66.201
66.51
67.114
67.813
67.856
67.755
68.285
65.96
65.979
65.943
50.473
57.234
63.994
75.965
75.54
82.476
82.649
79.226
75.804
76.111
76.495
76.996
77.074
76.989
76.592
81.034
80.946
51.444
51.703
51.441
51.179
56.412
62.756
63.046
63.1
63.066
75.101
75.095
75.3
75.177
75.151
75.165
74.894
62.451
61.46
66.048
66.043
69.134
68.814
69.17
49.175
54.356
59.537
59.673
61.155
67.162
73.169
73.106
73.018
73.073
73.103
67.34
61.578
61.264
73.142
73.361
73.37
73.618
73.355
73.047
72.535
72.138
71.28
64.239
65.037
65.834
65.842
63.895
61.947
57.299
56.607
43.466
44.836
44.52
44.203
50.994
57.785
57.107
65.884
65.816
65.779
61.946
61.993
62.039
72.954
73.408
74.061
74.552
74.647
74.203
65.983
57.056
56.876
56.964
57.051
56.675
76.954
77.316
77.419
77.656
77.852
78.002
78.134
78.206
78.313
78.434
78.413
78.369
78.229
77.976
77.575
76.873
63.211
63.521
66.304
65.679
75.933
76.249
76.479
76.591
76.659
76.715
76.752
76.988
77.087
77.253
77.478
77.639
77.817
77.895
77.769
77.581
77.445
77.04
71.881
66.722
66.943
66.839
66.734
66.672
66.609
74.379
70.601
66.822
66.811
66.935
66.774
66.833
64.009
63.953
66.809
66.921
66.944
66.478
66.012
66.288
66.564
52.883
52.206
66.972
66.863
52.216
51.607
52.644
62.105
63.032
63.047
63.046
63.046
62.997
62.947
63.199
63.45
63.45
63.131
62.811
62.856
62.9
62.423
61.946
60.549
52.099
62.764
73.43
73.63
73.697
73.839
73.817
73.77
80.66
80.645
80.683
73.781
73.589
66.562
51.597
51.361
51.657
52.391
52.234
51.976
57.876
70.055
70.161
64.648
59.135
44.986
44.807
44.881
45.152
45.163
72.254
72.107
78.683
78.623
78.671
78.639
78.603
78.56
71.439
55.132
55.343
72.094
71.679
71.406
71.436
71.185
71.12
70.961
70.731
70.806
70.767
70.388
70.524
70.406
76.842
76.653
76.375
44.684
44.844
45.217
44.897
44.237
75.92
75.892
75.869
75.893
68.886
68.798
51.904
52.038
52.033
52.029
51.762
59.479
71.272
71.003
77.233
77.364
77.583
77.565
77.187
76.164
68.455
67.053
61.452
65.139
60.32
62.058
63.796
63.965
63.952
64.231
52.201
51.435
51.998
52.11
52.223
52.38
52.536
74.055
74.045
69.27
69.136
69.329
69.388
69.441
63.095
56.749
57.277
57.805
72.746
72.525
72.025
71.684
71.185
77.6
63.645
49.69
49.781
50.07
49.432
54.992
72.118
71.648
78.323
78.395
78.408
78.434
83.929
83.946
83.986
83.981
80.806
77.63
77.07
76.73
76.741
69.609
69.434
49.413
50.446
50.117
63.107
76.098
79.65
79.038
78.989
79.168
74.806
44.509
45.059
47.15
66.178
68.73
68.732
56.85
56.937
57.05
53.975
50.901
44.678
45.525
45.294
45.064
51.968
68.95
68.804
75.538
75.665
75.451
75.251
75.715
76.261
76.971
77.482
77.428
77.241
76.748
63.805
50.862
51.798
53.756
55.713
61.06
66.407
54.905
63.771
72.637
72.903
73.356
73.314
73.496
73.096
73.202
72.951
72.995
73.125
73.068
73.394
73.383
73.479
73.545
73.503
73.772
73.853
73.954
73.848
73.672
73.338
73.138
72.983
73.058
63.811
54.564
54.706
54.847
66.863
55.233
67.174
79.115
78.957
79.12
78.76
54.18
62.636
71.092
71.068
71.015
71.028
71.029
71.001
71.035
70.94
70.845
74.072
73.967
73.995
71.001
71.092
71.086
71.081
71.038
70.996
66.447
70.17
66.086
69.979
63.058
62.53
62.001
61.997
61.994
66.766
66.382
74.967
74.899
63.643
63.911
63.893
63.874
64.029
63.983
64.229
64.029
63.966
64.04
64
63.996
64.003
63.932
64.08
63.975
55.235
67.139
59.229
51.319
52.05
59.545
67.04
67.039
66.966
67.017
67.001
82.176
82.092
66.968
67.043
67.021
66.961
67.015
66.999
66.992
66.952
63.879
60.806
61.196
61.586
58.351
55.115
54.75
55.312
47.598
47.537
