54.991
51.946
53.083
54.22
63.968
63.97
63.929
63.946
63.965
55.049
55.105
55.238
55.303
55.113
55.091
54.819
60.012
59.951
60.053
75.99
75.962
60.059
55.315
54.858
55.055
55.191
82.559
82.969
83.377
83.604
83.775
83.861
83.914
76.883
76.559
76.122
79.187
79.042
61.145
68.614
76.084
76.014
66.987
66.277
72.453
78.628
78.673
78.806
78.826
78.435
77.863
77.217
76.099
55.417
55.123
54.922
75.959
76.193
83.3
83.13
83.076
76.117
76.162
76.142
83.299
83.342
83.491
83.715
83.854
84.062
84.16
84.271
84.342
84.436
84.445
84.439
84.355
83.935
75.787
76.034
76.046
75.997
76.005
76.005
75.966
73.847
74.286
74.427
74.872
75.25
74.8
73.247
61.692
61.628
62.131
75.97
76.091
76.018
75.997
76.068
76.01
75.918
68.526
61.134
62.533
61.778
61.548
61.959
61.904
60.433
68.209
75.985
76.01
72.899
73.401
72.87
79.993
79.883
79.762
79.725
79.789
79.89
80.098
80.458
80.642
80.673
80.848
80.977
81.146
81.092
81.13
81.153
81.068
81.064
80.948
80.969
80.898
80.778
80.816
80.81
80.788
80.732
80.78
73.938
73.952
80.922
80.877
80.878
80.891
80.861
80.637
80.413
80.526
80.215
80.38
80.326
73.832
74.038
82.509
82.626
83.28
83.511
83.403
76.009
75.432
74.616
73.44
59.79
58.906
58.974
59.456
70.969
70.927
70.941
71.051
71.103
72.635
77.501
82.366
82.412
82.202
82.101
82.122
82.372
82.52
82.668
77.566
77.636
77.515
77.751
77.8
77.613
77.532
77.589
77.667
77.652
69.092
69.09
69.066
68.997
69.032
69.164
81.425
81.671
81.481
81.155
80.582
80.374
80.298
71.041
54.811
55.848
61.862
74.823
74.454
73.807
71.054
70.919
70.954
70.99
70.993
71.029
71.015
71.03
71.002
71.049
71.015
71.018
71.042
71.014
71.021
71.147
73.617
76.087
76.065
64.159
52.253
51.884
52.192
51.776
51.865
52.139
51.771
75.967
75.997
75.996
76.03
76.011
76.028
76
76.039
76.028
76.046
76.007
75.987
76.078
67.431
58.785
58.855
58.822
58.788
70.75
77.134
77.173
77.193
77.252
77.403
77.385
76.014
75.934
75.991
75.996
76.012
76.037
75.999
58.129
58.406
58.682
64.735
58.305
51.875
52.096
58.921
76.074
75.996
76.047
75.997
76.028
76.015
76.031
76.024
75.89
75.756
75.314
75.763
75.57
75.658
75.789
76.005
76.28
77.125
76.187
76.083
76.036
76.021
75.998
76.022
76.003
76.021
76.028
76.024
76.054
76.041
76.127
59.295
58.841
58.877
76.095
76.11
56.867
57.032
56.653
56.275
76.062
75.971
76.037
76.044
76.047
76.057
76.026
76.004
76.033
75.992
65.835
55.679
54.231
54.328
76.089
76.021
76.019
76.017
76.015
76.012
75.985
76.076
76.05
