55.512
55.423
55.512
55.534
57.994
56.589
55.184
64.151
64.778
68.502
66.143
63.784
55.951
55.534
55.834
56.135
55.828
55.521
55.581
55.504
55.427
55.657
55.543
55.165
55.974
55.484
47.927
48.971
49.749
43.155
43.238
67.785
67.387
43.223
43.32
43.371
43.287
43.353
43.419
69.747
69.614
69.145
69.122
69.172
69.29
69.302
64.495
44.308
43.399
43.215
43.031
60.675
60.309
66.245
70.474
70.171
70.237
63.465
63.719
67.45
67.449
67.453
67.431
67.564
67.697
68.072
64.436
64.472
64.601
64.25
64.414
48.417
48.504
48.592
48.852
48.426
64.45
64.484
64.484
64.338
64.628
55.421
60.031
64.642
64.317
64.583
64.506
64.457
69.329
72.73
72.466
72.231
71.976
72.006
72.134
67.166
66.87
60.353
60.631
60.544
60.615
60.927
68.207
67.54
67.147
67.177
60.366
60.304
48.286
48.569
48.309
48.516
48.589
48.323
48.422
48.497
48.534
64.541
64.509
64.313
48.242
49.045
55.412
55.498
55.403
59.234
63.064
62.619
62.631
62.788
69.578
69.701
69.858
69.664
69.559
69.711
74.504
74.484
74.513
74.491
69.172
69.02
47.568
48.534
62.55
62.889
48.654
49.132
49.611
51.021
70.271
70.141
69.833
69.681
69.639
81.659
78.343
75.026
75.016
75.006
75.053
70.006
70.053
70.1
70.626
71.152
76.296
76.367
74.184
72.001
72.098
71.807
71.764
66.205
67.136
66.942
51.921
52.865
52.524
52.068
52.564
67.423
67.579
67.721
68.32
67.802
67.594
67.358
67.318
67.232
67.284
67.293
67.304
53.075
52.218
56.393
57.263
67.787
67.82
67.419
57.066
57.483
57.473
57.463
57.241
57.019
57.549
69.156
69.242
68.967
69.236
69.333
69.682
69.655
69.769
69.681
69.414
68.372
68.143
67.066
67.117
67.308
67.355
67.577
67.486
67.699
68.362
67.592
67.672
67.666
67.472
67.635
67.423
68.735
67.642
67.987
67.251
67.828
67.453
67.498
67.462
67.384
67.305
65.663
65.168
65.776
69.855
69.748
65.403
65.524
65.646
65.468
65.388
69.157
69.562
49.398
50.984
50.739
52.252
53.764
72.399
72.523
67.444
67.251
67.246
67.089
67.237
67.479
67.511
67.271
67.433
67.843
65.578
65.524
65.408
65.476
65.481
65.572
64.862
68.666
72.469
71.963
71.601
71.454
71.506
65.299
66.143
65.256
65.483
66.261
65.956
65.651
65.864
65.515
65.446
65.719
65.603
65.62
65.665
69.018
69.265
69.192
69.154
69.181
69.026
68.846
68.845
68.712
65.496
65.506
65.543
65.416
65.476
65.468
65.576
60.745
60.187
60.382
64.737
64.773
64.567
64.712
64.858
64.983
65.109
65.323
65.507
65.784
66.06
65.977
66.472
65.501
65.357
65.412
65.381
65.255
65.024
65.13
60.046
54.962
61.014
60.559
60.103
66.903
66.81
66.859
66.908
71.896
71.732
71.953
71.811
71.836
71.919
71.816
71.828
71.872
71.729
72.018
72.103
72.149
72.194
64.916
55.383
55.589
55.423
55.334
55.573
55.381
55.538
55.52
55.425
55.467
55.443
55.467
55.367
55.621
55.359
55.544
55.434
55.427
55.552
55.425
55.499
55.405
55.559
55.523
58.439
