57.034
56.943
56.822
56.941
57.013
57.049
57.048
56.971
56.888
56.849
56.93
56.989
57.1
56.607
57.463
57.513
58.509
57.458
57.679
57.516
58.787
57.709
57.524
57.712
58.597
57.818
57.52
57.722
58.937
57.484
57.632
57.512
58.713
57.531
56.996
57.869
57.938
62.255
62.122
61.903
61.968
61.843
61.856
61.959
61.953
61.962
57.839
57.944
73.971
73.959
57.957
57.818
61.929
61.916
61.949
62.127
57.425
59.74
62.054
61.89
52.895
52.982
52.927
53.09
52.793
52.722
53.153
53.888
54.091
54.294
54.223
54.645
55.067
56.92
57.49
58.129
58.311
58.4
57.948
57.933
57.919
57.904
57.994
58.587
58.62
58.652
58.493
58.818
59.144
61.022
59.014
60.76
60.939
61.176
61.321
60.76
60.165
61.84
62.053
62.041
61.94
61.877
62.003
61.169
72.726
72.479
72.165
79.272
79.365
79.512
79.644
79.833
72.985
72.989
72.953
72.653
60.951
58.635
58.395
58.156
62.085
62.098
61.974
62.21
72.398
72.631
72.286
65.872
59.459
59.24
58.803
58.366
61.375
61.617
61.829
61.869
61.601
60.248
60.391
59.521
58.169
61.952
62.106
61.953
61.971
61.97
62.135
59.708
60.166
59.471
59.643
59.562
59.781
59.601
59.555
60.012
59.831
59.574
59.569
58.939
60.387
60.36
60.334
60.124
58.092
57.597
57.627
55.964
59.418
57.869
58.11
58.352
57.442
56.911
56.931
57.198
57.575
68.847
68.548
68.615
68.601
68.208
68.082
68.186
67.967
68.271
56.453
56.484
59.754
64.199
68.643
68.695
68.645
68.325
68.128
75.297
75.379
75.19
75.346
75.328
68.23
67.265
62.522
62.19
61.859
62.234
61.912
57.148
58.26
57.628
57.414
61.791
77.579
77.397
76.801
76.436
76.277
57.828
57.754
58.11
70.773
71.249
59.055
60.561
59.033
59.491
59.022
58.879
60.596
58.865
59.167
59.391
58.81
59.227
59.45
71.485
71.184
71.237
71.317
71.426
71.55
71.656
71.587
71.498
71.425
71.277
61.719
60.982
58.689
58.425
58.128
58.477
59.742
59.702
60.127
59.25
59.899
59.097
58.661
58.402
57.983
57.673
57.598
57.452
57.717
59.827
61.937
62.147
62.072
61.998
62.024
61.971
60.031
58.684
58.388
58.12
57.707
57.508
57.349
57.526
57.626
57.6
57.486
57.289
57.714
58.123
61.89
62.126
62.113
61.999
57.577
57.921
61.911
61.975
61.948
61.922
61.987
57.824
57.802
58.213
57.967
57.91
57.88
59.96
62.039
61.694
57.377
61.17
61.603
62.036
61.947
61.935
62.009
62.082
62.006
61.893
62.001
61.935
53.185
53.011
52.818
53.057
52.813
