61.775
61.786
61.559
61.333
49.62
49.694
50.237
61.574
61.549
49.722
50.07
50.276
49.847
61.974
61.965
62.025
61.997
61.928
61.792
61.641
61.905
61.846
61.894
61.925
61.892
61.835
61.938
62.315
62.692
63.574
62.883
63.503
62.912
63.566
62.653
59.729
60.926
62.124
61.888
56.87
59.505
62.141
61.741
62.234
62.152
62.069
61.756
61.746
61.77
61.826
61.887
61.949
61.838
61.957
61.911
61.865
61.846
61.896
61.87
49.996
49.919
49.749
49.898
50.451
50.297
50.208
50.118
49.926
61.933
61.861
50.047
50.008
50.042
50.076
50.234
49.784
61.849
73.877
73.892
73.854
73.899
73.87
80.887
80.879
80.874
80.86
73.825
73.841
73.898
73.814
73.903
44.238
44.125
80.918
80.904
73.92
73.937
73.946
70.322
66.699
67.226
67.754
60.715
60.044
54.709
54.634
55.218
68.803
69.065
69.199
69.351
69.497
55.14
55.209
54.999
54.867
55.129
55.018
54.782
54.973
54.243
57.01
59.778
56.936
54.094
64.324
56.742
58.188
59.633
59.947
60.262
60.422
59.949
59.945
59.957
59.886
59.917
59.95
59.873
60.122
60
59.806
59.883
59.962
62.599
68.537
73.061
72.315
67.214
67.347
67.479
59.922
59.757
60.032
59.827
59.902
60.012
59.81
59.883
64.782
63.271
63.173
63.075
62.894
63.196
63.378
63.262
63.02
53.297
53.999
53.492
53.858
54.08
55.086
55.921
68.813
69.2
68.688
68.053
71.819
65.313
68.06
70.807
71.438
71.527
71.053
70.151
69.263
68.512
68.292
68.188
68.173
68.305
68.209
68.568
69.015
69.137
68.999
69.076
69.153
69.397
69.602
75.959
75.899
75.589
74.928
74.196
64.452
54.709
54.611
54.388
55.671
59.458
59.134
54.647
54.832
54.873
54.925
54.936
55.17
54.802
54.895
54.645
54.714
66.689
82.641
82.599
82.569
82.451
82.29
82.097
66.136
66.281
66.395
67.138
55.682
55.918
56.11
56.303
68.598
68.51
56.366
56.25
56.528
56.572
55.982
57.773
58.846
59.275
59.138
71.589
71.464
71.337
71.432
71.297
46.489
47.246
57.915
56.934
55.933
55.624
58.558
59.216
57.883
56.55
67.385
66.935
66.406
62.799
59.193
58.992
58.719
58.511
55.029
55.623
55.207
66.538
65.659
65.878
65.946
66.015
65.549
65.821
62.287
58.753
66.305
73.858
73.843
73.818
73.892
67.971
62.051
62.045
61.977
73.92
73.865
73.909
73.827
73.875
73.846
73.817
73.904
66.31
58.717
47.091
48.043
