55.929
55.479
55.621
55.763
55.935
60.736
60.373
56.15
54.912
55.931
55.359
55.687
55.76
55.498
55.156
55.796
55.935
55.108
55.724
55.485
52.898
50.31
50.423
43.481
43.666
43.597
43.753
43.891
43.771
44.151
44.007
43.964
44.195
44.095
44.23
44.085
44.11
44.162
44.119
44.052
43.895
43.914
43.933
43.521
51.372
52.517
51.507
50.498
50.629
50.887
51.255
51.676
52.098
51.536
50.975
51.365
49.932
50.684
51.436
51.919
52.402
52.443
52.484
72.379
72.498
72.586
54.116
51.913
49.788
51.493
58.839
66.184
66.03
65.885
65.829
65.894
66.045
66
65.843
49.691
50.628
67.677
67.616
67.768
65.656
65.07
64.835
64.79
65.03
64.744
52.395
50.304
50.382
67.873
67.623
67.894
67.277
66.659
66.484
71.909
77.333
80.078
79.895
80.054
80.212
69.502
69.559
69.755
69.951
69.972
69.49
50.278
50.724
50.05
50.569
50.385
50.542
50.414
50.521
50.046
49.57
67.164
66.728
66.292
57.859
62.374
66.889
66.014
50.686
50.23
50.592
50.381
50.487
50.509
59.309
68.108
67.212
66.619
71.672
71.588
72.056
69.793
67.529
67.421
67.386
67.509
54.894
54.888
54.882
52.166
49.449
50.18
50.292
50.333
50.044
49.808
67.92
67.569
67.364
67.392
67.677
62.213
62.037
61.885
61.898
61.966
68.402
69.27
69.058
69.314
69.139
69.154
74.056
74.048
74.208
74.351
73.985
73.933
73.763
73.831
73.703
77.597
77.645
43.959
43.887
43.77
43.604
43.611
50.264
56.917
56.485
54.282
55.879
56.63
57.677
55.953
55.99
57.319
57.437
55.94
54.978
56.223
55.603
54.982
55.988
60.667
58.341
56.016
55.247
65.42
77.544
77.563
77.574
65.549
65.56
71.517
77.475
77.629
77.535
77.442
43.971
44.306
50.838
49.955
49.969
49.984
43.877
43.142
43.231
43.32
43.171
43.207
43.244
49.603
49.958
50.542
51.148
51.755
69.972
75.749
75.975
76.397
76.82
76.948
77.076
77.187
49.531
51.543
47.868
49.103
50.338
71.986
71.484
62.256
53.028
53.062
52.95
52.834
52.803
52.772
68.868
69.668
69.598
65.761
65.133
67.406
60.295
53.185
53.12
53.252
52.383
65.381
65.687
67.783
67.519
64.918
64.556
64.664
64.378
64.53
64.466
64.846
64.977
66.353
67.728
67.433
67.636
79.833
79.797
76.675
73.553
73.182
79.85
79.74
53.018
52.592
50.394
50.475
66.94
69.973
69.93
79.736
79.623
79.773
79.695
79.786
79.758
79.642
79.788
79.743
68.079
67.532
66.281
66.368
66.08
66.828
66.077
67.979
68.181
68.382
79.83
79.772
79.627
65.871
65.949
65.612
68.898
68.806
68.109
72.44
72.299
71.991
60.684
49.377
57.666
65.956
77.977
77.807
77.817
43.52
44.194
44.734
44.417
44.1
49.791
49.17
49.101
49.829
65.72
65.419
67.441
67.675
68.378
69.081
69.304
68.673
68.748
68.823
80.818
83.539
83.499
83.402
83.293
83.368
83.3
77.525
78.605
79.685
67.523
50.158
50.402
50.386
50.583
43.062
43.288
43.211
67.669
67.665
67.443
44.392
43.443
43.174
49.383
55.591
77.574
77.532
65.575
65.641
71.651
57.824
58.815
59.806
67.76
67.59
67.723
