59.372
59.214
59.04
59.181
59.054
47.459
47.839
48.856
49.872
54.991
60.109
60.188
59.422
66.739
64.304
64.985
65.666
65.798
65.93
61.456
61.487
61.727
61.912
61.93
62.362
62.91
63.658
64.219
64.487
71.384
71.621
71.51
71.322
71.155
70.854
70.03
62.401
54.771
54.829
54
54.488
54.224
53.96
54.679
54.387
54.673
54.916
53.974
63.87
63.941
54.187
55.442
58.596
58.684
53.509
55.206
54.063
53.211
58.946
58.887
58.825
58.883
59.043
58.856
58.668
63.127
67.586
66.913
73.957
73.925
73.906
73.904
74.009
54.985
55.612
56.047
55.44
54.577
54.509
54.552
63.956
64.013
54.409
54.939
59.399
63.858
63.914
63.914
65.97
68.026
67.841
67.69
67.698
67.594
67.507
67.471
67.499
67.397
67.429
67.493
67.57
67.748
59.009
54.623
54.558
63.957
63.912
63.954
58.677
57.392
56.916
56.998
57.714
55.984
55.924
55.865
55.882
55.899
58.758
58.248
59.458
58.163
59.553
61.734
60.256
58.779
58.906
58.742
59.349
71.927
71.763
71.538
71.369
71.343
59.021
58.51
59.023
58.999
58.9
58.812
58.028
57.194
56.361
56.692
69.73
72.566
75.57
75.741
76.346
75.077
73.809
73.999
74.182
74.188
74.102
74.016
74.032
69.1
69.156
69.189
61.881
61.646
61.785
61.921
61.841
61.887
61.827
62.016
62.62
62.447
62.412
61.166
62.932
63.902
63.744
61.638
62.07
61.86
61.997
61.886
57.053
56.594
56.745
56.858
56.893
61.869
61.453
61.63
65.913
65.907
66.007
66.099
61.437
56.775
59.236
61.697
61.491
61.789
62.149
62.049
49.846
50.135
49.803
49.883
61.481
61.48
61.673
61.834
50.055
49.977
49.901
49.825
50.024
61.928
61.787
61.946
49.635
49.273
69.094
73.621
61.8
49.978
49.765
50.267
62.09
61.783
50.819
50.711
62.136
61.789
61.522
68.182
68.113
67.577
67.745
67.748
67.914
68.204
71.111
74.018
74.001
49.76
56.643
63.525
69.969
68.888
68.19
68.36
69.034
63.228
63.82
64.15
64.245
54.23
55.464
54.828
54.836
55.712
54.214
64.026
63.678
63.567
63.768
63.735
63.719
63.684
63.835
67.851
71.866
71.824
59.62
59.807
59.938
59.967
61.967
63.968
63.655
63.55
63.312
63.19
62.971
63.355
63.755
64.176
64.217
59.624
59.672
59.61
63.422
63.478
60.183
60.074
59.674
63.835
63.595
60.88
60.056
61.054
61.507
64.183
66.678
65.728
68.025
70.321
69.932
66.771
66.815
66.814
66.921
66.999
66.942
66.885
60.37
59.683
59.978
60.272
56.346
58.139
76.663
76.296
75.908
75.851
76.371
77.212
70.95
70.911
70.852
70.647
70.13
69.689
69.301
63.716
63.506
63.817
56.489
57.33
56.345
56.526
56.518
56.587
58.3
57.196
69.759
70.156
69.926
76.757
76.637
76.311
75.975
75.497
74.858
74.385
66.793
66.32
66.451
68.48
67.737
66.993
66.853
66.864
66.876
54.709
55.06
70.931
71.017
66.98
67.035
66.91
71.185
71.198
71.179
71.16
71.106
71.1
67.156
67.097
67.038
69.17
69.064
69.884
70.704
59.232
61.537
59.272
64.139
69.006
68.913
69.006
68.952
68.925
68.994
69.001
68.981
68.887
68.918
68.883
68.849
58.781
58.79
68.701
68.675
68.73
67.994
67.259
66.506
66.644
66.744
66.843
67.292
70.434
69.574
69.37
68.86
67.166
66.643
66.121
58.749
58.71
58.672
58.857
58.892
59.533
59.401
59.138
60.474
61.809
62.004
60.033
59.616
62.655
61.653
61.991
62.008
62.026
54.777
54.972
58.639
61.819
62.08
61.953
61.954
61.755
61.717
59.084
59.286
59.135
58.901
58.667
58.399
58.606
58.608
58.477
58.703
62.066
