76.538
76.552
57.538
57.439
57.457
57.523
69.582
69.543
69.538
69.567
69.518
57.373
57.575
57.591
57.516
57.477
57.558
57.552
57.501
57.512
57.449
57.548
57.584
57.522
57.607
57.591
60.677
63.763
63.558
63.445
64.186
64.493
64.859
61.264
63.319
65.373
65.392
64.978
64.986
55.777
54.589
54.195
66.731
66.704
66.276
66.414
66.638
73.575
73.573
66.13
65.998
66.509
69.494
69.52
69.527
69.196
68.866
68.406
68.976
57.13
57.216
69.113
68.241
69.328
69.67
69.614
69.501
69.582
69.49
69.562
69.5
55.312
53.983
54.526
54.987
54.673
54.532
54.941
54.722
54.455
54.627
69.587
69.59
69.594
69.599
69.407
67.795
66.183
60.759
59.42
58.082
57.731
57.061
57.633
57.53
56.697
54.059
54.646
55.154
55.039
54.461
54.591
71.368
77.027
76.856
76.72
76.523
69.483
69.415
69.47
56.97
63.147
69.325
69.602
69.568
69.534
69.484
54.439
54.479
55.672
56.814
56.36
69.559
69.6
69.471
69.355
69.262
57.07
57.558
57.75
57.315
57.037
57.035
57.409
57.658
56.666
56.291
55.916
53.799
54.583
54.045
54.403
54.615
54.305
54.62
54.225
55.165
54.84
76.724
76.615
76.597
76.496
76.282
76.13
75.868
75.842
57.384
57.354
56.564
69.425
62.485
72.015
64.884
57.752
56.034
54.69
53.848
55.144
55.836
53.974
54.772
69.527
69.556
69.535
69.585
69.541
69.564
69.67
69.583
69.496
69.569
69.548
69.522
69.528
69.502
66.5
66.506
66.521
66.551
66.548
66.536
66.591
66.425
67.337
68.249
75.334
74.716
74.638
56.324
44.749
44.396
44.166
76.052
76.996
77.774
78.174
78.208
78.184
78.153
78.099
78.088
77.946
70.765
70.8
70.941
71.025
71.142
71.322
59.115
58.883
55.302
51.72
51.6
59.365
59.509
59.558
59.667
59.786
59.433
68.615
68.482
68.502
68.574
68.596
68.574
68.546
68.484
68.527
70.247
71.966
78.716
78.711
78.665
78.502
78.294
78.223
77.939
77.773
77.76
77.895
78.034
78.117
78.169
78.21
78.129
78.095
78.063
78.083
78.093
77.916
77.886
77.875
73.24
68.605
64.46
64.437
64.415
78.62
78.53
78.312
71.2
71.249
71.237
71.225
44.974
44.676
44.874
45.072
59.243
59.224
59.197
58.447
44.283
44.503
44.526
44.543
44.643
44.854
44.784
45.048
44.365
44.745
64.697
64.5
64.693
64.482
64.46
64.439
64.406
64.523
64.519
64.214
64.309
64.404
64.657
64.57
68.588
68.627
68.556
68.534
68.536
68.538
68.549
56.867
57.794
57.682
73.462
73.395
73.169
60.416
60.664
57.712
57.331
61.26
80.563
80.636
80.64
80.643
80.708
80.604
80.512
80.534
80.565
80.317
80.232
80.255
61.214
61.202
60.631
59.134
57.636
52.573
52.555
51.641
53.21
61.333
61.867
61.961
61.832
61.736
61.876
61.81
61.784
61.801
45.667
45.497
45.594
45.661
45.614
45.552
45.445
45.615
61.788
61.579
61.518
61.054
61.001
45.745
45.596
45.624
45.402
45.577
45.754
57.058
57.082
61.133
61.134
64.603
64.542
64.55
61.111
61.073
62.701
64.33
64.607
64.479
57.862
57.385
57.644
64.429
71.754
71.718
71.466
71.394
71.383
71.314
71.185
59.691
57.889
58.115
57.243
57.588
57.267
57.62
57.334
57.614
57.614
57.472
57.512
57.682
57.614
57.896
69.678
69.645
69.499
69.508
69.563
69.589
69.516
69.598
76.61
76.594
59.992
60.515
72.366
72.321
72.187
72.067
71.955
71.995
72.263
72.676
73.075
73.534
73.979
74.219
74.054
73.748
73.445
72.973
72.752
72.796
72.774
73.177
73.277
73.131
73.05
73.025
72.984
72.76
72.841
72.768
73.168
57.6
57.554
57.566
57.607
73.19
73.097
57.378
57.442
52.594
52.47
52.544
52.487
52.55
58.57
64.59
69.572
69.521
69.542
69.578
69.686
69.612
69.653
69.573
69.562
