83.71
83.676
83.593
83.478
83.56
83.646
52.594
52.442
52.528
52.536
52.494
52.452
52.429
52.405
83.456
83.473
83.445
83.447
83.449
83.435
83.422
83.387
83.381
83.375
83.331
83.167
83.486
75.834
68.181
67.784
67.864
67.806
67.374
58.828
64.639
70.45
70.752
71.629
72.508
73.479
55.113
53.846
54.554
68.103
81.651
81.648
66.447
65.524
71.99
71.754
64.606
51.515
50.241
50.621
51.307
49.961
56.309
53.788
60.34
66.892
73.008
77.079
76.777
76.927
72.087
72.361
53.068
53.415
53.498
52.317
50.385
50.529
66.167
65.229
71.792
71.578
71.516
71.346
71.304
71.297
64.407
68.012
71.616
71.424
71.609
70.569
69.529
69.536
69.543
69.469
69.572
69.54
62.588
62.503
62.498
82.48
81.768
84.216
83.711
83.238
82.2
81.044
80.029
62.277
62.469
62.333
64.386
66.439
66.886
66.67
66.685
66.783
64.578
62.373
62.529
62.525
62.446
62.544
62.474
52.755
52.111
55.759
59.408
59.292
59.64
58.667
62.232
53.921
45.61
45.515
69.767
67.889
67.051
66.213
65.435
67.626
67.671
67.636
67.601
65.394
62.329
61.584
68.801
68.576
68.599
68.273
68.007
67.825
68.038
67.761
67.484
67.548
67.173
69.353
72.468
71.987
66.563
66.887
67.211
67.52
67.587
67.538
67.598
67.652
67.995
68.338
68.264
68.536
68.035
68.03
67.975
67.921
67.712
79.716
79.647
79.607
81.419
83.23
83.303
79.759
79.77
79.582
83.414
83.359
79.435
79.621
83.187
83.108
81.517
79.925
79.692
73.633
67.574
67.523
67.458
67.517
71.435
71.47
65.674
67.369
67.561
67.572
67.582
67.561
67.539
67.517
67.431
67.567
67.758
67.552
67.586
67.587
49.114
58.295
67.476
67.49
67.663
67.459
54.507
53.739
52.971
67.697
67.585
67.44
67.447
75.389
83.331
83.596
83.365
56.366
55.696
55.413
67.667
67.779
67.385
75.886
84.386
84.383
64.391
64.65
70.267
73.968
77.4
77.629
77.74
74.151
74.387
69.874
71.022
72.17
52.542
53.039
67.663
84.457
84.471
67.723
76.1
84.477
84.524
84.53
84.536
81.22
76.573
71.926
71.744
71.477
71.326
71.318
71.403
71.5
84.347
84.486
82.975
81.464
81.487
73.858
73.005
72.151
71.637
75.388
74.028
72.413
78.494
84.576
84.528
84.52
84.566
81.63
81.579
81.682
81.66
84.469
84.424
84.53
81.514
83.002
84.491
84.499
84.428
84.438
84.387
84.507
84.505
84.466
84.406
84.398
84.391
84.532
84.456
84.345
84.446
83.034
81.621
81.732
81.693
84.428
84.523
56.33
56.381
84.399
84.18
79.572
56.327
56.289
61.986
59.004
56.022
55.781
55.493
61.47
67.446
67.384
83.882
83.726
83.738
61.637
62.115
62.4
62.389
62.433
62.491
62.597
62.298
83.578
83.558
83.545
83.335
67.495
68.762
70.028
69.423
73.979
74.083
74.07
74.069
73.896
83.441
83.422
83.354
83.285
83.364
50.207
50.276
83.493
83.52
83.419
83.473
73.936
78.611
83.286
83.404
83.393
71.642
71.524
71.562
83.426
