70.953
67.016
63.08
42.949
43.534
43.61
43.972
44.106
44.737
44.739
44.654
61.302
77.951
78.212
68.136
68.102
68.095
68.136
68.134
68.082
70.944
71.182
54.567
52.998
57.399
61.799
57.624
53.449
54.172
54.835
54.251
55.244
55.598
55.176
54.995
67.148
66.604
69.441
72.278
71.659
72.166
71.914
72.096
78.204
78.106
55.404
55.163
54.922
47.295
46.992
54.859
53.456
53.592
52.918
52.245
53.988
53.141
53.012
44.6
44.507
44.321
44.134
45.662
54.043
52.699
51.313
51.707
52.015
52.045
52.075
52.375
52.676
48.73
50.01
51.289
49.426
49.955
52.029
51.952
52.052
52.153
52.018
51.837
45.841
44.83
44.629
45.194
44.678
45.268
44.928
44.926
45.646
44.72
54.431
64.143
64.038
69.093
69.13
69.13
69.108
69.204
76.171
76.094
72.591
74.356
76.12
76.086
76.063
76.056
76.034
64.081
64.166
45.909
43.141
44.301
44.456
45.029
45.148
45.268
59.66
73.412
73.012
80.08
79.944
79.699
80.302
80.875
81.878
82.525
75.43
74.948
74.445
73.549
72.691
72.714
72.352
72.458
72.721
60.925
61.1
65.114
69.128
76.184
76.135
61.388
60.453
60.434
60.483
79.581
79.625
79.799
60.661
60.349
59.388
59.091
57.502
56.38
56.936
69.586
70.337
70.327
70.47
70.78
70.733
58.959
58.806
58.807
57.563
44.777
44.878
44.528
44.177
71.243
71.145
71.259
71.363
71.438
71.346
71.098
70.672
69.883
68.889
61.454
54.019
52.455
54.363
56.272
68.568
67.762
68
67.932
55.747
55.818
67.764
68.015
56.375
56.256
56.137
56.499
56.861
68.629
68.478
67.772
67.562
67.188
67.299
73.738
80.178
80.156
55.808
55.772
55.868
67.785
80.092
80.148
43.832
43.429
80.197
80.165
80.138
44.003
44.359
44.462
44.48
44.647
44.649
44.355
44.199
44.025
44.502
44.249
43.792
43.444
43.575
43.381
43.187
43.596
43.589
43.582
53.844
53.28
53.468
52.857
52.246
48.152
51.538
54.924
53.28
54.191
53.846
66.561
67.377
72.659
71.878
75.985
75.995
72.845
73.274
73.059
73.036
73.112
73.089
55.441
55.518
55.594
63.207
63.631
51.02
51.497
63.773
64.192
73.137
73.079
44.258
44.795
44.455
44.622
67.086
66.236
65.85
72.622
72.74
72.689
65.635
65.734
65.792
65.613
65.446
65.727
65.831
66.061
66.41
66.485
82.561
82.3
73.284
73.04
72.937
73.285
73.966
74.648
75.197
75.423
75.356
75.063
74.77
74.534
74.525
74.517
74.623
67.398
67.735
67.538
66.996
73.543
80.091
80.233
43.221
43.075
42.071
53.178
52.662
52.147
52.427
52.707
52.221
78.107
78.128
78.124
78.082
78.039
78.181
78.068
78.028
65.112
64.578
63.981
51.412
52.2
51.8
52.142
52.156
52.182
51.749
43.402
43.083
43.041
42.832
41.899
41.505
43.704
73.169
73.159
73.083
73.122
73.062
73.084
73.095
43.648
43.134
42.897
42.981
42.983
50.73
53.155
52.517
63.654
63.349
63.613
68.337
73.061
73.006
73.074
66.866
66.557
66.248
65.705
65.322
65.971
66.374
67.107
80.1
80.085
74.021
67.957
67.205
66.327
65.344
44.273
45.916
64.97
65.285
65.599
66.074
66.026
65.806
65.87
78.036
78.097
78.127
78.07
78.091
66.664
66.127
65.712
65.417
81.317
81.388
72.378
72.34
72.52
72.633
72.775
72.763
72.869
72.89
53.902
53.057
72.401
72.168
62.735
53.301
54.093
53.688
66.014
66.118
66.063
66.105
66.191
