52.316
51.722
56.945
62.168
61.937
62.323
62.001
61.842
62.07
64.463
66.855
66.692
67.909
69.125
52.298
52.222
52.324
51.444
51.946
52.301
52.109
51.148
43.259
43.908
73.78
73.562
72.749
72.456
72.236
72.902
73.33
73.812
74.419
74.833
74.949
74.933
74.555
74.01
73.617
63.695
63.8
63.905
63.038
62.171
72.684
72.629
72.336
72.359
73.004
67.181
61.359
60.373
66.604
66.695
54.359
52.844
53.251
53.658
53.84
52.73
51.621
47.658
52.18
48.118
62.263
76.409
75.43
75.927
76.969
70.33
52.207
53.087
53.967
71.954
78.522
78.272
78.373
78.469
78.496
71.242
70.701
67.416
69.554
71.692
71.772
71.438
71.105
71.047
70.703
70.505
70.675
56.378
57.856
69.898
76.544
76.528
69.284
69.33
68.478
45.258
45.045
44.722
54.682
69.384
69.321
68.882
68.948
68.85
62.867
56.883
52.458
51.996
51.835
61.915
71.283
71.026
70.801
70.279
70.386
70.555
52.022
52.466
48.024
43.582
45.164
44.539
44.86
45.237
44.948
44.713
45.233
45.869
45.491
45.157
44.824
44.907
44.955
45.09
44.949
45.198
45.487
44.955
65.695
66.438
68.005
69.354
70.18
70.736
58.433
50.2
49.889
49.834
58.519
59.701
59.417
58.865
59.619
59.186
58.687
60.331
61.976
62.077
61.65
66.348
71.046
70.655
62.077
62.054
62.03
62.088
61.893
62.004
62.036
62.159
69.291
68.759
80.041
79.608
67.412
67.126
67.115
67.036
67.901
71.294
74.686
74.017
52.533
51.525
52.398
52.345
51.849
52.193
51.946
51.471
52.757
63.497
63.519
63.586
63.653
63.804
63.82
63.863
63.905
64.112
64.066
64.171
64.281
64.054
63.82
63.536
61.828
62.667
61.938
65.956
66.474
66.563
61.745
61.735
61.866
61.403
60.94
60.16
54.175
47.355
54.523
61.691
73.484
73.481
76.319
79.157
78.905
69.189
74.213
65.08
55.946
61.446
66.947
73.627
73.553
73.48
73.741
73.546
73.54
73.632
73.468
73.401
73.575
73.506
73.438
73.375
73.376
73.377
73.333
73.29
73.296
73.265
73.269
73.261
73.253
73.181
73.152
73.108
73.116
73.336
73.529
73.545
73.561
73.538
73.514
73.422
73.403
73.384
73.296
73.01
72.662
78.735
77.663
76.684
76.491
76.67
77.072
77.329
77.544
77.503
77.699
77.868
78.402
75.956
73.51
74.334
74.971
75.3
75.334
75.251
75.012
74.475
73.75
73.22
72.964
73.021
73.2
73.337
73.216
73.013
72.551
79.197
78.899
64.81
64.554
58.021
69.385
71.49
68.186
64.882
64.801
64.719
64.617
56.744
57.324
57.172
57.27
56.854
57.014
57.023
57.099
57.175
57.225
57.015
57.022
64.508
80.981
80.971
80.998
84.008
83.965
83.979
73.609
73.659
73.655
73.616
73.205
78.574
71.603
64.633
65.25
71.122
75.854
76.387
64.813
65.258
77.616
77.966
66.036
66.21
66.191
66.172
65.912
66.081
65.975
65.869
65.476
65.083
64.482
62.367
47.756
53.93
60.103
64.801
76.545
76.551
76.64
76.619
76.716
76.856
76.898
76.899
76.881
76.857
76.881
76.824
76.613
76.119
75.611
74.887
65.538
64.139
62.74
63.071
75.577
75.884
76.146
76.326
76.407
76.372
76.224
76.093
75.969
75.846
75.902
75.829
75.741
75.53
75.481
75.348
75.534
75.56
75.659
75.676
75.629
75.655
75.636
75.562
75.536
75.431
75.311
75.162
76.364
77.567
74.984
74.982
75.007
75.012
74.888
74.857
75.044
75.351
75.435
75.551
75.691
75.691
75.699
75.809
75.875
75.759
75.834
75.863
76.052
76.029
66.067
65.243
64.418
64.208
65.803
64.533
65.969
77.83
77.97
77.843
77.521
77.2
76.469
75.203
73.151
69.894
66.637
66.979
54.489
64.597
74.705
74.659
74.526
74.678
61.696
48.714
49.729
50.705
49.94
49.175
53.214
57.254
57.267
57.094
57.015
57.261
57.037
57.043
57.159
57.085
56.959
56.833
