44.65
45.076
45.029
45.118
45.341
45.173
50.011
54.849
53.432
52.015
60.496
60.488
60.375
61.02
62.317
62.103
63.556
64.44
64.95
65.366
65.477
65.447
65.372
65.46
65.354
65.141
64.775
65.134
65.327
65.467
65.82
65.877
69.39
72.903
72.84
72.876
72.998
73.027
73.015
73.235
73.129
72.999
72.942
72.894
72.822
72.772
65.846
70.257
68.598
66.94
66.774
73.606
73.593
73.496
73.078
73.559
74.067
61.833
56.409
56.476
56.559
56.896
55.82
55.725
55.611
55.345
56.321
56.725
56.438
56.71
56.118
52.743
49.368
50.444
50.119
49.67
49.584
50.22
50.196
49.541
50.091
50.247
50.164
50.081
61.739
62.216
63.024
63.832
64.88
66.049
67.447
67.88
68.227
56.422
56.771
56.861
57.076
57.313
57.644
57.616
57.89
58.358
58.205
58.066
58.455
58.256
58.057
58.32
58.412
58.405
58.256
58.247
58.209
58.382
58.552
58.366
58.428
58.436
58.467
58.682
58.278
57.672
56.848
55.729
54.356
53.116
52.331
51.771
53.021
53.069
52.263
52.617
53.355
53.673
52.972
53.936
53.836
53.593
53.817
54.166
53.989
53.752
54.282
54.484
54.485
54.625
43.417
43.269
43.559
54.429
54.505
54.362
43.171
43.236
43.012
43.118
43.225
43.154
43.083
43.144
43.123
43.045
54.77
54.217
54.652
54.681
66.718
66.659
66.189
54.924
54.926
54.456
54.645
54.582
54.518
54.556
54.594
54.634
66.792
66.724
43.331
43.322
43.122
43.454
43.786
66.788
66.824
54.585
43.234
43.143
43.572
43.437
43.303
43.311
43.319
43.177
43.034
66.799
67.024
66.809
60.914
55.019
50.11
50.239
50.368
66.783
66.784
67.024
42.947
43.253
43.288
43.323
43.003
43.399
43.439
47.454
66.626
66.871
69.068
56.483
61.665
66.847
67.081
66.846
66.99
66.907
62.076
61.729
62.343
60.165
57.987
51.423
49.385
43.683
45.46
46.643
47.826
44.112
44.965
44.691
44.416
43.313
43.629
43.176
43.306
43.417
43.446
43.475
43.024
43.027
55.926
54.735
58.25
50.884
56.189
49.734
52.564
47.891
51.677
47.44
53.585
48.408
53.99
48.697
53.749
48.506
54.946
48.964
53.641
58.317
59.068
78.087
78.083
58.752
58.808
58.858
58.64
58.754
58.869
43.332
43.025
46.748
45.264
43.78
52.942
50.969
43.503
43.217
45.579
47.941
50.25
50.825
47.108
43.392
43.199
43.273
43.348
43.818
44.287
44.3
44.313
44.532
44.75
44.845
44.94
44.828
44.717
44.475
44.234
43.791
43.521
43.814
43.882
43.95
43.79
43.63
42.953
43.324
43.004
43.114
43.142
43.17
42.99
43.338
43.288
43.238
43.298
43.359
43.37
43.381
43.263
43.145
43.321
43.496
60.283
60.965
43.282
43.634
43.086
43.577
43.642
43.707
43.786
43.865
43.008
61.192
60.265
43.701
43.168
43.246
52.565
61.883
61.536
61.096
60.413
61.088
61.024
60.959
60.894
60.83
60.787
60.745
55.61
50.474
55.483
49.234
42.985
43.162
43.493
43.27
43.047
43.361
43.674
43.382
43.09
43.136
43.181
43.272
43.363
43.038
43.331
43.158
48.999
54.84
61.083
60.927
60.38
60.865
60.573
60.663
60.625
60.287
49.35
54.762
49.666
54.951
49.264
54.798
49.25
43.702
43.032
60.571
