54.284
54.615
54.579
54.391
54.238
54.378
51.705
49.031
47.954
48.483
49.043
49.603
49.935
50.267
54.036
53.881
54.305
54.201
54.17
49.883
48.213
55.156
54.585
54.146
54.551
54.569
54.555
54.612
54.675
61.808
74.712
74.976
75.297
75.537
75.754
71.271
66.788
66.631
54.995
54.039
54.072
76.148
83.586
83.891
83.903
76.827
76.882
77.008
77.25
77.508
77.662
77.592
77.427
65.067
54.115
54.505
54.677
54.119
54.618
55.238
78.611
78.567
64.225
64.521
64.776
76.872
76.977
77.026
77.003
77.072
77.175
77.18
77.164
77.123
77.024
76.86
73.235
69.61
69.511
44.27
43.074
56.193
54.454
64.633
76.211
76.533
76.74
76.819
76.86
76.866
76.75
76.573
64.082
54.489
54.669
54.566
53.522
49.406
48.984
63.381
75.435
75.146
75.289
75.378
75.305
75.349
75.47
75.57
75.545
75.617
75.683
75.676
75.682
75.712
62.711
61.233
63.891
62.937
63.111
63.285
63.455
64.152
75.995
76.134
70.217
73.26
68.756
64.252
64.231
64.342
64.253
63.963
63.534
49.61
49.521
49.585
49.256
49.636
49.73
49.581
49.601
49.472
76.83
76.943
76.961
76.924
76.828
64.689
64.445
63.948
49.495
48.737
49.446
51.354
48.664
49.592
51.358
61.988
62.198
62.56
62.922
63.073
63.224
63.868
63.152
63.782
62.22
64.81
64.59
64.754
64.919
60.88
58.603
59.742
60.882
60.943
61.005
60.874
56.953
57.633
56.335
56.702
49.663
49.494
49.448
49.59
49.595
77.525
77.321
77.256
77.191
77.269
77.051
76.798
76.304
75.679
68.521
68.456
68.541
68.529
68.391
68.929
68.243
62.303
56.363
56.457
56.542
56.385
56.548
56.494
56.346
64.571
64.644
64.498
64.625
64.631
64.559
64.653
53.287
54.931
54.893
54.856
50.366
51.223
50.059
55.759
61.459
61.528
61.572
61.508
61.477
61.542
61.575
55.434
54.946
54.496
54.642
54.606
54.559
54.519
54.596
54.644
54.498
54.587
54.584
54.534
54.394
54.378
49.946
48.676
51.212
49.751
49.681
49.735
49.529
49.585
49.642
58.069
66.496
66.524
66.551
66.599
60.331
54.063
54.653
48.876
57.332
65.788
71.538
70.297
69.943
69.59
69.623
69.705
69.652
69.598
69.539
54.634
55.559
54.957
54.356
58.873
70.521
70.462
70.035
69.808
70.065
70.885
65.176
59.466
59.31
47.281
47.724
54.848
50.938
47.029
47.726
47.321
47.644
59.375
59.401
59.414
54.834
54.675
54.42
54.469
54.647
54.539
54.432
54.799
47.196
47.598
47.414
47.501
47.583
59.41
59.148
59.347
59.487
59.261
58.981
47.644
47.929
47.894
47.089
47.587
47.536
47.563
47.572
47.58
55.068
49.756
48.835
47.915
60.058
72.137
72.494
78.783
78.518
78.31
77.947
77.795
77.568
77.658
77.593
77.611
77.798
77.668
77.68
77.799
77.646
77.687
77.836
77.778
77.529
77.442
59.34
59.339
47.652
47.378
59.362
59.279
48.121
47.35
47.629
47.486
47.443
47.736
47.672
71.564
71.545
71.548
71.532
71.506
59.535
59.581
59.497
66.88
66.707
66.504
47.537
47.463
47.344
47.823
59.591
59.688
75.201
75.004
71.552
68.101
69.019
69.826
70.363
70.474
70.684
64.898
59.112
59.426
59.628
59.607
80.609
80.763
80.568
80.348
80.166
73.186
73.07
73.089
73.019
72.836
72.974
72.842
49.452
49.414
49.86
49.101
47.12
48.379
49.638
49.691
49.457
49.16
49.301
49.417
49.161
49.369
49.559
49.749
50.046
51.609
50.614
48.956
49.393
49.404
49.588
50.003
49.573
49.315
49.703
49.577
60.119
59.059
57.823
57.473
58.874
59.454
71.529
71.327
71.359
54.091
51.651
52.264
52.877
68.243
73.707
74.051
73.972
73.781
73.56
80.366
80.308
80.313
73.203
73.241
73.339
73.457
61.468
48.664
48.946
49.189
49.432
48.622
55.774
52.062
48.35
49.502
49.753
48.963
48.289
47.89
47.742
46.841
47.82
48.129
45.606
