52.036
52.172
52.129
52.179
52.035
51.709
52.641
52.295
52.366
51.863
51.756
52.068
52.106
52.252
52.092
52.333
43.494
45.192
44.783
44.892
45.033
45.071
44.717
45.463
46.358
66.358
66.452
59.793
53.134
44.107
45.225
45.173
46.532
45.467
43.499
44.825
69.068
71.134
73.986
73.859
57.718
56.688
57.058
49.596
50.999
51.33
51.661
51.418
51.517
51.615
51.654
52.349
51.816
50.68
49.544
50.435
66.083
66.023
66.179
65.632
53.513
53.141
52.373
52.752
52.604
53.419
48.814
59.881
70.948
71.075
71.107
71.13
60.837
62.748
62.685
56.448
50.21
57.919
55.755
53.59
53.683
53.167
52.65
51.885
45.151
44.944
53.374
55.763
67.471
67.25
66.829
73.983
73.893
73.849
64.997
56.145
54.884
53.623
52.872
52.12
51.925
52.031
52.126
51.548
52.141
51.826
66.148
67.183
73.503
73.269
77.338
76.696
76.625
77.338
73.498
74.342
75.068
66.068
57.069
56.913
56.9
56.939
57.056
57.266
57.201
57.086
56.871
57.685
77.041
77.218
77.133
76.778
76.512
76.371
68.951
57.64
57.435
57.663
69.841
69.41
69.473
69.579
69.403
69.227
56.34
56.356
57.117
66.681
76.245
76.231
76.248
69.137
68.992
68.865
57.141
56.819
56.802
56.785
57.447
70.142
76.131
75.761
75.198
74.329
73.005
44.559
45.74
45.123
44.506
45.106
45.705
46.017
45.078
44.887
44.784
44.681
52.189
52.27
51.177
50.084
49.447
60.462
59.597
59.985
59.847
60.314
60.126
63.578
62.226
60.874
61.117
47.627
48.295
44.265
45.732
45.28
43.826
44.535
55.329
54.426
66.565
67.333
67.781
68.365
68.6
68.434
56.482
56.7
56.431
56.538
56.644
58.003
58.599
58.823
58.468
58.634
70.581
70.633
70.684
77.605
77.632
70.675
70.66
77.652
77.726
77.671
70.787
70.654
77.711
77.604
77.51
77.67
77.657
77.481
77.633
70.643
70.795
71.07
71.116
70.86
77.784
77.677
77.553
77.527
77.695
77.75
77.805
77.719
77.682
77.675
77.652
77.629
77.572
77.591
77.59
77.59
77.647
77.685
70.746
70.828
70.886
70.81
64.551
67.611
70.671
70.673
68.432
66.191
66.795
62.555
58.315
58.446
58.577
58.559
58.54
62.775
52.989
54.137
55.285
55.254
43.118
43.091
43.127
43.162
43.239
43.316
43.042
43.123
43.203
43.031
42.996
43.107
43.219
55.073
55.119
54.804
55.162
55.024
54.959
55.151
54.892
54.995
83.018
83.02
83.023
83.039
83.044
44.203
43.134
50.011
