51.878
51.983
52.088
52.931
51.522
51.019
51.653
52.287
53.82
55.353
68.817
69.242
69.615
69.988
57.265
58.719
58.985
59.153
71.196
77.566
77.509
77.413
77.4
77.122
77.232
77.084
77.241
77.261
70.11
58.344
58.472
58.894
58.792
58.69
59.271
59.136
58.931
59.106
59.095
59.134
58.883
58.592
58.55
58.547
57.712
57.36
57.009
69.066
75.673
75.701
75.819
75.861
75.781
75.824
76.776
77.728
77.786
74.139
70.492
70.595
70.508
70.706
70.585
58.337
58.545
58.781
57.518
57.508
57.498
57.25
57.002
56.135
55.753
55.37
56.108
56.605
57.361
55.617
55.485
55.352
57.752
57.655
57.557
64.079
63.207
62.335
59.895
59.785
63.428
55.452
54.669
53.885
55.048
54.276
57.234
60.192
56.21
55.902
55.594
55.647
55.133
54.829
53.14
51.452
51.949
52.447
60.78
60.719
52.564
51.885
51.87
52.646
60.312
63.81
64.08
51.809
51.78
57.124
60.255
63.386
63.519
64.042
64.758
65.755
66.924
68
68.727
69.037
69.084
57.273
57.452
57.327
58.325
69.464
75.946
75.97
76.03
76.176
76.083
75.964
75.952
75.893
75.768
68.459
68.918
68.896
68.874
63.608
67.266
62.969
58.671
58.752
59.721
57.627
58.77
58.537
57.44
58.253
56.4
55.908
54.989
67.138
67.715
73.829
73.958
74.138
74.229
74.225
74.27
74.709
74.786
75.001
75.434
75.887
75.864
75.668
76.019
69.157
69.172
57.02
56.947
56.973
55.585
55.388
55.609
54.144
55.119
45.048
45.313
44.962
51.446
57.931
56.072
55.902
56.553
55.434
55.56
54.714
54.203
57.53
60.857
57.463
61.932
58.32
54.709
55.066
55.422
58.695
66.339
66.132
58.521
62.276
58.216
54.155
53.01
52.52
52.031
53.349
55.179
57.01
72.275
71.662
71.9
72.298
64.683
65.391
66.098
65.768
66.111
61.778
61.887
71.603
81.319
81.014
80.92
62.159
61.858
62.103
62.118
62.132
62.041
62.028
62.136
56.773
56.997
56.978
81.869
81.143
68.534
72.692
76.851
77.032
77.253
77.101
72.052
71.217
61.638
61.522
61.746
61.777
61.58
61.831
61.885
67.633
73.38
73.006
73.048
73.23
57.089
55.826
61.996
61.946
62.054
62.014
61.939
61.935
59.463
62.66
65.858
65.854
66.066
66.073
66.036
54.785
53.864
53.757
54.378
54.533
55.123
61.508
60.137
58.765
56.797
54.829
56.225
56.863
56.42
56.549
57.303
57.232
56.905
56.932
57.046
56.815
56.976
65.793
65.74
55.798
56.419
56.179
55.939
56.779
57.001
57.519
57.215
57.059
56.504
55.587
55.782
55.23
54.678
54.289
51.71
53.316
54.605
54.41
54.254
54.097
53.608
55.458
57.309
57.04
51.608
44.831
46.711
55.963
54.965
72.689
72.193
76.828
76.868
76.983
77.09
74.767
72.443
72.367
53.465
54.504
74.17
74.532
74.81
74.922
74.725
74.317
73.837
73.357
73.77
74.182
74.435
74.558
74.336
73.976
73.958
67.852
61.745
61.564
61.382
54.778
54.963
61.545
61.337
61.639
66.931
67.005
53.951
54.339
57.759
57.568
57.377
