58.958
58.896
55.006
55.148
55.29
54.623
55.29
55.035
54.714
55.245
54.787
55.241
53.698
52.156
61.683
61.328
61.467
61.606
61.68
60.351
61.063
61.775
61.52
61.587
51.643
53.298
54.998
49.036
46.797
48.015
48.06
48.104
46.435
44.9
61.859
61.947
45.652
47.327
47.843
48.359
47.288
47.95
49.209
58.819
57.081
52.808
59.39
54.647
49.903
50.031
47.729
48.295
48.159
48.023
46.539
48.598
47.661
46.724
53.862
54.963
57.406
51.635
53.285
54.934
53.878
52.822
56.268
55.219
54.175
53.131
53.767
55.234
53.897
54.537
55.176
54.749
54.75
54.75
54.966
54.402
55.219
54.938
54.658
54.866
62.126
62.078
62.049
62.021
62.006
62.036
62.032
62.03
62.05
58.422
60.271
62.121
62.076
62.032
62.067
57.954
56.28
70.415
71.246
72.105
72.964
60.645
61.385
61.433
61.149
60.81
61.915
61.981
74.043
73.881
68.187
62.494
62.288
62.076
74.166
74.093
73.958
73.989
74.021
74.083
73.994
74.075
74.002
73.913
73.964
74.248
74.02
73.849
73.838
73.418
73.428
73.29
73.34
73.433
72.872
73.087
73.15
74.251
73.695
74.129
73.796
74.256
73.865
73.941
74.016
74.049
61.539
61.762
61.652
62.855
64.058
76.273
76.346
76.266
76.137
76.077
76.209
75.809
75.859
76.084
76.162
76.374
76.586
76.967
77.266
77.708
77.807
77.946
77.991
78.075
78.114
78.115
78.181
78.11
78.185
78.237
78.129
66.388
66.238
66.226
66.213
58.452
68.305
78.159
78.014
77.94
78.059
65.899
65.413
65.854
77.914
78.092
77.724
77.674
77.586
84.521
84.496
84.535
84.575
77.682
77.658
77.719
77.788
77.76
77.869
77.892
77.847
77.837
78.012
77.968
77.846
77.791
77.942
77.963
77.86
77.852
77.942
77.97
77.969
77.9
77.888
77.952
77.875
77.874
77.831
77.954
77.895
77.834
77.836
77.874
78.015
77.917
77.953
77.971
77.843
77.937
77.995
78.262
78.145
78.086
77.844
77.579
77.617
77.756
77.836
77.932
77.948
77.907
77.903
77.929
77.84
77.841
77.843
77.826
77.865
77.882
77.915
77.962
78.042
78.038
78
77.88
77.879
77.757
77.809
79.019
79.031
79.04
79.052
79.064
79.004
78.916
78.948
79.052
67.604
73.317
79.03
82.383
82.397
83.15
83.257
83.174
82.389
54.985
53.201
51.819
50.438
50.247
50.056
57.353
56.824
57.127
56.735
57.191
56.784
