63.92
63.75
63.824
63.846
63.661
63.477
63.683
63.796
64.048
67.026
66.954
66.957
66.982
66.986
66.969
66.952
67.045
54.043
54.889
59.436
63.983
70.863
70.845
70.814
70.868
70.866
70.857
70.88
70.853
70.818
70.783
64.855
68.092
71.329
72.076
76.062
75.973
55.038
54.752
55.029
54.945
75.945
75.942
75.995
72.42
68.845
68.419
72.874
73.004
68.37
68.628
68.648
75.904
73.964
55.584
53.795
55.464
54.491
53.519
54.85
53.452
76.684
76.632
76.752
77.204
77.445
77.671
78.145
59.296
59.456
59.09
58.724
61.949
61.59
61.497
71.535
71.67
78.068
78.011
77.893
77.774
77.751
77.801
77.799
77.826
77.854
77.836
77.838
77.897
78.07
78.115
77.965
61.408
59.949
58.308
59.294
59.56
59.827
61.587
70.531
77.243
77.057
76.9
76.73
76.681
76.633
76.576
76.806
77.037
77.261
58.867
58.669
58.514
57.594
56.674
61.608
61.298
63.678
61.946
60.215
61.13
65.859
68.352
67.181
66.01
61.788
61.809
62.046
59.206
58.04
61.334
60.246
59.875
60.679
59.858
60.469
61.081
61.054
61.282
61.562
61.843
61.763
61.685
61.226
61.601
61.485
61.134
59.586
66.067
63.658
72.354
81.05
81.066
73.653
66.241
65.355
73.12
80.885
81.038
80.958
65.724
65.615
65.507
54.756
54.265
55.169
54.078
56.631
61.021
62.572
62.031
61.491
59.189
54.603
54.893
54.924
54.811
55.069
54.812
54.92
55.065
63.798
63.782
59.307
54.832
55.38
63.441
62.619
63.504
63.365
63.811
60.15
60.039
59.928
62.781
63.472
63.277
65.099
66.92
63.681
63.832
55.302
54.881
54.867
59.226
63.585
63.382
55.123
54.875
55.324
54.947
57.358
59.768
59.799
61.819
54.629
57.218
52.535
56.322
60.11
60.008
47.993
47.907
63.822
63.761
47.548
48.232
47.572
47.989
51.444
54.899
54.955
54.797
51.323
65.091
64.454
63.817
47.962
47.825
48.302
63.749
62.559
61.369
61.675
60.93
60.184
64.107
68.03
68.237
69.113
69.802
70.118
62.553
54.988
54.865
54.978
55.049
67.366
74.066
73.545
73.447
73.348
73.483
73.391
54.566
54.424
61.741
58.708
55.675
54.195
54.601
55.007
67.38
67.164
67.087
67.155
67.365
67.575
56.428
55.908
56.299
56.689
56.793
56.661
57.294
59.09
59.814
59.678
59.541
56.745
56.566
60.178
59.625
59.055
59.672
64.496
69.319
68.523
68.39
75.083
75.049
75.156
75.259
75.354
75.462
75.605
75.648
75.704
75.717
75.827
75.834
68.513
68.464
68.336
68.384
56.57
56.243
55.906
55.57
61.151
62.106
67.982
68.251
74.701
74.677
74.654
74.49
56.113
56.295
68.196
68.53
68.865
57.429
57.427
56.97
56.513
56.236
55.932
62.455
68.977
68.931
68.866
56.775
57.194
57.082
59.849
60.148
60.098
72.131
71.98
59.128
58.867
56.607
69.818
58.199
70.602
83.005
82.966
82.983
79.582
76.182
76.042
66.467
66.234
66.367
66.673
67.047
75.978
75.94
75.966
75.98
54.465
54.748
55.344
55.352
55.36
54.163
54.963
54.931
55.362
54.888
54.893
54.941
54.794
55.651
52.131
53.98
54.512
55.045
55.025
55.005
58.567
59.465
58.637
58.719
58.802
66.933
66.887
63.804
63.911
65.397
66.882
66.901
66.92
66.891
66.886
66.941
66.95
66.995
67.049
