53.677
52.952
52.227
53.409
53.122
52.835
63.981
63.95
58.682
59.065
58.796
58.79
58.763
58.737
54.809
54.995
56.902
54.655
54.72
56.129
54.687
54.957
67.084
67.052
66.929
66.988
66.947
66.968
66.794
66.621
66.369
66.118
71.058
71.22
71.541
67.04
66.835
63.744
55.117
54.66
54.656
55.085
53.019
52.847
71.696
71.757
71.682
64.514
64.632
64.668
64.704
54.209
54.973
54.216
54.439
54.601
54.822
55.243
55.131
54.384
53.638
55.416
55.295
55.227
54.202
55.988
55.284
68.57
83.438
83.288
83.577
83.747
83.6
83.571
83.673
67.737
67.955
67.929
67.804
68.074
68.214
68.353
68.081
68.387
68.192
68.509
56.426
56.605
56.451
59.829
60.129
56.164
56.169
56.122
55.661
55.92
56.11
56.159
56.347
56.176
60.048
63.921
63.906
63.923
56.967
56.364
57.332
56.453
57.288
59.253
69.433
68.692
68.549
68.602
68.514
68.541
68.568
68.716
68.885
69.073
69.378
69.787
69.883
70.254
70.188
70.137
70.204
73.668
65.947
63.869
61.791
61.884
61.977
61.932
61.592
61.251
50.122
49.945
49.521
50.034
49.863
49.851
49.658
49.98
50.152
49.745
49.783
68.257
68.288
68.237
56.292
56.266
67.825
67.666
67.554
67.443
67.035
66.699
66.287
66.13
66.033
66.065
66.081
66.277
66.384
68.95
68.963
68.976
62.027
55.078
54.628
54.918
65.669
66.173
66.097
66.299
66.404
66.282
66.263
54.732
54.922
66.59
66.426
66.282
66.415
66.379
66.368
66.346
66.325
66.326
66.595
66.657
66.621
66.672
66.671
66.665
66.622
66.531
66.532
66.52
66.641
66.726
66.577
54.64
54.776
66.628
66.686
66.758
66.816
66.75
66.684
66.735
66.697
66.639
66.581
66.758
66.61
66.475
66.458
66.44
66.529
47.962
49.347
49.853
49.698
49.734
49.579
49.737
49.978
50.286
50.259
50.298
50.154
50.882
52.782
51.232
52.414
52.194
51.186
53.754
53.668
51.266
52.996
51.085
52.185
62.184
61.971
61.759
49.133
49.643
50.001
50.025
49.996
50.096
49.961
50.007
50.038
50.12
66.91
66.961
53.733
54.616
54.91
54.788
54.856
54.846
55.94
56.617
56.978
56.693
56.871
56.898
56.305
54.844
60.1
60.002
59.589
59.532
54.537
54.813
54.924
54.853
55.066
55.103
54.893
54.877
55.074
55.182
54.808
55.228
55.186
54.81
59.902
59.808
59.935
59.868
59.802
59.841
59.915
59.989
59.833
59.881
59.89
59.899
66.931
66.904
66.942
59.881
59.828
