50.975
65.981
66
66.017
65.998
58.113
62.004
55.124
48.244
49.475
49.822
50.169
50.087
49.305
50.45
52.526
54.602
55.559
56.516
56.653
53.053
54.947
56.842
56.907
56.787
56.667
53.936
51.204
51.917
52.108
51.913
52.268
52.144
52.205
52.044
51.68
66.354
66.603
66.54
50.726
50.263
49.206
50.801
59.783
58.819
56.817
67.123
77.428
81.247
83.466
82.968
83.039
83.655
83.799
83.943
81.909
82.394
82.726
82.871
82.83
82.596
78.505
78.248
48.158
50.078
50.858
49.303
55.509
74.104
74.179
74.207
74.264
67.081
49.794
49.294
50.426
51.557
66.282
66.142
65.994
60.367
54.739
54.169
54.21
66.118
65.993
66.114
68.791
67.831
74.686
74.65
74.578
67.544
67.605
66.512
66.377
66.242
50.397
49.783
57.091
69.909
69.893
69.483
75.982
75.854
75.927
76.092
76.184
76.251
57.389
57.196
56.819
56.478
55.038
57.044
58.075
57.802
57.53
81.359
81.294
76.504
76.495
76.453
76.384
76.379
76.681
77.379
78.058
78.611
78.597
78.165
77.638
77.182
76.791
43.276
42.976
43.091
43.206
42.969
43.185
56.021
55.082
55.007
54.955
55.087
55.015
54.926
55.08
54.989
54.989
55.121
54.979
54.837
55.545
56.253
58.086
58.462
58.931
58.623
58.551
58.454
58.084
58.357
58.432
58.454
58.859
71.181
71.324
77.692
77.823
78.05
78.144
71.136
71.378
58.528
58.641
58.753
56.545
57.138
53.772
55.245
56.718
58.175
58.191
58.208
58.435
58.449
71.183
78.036
78.031
77.929
43.022
43.211
43.204
43.196
58.785
58.674
58.376
58.078
57.61
49.961
50.54
49.337
50.2
49.674
46.77
47.715
56.511
74.664
78.646
78.445
78.826
74.571
75.218
75.724
68.958
69.011
69.109
56.735
56.835
52.525
52.374
52.224
45.084
45.139
45.501
45.36
45.74
44.462
57.164
57.621
69.28
69.281
57.411
57.067
55.712
54.357
60.698
67.039
67.214
61.852
65.331
61.01
64.057
67.103
67.022
66.997
68.001
69.004
75.346
75.339
68.282
68.715
69.063
51.63
52.616
51.844
52.096
51.958
72.053
77.579
77.6
77.735
77.724
77.642
77.651
77.553
77.544
77.512
77.529
77.41
77.584
57.957
58.603
58.37
57.875
56.49
49.723
47.542
45.36
44.679
70.65
70.724
70.828
70.892
70.764
77.351
77.163
76.999
44.75
45.101
44.886
44.959
45.078
44.879
45.106
45.792
45.355
45.089
44.83
44.994
44.918
44.995
45.085
45.196
45.308
45.156
44.896
44.86
44.882
45.079
44.946
45.227
45.096
44.964
52.094
59.224
55.495
51.765
51.758
51.793
51.87
52.193
66.982
66.985
66.959
66.895
66.85
53.663
51.806
51.72
51.883
52.071
52.039
52.192
52.314
51.991
51.94
47.503
46.315
45.126
