65.552
65.609
67.516
69.424
68.448
67.967
67.985
67.969
67.897
68.989
69.054
69.119
69.185
69.089
69.55
69.534
69.454
69.409
65.581
65.566
65.539
65.511
47.787
47.746
48.126
47.841
49.376
52.882
56.388
56.571
56.655
56.812
56.968
57.305
57.879
58.027
58.236
58.445
65.869
66.017
66.168
66.318
66.338
66.592
66.602
66.692
66.71
66.919
67.129
67.249
67.475
67.774
67.765
67.671
67.72
72.501
72.455
72.528
72.458
72.526
64.542
64.357
64.309
64.558
64.222
64.492
64.523
72.441
72.448
72.498
72.483
72.456
72.526
72.533
48.263
49.273
47.242
48.303
48.123
47.942
55.35
72.559
72.549
55.295
55.577
55.467
55.516
55.387
55.481
55.546
55.454
55.466
55.458
55.544
55.481
55.536
55.449
55.496
55.459
55.442
55.478
62.594
62.696
62.441
62.516
62.544
62.504
62.465
62.613
55.586
55.535
55.426
55.483
55.466
55.44
55.456
55.517
55.578
62.17
67.7
67.508
71.414
71.292
71.23
71.218
67.503
67.662
62.354
64.967
67.58
70.63
70.408
70.317
70.032
69.92
69.977
70.071
69.987
69.627
64.515
56.625
55.765
47.04
56.883
66.727
70.671
70.816
67.292
64.565
64.418
64.458
64.422
64.401
64.452
64.473
64.462
64.353
68.095
72.732
72.687
76.587
76.61
66.107
66.845
67.582
61.595
61.221
60.847
60.66
60.775
49.056
49.045
49.369
48.633
48.524
47.126
64.36
64.476
64.461
66.64
68.818
72.794
72.628
72.486
72.225
72.238
60.55
60.439
62.484
64.53
64.335
60.582
60.607
60.485
61.189
68.21
67.774
67.58
67.625
67.492
48.668
48.624
48.578
48.881
48.836
48.638
48.838
48.6
48.424
48.711
48.917
47.853
48.92
49.738
60.533
60.579
60.644
51.379
50.746
50.722
50.713
50.769
50.771
50.484
50.735
50.765
51.02
50.896
50.94
50.682
69.464
69.171
49.65
48.275
48.766
49.077
48.553
74.467
81.545
81.403
81.492
81.529
75.714
69.899
69.75
69.899
69.959
70.018
64.273
64.449
64.425
64.338
64.276
64.214
64.27
71.589
71.371
71.541
51.938
51.908
51.202
69.499
69.451
69.446
52.67
52.54
52.257
51.894
51.531
69.481
69.459
51.894
52.149
79.569
79.402
79.472
79.465
79.448
79.471
79.454
79.523
79.477
79.496
79.47
57.6
57.491
57.606
57.522
57.531
57.539
76.61
79.605
79.399
78.019
76.639
76.582
76.573
76.553
74.287
65.914
57.541
57.556
76.66
76.588
76.58
76.586
