54.169
53.986
54.102
54.126
54.234
47.312
47.101
47.067
46.889
47.261
46.236
45.211
49.405
49.919
50.259
49.669
49.384
48.918
46.095
46.074
54.223
54.238
54.157
53.844
53.531
53.403
52.977
51.043
50.853
53.068
53.789
54.303
53.059
54.016
53.876
53.65
53.423
54.659
58.966
65.052
71.138
71.147
71.123
71.101
71.101
71.131
71.082
71.131
71.063
78.141
78.147
54.481
55.49
55.685
55.879
56.742
56.305
56.333
56.531
78.094
78.156
78.207
71.13
71.202
71.143
50.523
49.807
49.159
48.347
47.67
47.034
46.788
47.286
48.838
50.39
47.255
48.618
62.138
52.705
64.266
75.828
75.471
75.361
75.44
75.528
63.256
62.002
61.135
61.229
61.039
60.988
65.452
77.268
77.245
77.173
77.148
77.216
77.202
77.048
76.653
65.305
64.081
66.279
66.282
65.802
64.767
64.892
77.152
77.152
77.086
77.055
76.809
76.439
76.854
77.021
77.834
78.284
78.726
79.003
79.073
79.066
78.877
78.812
78.756
78.761
78.843
78.92
78.995
79.029
79.016
79.02
79.094
79.105
79.16
79.11
79.178
79.202
79.184
79.151
79.096
78.978
78.854
78.624
78.151
77.359
75.823
73.36
70.871
69.468
68.775
68.354
68.099
68.011
68.149
68.045
80.1
80.041
68.079
74.095
65.971
57.846
57.86
57.261
57.642
57.711
57.744
57.867
57.365
56.863
80.055
80.159
80.124
80.124
80.123
62.042
61.854
61.559
61.413
61.363
61.357
73.495
73.767
62.392
62.332
63.104
75.477
75.748
75.849
75.571
75.4
75.76
75.665
63.665
64.042
64.076
64.098
64.079
64.068
67.437
76.708
76.935
76.804
76.774
76.834
76.945
76.986
77.058
76.986
76.365
69.229
62.092
60.285
58.25
57.323
57.484
70.693
71.237
71.789
71.869
71.466
73.359
75.252
75.021
68.103
68.021
68.516
69.961
70.196
70.105
68.708
67.816
68.167
68.028
68.201
67.932
68.084
68.1
68.116
68.452
68.304
63.048
65.613
68.178
68.046
74.059
80.071
80.104
80.055
80.069
80.166
63.082
63.067
83.114
83.089
63.038
46.619
47.275
47.027
47.123
47.067
47.034
47.466
46.819
46.785
47.412
47.29
62.292
58.011
64.452
55.731
60.975
66.219
66.144
66.434
55.989
54.995
54.634
54.272
54.781
55.29
59.565
71.522
70.965
77.58
77.556
77.384
77.295
77.303
69.742
70.872
71.081
71.062
71.136
71.211
71.441
71.408
78.118
77.979
77.761
77.72
70.555
70.612
70.586
76.839
59.944
43.049
43.803
52.579
61.355
74.158
74.093
73.715
73.656
73.572
73.322
73.214
73.212
61.15
61.64
60.448
50.324
56.58
62.835
62.078
74.448
74.393
74.456
74.519
73.759
72.999
61.928
63.322
61.93
63.35
63.854
64.114
64.245
64.319
64.399
64.363
64.509
64.439
64.42
64.279
64.151
64.045
63.759
60.588
61.446
61.294
61.176
72.928
72.556
72.138
71.96
71.757
71.172
70.651
58.474
58.302
57.579
55.731
52.836
56.006
59.175
70.834
70.672
70.38
69.935
70.133
69.939
69.921
70.497
68.113
68.012
68.06
80.083
80.048
60.383
58.448
57.955
59.393
59.735
58.196
59.039
59.894
48.885
49.171
49.114
48.799
49.172
49.472
71.671
77.808
77.7
77.57
77.569
77.643
77.597
77.611
70.391
70.747
61.118
60.977
61.131
60.972
64.2
70.741
70.696
70.492
70.551
70.826
71.295
71.764
71.906
60.054
58.254
57.062
70.096
83.13
83.15
83.05
83.18
83.167
75.193
79.148
73.362
67.577
66.816
67.7
67.773
49.527
45.885
57.134
68.382
71.508
69.56
67.613
67.436
80.073
80.093
80.113
80.119
80.125
80.123
80.112
80.056
80.076
80.082
80.098
80.016
74.002
67.989
63.073
63.104
63.036
63.134
63.155
63.082
63.154
80.117
