55.723
58.304
54.458
56.095
57.733
58.049
57.716
57.705
57.426
57.147
56.62
67.319
53.816
63.725
54.72
45.715
45.786
55.034
31.914
39.43
46.947
52.667
49.299
45.931
45.841
40.785
43.338
45.891
45.076
55.64
52.972
50.305
49.991
51.496
51.333
51.171
61.605
62.498
58.715
55.01
57.981
60.953
61.132
73.136
72.649
79.241
79.118
79.123
79.496
79.943
80.102
80.246
73.492
73.819
74.004
73.952
73.897
60.045
46.94
47.068
47.166
46.742
47.51
73.408
72.899
72.71
72.672
72.448
72.4
72.528
72.658
72.87
73.061
73.272
61.106
57.345
45.59
47.527
46.526
47.996
54.572
54.44
63.952
73.463
72.681
79.144
78.915
78.716
78.711
78.71
78.953
79.087
79.075
79.205
72.563
72.421
58.806
46.761
46.755
47.295
46.156
47.697
46.469
46.999
61.119
61.077
72.713
72.481
72.663
72.675
72.612
72.615
47.087
47.871
46.79
46.851
47.17
47.189
47.208
47.234
47.261
60.741
61.123
60.13
61.457
61.168
60.258
60.825
59.858
59.873
60.366
44.289
46.229
60.294
61.426
61.656
62.005
61.928
61.742
60.566
51.393
49.557
47.721
45.994
72.681
72.789
72.828
72.799
61.448
46.862
47.364
46.04
47.751
45.598
47.228
47.423
46.263
47.829
45.987
47.127
50.901
54.675
54.679
73.872
72.876
79.645
79.453
79.037
79.01
79.323
72.552
72.654
72.764
73.058
73.381
73.385
73.389
60.216
46.124
47.197
47.324
46.071
47.825
59.937
60.802
60.19
72.49
72.581
72.774
72.671
72.405
72.408
60.636
59.885
59.448
52.252
52.507
52.763
48.02
46.645
47.595
46.673
60.989
61.515
61.667
73.763
73.759
61.334
61.507
61.642
61.122
61.279
61.64
61.728
61.633
61.051
60.927
61.274
47.421
43.496
51.741
59.987
66.856
74.574
74.003
80.088
79.696
79.405
79.987
77.061
77.521
74.345
74.897
75.411
62.365
62.147
61.038
57.592
52.465
51.512
51.522
51.163
56.179
69.435
69.029
68.901
69.076
70.005
70.479
70.953
71.074
70.969
71.04
71.026
71.057
70.986
59.676
58.169
59.865
55.987
56.361
56.329
56.226
56.294
56.683
56.486
56.124
56.119
56.899
56.186
56.524
49.841
51.325
52.809
50.783
52.257
51.529
52.386
62.746
66.486
70.225
69.691
69.107
68.767
68.621
68.452
62.861
66.315
62.346
58.376
58.687
58.707
58.897
51.088
51.486
51.579
51.671
58.005
58.241
58.726
58.637
58.375
58.168
55.863
51.552
52.924
52.367
52.503
52.344
52.018
51.377
50.104
63.61
63.909
64.382
64.096
63.288
62.623
61.958
62.383
62.408
65.73
66.356
66.982
54.038
53.115
65.963
67.026
55.694
56.017
57.537
58.118
58.46
58.686
58.735
58.014
56.547
54.441
64.289
74.137
74.032
62.912
51.792
53.226
65.753
65.593
59.39
53.187
46.989
46.593
47.402
48.97
48.382
46.125
47.82
47.227
46.765
47.534
48.304
46.096
47.444
49.563
50.032
50.801
51.45
52.099
51.157
44.683
46.614
45.56
44.619
44.425
45.386
46.085
44.666
44.776
45.718
45.486
45.582
45.023
44.82
44.822
44.713
45.018
45.315
45.343
45.101
45.214
45.08
44.909
45.204
44.9
44.909
44.857
45.271
45.066
45.282
45.176
44.967
45.127
44.835
44.98
