43.819
44.088
66.654
67.223
67.907
68.713
69.091
69.386
69.721
69.676
69.732
69.991
69.871
56.114
55.843
56.29
70.367
70.085
70.033
69.981
69.983
70.165
57.771
58.323
57.493
58.14
44.311
44.635
62.195
73.876
73.821
73.797
73.676
73.514
73.584
73.616
73.313
72.667
65.379
58.09
56.19
54.052
52.508
64.986
71.1
70.975
70.935
71.122
80.153
80.08
80.108
80.087
80.106
80.109
80.116
80.121
56.085
55.979
56.038
55.925
55.619
80.065
80.105
80.108
80.138
56.253
56.366
55.909
56.555
65.589
64.567
64.622
65.055
65.488
65.426
64.655
67.265
69.874
68.313
67.117
66.608
48.476
48.123
49.164
50.392
70.084
69.905
70.223
70.541
51.849
50.452
52.39
50.071
50.629
51.188
52.147
54.255
54.045
54.529
48.838
58.97
51.135
60.092
69.049
69.105
69.093
69.166
69.097
69.156
69.141
69.129
73.648
78.166
78.111
78.15
43.475
43.213
43.683
69.03
69.016
69.111
69.056
69.104
69.099
69.057
69.113
65.743
62.373
63.069
64.153
78.066
78.085
78.036
78.154
78.171
78.197
78.153
78.193
78.156
53.877
53.974
65.625
65.796
65.845
66.08
66.239
66.243
66.129
66.01
66.172
66.272
66.18
66.327
66.549
66.194
72.163
78.132
78.093
78.053
78.057
78.089
78.102
43.02
43.684
43.597
49.188
49.71
69.597
69.887
70.741
71.244
68.285
65.326
65.44
53.546
53.405
53.388
43.275
43.895
54.114
55.377
55.754
56.131
56.042
56.121
55.804
56.037
55.64
54.477
56.726
57.526
51.367
45.208
44.912
56.616
57.035
69.146
69.144
69.045
68.793
68.562
68.338
44.838
45.073
45.872
46.671
45.452
44.233
57.14
56.826
44.931
44.714
68.984
62.627
56.27
45.577
45.663
44.137
45.578
44.531
52.286
81.319
81.251
81.289
45.443
45.231
45.325
45.467
44.023
44.417
69.073
81.286
81.163
81.137
69.078
69.125
45.197
44.727
44.332
44.898
44.643
44.889
45.382
45.211
68.345
68.023
68.64
68.642
68.993
69.433
69.492
45.711
45.489
45.494
45.19
45.164
45.025
45.073
43.816
71.043
68.696
70.412
72.128
71.324
80.104
80.105
68.068
68.177
68.076
68.121
68.115
68.088
68.027
68.087
68.081
80.08
80.051
78.087
78.222
78.184
72.125
66.066
66.088
54.116
54.092
54.05
53.874
54.053
53.996
54.152
52.118
60.186
68.255
68.177
68.207
68.084
43.249
43.531
43.371
42.992
78.074
76.458
76.143
75.919
75.841
75.762
75.969
76.077
76.193
64.175
65.088
65.282
56.324
47.367
47.355
47.366
65.953
73.209
73.406
73.173
73.042
72.886
65.63
65.927
65.586
65.521
65.456
65.689
66.043
66.182
66.066
66.11
66.084
65.892
66.215
65.974
65.68
64.883
65.647
65.75
65.718
65.687
65.79
65.776
65.761
72.41
72.465
72.69
72.814
72.826
72.822
72.827
72.798
72.711
72.7
72.738
72.698
72.739
72.739
72.666
72.604
72.576
72.635
72.705
72.769
72.746
72.739
72.792
72.895
73.071
73.254
73.41
73.401
54.02
53.762
78.215
78
53.938
54.169
78.176
78.103
78.189
78.201
78.214
78.159
78.052
54.107
54.15
54.066
78.274
78.166
78.184
78.108
78.033
78.021
78.041
78.122
78.203
78.21
78.208
78.096
78.019
47.153
46.822
78.111
78.214
78.358
78.266
78.126
78.143
78.144
78.145
49.369
49.717
49.605
48.236
46.866
66.064
66.065
66.056
55.947
45.838
