49.079
66.05
65.972
74.11
73.942
74.002
73.975
73.955
73.958
73.962
48.491
50.096
50.203
50.31
49.122
50.301
50.021
51.732
56.572
56.497
49.669
50.637
56.682
71.249
70.897
70.92
70.987
56.564
51.229
51.828
52.003
51.907
52.032
52.068
52.315
52.52
51.666
52.161
66.358
66.718
49.715
50.029
50.006
49.983
56.065
62.147
62.451
70.683
78.914
80.608
80.111
80.022
80.174
79.734
79.295
80.449
81.087
81.527
81.859
81.809
81.867
82.244
78.469
73.23
72.888
63.457
54.026
54.785
73.67
78.242
78.256
73.492
73.57
66.348
66.299
66.433
65.643
66.186
72.797
72.748
72.702
72.672
53.237
54.214
66.287
65.78
66.118
66.262
74.278
74.327
74.289
74.237
74.158
74.207
74.211
66.708
62.062
57.416
56.492
56.877
56.908
69.344
69.332
68.504
75.615
75.69
75.787
75.921
76.066
76.134
69.049
56.989
56.487
57.288
57.553
57.819
58.215
58.611
57.259
75.912
75.99
76.203
76.416
76.068
75.646
75.748
75.85
76.557
76.988
77.317
77.9
77.926
77.588
77.249
43.166
42.965
43.062
43.158
42.958
43.158
57.938
58.283
56.555
54.826
54.737
54.867
54.861
54.864
54.808
63.942
64.337
64.316
63.903
63.817
63.999
64.416
57.8
58.054
58.692
59.33
59.353
58.912
58.985
58.778
58.766
59.38
59.249
59.457
59.245
59.208
71.662
77.954
78.039
77.965
77.878
77.994
59.15
60.307
71.85
71.818
71.497
62.414
61.906
62.126
62.346
62.027
57.622
57.591
58.086
58.581
78.238
78.203
78.106
78.039
78.02
77.871
43.219
42.97
42.976
42.983
58.833
58.03
57.589
56.003
56.559
57.691
58.823
58.747
56.82
54.893
55.439
75.695
74.841
79.246
79.053
74.429
74.956
75.401
75.823
56.566
57.265
57.48
57.113
57.205
57.183
52.868
51.921
51.582
52.228
52.213
52.198
57.036
57.428
57.82
57.675
57.354
57.506
57.399
68.988
68.636
67.879
67.898
67.875
68.288
68.206
68.616
68.686
68.057
66.627
68.294
69.962
75.893
75.813
75.796
75.988
52.192
52.771
51.927
52.102
51.767
52.132
77.829
77.854
77.961
77.934
77.842
77.761
77.59
77.522
77.611
77.679
77.579
77.353
77.202
52.069
52.007
52.241
52.274
52.306
48.064
43.822
44.648
71.154
70.876
70.664
70.753
77.575
77.599
64.641
58.152
45.836
44.641
45.075
44.704
44.978
45.131
45.137
45.119
45.344
45.505
44.917
44.845
44.849
44.978
44.989
45.165
45.34
45.12
44.964
44.917
44.87
44.957
56.763
56.632
56.4
55.423
56.072
55.874
55.693
55.512
52.244
51.287
52.07
52.14
51.616
72.002
71.849
67.114
66.988
59.253
51.517
50.432
51.865
51.755
52.137
52.052
52.247
52.359
51.945
52.718
45.107
44.017
44.46
45.23
45.304
44.611
44.855
45.382
45.662
45.313
52.327
51.714
51.578
52.058
51.957
52.143
66.921
66.917
66.988
67.062
42.957
44.73
44.778
44.825
45.345
45.371
45.42
45.226
44.741
48.992
48.173
47.354
77.623
78.287
49.561
50.594
50.369
51.214
52.059
53.809
55.559
71.865
71.331
71.272
71.357
71.442
71.595
71.629
71.343
70.987
71.077
71.144
71.218
71.635
72.024
71.984
71.684
71.146
63.77
53.065
43.226
43.929
70.263
70.291
70.396
70.316
52.784
54.417
53.706
54.035
43.818
43.57
52.56
52.788
58.884
64.98
64.232
64.512
65.026
65.539
45.046
45.549
52.352
52.749
74.819
74.419
74.225
74.031
53.705
53.135
52.566
54.075
55.584
53.701
55.684
52.475
52.889
53.04
53.191
54.717
66.271
66.536
61.871
64.155
62.954
61.754
61.843
61.932
62.004
62.013
43.255
43.66
76.768
79.8
79.614
56.75
56.653
56.677
56.42
56.163
67.848
68.616
56.518
56.548
56.389
54.657
56.231
56.612
56.992
57.179
57.706
69.849
69.06
68.689
56.635
56.606
62.051
62.087
62.064
62.018
61.876
62.176
70.991
76.977
76.799
76.56
76.226
75.924
75.719
76.213
77.053
70.631
70.771
70.478
69.997
69.571
56.696
50.101
49.769
50.369
49.124
52.645
56.166
56.518
75.704
75.543
75.394
75.208
75.416
75.58
56.991
56.41
55.46
60.911
56.798
52.686
51.617
52.469
52.422
54.25
66.893
66.68
54.503
54.551
54.511
54.471
43.139
43.834
46.462
49.091
49.029
50.843
53.929
55.775
67.701
67.313
73.815
73.802
73.824
73.814
73.922
55.241
55.602
74.306
74.247
74.085
55.194
55.309
55.131
54.549
54.952
55.969
53.955
54.568
55.181
43.246
43.035
43.075
42.943
43.013
43.297
52.006
72.028
84.052
83.994
83.981
72.084
72.052
71.971
71.91
