43.771
43.893
44.212
43.898
44.141
44.247
44.354
45.92
47.157
48.394
46.209
45.796
46.651
45.743
44.834
44.982
65.515
66.428
66.683
66.59
66.688
46.864
46.183
45.502
46.596
46.096
71.222
70.817
72.671
74.524
74.461
74.53
74.456
47.232
46.618
47.754
47.009
47.42
45.092
50.068
44.898
44.517
44.136
46.184
46.635
47.442
56.034
55.673
56.456
56.045
55.738
56.152
56.025
56.046
56.133
55.88
55.915
73.981
74.009
74.042
74.016
74.01
74.02
74.025
74.02
59.205
58.63
60.183
61.736
72.194
71.196
43.23
43.596
43.672
44.717
43.453
43.937
43.301
55.961
55.047
52.801
50.555
52.143
51.354
50.564
50.481
50.222
53.536
72.243
72.452
72.651
72.607
65.556
65.378
70.986
70.968
71.051
66.267
65.618
72.077
71.85
71.97
65.122
65.829
65.812
66.046
66.28
66.901
67.521
67.318
66.985
66.871
67.036
67.073
67.07
67.103
54.65
55.949
50.98
49.901
56.646
57.091
57.179
57.151
56.953
56.681
56.892
56.54
56.469
56.967
57.044
57.102
57.316
68.998
70.954
71.07
71.019
70.813
70.608
76.657
76.562
76.545
76.372
76.176
69.058
69.247
69.767
70.498
71.129
71.573
71.46
71.1
70.716
70.405
64.135
64.172
50.48
50.494
50.263
50.226
50.21
50.224
50.06
49.915
49.934
49.745
49.659
49.524
49.131
49.689
49.303
49.187
64.221
63.805
63.865
64.303
64.364
64.006
70.308
70.125
69.942
69.764
69.766
57.857
57.89
56.859
57.789
58.72
71.099
71.127
71.094
70.869
70.798
70.762
70.766
70.821
71.268
71.713
71.6
71.486
71.141
71.104
71.067
70.97
70.981
70.992
76.812
61.814
59.729
68.573
77.418
77.718
77.638
77.539
77.414
77.243
77.078
69.869
69.808
66.5
50.299
50.365
61.807
61.6
61.351
62.715
61.304
59.845
58.386
57.08
56.567
75.649
75.827
75.906
75.917
75.816
75.669
75.532
54.622
56.187
56.331
56.475
45.141
44.981
44.715
44.692
44.668
44.814
44.96
67.688
75.072
75.336
75.379
75.322
75.154
75.042
69.514
69.221
68.928
72.039
75.15
74.98
74.89
74.973
74.878
74.636
67.408
67.699
68.543
56.616
57.254
51.674
51.88
57.225
57.068
56.691
52.319
52.156
51.94
51.613
52.384
70.614
77.07
77.17
77.19
77.208
77.266
77.351
77.384
77.329
69.924
70.97
72.017
72.034
51.973
52
71.972
72.006
72.033
66.371
66.472
68.807
71.143
71.138
71.024
70.781
70.729
77.548
77.419
77.71
44.77
43.858
45.6
45.131
44.631
44.765
45.366
45.389
45.22
45.05
45.048
44.98
44.779
44.865
45.21
45.124
58.306
71.824
71.89
71.866
44.837
45.115
45.101
45.087
57.901
71.704
71.349
67.612
69.421
71.23
51.819
51.646
51.846
71.201
71.134
71.067
71.095
71.739
72.112
51.777
