57.998
62.031
61.843
62.013
61.948
62.004
61.85
61.94
62.041
61.998
61.969
61.941
62.073
62.206
61.813
61.931
61.923
61.962
61.949
61.95
62.04
53.397
53.259
53.042
53.196
57.547
55.866
54.185
54.233
56.296
55.829
57.502
58.606
61.565
72.956
72.729
79.992
79.904
80.047
80.203
80.386
80.719
73.798
73.782
73.6
73.311
73.329
74.137
74.584
74.49
74.563
74.636
75.318
75.516
75.631
75.547
75.569
75.576
75.458
75.482
75.564
75.548
75.525
62.591
61.546
46.168
45.501
46.022
46.134
45.799
46.264
45.697
45.924
57.783
58.009
63.313
64.254
75.697
75.512
75.348
75.169
75.405
75.691
75.989
76.348
76.706
76.649
76.589
76.662
76.658
45.73
46.099
45.968
46.327
46.686
64.494
63.939
64.176
75.92
75.893
75.844
75.733
75.384
74.701
73.93
73.536
73.325
73.543
73.682
74.015
74.199
45.72
45.812
59.075
58.37
60.355
62.339
75.028
74.943
74.534
62.149
62.117
74.2
74.254
74.153
74.017
74.065
58.076
58.225
51.95
45.675
45.972
45.69
46.054
64.689
65.01
64.96
70.171
75.383
75.799
75.927
75.832
75.627
75.677
75.771
75.85
76.254
76.559
76.564
76.523
76.616
76.323
76.745
76.976
77.231
77.451
57.321
56.888
62.022
62.273
61.808
61.883
61.839
61.794
61.91
62.025
62.07
61.959
61.847
56.922
57.156
56.895
56.833
56.777
56.72
57.033
61.827
59.398
62.483
59.575
60.721
61.866
56.609
56.677
57.115
56.03
55.962
55.893
56.33
56.766
57.14
57.121
57.101
57.044
57.01
57.105
63.341
74.686
74.73
74.506
74.255
74.013
73.958
73.97
73.714
73.887
73.932
73.936
67.874
61.813
56.831
56.858
56.896
56.997
56.864
56.867
63.028
75.53
75.485
75.341
75.262
75.257
75.319
75.35
75.297
75.294
75.485
44.821
44.87
44.946
45.079
45.078
45.054
44.86
44.886
50.931
56.975
59.908
62.84
62.817
62.794
59.89
56.986
56.923
57.082
63.923
64.042
64.316
64.55
76.566
76.478
56.962
56.96
57.065
56.994
57.009
56.921
56.857
56.794
64.684
63.468
75.3
75.197
74.741
74.429
74.101
73.773
73.592
73.582
64.213
64.341
64.469
45.001
45.034
45.142
45.041
44.941
45.033
45.125
64.464
64.203
61.669
62.096
73.526
73.007
73.389
73.012
73.69
61.57
61.774
62.439
62.558
64.511
64.375
64.24
57.005
56.979
56.949
56.919
56.93
56.942
56.814
64.374
74.736
75.135
75.083
74.876
74.585
68.499
62.413
62.465
64.59
75.881
76.313
64.85
64.828
65.035
65.093
64.984
64.875
64.642
61.62
58.599
57.831
62.02
62.093
62.09
57.988
57.526
