47.044
46.499
46.86
47.129
47.398
46.72
45.946
45.641
45.44
45.135
44.48
45.782
47.085
46.166
45.858
45.389
45.524
44.454
45.533
44.421
44.695
44.428
44.092
43.468
44.293
43.475
43.368
43.794
43.695
43.764
43.611
43.689
43.415
45.635
44.689
43.744
54.453
54.326
54.198
48.581
57.902
56.012
54.122
55.179
54.25
54.315
54.381
54.292
54.554
54.061
49.602
49.495
48.961
47.924
46.566
47.761
46.776
47.734
53.889
54.751
54.353
54.457
54.642
54.168
52.248
50.328
49.1
47.873
47.458
47.209
48.878
49.589
48.893
49.057
47.965
46.872
56.541
66.21
66.268
61.599
61.502
63.536
65.57
64.8
56.85
56.161
56.077
57.029
55.643
56.791
55.453
55.427
55.4
54.213
55.043
54.279
53.515
54.548
54.606
72.422
72.448
72.468
72.472
73.062
72.689
73.215
73.286
61.629
61.639
61.638
61.545
61.541
73.601
73.665
73.577
73.284
54.497
54.442
54.649
54.542
54.505
54.493
54.551
54.552
54.433
55.406
57.183
55.406
55.416
55.427
73.225
73.432
73.347
54.457
55.053
55.208
54.948
54.688
54.883
56.167
55.205
56.212
57.218
58.018
72.548
72.678
72.807
72.911
73.349
73.53
73.53
73.557
68.972
64.387
64.486
64.43
51.682
51.568
58.372
71.072
77.797
77.964
77.869
77.954
78.039
78.454
81.007
76.034
71.061
70.918
59.373
50.335
49.19
48.638
71.223
71.033
70.74
70.851
48.431
47.031
49.706
52.382
52.923
52.647
52.325
52.002
48.922
48.4
47.795
47.191
47.077
47.104
78.071
78.179
78.142
78.11
78.078
77.981
77.793
77.282
76.781
75.789
75.126
64.721
64.392
64.585
64.468
64.51
64.517
64.577
64.506
64.508
64.447
64.477
64.564
64.498
61.337
66.708
72.08
72.606
72.612
79.388
79.083
78.849
78.857
79.062
79.646
80.101
73.375
73.458
80.416
80.122
79.762
57.959
57.153
57.102
57.992
57.8
57.479
57.367
57.864
57.677
57.489
57.353
57.687
57.054
54.347
55.306
56.264
56.407
56.55
64.589
64.57
64.544
67.104
69.664
69.483
69.684
57.551
57.512
57.552
57.607
51.836
52.521
52.421
52.321
52.705
57.59
57.409
57.426
57.626
57.501
57.446
57.755
57.168
57.019
46.197
45.447
50.515
51.121
63.11
63.458
75.645
75.581
75.728
76.011
76.391
76.787
77.118
77.526
77.654
77.783
77.885
77.85
77.795
65.636
65.481
77.566
77.582
77.394
77.478
84.541
84.568
84.561
77.576
77.752
77.874
77.885
77.798
77.828
77.879
77.936
77.978
77.995
77.943
77.846
77.696
77.687
77.587
77.434
64.981
57.819
59.994
62.169
66.184
65.409
66.052
66.157
66.127
78.167
78.146
66.099
65.929
65.036
50.702
50.274
48.717
47.161
51.682
56.203
74.978
75.076
75.331
75.608
75.708
75.915
75.962
75.966
75.794
75.495
64.737
64.695
64.359
64.806
60.69
56.575
56.443
62.862
63.309
62.712
62.668
62.624
63.498
63.322
63.145
63.742
63.596
63.449
69.62
75.791
75.793
75.618
75.86
75.684
75.761
75.846
64.106
64.051
62.451
64.103
64.09
64.077
62.571
64.14
76.535
76.813
77.079
77.204
77.396
77.51
77.478
77.165
61.696
61.583
61.674
61.555
62.213
75.074
75.069
75.115
75.209
56.622
56.695
64.459
64.028
75.864
75.727
75.732
75.725
64.654
64.674
63.976
75.732
75.867
49.765
49.105
48.639
47.807
63.525
76.073
75.996
76.033
64.259
56.464
60.584
64.703
65.053
76.11
75.627
82.569
82.705
82.793
82.87
75.982
75.961
75.981
75.727
64.847
44.913
46.064
44.368
45.379
46.39
64.997
77.164
77.361
77.45
77.583
77.708
65.302
66.928
68.554
68.602
64.644
51.797
51.708
51.426
52.321
53.215
63.226
73.237
80.057
80.094
80.01
79.926
79.865
79.901
79.909
80.011
79.963
79.948
79.918
79.681
79.577
61.048
70.521
59.127
47.733
47.666
47.63
47.594
47.281
47.517
47.297
47.076
47.609
48.19
54.8
56.546
58.293
54.941
55.073
55.205
52.165
44.825
44.905
44.413
44.299
56.69
56.004
68.622
68.525
68.519
68.706
55.642
48.682
49.499
49.735
49.541
49.365
49.406
49.775
49.515
49.455
49.699
