62.572
62.577
66.144
65.531
65.413
65.459
65.448
65.47
65.218
65.256
62.398
62.591
62.594
62.585
49.02
50.602
52.185
48.01
49.963
47.276
44.59
46.555
55.797
54.358
52.919
52.913
69.77
69.698
81.536
81.312
72.545
76.971
74.828
72.686
69.148
69.617
53.835
52.779
66.045
79.312
79.325
79.405
79.517
75.458
71.399
71.625
65.595
53.887
53.352
53.361
69.829
70.09
70.182
69.844
65.879
65.732
65.752
53.958
53.711
53.609
53.276
67.884
67.885
67.968
67.62
68.056
67.98
64.457
65.153
64.931
64.011
65.479
65.475
66.292
67.619
79.774
79.91
80.3
79.926
79.884
79.841
72.787
72.561
70.278
67.994
67.914
68.035
67.777
69.806
69.534
69.52
69.46
68.209
68.548
68.887
79.949
80.143
64.879
65.183
65.544
68.064
67.616
65.811
65.937
67.258
66.028
68.036
68.106
68.482
68.161
67.841
65.884
65.809
78.111
77.901
77.907
74.967
76.484
78
77.996
78.138
78.24
78.067
78.11
65.509
65.812
78.175
78.062
66.327
66.14
65.953
66.522
67.092
67.692
67.929
78.076
77.642
72.698
67.754
67.747
67.771
67.573
67.376
67.668
68.067
80.51
80.088
68.152
67.621
73.548
70.659
67.77
67.538
67.821
68.081
79.919
79.795
79.497
67.396
67.701
67.878
67.897
67.917
68.092
67.593
55.55
55.547
55.637
55.639
55.754
65.115
59.689
67.091
60.645
67.58
67.736
67.891
54.442
53.679
53.391
53.927
71.529
69.609
67.69
60.4
53.111
54.749
53.365
53.938
54.512
67.89
67.895
68.032
68.169
67.597
67.422
67.522
67.581
67.416
67.379
67.463
67.575
67.437
67.388
67.596
67.419
67.445
67.454
67.512
67.533
67.378
53.574
54.28
52.898
54.518
46.818
46.813
45.65
44.487
67.958
68.317
68.677
68.847
69.827
58.728
58.275
64.333
64.468
64.437
64.42
64.403
66.574
68.745
67.818
67.705
67.636
67.538
67.586
67.377
54.998
55.311
54.866
54.42
68.024
68.065
68.15
68.222
68.035
68.006
67.841
67.61
55.832
55.883
68.374
74.749
74.763
74.881
74.779
74.702
74.536
74.345
67.062
60.721
64.075
67.429
79.587
79.59
74.363
69.136
69.112
75.334
74.751
74.171
73.568
72.835
71.708
70.786
70.296
70.393
70.478
67.107
63.736
63.885
63.88
52.267
51.756
50.216
48.676
49.32
51.973
52.97
64.472
64.188
64.066
71.146
71.161
64.097
63.92
50.227
