57.616
57.551
59.742
58.784
57.827
43.356
43.021
57.846
57.995
58.145
57.864
50.537
43.209
43.866
62.209
63.886
65.563
65.368
65.302
65.553
65.877
66.201
66.63
66.511
66.32
68.098
69.877
69.826
67.426
65.025
64.937
61.918
61.967
69.993
69.857
69.907
69.831
69.785
73.695
73.463
72.856
72.678
72.595
72.737
72.742
73.183
72.934
73.514
73.277
73.521
80.936
80.906
73.025
71.525
70.025
75.347
75.369
75.271
75.353
75.365
75.199
75.101
75.139
75.193
74.98
74.764
74.998
75.023
75.147
74.799
61.867
62.128
81
80.961
62.081
62.054
62.057
62.158
82.009
81.428
80.945
80.818
77.395
73.972
74.266
74.773
74.682
75.367
75.944
76.124
64.698
64.517
63.864
63.936
63.516
63.323
63.508
63.045
74.951
74.501
74.039
74.063
73.979
74.03
74.134
74.138
74.252
74.566
74.595
74.556
74.471
74.466
74.259
74.052
61.767
61.357
61.065
60.277
61.204
61.384
72.998
72.787
73.261
73.038
72.959
73.062
72.607
72.037
71.302
69.987
69.469
68.725
69.665
57.594
57.732
54.892
56.667
55.162
69.908
69.672
69.197
68.67
68.802
68.723
68.473
68.911
68.881
69.054
69.368
69.682
69.697
69.683
76.3
76.155
57.832
56.329
56.504
56.678
58.442
58.753
70.283
69.803
69.451
61.624
62.004
62.024
62.017
62.053
62.183
61.511
62.474
61.284
62.51
57.709
56.616
56.724
56.833
57.023
56.776
56.588
56.987
60.366
72.246
78.839
78.734
78.574
78.436
78.474
78.554
78.603
78.668
78.607
78.507
71.449
71.312
71.291
70.918
64.963
60.306
59.197
59.142
72.241
71.964
78.675
78.682
78.644
78.49
78.307
78.278
71.205
71.335
71.525
57.843
57.118
57.489
56.963
57.08
57.021
56.811
56.813
69.143
69.102
69.11
73.708
73.451
73.194
79.706
79.104
78.784
56.957
57.029
57.021
56.985
80.574
80.597
80.782
80.785
80.861
80.765
80.668
80.55
80.489
73.348
72.714
59.622
57.245
56.879
62.136
62.141
62
61.858
62.069
61.865
61.946
62.027
62.06
57.426
57.256
57.216
57.176
57.373
56.965
69.89
70.023
57.932
59.89
57.74
57.654
58.47
57.928
57.512
57.506
69.815
69.883
58.24
58.081
57.674
57.706
70.042
69.881
57.696
57.433
57.486
67.255
62.062
56.869
58.134
57.047
57.358
62.206
62.162
61.958
62.004
61.923
61.843
62.094
62.018
61.934
61.998
61.966
61.832
61.843
61.854
