77.697
65.427
71.5
68.674
65.849
44.063
43.635
46.598
49.561
49.675
49.02
48.396
48.281
48.57
49.271
49.463
48.213
43.042
43.501
44.763
48.109
48.447
47.526
49.068
49.615
50.489
51.046
47.044
50.499
53.955
52.129
53.08
66.68
66.642
67.515
67.717
57.874
58.554
58.341
61.412
64.483
64.407
64.444
66.817
69.19
68.762
74.927
74.729
74.631
67.666
67.629
67.435
54.045
55.571
56.036
68.074
68.197
68.093
68.02
68.019
67.976
67.793
67.679
67.298
67.728
67.957
67.735
74.616
74.759
74.802
74.808
74.649
74.45
74.345
74.142
66.759
53.539
53.085
53.093
53.101
52.755
68.602
74.872
74.551
74.189
73.758
72.902
71.998
70.815
70.258
70.038
70.126
70.195
52.212
52.192
52.143
52.249
63.672
63.543
52.428
52.382
51.82
64.438
64.511
64.096
70.87
70.923
70.913
70.885
70.785
63.508
54.284
54.213
56.534
54.765
52.996
47.118
48.281
48.571
48.86
48.692
48.523
48.522
48.521
49.897
48.566
47.235
46.504
45.772
45.394
45.208
45.813
46.065
59.073
60.466
59.36
58.254
52.253
60.904
69.555
69.468
69.456
69.439
69.45
69.309
81.766
81.856
72.169
71.983
71.99
72.194
72.338
72.603
72.603
72.519
53.024
51.874
51.699
52.93
52.418
51.719
52.788
52.763
51.589
52.363
52.986
52.309
52.202
52.404
52.734
52.428
52.001
52.676
52.861
58.407
57.37
56.193
56.112
56.938
58.63
60.323
55.886
57.049
57.652
57.036
52.75
52.006
52.445
53.043
52.762
52.48
52.619
52.661
53.009
52.161
52.808
52.874
52.547
52.612
52.289
52.792
52.725
52.423
52.754
52.607
52.579
52.488
52.495
52.701
46.413
47.018
47.624
47.993
47.498
47.666
47.777
43.92
43.248
46.799
47.555
63.837
64.765
65.541
72.782
72.905
72.769
72.736
72.813
72.974
81.318
81.219
68.377
70.544
72.712
72.658
72.597
53.525
52.419
53.065
53.406
53.747
53.794
53.469
53.014
54.089
67.194
66.442
69.825
69.805
69.743
75.775
72.721
69.667
68.966
66.577
66.131
65.685
65.943
72.206
76.289
76.048
76.021
76.049
71.102
71.639
71.653
71.892
68.819
65.747
65.556
65.364
67.155
65.957
66.582
66.001
66.033
81.586
81.293
67.797
64.323
66.808
57.52
63.776
70.032
70.297
69.805
69.673
70.012
68.777
67.245
65.713
65.916
48.907
48.246
64.428
65.34
66.497
66.363
66.228
66.097
65.965
59.208
63.871
68.535
67.839
67.735
66.385
65.034
70.578
70.422
70.595
70.478
68.28
67.451
66.732
69.298
71.865
71.883
66.079
73.987
81.895
81.833
81.74
81.661
81.652
81.71
81.668
81.695
81.53
69.071
69.05
68.638
68.226
69.993
71.76
70.307
68.854
68.469
68.621
68.289
62.362
72.057
65.688
68.729
71.77
71.961
71.938
71.674
71.624
71.502
71.48
68.96
68.668
68.327
68.493
68.094
82.974
83.265
78.397
80.959
83.521
83.523
83.488
83.453
83.364
73.54
73.512
73.506
83.52
83.545
73.706
73.811
73.754
73.788
73.669
73.847
83.542
83.494
83.473
73.655
73.767
73.644
73.735
73.718
83.515
83.495
83.482
83.515
83.496
83.488
83.527
83.55
83.597
83.632
83.661
83.634
83.624
83.621
83.56
83.457
73.885
64.761
64.159
83.574
83.68
83.663
83.565
83.609
83.611
83.613
83.723
74.067
71.957
66.609
75.167
83.726
83.792
79.515
79.547
73.586
67.626
67.458
67.445
67.575
67.606
49.838
49.277
50.591
50.179
50.543
50.313
50.654
67.385
67.475
67.61
67.585
67.59
67.639
67.57
67.567
67.454
67.537
67.525
67.556
67.498
67.505
67.553
67.521
67.128
64.726
63.867
