71.226
66.873
68.027
73.148
73.056
73.128
73.144
73.031
73.03
72.138
71.247
67.993
68.212
68.242
68.32
68.265
68.146
67.987
67.926
67.318
66.709
66.316
66.285
66.149
66.217
66.164
66.182
66.225
66.192
65.982
66.077
66.204
66.284
66.25
66.413
62.06
64.122
66.184
66.807
68.113
68.117
68.681
69.222
69.114
70.288
70.487
69.927
70.684
71.061
71.055
71.128
71.081
71.284
71.11
71.25
71.248
71.061
71.032
71.125
70.913
71.037
71.004
71.354
79.832
80.18
80.092
71.215
71.147
71.12
51.97
52.848
53.876
54.818
55.151
71.231
71.248
71.14
71.156
68.922
66.689
66.497
54.453
55.179
55.125
55.269
55.569
71.162
71.126
61.623
58.585
69.879
81.172
81.121
57.442
57.26
57.557
57.256
57.711
57.053
56.624
55.023
53.441
52.381
67.81
83.239
83.118
83.103
69.692
69.645
69.061
69.078
68.997
83.114
83.122
83.067
83.082
83.185
83.29
83.197
83.099
82.996
83.037
58.865
58.676
58.191
58.053
57.914
56.672
47.348
49.247
56.313
57.66
81.154
81.07
81.13
78.716
76.303
72.566
68.828
68.394
56.72
54.567
52.415
51.799
51.182
80.23
80.113
80.055
80.115
80.015
80.099
80.096
80.083
80.075
54.919
55.49
55.332
54.608
63.222
63.083
63.202
63.2
63.036
63.212
63.208
47.361
47.945
48.747
49.55
47.936
55.1
55.042
66.608
67.313
68.018
67.772
67.866
68.741
69.404
70.393
70.819
70.881
64.626
63.991
53.778
53.386
66.55
72.865
72.642
72.195
72.056
71.918
52.805
53.978
53.261
52.144
51.027
50.655
50.283
65.661
65.626
65.567
65.583
65.757
65.929
65.987
66.054
66.022
65.92
65.779
48.186
48.225
48.263
73.634
72.938
77.474
77.331
77.267
80.074
80.058
80.124
80.116
80.088
80.123
80.14
80.177
55.023
55.299
55.238
55.194
55.229
54.878
53.597
52.755
51.914
50.899
49.884
47.447
46.263
63.186
78.232
78.119
78.14
78.021
78.131
78.123
64.328
64.141
57.468
50.795
49.949
49.65
49.853
51.616
71.458
70.998
70.667
70.605
70.645
70.732
70.466
49.87
49.917
50.133
50.54
68.241
83.184
83.121
76.125
76.094
76.251
49.252
48.783
49.116
49.001
49.082
49.478
49.874
55.517
76.036
76.161
75.977
75.938
64.097
64.06
64.063
63.987
64.075
56.388
56.086
56.24
56.118
55.996
65.936
75.876
76.315
76.009
76.102
76.155
68.016
69.002
69.268
63.919
64.071
63.89
64.048
65.608
64.865
64.123
64.021
64.152
64.362
64.639
61.015
61.04
61.077
61.003
61.074
61.056
60.812
66.484
72.419
72.098
76.576
76.817
71.772
71.618
53.143
52.465
52.701
53.199
53.682
54.06
54.922
55.761
58.314
59.945
60.749
61.082
61.416
61.489
61.319
61.277
61.451
62.034
62.91
63.048
63.52
63.601
63.603
63.681
63.699
63.629
63.447
63.51
63.779
63.847
63.867
63.804
64.547
62.335
62.433
62.53
62.852
61.668
61.946
62.978
62.044
61.588
62.793
62.415
62.716
63.017
63.27
63.523
63.467
63.07
63.412
63.295
63.17
63.241
63.141
63.047
63.146
62.788
75.097
75.109
59.168
57.097
55.307
55.135
55.37
56.028
57.013
57.575
58.136
63.045
63.049
63.122
63.083
63.016
63.142
63.078
83.123
83.078
83.096
83.121
58.59
58.717
58.855
59.289
59.255
71.189
70.984
70.963
70.765
70.683
70.755
70.373
70.607
70.871
71.02
71.084
71.08
71.15
71.249
71.529
71.622
72.006
72.148
72.353
72.315
71.823
75.076
75.087
57.695
57.623
57.464
57.539
57.955
57.728
58.318
57.781
73.052
73.128
73.115
73.105
83.059
83.121
83.149
83.101
83.098
83.086
83.096
83.107
83.173
83.24
83.225
70.961
70.994
70.752
70.583
70.471
70.47
77.242
77.249
77.306
73.088
73.113
73.111
73.076
83.064
83.122
83.127
83.164
70.991
71.149
71.108
71.068
71.085
83.122
83.044
83.099
83.086
71.01
70.992
70.986
73.089
73.115
73.054
73.041
73.074
73.047
73.092
73.032
72.98
73.031
71.125
71.07
71.059
71.025
71.031
71.049
71.052
47.707
48.45
