46.061
45.78
45.943
46.451
45.835
46.234
46.633
46.176
45.804
45.735
46.164
46.285
45.929
45.858
46.027
46.15
46.1
45.568
45.878
79.932
80.707
77.355
72.845
73.036
72.961
72.887
73.025
73.316
73.337
73.484
73.453
73.422
65.868
66.468
67.067
67.168
67.616
68.003
75.064
75.215
75.367
75.506
75.45
75.406
75.453
75.494
68.396
68.318
68.325
45.955
45.995
46.255
55.532
55.484
56.09
56.153
56.53
56.314
56.467
56.494
56.443
57.109
54.794
54.079
53.257
53.883
53.693
53.82
53.751
53.929
57.231
57.032
57.553
58.294
58.263
58.689
57.736
55.286
53.904
53.906
53.908
56.656
58.164
57.547
58.601
58.482
73.057
73.037
73.006
73.025
72.981
66.894
60.807
61.597
62.923
71.408
72.63
73.643
74.774
75.164
68.62
69.019
69.414
75.943
67.264
58.584
58.617
57.838
57.142
56.264
56.269
54.452
73.065
73.014
73.035
59.51
59.932
60.348
60.054
60.02
60.071
59.574
59.371
59.169
60.721
61.159
61.383
61.198
61.297
61.083
60.747
60.274
60.365
72.052
72.228
72.49
72.638
72.487
72.337
72.054
71.843
71.779
71.796
71.927
71.878
71.849
71.82
72.032
57.099
55.867
56.013
56.193
56.171
55.999
56.04
61.889
60.506
55.728
55.771
55.943
56.046
56.154
56.399
56.1
55.914
55.884
55.812
56.131
56.164
56.018
55.945
56.225
56.091
62.004
61.462
61.007
60.865
61.416
61.244
60.892
55.894
55.623
58.229
60.835
60.946
43.959
43.393
43.878
43.551
43.549
43.547
43.464
43.752
61.811
61.37
58.569
65.884
73.2
73.326
73.464
73.54
73.655
74.118
74.647
74.873
75.036
74.876
74.486
73.805
72.184
56.55
55.328
56.732
55.138
55.932
55.24
49.229
49.074
48.559
49.517
49.026
55.693
55.84
56.081
55.706
55.86
55.998
55.614
55.836
55.686
55.548
56.407
68.816
68.941
68.874
68.844
56.662
56.116
68.794
68.542
55.018
56.564
55.949
55.373
56.431
55.862
54.759
55.422
56.086
55.218
56.247
56.091
54.696
53.684
52.291
51.267
54.906
52.991
51.075
55.127
55.907
55.525
55.142
56.027
56.362
55.492
55.721
56.378
55.203
55.532
56.467
54.976
55.439
55.56
55.751
56.242
55.519
55.891
56.332
55.94
55.513
56.157
55.98
55.376
56.198
55.941
55.268
56.322
