55.457
48.91
50.387
47.224
49.078
56.618
55.794
56.041
56.11
56.178
56.194
56.133
56.025
49.917
50.024
49.953
49.881
50.125
50.209
50.293
50.18
56.196
53.865
54.033
54.201
49.549
51.401
50.553
49.705
51.313
51.22
51.127
58.376
57.628
51.523
49.687
50.562
51.437
56.657
54.111
51.564
51.253
49.502
47.75
50.025
51.228
48.003
49.272
49.804
49.486
49.423
49.36
60.933
61.238
60.871
60.941
61.229
60.889
69.061
68.253
61.159
60.892
60.624
61.15
55.55
55.954
55.388
55.63
56.158
56.087
55.488
56.468
56.07
55.53
56.209
56.395
55.246
55.966
55.953
56.149
55.493
55.247
55.001
55.189
55.377
55.428
55.479
65.938
65.982
65.973
58.595
59.037
58.345
58.283
57.378
55.061
53.735
54.14
53.67
54.589
54.25
53.911
53.497
54.07
54.148
54.226
54.428
53.806
54.11
54.184
54.34
54.243
55.447
55.045
54.758
67.628
68.708
69.089
69.081
69.137
57.442
57.297
55.908
56.567
57.226
57.562
57.497
58.125
58.101
57.704
57.507
57.79
58.275
58.761
71.092
71.115
70.811
70.817
70.679
70.638
70.583
71.131
71.679
72.266
72.899
73.043
72.702
72.514
71.912
58.058
58.196
58.773
57.88
62.105
83.677
83.693
71.584
59.226
59.628
59.655
59.554
55.754
55.699
57.93
60.162
59.565
59.168
56.117
55.395
56.058
55.898
55.752
55.992
72.737
72.523
72.202
78.89
78.836
78.792
71.676
71.752
71.81
83.946
83.952
59.163
59.371
50.73
50.819
56.041
56.042
50.905
44.091
43.967
73.839
73.386
80.19
79.91
79.645
79.538
79.664
72.72
72.589
72.67
72.972
60.849
60.822
60.702
43.251
44.299
43.703
43.689
44.341
43.787
61.26
61.216
73.663
73.582
73.409
73.374
73.67
74.098
74.565
74.909
75.079
75.079
74.486
73.044
58.81
55.887
54.752
54.517
54.283
54.728
55.174
56.309
54.562
52.183
52.278
54.296
53.358
52.389
54.117
53.697
51.93
54.717
53.665
52.175
54.37
54.14
52.239
53.261
53.757
53.242
52.727
55.446
55.407
56.172
55.502
55.582
56.048
56.514
55.12
55.935
56.762
54.875
54.728
56.488
55.162
54.678
52.077
53.029
54.078
52.28
52.505
53.363
52.864
52.457
53.322
53.133
52.906
53.361
52.789
52.144
53.466
53.104
52.719
52.852
52.767
53.301
52.634
52.687
52.513
53.49
53.116
52.754
52.244
53.996
52.476
52.736
53.628
52.924
53.062
