55.74
68.709
67.535
67.668
67.58
67.615
67.536
67.502
67.626
62.335
63.115
62.497
62.705
62.757
62.479
62.556
62.686
62.802
62.707
57.911
51.782
52.476
52.644
52.389
52.779
52.485
52.33
52.733
52.321
52.661
52.362
51.258
50.154
49.848
50.951
50.507
51.352
50.424
51.076
49.167
51.527
49.914
51.53
49.992
51.415
50.45
72.187
71.873
61.832
51.791
53.778
52.149
53.866
52.348
54.301
52.611
53.43
51.849
53.223
51.515
50.178
51.225
49.95
50.393
50.791
50.821
65.609
72.432
72.314
72.303
72.245
72.223
51.694
50.485
50.538
50.587
50.488
50.421
50.384
57.446
54.514
63.67
72.826
72.38
71.784
51.105
50.271
49.556
50.984
62.742
62.332
62.884
50.696
50.754
50.463
50.525
50.374
50.626
50.617
50.662
62.506
62.147
66.057
65.88
65.943
65.626
70.667
71.025
71.065
70.864
70.637
62.376
62.716
62.531
54.687
46.843
48.656
48.14
50.038
67.487
71.225
70.957
70.63
70.544
70.93
71.053
71.055
71.283
70.991
70.912
71.13
60.243
49.355
49.504
49.652
52.568
48.161
49.06
49.959
52.741
48.279
43.818
43.144
55.382
55.232
55.256
68.406
67.725
67.319
67.168
67.317
67.505
67.651
67.639
67.642
67.946
68.155
82.711
82.811
82.983
83.007
72.941
73.085
72.958
73.213
73.235
73.181
73.425
73.553
73.646
73.708
73.926
73.853
73.98
74.066
74.075
74.065
73.967
73.864
67.707
68.414
67.823
68.056
68.289
68.573
56.786
62.576
68.366
73.941
73.899
69.132
43.054
42.979
43.155
43.969
49.537
59.383
57.664
55.945
70.09
84.234
84.285
74.451
74.431
74.488
74.461
74.264
74.295
74.326
74.178
74.192
50.315
50.254
50.661
50.488
50.406
50.257
50.271
50.618
50.357
74.252
74.319
59.351
44.382
43.304
44.762
42.961
50.089
50.833
44.333
44.241
43.744
43.4
43.66
43.889
43.838
43.468
43.71
43.616
43.641
43.665
43.238
43.242
43.415
43.597
43.567
43.58
42.996
43.902
43.524
43.694
43.722
43.847
43.715
43.876
44.206
44.053
43.913
43.974
44.164
43.929
44.492
44.463
44.122
44.278
44.249
44.159
44.171
43.86
43.878
43.789
43.917
43.687
43.73
43.721
44.637
58.325
64.683
65.029
67.713
70.397
70.524
71.112
68.654
66.196
65.816
46.109
47.025
45.286
44.214
43.871
43.528
43.797
49.653
55.509
55.474
55.733
69.468
68.872
68.812
56.152
56.143
55.909
44.111
44.32
44.406
44.233
56.567
57.022
56.918
60.987
65.057
64.816
69.616
69.43
69.476
69.43
63.167
67.843
72.519
72.43
72.47
72.511
65.335
66.876
67.115
67.162
66.976
66.716
66.662
66.238
66.346
66.6
66.623
66.928
67.062
66.797
66.473
66.808
66.865
66.768
66.813
66.762
66.85
66.848
66.93
66.846
66.693
66.801
66.961
67.016
72.077
72.012
72.136
72.095
72.078
72.061
72.167
72.092
48.314
48.128
48.132
48.136
48.308
48.028
60.186
72.344
72.21
72.296
72.382
72.396
72.24
72.37
55.415
55.391
55.48
72.324
72.289
72.237
55.55
55.465
55.379
55.387
55.394
63.89
72.387
72.364
72.359
72.296
55.43
55.404
63.823
72.242
72.044
78.207
69.29
68.35
67.41
67.48
67.41
67.468
67.531
67.501
67.505
67.392
67.392
67.435
67.498
67.546
67.522
67.484
67.394
73.507
79.62
79.412
79.515
79.433
79.489
79.475
79.443
79.472
79.536
64.407
64.375
64.481
64.392
64.458
64.477
55.505
55.41
55.453
55.478
55.454
55.45
55.541
55.443
55.459
55.455
55.421
55.527
55.395
55.434
55.54
55.463
55.569
55.58
72.476
72.45
71.68
47.985
47.937
47.921
47.905
55.583
55.628
55.544
55.521
55.639
55.356
55.511
55.508
55.562
55.758
55.516
55.471
55.427
55.398
55.432
55.434
55.426
55.44
55.412
55.408
55.378
55.511
55.419
55.427
55.487
55.483
55.476
55.441
55.469
55.463
55.531
55.639
55.502
71.329
71.559
71.468
55.621
55.471
55.664
55.617
55.569
71.412
71.511
71.483
72.236
72.446
72.498
72.409
72.494
72.396
72.46
72.492
72.446
72.461
72.431
72.426
64.841
64.621
64.495
64.381
64.388
64.45
64.47
64.444
64.394
