60.218
60.04
58.641
57.649
56.781
56.755
56.974
56.695
57.164
57.207
56.893
56.679
57.117
57.114
56.503
57.183
57.222
64.992
64.977
65.027
64.945
64.947
64.922
64.984
64.993
64.885
65.046
64.958
64.935
65.009
64.923
65.079
65.047
56.97
56.901
57.192
56.837
56.996
57.119
56.589
57.391
56.904
56.936
57.025
57.023
57.017
56.636
57.238
57.084
56.8
57.076
56.985
56.96
65.198
64.87
65.009
64.737
57.642
56.717
60.608
62.77
62.964
62.765
62.566
62.385
62.995
63.604
75.75
76.005
76.326
76.548
76.623
76.885
77
77.084
77.068
77.017
77.052
64.67
64.612
57.544
57.26
65.084
64.983
65.037
65.244
71.199
68.277
65.355
65.186
65.189
65.196
65.051
65.049
64.723
64.871
65.173
64.89
65.016
60.447
59.419
75.99
75.63
75.266
75.163
74.952
74.91
75.172
75.478
75.695
75.952
64.369
64.336
64.247
64.597
64.55
63.955
63.554
59.681
60.223
60.766
62.273
63.78
63.302
63.599
63.471
63.343
63.215
75.121
74.967
74.71
74.714
74.533
74.519
74.473
74.594
74.754
74.585
74.383
57.293
56.907
59.847
60.777
60.762
60.748
73.294
73.065
73.065
73.328
73.283
73.419
73.41
72.975
72.69
72.119
71.652
71.237
71.614
59.736
59.688
59.301
59.121
59.197
59.61
59.914
59.939
59.802
71.726
71.642
71.802
71.779
71.757
71.846
71.758
71.802
68.526
65.251
64.895
64.996
65.086
64.873
64.998
62.793
60.587
59.592
57.942
57.51
57.077
59.638
59.69
59.962
59.906
59.644
59.568
59.904
59.961
59.503
59.048
58.593
59.004
60.266
60.065
59.818
58.816
57.643
57.3
60.806
59.783
60.321
60.29
60.331
60.231
59.916
59.57
59.789
59.893
60.193
59.862
58.247
59.634
59.919
65.874
62.738
59.602
59.29
60.005
60.314
59.938
60.299
60.37
72.281
72.015
60.648
60.78
60.787
60.795
66.353
63.867
61.38
56.698
56.751
57.074
57.669
57.324
57.001
56.475
57.19
56.243
56.955
56.238
56.684
56.351
56.704
61.231
60.964
60.711
60.863
61.079
60.928
61.067
61.2
61.062
61.143
61.616
61.246
61.162
61.079
61.218
61.358
61.995
61.452
61.957
61.414
61.719
61.904
61.095
62.169
61.234
61.968
61.512
61.906
61.718
61.527
61.128
61.179
61.072
60.841
60.611
59.865
60.65
59.417
60.554
58.762
60.799
60.416
61.125
60.973
61.062
61.261
61.616
61.348
61.132
60.916
64.622
64.675
60.008
59.887
62.145
62.074
62.068
61.835
61.969
62.056
61.851
61.826
61.84
61.807
61.982
59.576
59.533
58.807
58.83
58.757
