55.327
55.367
54.644
54.717
55.756
55.656
54.205
55.035
56.836
61.956
62.178
62.19
61.935
62.02
58.113
57.586
62.144
61.959
57.968
57.692
57.74
58.245
58.077
57.728
57.915
58.222
57.935
57.657
58.014
58.067
57.462
58.126
58.79
65.84
63.507
61.174
58.396
56.922
58.195
57.548
56.9
73.44
73.723
73.835
68.114
62.393
62.284
62.207
62.366
62.133
61.48
58.825
60.441
59.889
60.377
59.023
71.517
70.583
59.021
57.669
58.526
58.218
58.51
58.803
57.242
56.828
56.414
59.029
60.098
59.189
59.247
59.15
59.053
58.924
58.794
57.497
59.388
70.901
70.335
70.032
69.76
69.629
69.654
69.746
69.717
69.652
69.794
69.777
69.725
69.666
64.229
58.793
57.824
61.866
62.302
62.048
69.961
70.024
70.094
70.007
70.035
70.116
70.064
58.144
57.887
58.126
69.819
69.796
69.756
69.732
63.789
57.845
57.75
57.708
53.996
54.395
54.251
54.077
70.05
70.076
70.159
70.134
70.019
69.859
69.643
69.605
69.636
57.74
57.965
58.074
70.473
71.078
71.453
71.333
71.212
71.551
71.203
70.854
71.223
71.203
71.183
71.183
71.292
71.401
71.455
71.37
71.285
71.362
71.438
71.258
71.206
71.154
71.06
71.534
72.008
72.124
72.426
72.449
72.473
59.795
60.07
60.956
61.251
60.407
60.133
60.582
61.123
60.998
60.518
60.038
60.844
61.33
61.2
61.07
61.449
61.024
73.164
73.336
69.284
65.232
60.958
60.966
60.973
61.158
61.343
74.142
74.35
74.356
74.274
74.191
74.189
74.2
74.282
74.363
74.359
74.295
74.387
74.336
74.419
74.488
74.527
74.592
74.594
65.209
64.069
64.633
65.197
65.038
64.878
63.677
62.476
60.58
59.191
59.278
59.364
59.38
59.397
59.614
58.935
58.256
58.579
55.193
56.151
54.98
55.442
55.905
56.222
55.487
54.753
56.855
56.168
58.523
58.067
56.629
58.414
58.165
57.886
57.416
57.987
58.559
58.352
58.146
58.119
60.12
60.782
61.59
61.731
62.29
62.751
62.817
62.825
62.986
63.247
62.972
62.526
61.7
59.08
57.113
58.117
57.584
54.352
54.862
55.374
55.025
62.915
62.781
62.812
74.819
74.743
74.648
74.626
74.648
74.594
74.577
74.715
74.726
74.532
74.553
74.601
74.554
74.598
62.707
47.874
48.039
47.987
63.189
63.074
62.966
63.147
63.155
62.752
62.764
62.791
63.203
63.603
62.972
62.563
62.435
69.967
69.982
69.866
62.541
61.192
62.063
62.021
61.805
62.38
73.864
73.919
74.155
74.262
74.32
74.354
74.591
74.801
74.871
74.832
74.814
74.668
74.098
61.525
63.022
64.519
64.955
65.156
65.198
62.95
61.325
73.383
73.246
73.157
73.068
60.508
59.917
60.175
59.094
58.382
59.145
59.012
58.143
58.708
58.23
58.495
61.826
62.291
62.009
61.727
58.537
58.706
77.949
77.785
77.616
77.611
77.386
77.2
70.053
57.956
57.566
57.436
57.508
56.31
56.967
56.785
70.061
70.007
55.339
55.344
54.892
70.071
70.197
70.282
82.216
82.157
70.106
70.04
70.046
70.033
70.012
69.963
69.825
69.669
69.513
69.652
72.784
64.156
60.951
62.939
64.927
57.639
57.796
69.19
69.316
69.199
69.169
69.006
69.24
69.223
57.296
58.058
57.711
60.154
69.879
70.125
70.005
62.715
63.173
63.63
63.583
57.895
58.53
57.435
58.747
57.473
58.736
58.716
57.238
58.952
57.351
58.493
58.691
57.427
58.864
60.662
59.962
60.036
59.951
59.368
60.216
59.524
60.548
58.761
72.094
71.904
71.857
71.81
71.812
71.815
71.813
58.061
58.277
57.256
59.075
60.303
58.523
57.971
58.287
64.232
61.331
58.43
57.663
58.345
58.129
58.242
58.355
58.624
58.894
59.796
58.923
58.798
59.571
59.179
58.213
59.458
59.65
59.632
65.777
71.922
71.947
71.94
71.956
71.972
71.954
71.958
71.962
58.316
59.273
59.966
59.957
60.127
59.602
59.796
59.411
59.733
60.056
60.074
59.975
59.608
60.057
60.248
56.935
57.649
57.327
56.874
56.601
56.532
56.56
64.955
64.758
57.09
57.361
64.95
64.947
56.92
57.005
56.881
56.916
56.951
56.822
56.702
63.187
61.787
60.388
59.998
60.105
59.763
59.443
60.184
60
60.274
59.896
59.655
59.836
59.671
60.208
60.042
60.106
58.524
71.997
71.952
72.049
56.804
56.86
57.752
58.207
