48.686
48.988
49.178
79.987
80.002
80.04
49.038
48.969
49.238
48.978
48.86
49.182
79.998
79.99
48.951
48.932
48.959
48.987
49.06
49.133
49.3
48.878
48.785
49.344
48.983
49.126
49.269
48.631
49.025
49.222
48.698
48.924
49.24
48.886
48.901
49.474
49.441
49.409
49.139
48.56
49.316
49.031
48.901
49.206
48.991
48.459
49.558
49.103
48.387
49.124
49.176
49.024
47.533
47.677
47.82
49.264
49.671
50.845
51.993
51.056
76.974
76.977
76.93
63.428
49.926
49.32
48.278
49.142
49.449
48.225
66.62
65.495
59.612
53.729
53.398
53.069
53.44
53.511
54.07
53.658
53.857
52.626
53.543
53.273
53.361
53.212
52.269
53.737
53.519
53.98
53.873
54.082
54.403
54.409
54.259
54.892
54.957
54.476
54.65
54.763
55.12
55.477
55.919
56.227
56.356
56.173
56.129
55.79
55.696
55.633
55.947
56.227
56.087
56.19
56.115
55.156
55.999
53.708
57.382
61.057
61.09
56.226
55.785
61.056
60.983
61.013
61.033
61.041
60.951
60.921
61.203
61.065
60.927
61.124
61.081
61.013
61.099
61.086
54.418
53.813
53.207
53.62
52.681
50.873
53.764
54.531
67.972
67.759
54.934
45.659
45.677
53.373
55.954
55.425
56.035
55.582
58.387
52.857
54.023
55.188
55.585
53.356
59.205
65.055
66.176
67.343
67.936
56.177
56.337
56.523
56.903
56.721
56.967
56.609
56.39
56.048
54.635
48.472
50.335
48.526
48.431
50.239
49.202
48.4
51.415
54.43
66.546
66.783
66.698
66.613
66.731
66.712
66.693
66.489
66.156
66.019
65.781
52.021
53.187
53.104
49.823
51.76
52.181
61.415
56.459
51.504
52.646
50.784
50.833
50.882
53.167
51.326
48.035
48.282
49.241
50.292
48.11
48.945
50.475
52.52
51.442
50.364
49.02
47.854
59.57
60.239
60.67
61.43
55.245
55.632
56.389
58.837
61.286
61.212
56.111
55.482
56.154
55.839
55.966
56.193
55.782
49.23
50.964
50.422
49.88
49.292
49.125
49.349
49.573
56.297
52.956
54.565
56.173
49.426
51.212
50.488
49.765
56.236
56.035
55.889
56.083
55.982
55.881
60.088
60.17
60.03
60.021
59.966
59.911
59.935
59.979
59.98
60.005
59.983
60.088
59.944
59.98
60.098
60.072
50.319
51.302
53.619
53.426
53.526
54.574
54.313
54.594
54.875
55.966
55.721
55.878
56.456
56.651
56.598
56.482
56.247
56.103
54.951
54.947
53.308
51.813
52.03
52.886
53.742
54.272
54.803
49.661
47.574
47.371
48.453
49.534
49.169
47.242
48.33
