53.696
53.967
76.35
76.199
76.048
76.629
76.759
70.062
69.751
62.183
61.708
62.368
75.585
75.977
83.209
83.138
82.961
82.826
82.93
83.086
83.423
83.717
83.911
84.07
84.275
84.362
84.271
77.058
76.849
76.572
63.403
63.189
76.141
76.139
76.01
82.909
82.793
82.864
82.991
83.068
76.108
76.151
76.213
76.235
76.11
76.116
76.007
75.905
51.761
51.681
52.624
51.143
56.917
56.812
59.857
62.902
62.967
62.952
62.944
62.858
62.584
53.41
54.742
55.819
63.331
74.817
74.656
74.57
74.569
61.685
56.258
56.017
59.438
62.858
63.278
74.961
82.999
82.896
82.937
82.995
82.852
82.927
82.976
51.208
64.528
77.849
78.024
71.151
71.121
71.021
62.595
71.785
58.035
69.516
80.998
81.713
81.373
62.284
62.155
49.015
48.283
65.617
54.84
64.739
74.638
74.329
74.355
74.381
49.965
49.645
49.565
69.032
69.087
76.709
76.176
83.405
83.373
83.316
83.663
77.082
77.553
77.783
77.622
67.021
66.582
66.485
60.508
71.704
82.9
82.949
82.936
82.923
82.97
67.059
66.288
65.516
52.528
52.851
51.439
51.439
52.355
52.214
52.098
52.32
50.703
52.712
52.056
52.477
51.943
51.193
51.561
52.385
52.149
52.172
61.511
62.045
62.579
57.121
59.614
62.107
62.301
62.176
61.823
51.477
52.965
75.984
75.967
76.183
76.547
51.919
52.284
52.073
52.058
50.199
47.166
54.933
62.7
62.596
74.197
73.961
73.955
74.15
74.683
74.854
75.087
75.134
74.975
74.787
74.533
74.575
62.656
61.98
62.348
62.775
67.845
72.914
73.115
73.253
73.546
73.28
73.308
61.627
61.534
61.345
61.544
59.937
62.227
62.457
61.896
62.016
62.503
60.775
59.048
64.481
69.913
57.116
65.855
55.496
62.877
53.778
44.68
45.016
45.472
45.505
73.227
79.488
79.19
78.751
71.859
71.58
71.448
67.76
64.073
60.214
60.29
66.013
71.735
71.888
71.729
71.326
71.01
71.779
60.835
65.754
70.673
70.3
69.948
69.844
69.724
69.524
61.012
52.5
52.944
53.388
61.476
69.563
69.486
69.313
69.199
69.361
69.646
51.656
52.203
52.172
51.951
52.123
71.46
71.589
71.224
70.713
71.08
70.773
70.959
71.099
64.155
58.399
45.27
44.624
44.733
45.168
45.028
44.655
45.145
45.928
45.455
44.982
44.723
45.204
44.753
44.696
45.783
45.678
44.533
45.48
47.505
68.634
69.801
82.47
82.973
58.788
58.301
57.47
56.91
56.593
60.029
59.012
59.883
60.754
57.026
57.612
56.981
57.211
56.871
56.821
56.694
71.793
71.593
71.749
66.066
66.051
68.929
69.019
