53.13
52.945
55.584
58.223
58.221
58.218
57.834
58.012
57.983
57.899
57.897
58.351
58.296
57.879
58.171
57.721
58.003
58.028
62.121
62.084
62.21
58.145
57.968
58.014
57.842
57.908
58.068
57.869
58.137
57.602
72.325
72.401
71.734
78.467
78.374
78.67
72.541
73.035
73.526
73.793
73.908
73.92
73.826
73.412
60.685
58.848
62.218
62.192
62.004
61.97
61.696
66.72
71.743
71.392
71.086
71.224
71.263
71.24
71.379
71.338
71.374
71.435
71.436
71.137
70.7
70.329
58.062
58.001
57.949
57.93
58.004
57.97
75.057
75.924
76.223
76.297
76.344
76.423
76.327
76.371
76.433
76.37
76.184
76.195
76.348
69.519
57.247
58.003
57.999
57.927
57.958
57.89
57.982
57.998
57.858
57.981
58.122
57.934
57.835
57.91
57.998
57.936
57.929
57.905
57.965
58.006
58.477
55.191
55.78
54.95
54.635
55.359
55.738
54.729
55.043
56.2
55.114
54.224
55.706
58.01
56.914
57.635
57.583
57.534
57.876
57.691
57.716
57.486
58.179
58.287
58.04
57.793
58.001
57.996
57.831
57.908
58.028
58.006
57.898
57.9
58.034
58.01
57.894
57.938
58.099
57.919
57.764
58.123
58.053
57.972
57.825
58.038
57.947
57.947
57.922
58.143
54.593
56.331
58.07
50.847
51.027
50.894
51.072
51.083
50.868
50.929
51.159
50.912
58.82
57.918
62.218
62.132
61.878
57.757
57.613
61.604
62.238
57.597
57.647
61.771
61.802
57.897
57.707
50.306
50.52
57.811
57.667
54.441
56.051
57.662
57.846
61.959
61.945
61.967
61.904
61.841
60.544
60.362
60.203
60.823
61.262
60.874
61.58
61.903
61.893
61.695
61.628
61.622
60.729
61.198
61.65
58.011
58.059
57.844
58.059
57.869
58.541
71.569
71.327
70.823
71.008
70.968
71.245
71.413
71.408
71.193
71.05
70.425
58.805
58.016
57.998
57.981
58.303
58.626
56.106
55.082
55.271
55.459
57.559
57
69.207
69.032
69.171
69.316
69.461
57.214
57.466
69.36
69.496
69.811
57.84
56.281
55.668
58.081
58.546
57.222
57.345
58.096
58.188
58.831
57.402
57.592
57.442
57.292
57.726
57.733
57.74
57.389
57.607
57.669
69.321
69.293
57.294
57.919
57.053
57.943
54.371
55.666
56.845
58.7
70.805
70.771
70.831
70.853
70.875
70.67
70.632
58.453
58.496
70.74
70.89
58.75
58.755
70.994
70.9
58.522
58.345
58.233
58.121
58.479
58.386
58.293
58.355
58.456
58.557
58.358
57.28
58.439
58.663
58.543
58.423
58.447
58.572
58.698
58.648
58.551
58.454
58.284
58.041
58.445
58.398
58.487
58.576
58.364
57.335
58.282
58.535
57.996
58.296
58.614
58.798
59
58.617
58.537
59.321
57.423
57.168
56.914
57.291
65.031
64.978
64.965
57.159
57.275
57.354
57.433
56.938
57.257
57.116
56.975
57.152
57.002
64.968
65.023
65.031
65.038
65.005
57.108
57.171
56.797
56.935
57.072
57.101
65.002
64.942
57.171
57.109
64.995
64.968
57.148
