63.796
63.684
63.94
63.871
59.008
58.75
59.073
59.031
58.989
59.253
75.723
75.761
75.8
75.873
75.93
76.009
54.636
54.581
54.658
54.623
54.691
74.013
73.951
73.93
74.004
73.961
73.965
63.965
55.438
54.467
54.142
53.816
54.495
54.143
53.791
53.919
82.921
83.113
58.874
58.66
58.614
59.609
59.526
65.154
70.782
71.266
78.116
78.127
77.88
77.614
77.475
77.424
77.474
77.515
77.678
78.006
59.016
58.745
58.841
58.768
58.566
58.748
58.517
58.635
58.752
58.726
58.782
58.738
58.893
58.764
59.516
58.481
61.332
61.624
58.648
58.488
58.292
58.098
57.904
58.378
58.36
58.192
57.438
57.169
56.795
57.903
59.011
59.174
58.988
58.809
58.86
58.933
58.772
58.858
58.846
58.999
58.942
59.149
58.993
59.245
59.155
59.071
58.871
60.469
62.067
58.857
58.846
58.835
58.895
53.826
53.813
59.135
59.612
58.959
55.557
58.552
61.547
76.003
76.004
75.954
54.071
54.399
54.678
53.738
65.266
65.331
65.49
65.588
65.562
65.635
65.926
66.279
67.168
67.62
68.071
68.038
68.006
55.707
55.461
55.697
67.812
67.345
66.706
66.058
66.049
66.184
66.153
66.37
66.369
66.417
66.484
66.547
66.702
66.631
66.612
66.619
63.125
59.632
60.007
60.142
59.76
61.807
63.853
59.48
55.107
54.174
66.304
66.244
66.478
66.554
66.665
54.227
54.786
54.768
53.839
60.021
63.45
66.879
66.878
66.828
63.391
59.954
59.964
59.883
59.922
59.892
59.882
59.858
59.892
64.019
63.966
63.957
63.941
63.898
54.193
55.336
54.893
54.905
57.471
60.038
61.762
61.722
62.6
54.995
54.977
55.069
54.631
54.819
55.007
59.952
59.996
59.821
60.292
61.865
61.37
62.125
61.744
55.299
63.559
71.818
71.439
76.029
75.916
50.267
51.221
53.534
53.164
52.795
79.029
78.952
66.823
66.761
54.464
54.294
54.443
54.296
53.718
53.361
64.033
75.895
75.895
75.852
75.902
75.872
67.916
67.438
66.968
66.98
66.993
67.627
55.92
56.183
57.05
56.901
56.753
57.074
57.087
57.274
56.7
56.575
56.45
59.623
57.936
58.675
56.685
56.807
57.19
75.909
75.472
75.163
75.079
75.021
75.241
75.311
75.395
75.598
75.632
75.608
75.683
68.661
68.508
75.655
75.457
68.424
68.315
56.363
56.234
55.919
59.998
60.014
64.299
68.585
68.844
75.262
75.01
74.741
74.452
74.418
74.669
74.919
75.126
75.229
75.325
56.514
56.698
56.356
56.245
56.209
56.174
56.521
56.681
56.602
56.77
56.914
56.776
58.785
71.326
71.632
71.687
70.799
69.912
68.591
53.676
51.644
49.62
45.875
45.317
45.771
45.056
56.612
58.394
65.923
65.879
70.941
76.003
75.909
67.467
60.795
68.427
76.06
76.008
75.961
65.3
54.639
54.898
54.391
64.047
63.867
63.786
63.705
55.983
56.129
56.274
55.272
55.022
55.002
63.933
63.78
63.831
63.882
63.821
63.912
63.981
63.951
52.741
50.976
52.127
53.187
52.761
52.335
53.208
53.936
63.92
