62.441
56.382
55.706
55.031
52.78
56.996
61.211
60.208
61.384
61.477
61.57
61.525
61.48
50.602
48.665
49.468
61.967
61.831
61.994
61.928
61.918
61.774
56.565
51.356
50.064
49.054
48.044
51.187
49.571
61.915
62.035
61.925
62.096
49.909
49.928
50.797
49.941
49.085
51.349
59.709
61.181
58.515
55.849
64.714
73.579
73.188
72.983
72.959
72.877
72.854
72.886
73.06
73.081
73.313
73.43
73.457
73.314
67.702
62.09
62.167
61.972
61.734
73.6
73.218
72.967
72.79
72.876
73.11
73.122
73.17
73.158
73.26
61.283
60.358
46.735
47.537
46.494
47.554
47.389
46.436
47.753
46.129
55.703
54.283
73.581
73.5
72.922
79.504
79.459
72.759
72.898
72.921
72.796
72.774
73.13
61.285
61.121
60.205
57.717
47
47.249
47.047
47.134
46.856
47.034
61.05
60.486
61.082
60.891
61.126
60.872
60.996
54.255
47.514
47.092
47.084
46.51
46.89
47.504
46.638
47.279
47.214
47.083
46.961
46.441
59.84
61.065
60.812
60.559
60.594
60.629
59.736
61.089
60.38
59.528
59.652
59.775
61.663
61.479
61.39
61.194
61.001
61.504
62.062
62.62
61.513
61.154
60.794
47.255
46.565
47.629
46.434
47.487
46.591
46.525
47.59
45.915
47.158
47.462
46.329
47.739
46.695
47.112
46.605
46.097
45.198
44.299
46.05
47.802
54.168
60.534
60.631
60.849
60.638
60.888
60.815
60.196
59.577
61.11
46.058
47.45
47.151
47.542
47.932
46.336
60.768
72.233
72.204
72.13
71.988
71.967
72.05
72.141
72.179
72.19
72.331
59.939
48.165
47.187
46.007
49.342
48.191
47.041
49.681
59.803
62.019
73.617
73.417
73.278
73.202
73.048
72.89
72.846
72.931
72.905
73.187
73.347
73.414
61.339
61.193
61.148
61.062
61.269
61.091
60.894
61.566
73.26
73.357
73.367
72.96
72.973
73.206
73.439
74.066
74.632
75.311
75.578
75.532
75.327
61.93
61.685
58.912
57.85
56.403
56.646
55.043
55.256
55.47
57.303
57.421
57.539
56.911
57.272
56.661
56.076
54.982
55.537
55.99
68.301
67.693
67.816
67.939
67.989
68.06
68.278
68.376
68.477
68.533
68.394
68.429
68.258
56.407
55.26
54.8
56.884
52.424
60.407
68.39
68.695
68.212
75.352
75.262
75.388
75.141
74.987
74.798
63.44
66.325
69.21
69.94
70.318
70.598
70.54
70.258
70.298
70.019
70.042
57.754
57.889
57.642
58.157
58.358
58.092
57.469
63.293
62.889
60.85
61.728
62.607
61.93
61.254
62.231
61.61
61.581
62.072
62.357
49.767
51.361
51.499
52.467
58.427
54.817
58.084
61.351
62.181
57.828
59.993
62.157
64.251
65.372
66.517
67.86
68.859
69.106
69.434
69.762
65.45
61.137
57.829
58.412
57.848
57.741
58.666
59.165
59.664
69.531
57.816
46.101
47.554
47.459
46.231
81.128
81.147
47.13
46.955
46.962
46.8
46.149
46.036
45.923
47.517
48.674
48.308
47.941
48.841
49.741
50.761
51.781
47.781
61.347
52.889
52.219
51.549
44.946
44.487
45.211
45.034
45.115
45.919
44.12
46.43
44.652
46.053
45.347
45.199
44.818
45.201
44.929
44.741
44.836
44.957
44.945
45.159
45.26
45.246
45.259
44.87
45.155
