59.929
60.877
60.222
60.066
60.668
59.864
59.856
59.849
61.274
56.762
52.25
52.927
51.751
52.756
52.503
52.464
52.425
52.065
51.639
52.312
56.146
53.394
56.516
59.637
59.115
58.566
58.016
51.068
52.224
53.506
54.962
56.417
57.47
63.753
70.036
69.996
48.771
47.212
47.809
48.554
48.357
48.16
59.338
59.365
59.244
59.182
59.375
59.285
58.815
58.606
48.016
48.037
70.383
70.483
77.121
77.077
70.169
70.107
69.894
70.226
58.947
58.108
58.154
56.813
57.235
60.249
58.158
62.596
67.034
67.062
56.802
57.807
55.889
70.46
69.925
69.909
69.99
70.072
70.251
70.431
70.79
70.968
71.14
59.851
58.788
58.565
57.689
59.899
61.263
59.756
60.16
65.307
70.453
70.804
70.408
70.469
70.47
70.423
58.761
58.182
58.673
57.347
55.627
53.907
52.105
50.303
49.203
46.868
47.277
47.679
48.081
47.633
55.213
56.415
76.974
77.038
81.333
81.006
80.981
76.122
76.271
47.36
48.023
47.28
58.491
58.889
58.901
58.725
58.434
57.773
74.045
74.052
62.933
66.678
70.423
70.081
69.928
47.629
47.743
48.406
47.796
47.872
48.101
48.073
47.746
48.213
48.142
47.75
47.747
48.126
47.919
47.981
70.909
77.004
76.864
76.735
76.646
76.645
76.797
77.042
77.269
77.563
77.85
78.067
78.022
70.905
57.592
58.392
57.246
57.827
57.56
57.205
70.454
76.968
76.85
76.82
69.616
58.494
57.353
70.121
70.481
70.242
69.871
60.009
60.354
60.7
61.045
61.366
59.725
60.838
49.615
50.716
59.607
71.681
71.486
70.915
70.662
70.251
70.385
70.489
70.302
70.4
58.653
58.468
58.893
58.758
58.64
58.593
58.37
58.599
58.33
58.897
59.115
59.184
71.406
77.923
77.792
77.738
77.522
77.371
77.385
77.984
78.749
72.746
73.123
73.446
73.851
73.165
72.042
67.016
61.989
61.917
62.063
58.751
66.353
73.955
73.628
66.574
66.576
66.516
66.619
66.407
66.245
59.935
60.863
60.634
60.404
65.534
65.421
65.427
65.486
65.484
65.653
65.962
66.446
66.806
66.682
66.502
51.617
50.182
61.225
68.997
69.029
69.022
68.124
67.225
73.733
73.865
73.876
73.886
73.914
73.782
73.734
73.69
66.56
66.848
66.845
67.035
67.474
67.85
68.018
68.21
67.811
67.317
44.455
44.728
45.495
45.172
44.314
45.092
45.131
45.571
44.357
45.282
46.995
53.444
53.003
51.843
50.684
62.163
61.908
55.964
55.363
62.002
61.939
62.136
62.081
62.086
62.048
62.042
62.071
61.956
