59.092
59.141
59.017
59.09
59.158
58.927
58.824
58.847
58.834
58.84
58.846
59.033
59.284
61.579
62.229
61.741
61.73
61.718
61.806
61.894
61.901
61.909
61.99
64.439
66.889
66.893
67.138
59.275
57.502
58.868
72.553
73.218
73.123
80.006
79.917
70.071
70.029
69.987
74.798
74.973
75.147
75.18
69.878
68.403
66.929
62.471
63.087
63.17
82.014
81.956
63.032
68.341
73.65
73.865
73.936
73.831
73.675
73.856
73.79
73.664
73.554
73.53
73.752
61.612
61.041
64.022
67.004
66.821
66.837
66.535
66.87
66.787
67.037
66.974
62.48
62.911
62.751
63.093
63.235
63.225
62.943
62.885
63.188
62.687
62.153
69.778
69.771
69.776
69.805
66.875
66.926
66.861
66.947
67.016
63.5
68.338
73.175
72.855
72.601
72.354
72.308
72.582
72.942
73.234
73.328
73.273
73.068
72.841
72.584
60.045
60.024
59.671
59.169
58.331
58.502
63.61
63.477
60.581
57.685
58.554
58.307
59.241
59.348
58.384
72.035
71.996
70.633
69.271
64.069
58.867
58.424
71.982
71.959
71.988
57.374
56.774
59.26
60.039
59.115
71.301
71.233
59.635
58.596
58.76
58.923
59.655
71.183
71.351
58.241
58.857
60.42
57.366
57.747
56.948
57.855
58.027
58.2
57.306
57.568
56.943
58.776
56.826
57.135
57.445
56.963
56.481
55.337
55.256
56.374
56.919
57.464
58.059
58.29
63.614
68.938
69.104
68.847
68.885
75.808
75.809
75.863
75.895
75.922
75.904
75.89
75.929
76.128
69.607
63.085
57.58
58.022
58.442
58.918
59.394
59.348
60.451
59.41
77.401
76.915
76.497
76.213
76.241
76.033
75.814
75.593
75.594
75.625
67.351
67.846
68.341
67.916
67.643
67.869
69.87
69.953
69.918
69.328
68.739
68.724
74.977
75.15
75.25
75.218
75.294
75.473
75.547
75.491
75.45
75.483
75.529
75.469
74.383
75.896
70.378
64.859
59.752
60.086
59.96
59.948
68.204
76.459
76.617
76.68
76.701
76.406
75.978
65.116
65.181
53.756
52.729
50.8
57.921
65.042
64.994
65.02
65.033
69.933
70.209
69.997
70.056
50.964
51.646
58.319
64.993
65.057
53.463
52.982
65.381
65.576
65.396
65.216
65.029
64.975
65.069
64.993
64.917
64.963
65.008
59.6
60.312
65.094
65.123
65.093
65.104
65.065
64.965
64.982
59.944
60.19
59.618
59.047
60.439
64.938
65.07
65.106
59.602
60.857
61.083
61.09
60.47
60.43
60.121
61.156
60.902
60.683
61.592
61.651
62.034
62.041
62.135
62.357
62.313
62.032
62.23
62.379
62.151
62.24
62.601
61.69
60.78
59.193
60.436
59.696
59.724
60.11
