50.633
49.522
49.309
49.151
48.62
47.34
47.067
46.811
47.775
48.117
48.46
50.271
64.256
53.644
54.014
54.383
54.071
53.26
49.549
54.364
59.179
58.996
59.206
59.126
59.201
65.166
71.131
71.091
71.134
71.133
71.131
83.12
83.137
83.148
83.106
83.173
83.111
45.794
45.692
54.059
53.607
61.075
60.704
61.527
60.417
61.068
60.015
71.015
71.026
71.209
71.103
71.148
71.146
67.518
75.21
82.902
82.952
79.438
75.924
63.848
63.484
62.952
59.381
58.831
59.681
76.269
76.718
76.973
77.173
77.093
76.735
78.071
78.104
78.196
49.375
61.224
73.073
73.04
68.717
64.393
64.482
64.822
65.325
77.21
77.121
76.872
76.581
76.29
76.582
77.459
78.03
78.419
78.665
78.773
78.768
78.739
78.628
78.573
78.432
78.542
78.622
78.665
78.808
78.83
78.811
78.906
78.935
78.837
78.882
78.876
78.782
78.889
79.007
78.975
78.927
78.886
78.862
78.927
78.911
78.758
78.53
78.093
77.082
75.417
73.091
70.777
69.792
68.807
56.875
57.401
56.816
64.073
64.16
64.101
64.089
64.078
83.127
83.112
56.653
56.456
56.383
56.381
56.654
56.564
55.46
68.053
68.11
68.078
68.045
61.696
60.773
59.849
60.93
60.426
60.693
60.425
60.2
60.591
60.2
60.646
60.973
61.322
61.019
61.881
63.36
75.616
75.747
75.676
75.503
75.594
62.897
52.379
50.934
49.558
48.728
47.087
56.156
65.224
77.004
77.032
77.02
76.812
76.838
76.931
76.907
76.662
64.775
63.874
63.01
61.755
60.197
71.264
71.053
71.475
72.178
72.584
72.466
72.017
71.102
69.674
68.245
68.26
68.619
68.978
69.104
69.41
69.477
83.172
83.117
83.094
83.122
83.093
83.091
83.088
83.151
83.213
83.177
83.181
83.109
83.08
83.064
43.548
43.462
43.914
43.701
83.081
83.144
83.06
83.06
63.037
63.129
83.074
83.114
44.268
44.202
53.629
63.056
63.08
63.09
63.199
63.058
62.543
62.027
54.075
52.226
71.896
73.009
67.054
67.447
67.555
68.104
56.108
55.133
44.548
44.327
44.004
43.963
43.553
71.804
71.644
77.968
77.829
77.693
77.551
77.516
77.567
70.188
71.186
71.21
71.462
71.713
71.6
78.206
78.33
78.269
78.198
71.027
70.858
70.851
83.183
83.101
83.111
83.114
79
74.886
74.673
74.387
74.049
73.805
73.982
62.204
62.26
62.316
61.631
61.52
63.488
62.561
63.102
63.643
63.746
75.688
75.248
75.317
75.386
63.165
63.498
65.778
68.058
68.13
68.046
68.12
64.235
64.398
64.384
64.437
64.622
64.837
64.477
64.613
64.471
64.753
64.699
64.383
64.585
64.142
63.785
64.321
73.682
73.295
72.996
72.71
72.365
72.004
71.405
58.972
58.587
58.188
68.06
68.097
63.518
67.275
71.032
70.884
70.739
70.657
70.486
70.378
70.275
70.813
75.589
80.365
80.037
63.792
58.936
59.006
58.62
80.066
80.099
80.032
58.975
58.518
80.095
80.058
80.079
80.131
80.091
76.025
71.959
71.421
77.808
77.699
77.653
77.562
77.62
77.724
77.954
70.749
56.759
48.529
49.931
54.885
59.838
71.625
71.371
71.064
70.846
70.663
70.946
71.557
72.087
72.506
73.167
70.522
67.877
68.534
67.825
66.411
65.951
66.067
66.698
67.217
67.19
67.38
67.457
66.937
44.465
45.171
56.488
67.805
67.69
67.386
67.519
67.51
67.437
67.363
75.189
75.134
75.079
75.107
71.898
68.689
68.03
57.433
56.14
68.055
80.069
80.084
80.154
80.132
80.182
80.144
79.943
80.011
80.155
56.565
44.196
44.029
44.36
43
43.853
43.602
43.35
43.65
43.739
43.828
80.053
80.254
68.313
68.311
68.272
68.233
68.131
80.028
80.11
68.191
68.153
68.028
68.096
61.522
54.949
53.146
53.517
59.85
55.293
50.736
50.895
54.248
54.494
55.145
56.388
56.041
55.882
55.594
55.487
55.38
78.305
77.939
78.148
78.106
78.1
78.149
53.367
54.502
55.636
43.761
43.135
44.065
55.635
55.068
54.502
54.65
54.638
54.626
78.118
78.079
53.751
44.377
44.233
44.147
43.552
43.736
47.268
50.8
76.171
76.073
76.116
68.105
68.149
68.153
68.133
68.007
68.069
68.125
74.227
80.33
80.1
76.259
76.223
76.061
76.114
76.139
76.126
76.114
76.144
76.081
76.095
76.081
76.128
76.166
76.258
76.152
76.11
69.089
69.031
69.099
69.096
69.08
69.115
69.084
69.177
69.145
69.171
69.146
69.114
76.15
76.143
76.167
