65.341
56.94
47.001
54.305
61.608
74.573
75.145
75.271
82.609
83.039
83.604
77.043
77.349
77.42
65.428
50.371
50.291
50.053
49.816
48.932
49.321
49.747
49.162
76.896
77.111
77.127
77.217
77.33
77.409
77.464
77.58
77.729
77.899
77.959
77.882
77.882
77.766
77.713
77.642
77.63
77.295
64.586
62.631
56.997
57.179
57.361
57.68
57.526
57.372
65.693
77.3
77.383
77.403
77.533
77.597
77.518
77.432
77.26
76.996
64.62
63.759
62.706
61.6
61.853
62.106
68.438
74.771
74.967
75.051
75.151
75.382
75.417
75.449
75.51
75.519
75.521
75.386
75.401
63.344
62.9
63.408
63.916
76.045
75.981
76.132
76.282
76.275
76.268
63.957
63.992
63.97
64.043
60.626
57.208
57.018
64.208
64.112
63.943
63.774
63.889
63.64
60.597
57.555
52.19
51.91
51.815
52.338
59.097
59.569
76.814
76.887
76.995
77.146
77.304
77.514
77.552
77.423
64.912
64.364
64.442
64.52
64.567
64.527
51.521
62.743
73.965
74.159
74.369
74.77
75.012
75.018
75.009
74.892
68.09
61.289
61.438
61.588
58.375
59.657
66.08
72.503
72.866
73.176
73.328
73.341
73.272
73.245
73.31
73.122
72.918
47.795
48.097
47.992
47.887
48.538
49.189
47.313
72.667
72.933
73.004
73.075
73.133
73.172
80.115
79.629
45.02
44.929
45.063
56.001
56.858
57.229
57.6
56.424
56.172
56.584
57.265
78.203
78.131
48.973
49.849
49.522
56.811
56.301
55.561
54.604
65.406
76.209
76.407
76.457
76.381
76.322
76.262
76.263
61.581
61.554
61.534
61.531
61.556
61.574
61.54
55.484
55.777
56.069
56.369
56.668
49.995
49.629
56.155
57.106
57.821
63.673
69.524
69.649
69.536
63.094
62.403
61.713
61.693
61.674
54.451
55.47
55.088
54.707
54.416
55.257
69.609
69.545
69.584
69.598
69.572
69.546
57.367
57.321
57.275
56.159
54.66
53.162
45.755
45.166
45.544
45.922
54.034
54.911
54.889
54.131
56.873
52.108
47.344
47.493
47.629
47.83
47.259
47.762
47.516
47.512
47.609
47.522
47.598
47.541
47.618
60.098
72.183
71.745
71.563
71.453
47.596
47.031
47.998
47.37
59.539
59.44
59.381
59.32
59.745
59.646
54.705
48.765
53.94
59.115
59.215
59.129
59.024
59.017
59.109
59.122
43.473
44.958
44.536
44.115
43.251
44.047
44.842
50.937
57.031
57.615
57.046
56.478
58.163
58.887
53.634
45.135
46.025
59.507
59.735
52.971
46.208
44.582
48.502
47.822
47.56
47.494
47.47
47.446
47.502
47.527
47.552
47.514
47.477
47.542
47.608
53.471
59.335
59.403
71.356
71.705
59.328
59.259
71.422
71.666
59.577
59.273
59.239
59.294
59.389
59.484
59.921
58.437
59.346
59.736
59.696
59.45
59.62
59.586
59.213
59.879
59.599
59.268
59.56
59.303
59.656
59.644
59.606
59.418
59.585
55.392
53.937
47.992
46.949
47.822
59.569
59.498
59.471
58.708
47.368
47.32
47.398
47.476
49.64
57.237
74.539
73.674
80.156
79.646
49.095
49.589
49.554
61.779
61.478
61.56
61.483
61.621
48.395
49.505
71.954
71.451
71.11
48.113
47.202
47.625
48.773
73.597
73.573
73.588
73.557
73.579
50.057
49.847
49.397
47.281
62.046
65.935
69.823
69.528
69.408
69.289
69.523
49.801
48.53
45.022
45.42
46.927
48.434
48.583
49.782
49.189
49.677
49.246
49.309
49.748
49.734
49.416
68.681
68.56
68.576
65.118
61.479
55.174
64.307
59.477
54.647
54.391
54.48
54.366
54.462
54.766
54.456
54.354
54.504
54.69
54.416
73.562
73.523
73.302
66.534
66.474
66.43
54.046
54.376
60.425
54.399
48.373
49.545
49.463
49.746
49.623
50.027
53.545
53.903
54.26
54.31
55.295
54.736
54.173
54.62
54.578
54.422
54.396
54.782
54.583
54.257
54.709
55.291
61.629
52.346
53.465
54.584
53.919
66.519
66.556
66.526
60.742
54.958
54.937
54.274
54.56
55.004
54.499
49.557
58.109
56.233
54.356
54.92
54.373
54.271
54.371
54.704
54.465
54.366
54.785
54.665
54.398
54.747
53.892
54.171
51.878
53.009
51.411
51.234
51.056
50.689
50.322
54.592
53.796
54.655
54.953
69.499
69.584
51.907
53.724
53.234
51.767
61.489
61.621
54.513
56.05
52.612
