66.121
66.022
56.662
47.303
47.797
65.873
65.965
52.272
50.587
54.765
58.943
58.973
68.096
68.109
68.102
68.005
68.012
68.078
80.135
80.073
69.853
69.891
70.117
61.42
70.765
62.722
54.678
52.873
52.503
52.133
68.267
75.211
75.173
75.259
75.293
75.459
79.951
74.429
77.2
79.972
80.092
80.083
80.032
70.483
69.751
69.12
68.985
69.026
69.13
69.242
69.637
75.367
81.097
81.084
81.075
81.129
75.351
69.572
69.383
69.383
69.413
69.515
69.286
83.103
83.096
83.105
83.103
83.104
58.771
59.093
59.108
59.073
59.084
58.947
58.858
58.714
70.572
70.501
58.549
58.81
46.76
46.767
47.226
70.573
69.685
69.689
69.694
69.549
69.335
68.929
68.415
55.151
54.68
54.013
53.493
53.201
54.057
55.496
68.16
68.457
68.255
80.054
80.128
80.088
54.995
56.393
56.974
56.422
56.113
55.7
52.03
51.63
51.229
50.459
66.297
66.188
66.078
66.075
66.226
66.091
66.167
65.922
65.83
65.979
66.082
66.185
78.22
78.148
78.067
78.064
78.081
68.161
51.524
51.183
78.083
78.03
51.822
52.407
52.992
65.967
72.649
72.558
72.445
72.643
72.872
73.152
66.083
65.979
78.047
77.936
77.991
72.707
73.076
73.444
60.336
63.033
65.73
65.831
65.881
65.9
65.784
65.806
67.771
47.218
46.684
47.374
67.128
65.761
65.074
64.621
64.993
64.97
65.205
65.413
80.097
80.082
80.094
80.081
67.926
68.121
68.124
68.067
68.041
68.023
67.979
67.938
67.36
67.381
67.695
66.418
66.159
66.181
66.089
66.074
65.983
66.057
66.147
66.015
65.866
65.546
65.198
63.814
66.113
66.092
66.068
45.695
47.452
65.946
76.029
75.432
75.693
75.825
75.705
75.585
68.163
68.018
68.021
68.092
68.106
58.666
49.227
49.095
49.213
50.286
50.423
50.098
49.772
49.317
48.833
49.324
48.998
49.028
49.474
61.023
61.247
61.063
49.541
48.497
49.32
68.128
68.118
68.116
68.108
68.083
68.121
68.061
68.171
63.756
69.948
76.14
76.102
69.804
63.505
64.03
64.371
52.216
52.877
52.44
52.004
64.382
64.985
65.114
64.409
64.127
76.144
76.128
76.203
68.137
75.63
77.863
80.096
80.048
67.625
65.816
71.891
71.329
70.797
64.222
64.336
63.842
73.43
61.3
49.171
49.114
71.033
71.114
71.065
74.975
75.073
62.583
62.745
62.739
62.446
62.222
62.174
62.155
62.17
62.835
63.282
63.681
63.826
63.957
64.114
64.283
64.483
64.586
64.615
64.591
64.486
64.332
64.133
64.191
64.114
63.794
76.034
76.062
76.087
76.136
76.059
76.005
76.041
76.179
76.116
62.589
62.386
62.34
62.374
62.294
62.465
62.636
62.737
62.838
62.969
63.265
63.545
63.779
64.123
64.204
64.168
64.201
63.961
63.914
63.791
63.385
62.826
62.174
60.79
57.91
55.272
55.687
56.103
56.293
56.102
75.095
75.018
75.153
75.147
70.473
70.577
70.681
70.809
58.229
58.332
58.412
58.493
58.534
58.126
70.879
71.22
43.799
43.967
43.911
43.497
43.084
60.797
71.928
71.254
70.445
70.042
70.358
69.985
70.455
70.261
70.511
70.937
71.424
71.808
72.226
72.614
60.225
59.954
71.439
70.997
58.665
58.153
69.967
71.015
70.777
71.267
70.947
71.155
70.984
71.098
70.983
70.814
70.645
58.2
57.723
58.579
57.742
57.929
58.117
70.888
70.947
70.921
77.589
77.38
77.098
76.828
76.745
76.763
76.938
70.865
43.556
43.263
43.211
83.155
83
43.054
43.348
57.609
57.075
56.541
68.092
68.087
68.023
48.331
46.474
46.213
45.952
45.1
45.471
44.886
44.523
43.983
43.858
44.921
45.148
45.091
45.962
45.3
44.848
45.345
44.867
44.625
44.693
44.76
45.209
45.361
45.354
45.373
44.924
45.251
43.763
45.774
57.561
58.633
59.138
60.018
59.104
59.163
60.333
60.665
60.598
58.257
59.833
59.979
66.553
73.128
73.121
72.921
72.882
72.812
72.776
72.729
72.731
72.438
45.465
45.239
44.405
61.531
80.154
80.153
80.053
61.001
61.383
61.325
59.831
45.197
45.241
56.89
57.243
57.107
59.352
61.597
61.766
61.698
61.441
61.342
61.188
60.904
61.074
60.864
61.096
61.504
62.053
62.938
63.182
63.142
63.245
63.033
62.84
62.711
62.643
62.195
62.145
61.582
61.024
66.867
72.711
72.508
84.246
83.946
83.875
71.767
71.686
72.037
72.387
73.056
73.367
73.236
72.888
72.447
60.933
68.019
75.105
75.038
44.058
44.229
43.985
43.742
51.624
47.532
43.44
43.98
