56.272
56.193
54.441
53.08
52.473
53.902
52.872
52.657
53.522
52.991
52.509
53.502
53.159
52.184
53.149
53.466
52.137
52.989
53.383
52.846
53.17
53.494
54.177
54.86
56.238
55.84
55.024
56.636
55.814
54.992
54.877
52.134
54.063
53.784
54.114
54.444
54.442
51.881
53.824
52.426
63.716
64.731
65.228
55.342
53.057
54.575
66.096
65.505
45.153
45.841
44.88
46.215
46.023
45.83
45.993
46.046
46.301
45.992
68.592
68.957
75.006
75.058
75.099
75.126
68.062
67.798
55.026
55.591
55.756
55.436
56.486
56.104
55.27
56.08
55.314
47.928
47.514
56.336
56.633
55.63
54.924
52.988
54.511
53.565
53.757
54.617
53.809
53.958
54.287
57.903
57.368
57.057
54.14
53.819
58.806
59.3
58.156
57.558
56.921
58.093
57.372
59.849
60.226
60.78
61.04
61.161
61.153
66
66.002
65.882
58.427
59.283
57.755
56.036
54.317
54.121
56.238
56.08
57.347
56.924
56.5
57.369
57.134
57.277
57.419
58.037
57.832
57.92
57.754
57.769
57.542
77.212
77.873
77.795
77.718
77.415
77.192
77.039
73.856
70.673
71.461
72.218
61.134
61.067
60.964
60.828
60.463
59.118
56.655
57.886
57.758
65.988
65.901
59.208
59.799
60.053
71.694
71.499
71.45
71.43
71.419
71.337
71.33
71.344
71.436
71.498
71.638
71.774
59.302
57.976
57.566
57.156
58.815
59.316
59.526
59.539
56.368
56.127
56.206
56.482
59.496
59.801
59.853
59.928
59.872
57.312
43.73
43.892
44.148
43.938
43.85
43.951
44.087
60.555
60.599
60.376
60.811
60.473
60.76
60.609
60.209
60.328
60.462
60.506
60.634
60.68
60.482
60.019
58.592
57.992
58.251
58.509
59.666
59.942
59.993
59.963
59.781
51.218
50.784
51.081
61.187
61.984
62.695
62.653
55.554
55.837
55.976
56.116
56.679
55.873
55.994
55.338
54.682
56.233
54.328
53.126
54.495
54.938
52.924
53.06
53.382
53.372
52.567
53.141
53.811
52.581
52.496
53.061
54.434
52.482
52.932
52.777
53.702
53.368
53.034
52.655
52.487
52.633
56.094
54.26
53.69
54.302
53.451
52.734
52.67
52.593
52.535
52.485
52.872
69.229
69.815
75.803
75.943
76.143
76.443
76.379
76.471
76.553
76.718
76.855
76.965
77.003
76.968
77.18
77.425
77.256
77.446
78.301
79.099
79.26
79.193
78.992
78.757
78.468
78.35
78.412
78.474
78.513
78.679
78.799
72.902
67.006
66.994
66.997
67.003
67.017
67.063
59.237
60.003
59.565
59.584
59.602
59.497
59.392
59.24
59.089
45.394
46.118
61.627
61.456
45.706
46.258
45.83
45.991
45.985
45.956
45.951
46.041
46.164
45.737
46.434
45.859
45.931
45.943
46.109
46.042
