64.186
76.175
76.156
76.15
76.116
75.758
75.401
75.211
75.284
75.134
75.131
75.432
75.632
75.694
75.831
76.014
76.077
76.087
75.765
74.976
73.672
72.912
72.867
73.005
73.384
62.137
62.228
62.149
62.238
45.278
44.646
54.165
57.879
61.593
60.706
60.757
60.952
80.001
79.832
79.938
80.234
60.992
60.723
60.067
59.485
59.915
71.65
71.412
71.16
71.258
64.814
58.369
59.079
58.727
58.957
43.868
43.73
52.505
61.28
60.32
66.174
72.027
71.988
71.798
71.922
71.836
71.602
70.875
70.148
68.896
67.754
83.074
82.889
75.483
68.077
68.725
68.86
68.63
68.419
80.213
80.069
56.241
55.976
55.565
43.015
43.881
80.152
80.209
74.408
68.606
68.321
67.561
67.556
67.534
67.513
67.523
67.534
67.56
67.585
80.203
80.157
68.501
68.628
56.219
55.395
53.002
43.592
43.491
43.521
43.672
43.889
44.161
44.035
44.738
44.219
44.574
44.575
68.166
68.196
68.033
68.133
68.099
68.137
68.104
68.066
68.06
68.05
55.924
53.632
53.285
68.413
68.284
68.309
68.339
68.369
68.027
53.386
54.066
60.89
61.555
69.848
74.443
74.523
74.401
74.433
74.488
74.72
70.073
69.784
69.495
55.292
55.478
55.663
59.906
56.289
60.076
56.728
66.429
76.13
76.135
76.164
76.071
46.498
47.9
46.585
56.466
67.053
66.268
65.999
65.921
65.559
65.654
65.75
65.722
65.739
65.756
65.944
66.457
66.528
66.823
67.119
67.136
67.18
67.079
73.863
73.727
73.655
58.45
62.487
66.525
74.756
75.476
75.664
75.851
75.655
75.433
75.206
66.451
66.34
65.79
66.635
66.859
66.69
66.521
66.365
66.208
66.04
66.01
65.973
60.183
69.152
78.122
78.09
78.097
78.066
78.101
78.117
78.091
78.067
65.961
66.155
66.094
66.024
65.22
70.702
76.216
76.06
76.126
76.113
66.097
66.088
66.175
76.07
76.067
76.056
76.237
62.011
47.785
46.659
47.075
47.208
47.022
47.74
73.08
73.112
73.123
47
47.074
66.084
66.072
66.036
65.975
64.591
63.207
62.843
62.585
62.175
56.623
61.421
57.299
53.178
47.765
46.791
47.04
64.478
64.64
63.777
63.914
64.173
65.24
65.972
66.174
66.157
65.908
64.766
64.303
65.221
66.139
66.21
76.074
76.075
76.113
62.426
62.102
62.356
62.415
61.698
54.641
65.249
53.478
49.992
56.291
62.59
69.139
69.416
69.825
69.883
69.727
69.786
69.879
69.874
76.06
75.936
76.203
76.201
76.18
76.175
76.033
76.191
76.165
76.089
76.013
76.19
76.12
76.05
64.131
52.501
51.734
76.019
76.1
76.248
76.086
76.02
64.137
64.063
76.002
76
76.113
76.165
76.177
76.152
76.127
76.206
71.271
71.206
71.262
76.157
76.249
76.287
76.161
76.221
76.135
76.234
75.908
76.344
73.804
71.265
71.185
76.22
76.122
75.344
74.566
53.531
53.674
54.222
76.338
76.247
71.064
54.235
52.802
52.073
51.344
47.585
59.383
71.181
73.209
73.193
73.249
73.228
73.139
73.181
51.444
50.843
49.854
45.764
47.581
73.229
73.016
73.061
73.106
73.182
73.122
45.959
47.929
49.9
50.754
47.215
48.093
