54.873
55.028
59.805
59.788
59.925
59.941
59.826
59.83
59.84
59.609
59.775
59.894
59.738
59.798
58.834
49.03
49.205
49.815
49.918
49.752
49.734
49.863
49.897
49.769
49.806
49.963
49.774
49.879
49.703
49.784
49.829
49.875
49.731
49.801
49.842
49.669
49.871
49.756
49.664
49.46
50.184
47.158
44.132
43.74
51.12
63.378
64.223
66.223
61.019
55.814
61.528
58.743
55.958
45.426
45.333
44.485
44.477
56.972
69.044
68.689
68.594
68.665
68.83
68.825
68.619
68.513
68.591
61.743
54.894
54.694
55.228
61.801
68.81
68.268
68.248
68.306
55.371
54.515
55.507
70.143
71.187
59.392
59.971
60.61
54.542
56.892
59.242
59.284
71.093
71.026
71.009
58.997
58.831
58.688
54.943
54.879
54.756
55.292
70.771
70.774
70.359
70.323
70.572
58.118
57.643
57.809
57.975
55.288
54.732
55.015
68.402
67.558
67.363
67.803
67.785
55.629
55.762
55.758
56.589
56.026
62.007
61.917
61.93
62.169
70.9
70.81
70.352
70.022
70.517
58.831
58.709
55.217
55.505
55.406
55.042
74.026
73.984
61.988
61.812
61.494
61.39
61.502
61.701
61.764
61.792
62.127
59.136
61.277
63.418
75.767
76.013
75.957
75.954
75.947
75.98
75.998
76.062
49.836
49.944
49.671
62.119
56.465
50.812
50.802
56.767
56.477
56.202
56.192
56.183
50.599
50.581
53.439
54.275
52.834
51.545
51.833
51.969
58.705
58.81
58.802
58.707
58.636
57.198
55.759
51.961
53.069
51.297
52.136
71.143
77.377
77.024
76.998
77.148
70.668
52.071
51.747
51.862
54.593
56.021
56.032
56.043
56.201
62.252
59.024
55.796
54.01
55.091
68.985
82.878
82.905
82.935
69.197
68.49
67.782
66.9
66.832
66.862
66.892
66.894
66.933
67.03
67.125
66.991
66.881
82.952
83.079
75.743
76.475
76.617
76.44
76.09
75.983
75.773
68.709
57.146
57.16
57.906
58.28
58.848
59.259
59.552
59.619
59.412
59.297
59.178
58.567
58.476
59.023
51.619
51.537
61.269
71.001
66.69
62.379
62.763
74.419
74.282
74.159
74.063
74.007
73.935
73.926
73.846
73.498
72.715
59.08
56.522
53.964
46.648
46.954
47.112
46.918
46.751
46.794
46.854
46.659
45.434
45.332
45.23
56.039
56.139
56.239
56.575
57.413
56.986
56.56
56.594
56.874
68.492
68.715
68.838
69.284
68.803
68.735
56.681
56.583
50.733
44.883
44.72
44.788
44.856
44.823
56.352
57.06
75.746
75.558
75.437
75.225
75.031
75.121
75.131
75.132
75.422
75.613
44.88
44.955
44.765
58.39
58.072
80.782
80.726
57.334
56.93
68.92
68.872
68.725
68.699
68.913
68.918
69.048
68.961
68.403
68.444
75.23
75.314
75.403
75.605
75.59
68.755
68.804
68.804
68.782
68.823
68.786
68.797
68.79
74.846
80.902
80.724
57.007
57.552
57.377
57.216
56.867
56.703
56.192
55.276
55.196
55.172
54.169
53.452
52.736
66.955
69.002
68.895
67.281
57.086
57.124
57.163
48.846
49.413
61.231
61.666
61.637
61.866
62.35
50.232
50.058
49.75
51.148
52.545
54.094
54.249
54.404
63.865
63.888
54.619
54.022
54.084
54.147
54.731
58.959
59.212
55.734
52.255
50.948
54.215
66.74
66.81
66.821
66.831
68.592
70.353
70.249
69.783
55.56
53.733
54.424
54.898
66.306
68.936
68.811
68.58
68.348
66.453
66.352
66.251
66.358
66.598
66.913
67.227
67.202
67.301
52.04
51.907
51.642
51.989
51.9
51.946
51.991
52.017
51.468
52.212
59.206
59.125
58.723
58.88
58.834
58.742
58.556
61.244
56.67
57.591
58.512
58.773
51.293
