45.644
46.225
45.585
46.427
45.812
46.01
45.855
46.612
45.821
45.603
46.188
46.588
46.193
45.37
47.035
46.549
45.841
45.965
45.976
45.938
45.864
46.337
45.792
46.019
46.014
74.298
74.397
74.413
74.546
74.625
74.513
74.492
45.919
46.032
46.608
45.699
45.772
46.053
46.609
46.09
45.694
46.1
46.545
46.158
68.731
75.121
75.345
75.439
75.395
75.435
75.329
75.216
65.917
70.609
75.301
76.063
76.625
77.066
77.048
76.81
76.515
76.306
76.419
76.74
77.014
77.026
50.865
51.75
50.553
51.267
50.705
51.692
51.191
50.428
50.319
51.013
51.552
50.465
49.751
52.023
50.949
49.844
51.489
75.367
76.176
51.372
50.145
73.898
74.801
62.972
51.144
50.266
51.172
52.077
50.404
57.229
57.473
51.114
51.262
50.02
48.998
58.827
71.817
78.262
78.187
78.137
77.978
77.958
78.07
78.127
71.25
71.325
71.401
71.711
59.681
52.653
52.785
52.506
52.227
53.435
53.306
60.3
59.664
59.605
59.546
59.425
53.888
54.114
58.948
59.422
59.389
59.356
59.813
60.388
60.475
60.772
61.4
61.212
60.824
60.637
57.248
59.031
60.814
60.618
60.486
59.247
58.009
57.778
57.546
58.107
66.064
66.042
66.02
65.969
65.917
66.059
65.942
58.346
57.763
58.571
62.435
66.298
73.496
78.871
79.206
79.781
80.248
75.614
75.921
76.193
69.191
57.501
57.803
65.902
65.988
65.959
65.879
65.64
65.402
63.956
63.213
75.319
75.511
75.331
75.188
82.201
82.383
82.547
83.104
83.572
83.904
84.219
84.479
84.543
84.525
84.383
84.043
83.382
75.554
75.227
75.151
75.436
75.881
76.042
75.976
75.878
63.716
63.591
63.522
63.038
44.599
44.368
44.123
44.479
44.417
44.3
44.171
44.042
44.174
61.674
61.505
61.79
61.822
61.678
55.73
55.812
61.931
62.359
62.406
62.248
62.516
62.784
62.779
62.832
63.037
63.158
63.128
63.313
63.231
63.302
63.448
63.384
63.417
63.204
63.266
63.284
63.172
63.167
63.092
63.146
63.184
63.183
63.134
63.328
63.29
63.155
63.241
63.243
63.225
63.165
63.025
63.078
63.124
63.115
63.256
63.197
63.239
63.205
63.29
63.177
63.309
63.25
63.454
63.026
63.223
63.259
63.096
63.318
63.606
63.356
63.851
55.95
56.015
56.006
50.663
53.362
49.226
52.584
49.007
45.43
45.501
45.571
43.868
43.868
43.868
44.209
44.55
45.22
45.89
43.698
44.831
44.918
45.005
45.577
46.149
49.135
55.907
55.804
55.76
55.875
50.472
53.168
55.864
55.736
54.734
65.615
65.988
69.512
61.539
53.565
53.061
52.558
54.174
55.79
55.875
56.021
54.207
52.394
49.515
49.86
50.205
65.107
68.258
71.409
71.627
71.074
71.477
71.787
72.094
73.161
74.138
54.944
55.713
55.481
55
52.659
53.982
55.305
55.866
55.281
55.731
56.181
56.276
61.737
73.252
73.062
72.86
72.804
72.601
72.421
72.866
72.94
72.959
73.135
73.163
43.907
44.383
43.976
43.57
44.763
44.055
43.346
44.374
43.111
43.247
44.763
55.43
56.128
56.078
55.579
55.879
56.179
55.166
55.942
64.433
72.923
