51.197
50.867
51.108
50.876
51.086
51.068
50.991
54.973
58.956
71.328
71.669
71.758
71.89
71.899
71.938
71.981
71.875
72.164
72.487
72.931
73.185
73.223
73.022
72.469
71.432
57.429
54.843
54.774
54.872
54.07
56.211
57.711
69.505
69.703
56.932
57.228
56.905
54.807
56.099
53.904
53.738
59.808
55.243
50.679
51.305
54.391
57.477
56.1
55.809
67.52
67.401
67.222
54.703
55.185
56.318
56.874
55.392
55.119
55.491
55.864
55.873
55.906
55.684
57.089
58.494
69.488
69.333
69.174
55.061
56.441
55.499
56.242
56.57
56.261
55.787
55.781
55.938
55.673
56.184
56.222
55.808
55.972
56.266
55.9
55.839
58.06
58.379
59.025
57.973
57.255
59.064
58.748
58.212
59.435
59.957
60.461
61.016
61.03
60.79
61.025
61.177
60.982
60.886
61.107
61.074
60.809
60.991
61.012
60.782
60.855
60.93
60.837
60.759
60.767
60.813
60.873
60.94
60.843
60.917
61.015
60.761
60.747
61.046
61.03
60.894
61.025
60.963
60.807
60.868
60.963
60.895
60.921
60.919
61.004
60.967
60.804
61.046
61.073
60.795
61.147
61.1
60.893
61.171
60.879
60.467
60.14
50.876
50.979
50.993
50.886
50.893
56.052
56.15
56.03
56.052
55.949
55.99
55.968
55.968
55.954
55.964
55.927
55.924
55.934
55.919
56.025
55.987
56.048
56.065
56.053
56.12
56.052
56.07
62.727
62.987
63.356
63.477
63.483
63.136
62.385
55.851
55.985
55.883
63.76
63.144
74.948
74.956
74.848
74.719
74.694
74.702
74.701
74.806
74.832
74.839
74.921
74.847
74.841
62.71
62.652
62.665
74.887
75.041
75.001
74.913
74.859
74.973
75.18
75.414
63.546
63.613
63.503
62.772
59.298
55.823
55.667
56.14
43.904
43.353
56.032
55.74
55.558
67.976
67.902
61.504
61.397
73.359
73.246
73.143
72.946
73.108
61.283
61.652
74.323
74.632
74.642
74.542
74.206
73.437
60.022
58.131
57.865
57.599
58.537
59.427
60.035
60.189
59.842
59.896
59.684
59.595
60.223
60.042
59.848
60.41
60.463
60.457
60.464
60.47
60.596
60.661
60.587
56.174
55.512
56.073
56.135
55.482
56.051
56.227
55.562
55.796
56.352
55.517
55.583
59.829
60.181
60.358
56.384
55.579
55.36
55.404
55.448
55.553
56.369
55.554
55.784
56.192
55.803
55.875
56.102
56.02
55.718
56.104
56.133
55.585
56.088
56.182
55.407
56.101
64.993
65.004
65.015
65.011
55.265
55.919
