51.86
52.003
51.967
52.182
52.111
52.132
52.065
52.301
51.676
52.083
51.998
52.083
51.987
52.292
52.073
52.048
51.864
47.671
43.477
44.684
45.375
45.013
44.69
45.064
45.321
45.408
46.127
63.368
54.418
45.468
45.849
44.999
44.562
50.686
48.965
47.244
49.034
46.457
50.317
54.176
55.532
56.888
57.057
57.252
57.16
57.069
55.811
54.554
54.557
54.56
54.408
54.256
72.832
72.718
65.329
56.283
56.193
56.104
57.345
66.375
66.101
73.16
72.946
72.909
53.19
53.354
52.876
52.681
52.328
52.541
52.758
71.801
71.943
71.992
64.763
52.519
51.833
65.515
66.521
66.591
66.381
66.24
66.317
66.335
66.332
52.225
52.365
52.506
67.67
67.474
67.181
67.215
74.238
74.128
56.113
53.003
45.07
45.251
44.892
44.533
52.263
52.099
52.001
51.948
51.984
51.85
51.894
51.577
66.408
66.431
66.988
73.658
72.983
77.836
77.734
77.722
75.844
73.966
74.469
56.359
56.309
55.372
56.622
56.718
56.853
57.041
57.016
56.883
56.278
56.944
57.611
76.678
76.613
76.64
76.631
76.394
76.056
68.765
69.027
69.433
69.592
69.195
76.098
76.165
76.085
75.953
55.826
56.13
56.487
57.086
75.993
75.972
75.93
68.907
68.74
68.572
68.369
56.888
56.338
69.181
69.633
75.844
75.612
75.123
74.226
72.909
71.709
70.533
69.16
68.082
67.175
67.312
66.756
45.286
44.552
44.647
44.742
44.693
44.645
47.036
49.427
61.811
61.13
60.232
60.666
49.179
49.933
61.328
65.941
66.5
61.545
61.546
45.002
45.37
45.738
45.504
47.853
46.275
44.697
54.681
68.15
68.39
68.48
68.447
75.596
75.873
76.014
76.079
66.231
56.383
67.117
77.852
78.2
78.354
78.445
78.255
78.266
78.165
78.127
78.11
77.997
78.056
78.031
77.878
77.897
77.961
77.9
77.797
77.827
77.745
77.76
77.848
77.9
77.915
77.916
77.938
77.927
77.947
77.86
77.767
77.835
77.771
77.825
77.848
77.887
77.916
77.912
77.893
77.939
70.899
70.862
70.865
70.658
58.361
58.899
70.895
70.975
71.007
70.97
70.878
70.901
70.934
72.43
73.926
72.422
70.919
58.169
57.67
62
66.329
66.514
60.831
55.149
63.068
53.101
43.134
43.01
64.134
58.206
56.483
54.76
54.674
54.975
43.251
42.943
42.974
43.123
43.028
43.099
42.971
43.219
71.875
72.03
72.127
71.765
71.563
71.36
54.905
55.185
54.858
71.03
70.97
70.922
70.935
70.985
71.067
71.057
71.021
71.002
52.852
