69.994
63.781
62.12
61.436
62.073
61.516
61.531
62.006
62.482
74.333
74.612
74.891
75.033
75.02
75.007
75.054
75.008
75.023
74.996
74.814
62.526
62.708
62.772
62.766
74.576
74.709
74.862
74.911
75.095
75.485
75.2
75.078
75.09
63.093
63.292
62.859
63.057
63.149
62.916
62.865
62.76
62.919
74.445
74.138
73.734
73.667
73.789
73.911
73.991
73.943
73.913
74.061
62.986
62.795
62.848
62.901
63.105
81.98
81.961
81.972
81.986
82.001
82.031
63.209
63.331
62.953
62.855
63.493
61.733
60.389
63.329
62.785
61.856
63.636
62.476
62.652
62.827
62.85
62.866
62.883
63.68
63.274
62.869
62.798
63.036
62.842
63.655
63.062
72.776
72.592
72.438
72.32
72.124
71.996
71.995
71.946
72.066
72.105
72.052
68.974
69.207
80.958
81.046
69.237
69.106
69.141
75.036
80.931
81.003
56.964
57.845
58.542
58.589
58.637
58.344
58.12
82.147
82.081
82.108
82.105
57.591
57.807
57.798
57.789
57.51
82.064
82.01
81.996
58.216
58.16
58.271
70.288
70.287
70.138
69.912
56.182
54.783
54.494
56.439
55.741
54.349
54.911
56.974
57.352
58.367
62.591
66.815
66.954
54.847
55.03
55.149
54.836
55.036
55.235
58.017
58.442
57.287
57.808
57.829
58.292
57.34
58.01
58.312
57.854
58.159
57.218
58.57
53.16
52.822
60.115
61.625
61.579
67.326
73.073
73.415
73.27
73.712
74.018
74.361
74.643
74.892
74.898
74.919
75.073
75.405
75.602
74.882
73.919
74.176
74.173
74.108
74.145
74.283
74.874
74.673
74.379
74.29
74.196
74.271
74.354
74.44
74.665
74.772
74.957
75.081
75.075
62.864
62.456
72.104
72.026
72.24
60.783
60.609
60.374
60.559
60.684
72.052
72.092
71.986
72.032
71.925
61.397
61.519
61.645
61.613
61.325
66.692
72.06
72.13
72.214
72.006
71.992
53.278
53.774
53.952
59.576
59.176
60.142
60.1
59.996
60.615
60.822
61.245
60.279
60.37
61.056
73.176
73.174
74.083
74.993
75.137
64.901
65.143
64.976
64.738
75.059
77.516
77.495
77.566
77.739
77.856
77.86
77.91
77.878
77.65
77.681
77.732
77.906
74.946
74.685
53.275
52.777
53.105
52.834
56.031
59.229
59.312
56.082
57.937
59.793
77.801
77.148
59.719
58.738
57.758
57.659
68.353
68.618
68.739
68.903
66.928
64.952
65.098
64.984
64.977
64.931
69.831
69.915
69.818
69.789
69.348
69.135
76.317
76.411
76.464
76.408
76.445
76.372
74.23
72.089
72.036
71.993
58.434
57.778
53.377
53.055
53.306
53.293
55.661
58.029
61.586
61.917
62.249
61.785
62.117
61.957
61.797
62.109
61.748
62.29
62.129
61.969
58.542
58.527
58.513
77.057
77.068
77.031
77.013
77.017
77.035
77.03
77.043
77.063
77.051
46.179
45.526
77.03
77.068
77.111
77.05
77
76.951
77.017
68.98
60.943
59.136
59.034
58.932
77.141
77.082
57.88
58.235
58.157
58.079
62.084
61.883
61.923
62.046
64.965
64.973
64.98
65.111
65.05
64.989
69.489
69.779
70.069
70.061
58.299
58.07
62.789
70.014
