56.345
55.311
55.159
65.129
79.7
80.532
81.447
55.033
55.86
74.085
74.249
67.179
67.184
67.301
56.014
55.923
55.06
56.342
55.792
55.353
56.149
55.706
73.021
72.504
71.688
78.451
78.579
55.41
55.322
55.537
74.303
75.01
63.349
63.085
55.492
55.598
55.64
55.633
49.528
48.855
49.07
49.528
48.432
61.722
73.292
73.015
72.785
72.705
60.429
59.265
58.404
57.544
59.836
60.325
60.709
61.093
61.155
61.125
61.153
57.63
58.448
53.334
53.141
52.418
53.317
52.462
53.247
52.606
53.254
52.785
52.822
52.998
52.992
52.642
53.2
53.034
57.897
58.157
52.306
52.443
53.107
53.405
78.614
79.145
74.452
60.921
47.391
46.3
76.251
76.514
76.746
74.897
73.048
72.978
73
73.022
45.725
45.164
72.974
72.969
82.062
82.003
75.049
74.987
54.127
68.358
82.59
83.02
83.259
76.605
76.877
76.947
77.16
77.356
65.082
64.27
63.499
63.561
64.371
64.784
76.743
76.766
76.715
76.72
76.719
76.883
77.011
77.078
77.011
76.941
65.081
64.117
76.851
76.907
77.031
76.979
77.076
64.272
64.859
65.01
76.92
76.874
64.711
64.84
65.171
65.316
65.414
65.549
65.509
64.967
64.331
71.148
77.964
77.928
78.082
78.004
50.944
50.87
62.549
74.181
74.354
74.415
74.566
74.88
75.113
75.168
75.011
68.526
62.04
51.239
51.106
50.8
50.494
63.001
63.021
62.867
63.177
61.863
60.548
61.142
60.682
54.753
55.175
55.516
60.439
60.517
60.859
61.165
56.203
55.898
55.923
56.047
56.171
56.018
55.917
61.036
61.167
72.906
73.054
73.232
61.302
55.8
55.872
55.917
56.252
74.928
74.906
62.83
62.635
62.502
62.61
62.472
62.362
61.68
61.978
62.275
74.309
74.461
74.428
74.497
74.597
74.509
74.755
74.76
74.565
74.058
74.285
60.66
67.84
75.019
75.006
67.289
59.572
55.47
56.906
69.377
68.77
68.915
69.196
69.442
54.691
56.22
55.855
83.859
83.99
83.987
83.983
83.991
84
83.988
83.945
83.981
84.023
84.025
79.763
75.501
75.775
68.748
56.802
55.059
55.522
55.624
55.626
55.569
55.512
56.411
55.483
55.196
55.498
55.801
55.811
55.848
56.277
56.506
74.8
74.542
74.179
73.989
55.798
55.537
56.262
55.734
55.481
55.89
56.299
55.029
56.091
55.892
55.343
56.326
56.139
55.072
56.127
52.703
54.062
53.39
51.957
54.801
55.374
56.487
53.659
53.317
52.933
52.723
54.333
56.065
55.499
54.934
56.201
56.041
54.961
58.081
61.201
73.399
73.508
73.504
73.589
73.896
74.225
74.555
74.852
63.862
63.885
63.909
63.491
63.538
63.618
62.892
53.114
53.141
52.405
75.665
75.948
75.987
76.122
76.472
76.669
76.972
77.215
77.388
77.141
76.643
66.028
55.413
55.804
55.595
