56.928
56.871
56.883
69.251
68.296
68.281
68.104
67.887
67.487
67.176
56.569
56.77
67.919
67.349
59.32
51.292
52.845
51.225
52.566
51.723
51.795
52.365
52.88
51.601
62.661
63.016
63.383
63.327
63.27
63.318
63.463
63.609
63.561
64.107
64.297
64.132
63.974
63.71
63.311
62.936
62.431
66.214
66.067
66.589
62.193
61.966
62.15
61.852
61.555
55.679
55.473
55.267
55.381
61.232
62.284
73.821
73.79
73.439
72.933
72.85
70.035
67.22
70.366
73.512
73.99
74.181
74.265
74.015
73.975
73.811
73.807
73.652
73.565
73.665
73.794
73.791
73.801
73.783
73.7
73.66
73.708
73.631
73.723
73.704
73.682
73.561
73.646
73.731
73.762
73.777
73.766
73.733
73.822
73.847
73.875
74.087
74.086
74.091
74.08
74.021
73.806
73.476
72.733
74.897
77.062
76.605
76.648
55.336
54.95
58.465
56.778
55.092
54.958
71.864
72.778
73.718
74.468
75.035
75.368
75.436
75.366
75.005
74.351
76.663
66.403
69.611
72.818
73.319
73.611
73.606
73.343
73.278
73.015
73.089
73.183
73.393
73.736
73.755
73.682
73.623
73.477
73.279
73.482
73.695
73.605
57.685
56.876
56.771
56.678
57.315
64.437
64.882
65.026
64.569
68.03
68.342
66.383
64.424
52.623
53.299
53.059
52.846
63.101
73.357
72.62
79.913
79.94
72.748
64.703
56.657
56.134
54.578
53.021
52.081
64.063
64.824
65.585
65.876
65.998
65.989
65.933
66.207
66.01
66.387
66.255
66.194
66.162
65.838
65.826
65.476
64.99
62.291
62.329
55.396
60.286
65.176
76.977
77.131
77.199
77.186
77.213
77.308
77.393
77.444
77.499
77.508
77.532
77.515
77.466
77.234
76.787
63.794
63.02
62.761
63.072
63.435
64.04
63.928
63.791
64.138
63.973
63.876
60.248
68.193
76.138
76.072
76.095
76.13
76.193
76.306
76.272
64.343
64.523
64.459
64.362
64.133
64.242
64.352
64.263
63.89
63.9
69.829
75.759
73.702
71.645
66.234
66.663
66.501
66.392
66.239
65.795
69.99
58.385
60.48
62.575
62.965
75.757
76.131
76.193
76.178
76.396
76.431
76.497
64.745
64.977
65.194
65.21
65.445
65.679
66.099
78.041
78.091
78.085
66.055
65.961
65.671
65.392
64.773
63.577
62.382
71.778
71.893
71.876
65.265
66.625
67.769
68.913
74.824
74.429
74.719
50.622
50.985
50.242
49.655
50.109
50.395
49.851
50.392
50.345
49.386
84.083
83.941
83.934
83.885
83.039
83.001
82.971
