57.024
56.345
57.685
57.01
73.071
75.979
78.485
78.569
78.705
76.058
77.071
77.783
74.558
74.921
69.408
63.894
64.079
64.27
63.828
59.209
59.507
59.675
59.844
44.631
44.657
44.76
45.245
44.858
44.883
55.857
55.622
55.386
55.506
55.627
54.028
55.548
54.302
56.486
56.214
55.942
55.838
55.735
58.906
64.017
64.156
64.133
64.273
60.17
59.808
60.035
59.959
63.67
63.871
67.089
66.999
66.861
73.757
73.701
66.749
66.388
65.964
62.279
58.593
59.824
64.182
64.044
76.028
75.971
75.967
72.561
69.156
69.115
69.213
69.565
69.709
69.905
70.11
70.566
70.635
63.597
63.696
63.797
63.833
63.879
63.891
63.956
56.877
56.816
56.752
56.911
57.459
56.941
56.536
57.483
61.943
66.403
66.638
67.026
67.214
67.401
67.359
67.135
54.536
54.852
55.148
55.444
56.009
55.869
55.73
55.298
55.013
55.185
55.356
54.824
54.976
56.201
56.28
56.36
56.757
55.849
55.766
57.792
60.915
60.445
62.826
61.988
64.183
63.944
60.369
59.37
59.829
59.95
60.038
60.126
59.794
59.516
60.048
59.819
60.107
59.879
59.584
60.582
60.947
61.312
59.704
60.345
60.722
59.352
60.407
63.705
63.927
64.042
63.211
61.635
59.938
58.913
60.299
61.684
62.292
61.45
61.241
61.411
61.581
61.621
61.66
61.433
50.279
49.881
61.728
61.58
62.018
61.562
61.784
62.032
61.703
62.085
61.901
61.616
62.341
61.265
61.688
61.929
80.79
81.796
79.409
80.518
76.247
76.601
70.282
70.489
58.809
57.587
50.613
49.249
46.056
63.505
62.785
62.066
59.556
57.046
56.909
57.231
57.409
69.647
69.644
56.686
56.101
54.107
55.476
54.539
56.322
76.809
76.621
76.337
76.125
76.069
76.097
55.664
54.614
56.07
57.526
59.214
58.4
59.724
61.711
60.506
60.254
60.774
54.732
55.76
55
55.065
54.307
54.758
54.719
54.796
59.828
77.998
78.365
78.207
77.718
77.365
77.452
77.529
77.45
77.844
77.964
77.799
59.247
58.99
61.591
59.663
59.11
59.087
59.49
58.705
59.728
59.179
58.629
62.301
61.571
71.797
71.772
71.67
78.429
77.728
57.842
56.431
66.928
64.341
61.754
61.067
82.853
82.882
82.732
82.789
61.754
61.763
61.464
60.639
59.814
59.562
59.419
58.847
58.941
61.04
61.122
61.205
61.207
60.868
60.437
60.764
61.248
61.104
61.559
61.885
62.926
61.984
61.851
61.717
61.432
50.679
50.281
50.602
62.705
62.848
62.641
50.942
50.867
52.351
53.835
55.404
54.366
55.709
55.017
54.816
65.468
66.141
54.987
54.664
55.83
54.618
54.173
63.549
63.938
54.134
54.556
66.661
66.714
66.877
66.927
65.197
63.467
63.938
58.753
58.792
58.795
58.796
58.662
54.359
55.215
63.581
63.529
58.746
61.262
63.777
63.453
58.889
58.873
66.916
66.914
66.961
58.916
59.063
63.503
