63.974
63.947
63.921
63.842
63.83
63.905
63.889
63.949
63.898
63.867
63.87
63.822
63.875
63.882
63.907
63.806
55.03
54.248
63.89
63.934
63.961
64.023
53.835
53.999
53.477
52.955
58.394
63.832
63.873
63.904
63.855
63.929
63.954
63.972
53.803
55.179
54.627
55.491
69.348
70.253
70.407
59.288
58.881
59.195
58.964
63.828
63.945
63.839
63.907
52.06
51.348
70.939
70.866
70.53
70.061
69.893
69.738
69.666
63.281
64.046
52.565
52.444
52.96
53.315
53.67
52.925
53.321
53.356
56.203
59.05
58.933
58.909
59.321
58.126
59.797
58.742
76.284
76.226
75.967
75.711
75.662
75.513
75.548
75.596
75.661
75.728
75.708
75.605
75.36
75.251
75.197
75.251
75.401
75.342
75.487
75.558
75.618
75.669
68.711
57.168
57.123
57.097
68.711
68.841
56.918
56.893
56.855
56.822
56.744
44.989
45.105
44.963
44.92
44.649
44.752
44.818
59.331
70.277
76.503
76.191
75.955
75.748
75.877
76.053
76.186
76.442
76.611
76.978
77.213
77.401
77.416
77.472
77.55
77.589
77.521
77.417
77.109
69.413
68.989
68.624
56.204
56.2
56.072
55.422
69.291
83.16
83.081
50.152
50.525
50.513
50.123
51.517
50.838
50.988
50.069
50.357
50.145
49.492
48.838
76.117
76.003
75.915
58.806
59.38
59.955
59.936
66.508
66.608
66.735
71.341
59.411
67.676
75.941
75.926
75.978
76.338
67.393
67.647
67.695
61.588
49.481
49.386
49.646
49.498
49.817
55.74
52.737
49.734
49.549
50.064
49.911
49.713
49.769
49.872
49.382
61.787
61.262
62.301
61.468
61.825
61.38
60.935
60.503
60.071
60.631
60.832
61.033
67.495
73.957
74.025
74.045
50.085
50.291
49.983
49.675
49.981
49.626
62.125
61.787
62.082
61.969
61.877
62.047
61.579
61.11
60.62
60.13
60.034
59.571
74.117
73.958
73.882
73.875
73.861
61.919
49.978
49.916
49.829
49.828
49.827
49.904
49.952
80.876
80.862
65.929
65.916
65.902
65.934
58.004
69.458
59.661
66.754
73.848
73.869
64.919
63.219
61.518
59.186
56.853
56.782
68.458
68.502
68.483
68.805
69.097
69.178
69.188
64.784
60.96
57.136
56.555
56.673
56.12
68.906
69.053
69.098
55.589
55.584
55.531
55.478
55.019
53.219
54.356
54.781
55.297
61.211
58.83
61.46
58.958
61.674
58.673
55.673
55.048
54.874
55.035
55.172
54.863
54.617
54.717
54.911
55.155
55.254
54.923
54.704
56.763
56.002
55.241
55.239
67.029
66.859
67.019
58.206
62.956
67.706
72.343
72.065
75.849
75.96
76.347
76.765
71.89
67.016
66.601
83.326
83.251
83.156
68.618
68.609
68.587
68.23
67.937
66.55
67.456
59.881
58.545
61.713
61.705
66.89
69.11
69.196
69.14
68.979
69.03
69.074
66.989
67.046
67.033
61.648
61.905
66.968
66.949
66.855
62.017
62.014
61.796
62.022
62.064
62.107
61.966
61.825
61.894
61.703
61.55
62.116
61.984
70.268
69.773
70.37
66.651
66.669
67.13
67.163
66.675
66.915
66.852
66.896
66.832
67.082
66.812
66.972
67.331
60.544
60.369
60.045
59.722
61.337
53.856
53.838
53.964
54.006
53.793
53.522
54.196
61.04
60.838
59.245
58.894
59.026
59.068
56.391
53.714
53.728
58.747
58.83
58.6
58.662
58.745
59.018
59.224
59.11
58.724
58.784
58.992
58.871
58.887
58.95
58.94
60.319
61.699
61.762
61.892
61.897
59.265
59.158
59.836
59.995
59.356
58.769
58.68
58.938
59.52
60.196
61.82
61.9
61.763
61.799
61.901
62.03
62.055
62.02
61.936
61.878
61.878
61.873
61.844
61.766
61.692
61.403
60.356
59.312
58.991
58.93
58.977
