69.047
69.365
68.872
68.585
65.866
56.801
44.366
44.433
44.677
44.72
44.891
45.167
45.507
46.087
46.802
46.724
46.978
46.724
46.738
45.688
45.055
45.002
44.638
44.657
45.441
44.883
44.532
44.549
45.537
45.145
45.518
45.892
50.343
54.794
63.545
64.138
64.926
65.756
66.048
66.59
67.099
67.398
54.996
55.805
55.625
55.445
57.324
69.669
69.843
69.61
69.539
69.646
69.519
69.448
57.964
57.552
55.954
54.356
55.111
70.255
76.877
76.802
76.366
76.235
67.197
58.16
57.367
59.547
57.746
55.945
55.436
54.928
55.125
54.842
54.882
54.727
54.731
54.665
59.357
58.875
58.702
55.087
43.045
43.272
61.219
71.467
78.495
78.52
78.344
78.286
71.016
70.983
70.984
57.277
57.084
43.106
43.027
43.045
43.063
50.238
57.413
69.355
69.505
69.417
69.107
69.088
69.069
56.704
57.576
56.546
57.694
57.976
64.477
70.977
71.042
70.991
70.875
70.959
70.897
70.734
71.007
67.064
67.011
66.957
74.14
74.255
74.506
74.58
74.094
77.466
72.256
67.047
67.005
66.909
66.856
47.324
46.608
62.675
76.151
76.411
76.289
76.133
76.088
76.011
75.971
50.087
50.008
49.981
48.563
49.908
50.323
50.773
50.905
57.756
56.177
56.79
57.403
55.687
59.859
58.239
58.116
57.993
58.497
59
59.022
58.744
58.466
53.227
52.303
52.711
53.12
52.466
50.962
53.105
51.58
51.076
52.605
59.491
59.528
65.313
71.099
70.976
59.021
58.708
71.054
70.979
70.846
51.494
52.823
54.878
56.933
55.965
54.998
55.255
52.96
52.643
69.021
69
52.115
52.373
63.91
63.844
59.601
63.382
67.163
66.977
66.96
66.962
66.919
66.897
67.106
67.039
66.951
66.977
67.03
62.023
65.567
69.111
69.362
72.901
71.164
69.427
76.328
75.908
82.951
82.935
75.947
74.422
72.897
72.4
72.049
71.82
71.709
71.554
71.685
71.424
59.217
59.261
59.191
58.286
63.653
64.013
74.472
74.622
74.757
74.822
74.699
74.521
74.566
74.35
74.453
74.449
74.43
74.563
74.3
61.763
62.14
62.028
61.648
61.636
62.315
54.925
54.576
54.514
55.062
54.186
49.195
44.205
44.457
67.372
73.896
73.944
74.139
74.247
67.487
56.378
44.914
44.832
44.884
44.783
44.853
57.086
56.764
44.771
44.787
44.79
44.814
56.95
56.735
56.607
56.685
56.779
44.76
45.014
44.904
56.519
56.872
57.014
57.254
57.495
69.324
69.135
69.002
68.909
44.789
44.952
44.97
44.988
58.466
59.476
58.789
59.118
59.249
58.349
57.683
68.887
68.85
74.942
71.901
68.859
68.953
56.693
56.862
56.967
57.001
57.004
56.986
57.068
56.701
68.443
66.912
65.779
65.504
65.746
66.153
66.574
66.703
66.866
66.915
66.742
66.502
66.497
66.631
66.765
66.839
66.977
67.003
66.782
66.971
66.866
66.815
66.955
67.021
66.969
66.934
66.91
57.895
48.88
50.591
47.82
49.77
49.408
49.238
50.34
60.736
61.783
62.626
49.011
50.188
50.337
53.088
51.108
52.046
54.077
53.87
55.02
53.957
54.867
54.302
53.738
55.696
54.235
53.484
52.003
53.04
54.077
54.776
54.568
54.361
71.005
70.998
71.057
71.095
71.05
70.963
66.395
66.147
65.898
66.066
50.213
49.973
66.271
66.273
66.275
68.871
68.91
69.107
69.304
70.156
66.951
67.329
67.106
68.883
70.661
66.831
66.916
67.141
66.954
66.753
67.183
67.043
66.903
