55.448
78.904
78.982
79.005
79.008
78.993
79.017
79.035
79.004
79.027
78.944
79.004
78.935
78.975
78.973
78.955
78.938
79.004
78.999
79.009
79.009
79.045
79.015
79.025
78.983
78.994
78.991
79.012
78.966
78.879
78.919
78.959
78.994
78.996
78.995
79.009
79.026
79.013
79.017
79.009
79.01
79.001
79.072
67.012
54.951
54.99
54.993
54.683
78.952
78.991
79.036
79.082
79.023
78.98
79.031
79.011
79.01
78.999
69.741
61.57
61.388
78.993
78.997
79.006
78.973
78.961
79.001
79.024
79.017
79.021
79.021
79.01
69.277
69.211
78.955
78.981
79.017
78.987
78.99
78.996
78.994
78.992
78.941
79.014
79.093
79.04
57.144
47.092
49.234
51.377
51.311
51.119
50.927
54.844
58.761
60.829
58.888
54.281
52.494
50.708
54.473
53.456
54.792
62.194
62.086
59.827
57.567
57.354
57.14
53.364
53.221
50.417
52.866
50.932
48.997
50.162
54.599
49.07
52.02
50.535
49.05
58.715
58.801
58.94
58.913
58.364
58.629
58.612
59.079
59.052
58.925
58.868
58.442
55.664
55.435
55.63
55.639
57.097
57.611
55.439
55.643
65.976
62.934
59.891
55.191
56.253
55.834
57.695
54.653
54.652
54.54
54.225
53.713
49.436
62.636
65.884
69.132
75.423
75.492
75.586
75.53
75.483
75.471
75.361
75.48
68.56
68.31
68.591
63.033
57.475
56.233
56.456
68.905
68.726
75.436
75.518
75.499
75.466
71.997
68.528
57.761
56.704
57.554
58.405
58.825
59.065
59.068
59.118
58.517
58.327
58.371
57.24
58.011
56.618
55.647
55.228
54.808
50.674
51.144
51.114
51.085
52.703
55.23
66.963
66.612
66.419
53.715
50.523
52.466
53.152
53.838
52.312
51.299
48.429
51.709
54.99
54.318
51.777
51.822
50.309
48.795
51.29
53.785
55.523
55.886
52.61
52.599
52.801
53.002
52.113
51.705
53.485
51.575
53.524
57.789
56.166
61.979
62.106
56.909
56.801
56.629
56.524
56.419
75.769
75.917
76.073
76.038
76.047
76.111
76.509
77.286
77.94
78.342
78.173
57.635
56.955
57.088
56.745
76.129
75.726
75.387
75.383
75.354
75.353
75.442
75.529
75.643
55.022
53.569
52.115
50.06
49.777
50.079
56.427
54.915
55.658
56.401
56.207
56.013
55.908
55.803
53.946
55.798
56.477
57.156
56.9
57.271
72.847
72.18
71.511
71.301
71.598
71.901
65.186
65.274
65.395
65.377
65.394
65.662
66.012
66.022
66.053
66.08
66.055
66.049
65.865
61.459
57.053
57.075
57.067
57.076
57.054
56.922
57.525
57.155
66.926
66.454
65.987
66.041
72.703
72.62
72.691
72.662
72.442
52.356
51.817
52.664
52.77
73.058
73.678
74.099
74.196
74.127
74.048
73.992
73.867
73.693
73.631
66.364
56.788
49.565
50.122
50.804
51.487
47.772
56.92
66.068
65.867
66.163
73.211
73.267
73.22
73.23
73.182
73.053
73.106
73.054
72.972
73.11
73.438
73.809
74.097
74.159
74.023
73.744
73.501
55.503
54.935
54.965
55.036
55.036
54.956
54.911
54.779
54.541
55.631
56.721
57.427
56.456
57.158
56.862
56.247
52.184
48.121
48.219
48.304
49.644
48.614
47.584
48.689
49.794
49.61
54.95
54.891
54.949
54.987
54.91
54.985
55.07
54.874
54.972
54.995
55.049
54.966
55.171
54.92
54.863
54.807
54.894
54.982
43.465
