45.397
44.399
45.155
45.783
43.998
45.036
44.287
44.036
43.981
43.99
46.58
45.656
44.325
76
76.393
76.825
77.151
77.262
77.318
77.299
77.064
76.678
70.592
64.506
64.613
64.296
64.8
76.256
76.056
75.801
75.478
75.219
75.025
62.286
60.643
64.805
60.458
56.112
60.078
64.044
64.586
64.892
64.774
83.766
83.802
64.729
64.456
64.185
44.952
45.127
44.42
63.945
75.665
75.763
75.677
75.5
75.08
73.935
64.029
63.963
64.023
64.017
64.06
63.985
64.511
64.345
64.56
64.421
64.281
64.045
63.949
63.902
63.703
44.874
45
63.774
75.339
75.292
75.325
75.304
74.815
73.826
45.978
45.31
52.017
52.021
54.694
55.012
55.821
63.069
63.895
64.618
64.047
63.833
60.238
56.643
56.867
50.983
45.099
45.016
45.083
44.889
65.674
65.609
65.463
55.401
45.339
44.743
45.051
75.196
75.042
75.351
75.168
75.122
75.332
75.465
75.597
75.644
75.691
75.637
75.23
74.624
65.926
57.228
59.196
58.623
59.603
59.963
61.07
61.151
61.207
60.554
71.795
64.401
57.008
50.81
51.948
45.769
51.984
48.416
52.963
57.509
57.233
57.051
63.928
63.973
63.884
60.759
62.052
61.801
73.533
73.142
72.942
72.446
72.162
72.398
72.633
72.881
73.148
73.447
73.657
73.716
73.769
73.577
73.459
73.283
73.096
72.961
72.906
44.832
45.094
45.149
45.151
44.922
44.794
44.864
61.473
61.167
64.049
64.014
63.949
63.95
64.094
64.014
64.018
63.998
64.028
64.345
54.813
55.578
63.889
64.127
63.616
64.168
63.474
64.056
63.756
63.749
63.743
63.645
