53.33
54.399
55.468
68.652
68.45
68.171
68.262
69.007
58.937
59.525
59.919
60.27
60.739
61.418
61.513
61.174
72.838
72.535
60.456
60.342
60.395
60.731
60.747
60.529
60.828
61.314
61.16
60.96
58.191
57.602
58.838
57.681
61.443
60.899
72.751
72.748
72.655
72.442
72.628
72.724
72.578
72.908
60.79
60.401
60.376
60.922
73.019
73.182
72.791
75.969
79.147
78.964
78.829
78.921
79.09
72.704
72.645
60.418
59.519
58.281
58.139
57.285
56.459
54.803
59.884
59.942
60.017
59.981
60.122
59.144
58.167
57.376
56.586
56.533
56.676
56.815
57.099
57.189
57.212
56.982
56.935
56.936
57.391
56.709
55.574
54.733
55.768
69.003
68.798
69.038
69.014
68.991
63.545
58.098
58.168
69.95
69.144
69.098
69.053
57.467
58.214
58.569
58.825
71.615
71.784
72.274
72.567
72.331
72.306
66.274
60.242
60.331
60.385
72.279
72.308
60.39
60.408
60.542
60.599
60.305
60.283
60.269
60.311
60.326
60.266
60.215
60.255
60.342
60.303
59.976
60.079
60.126
60.079
60.004
60.024
60.13
59.966
59.267
59.167
73.931
73.941
74.027
73.999
74
73.992
73.945
73.994
74.024
74.009
73.929
75.975
75.983
76.044
76.01
75.939
75.982
75.97
76.092
76.046
75.937
75.971
76.017
76.108
76.027
75.929
66.986
66.968
67.001
67.123
67.061
67.022
66.888
64.459
62.03
62.456
61.599
62.316
61.977
61.101
50.854
51.759
73.684
73.634
73.643
73.653
73.465
73.134
61.406
61.526
61.376
60.979
61.482
61.752
62.084
62.296
62.349
74.273
74.205
62.138
62.155
61.942
61.786
61.837
61.956
61.69
61.622
61.316
60.044
50.223
49.679
50.059
50.395
49.63
50.31
49.054
61.431
73.622
73.481
73.58
61.636
60.064
60.767
59.576
59.244
61.663
62.189
60.578
58.968
57.232
56.942
58.448
58.445
58.592
58.587
58.859
58.66
58.59
58.094
57.127
55.743
54.529
53.505
52.529
51.553
66.251
80.95
80.977
80.982
80.97
74.585
68.201
67.667
55.265
55.195
55.604
55.953
55.967
56.108
56.016
55.932
55.331
55.734
55.647
55.56
57.387
64.182
70.977
70.778
70.836
70.967
71.187
71.359
71.488
71.573
71.798
71.765
71.539
71.329
71.38
71.32
71.504
59.73
59.702
59.774
59.842
59.677
59.688
59.682
59.813
59.635
59.711
59.644
59.52
59.597
59.651
59.605
59.608
59.644
59.404
59.689
60.246
84.055
84.049
74.08
78.959
83.839
83.887
83.867
83.981
84.056
84.119
84.037
84.006
83.946
83.886
77.9
80.998
65.667
50.335
48.417
47.18
46.387
45.699
45.381
45.019
44.345
44.827
44.074
44.16
46.473
45.109
43.432
52.485
84.016
84.065
84.183
84.065
83.978
52.467
51.538
51.916
67.994
62.358
56.722
56.857
56.993
56.755
