51.026
50.961
50.895
50.989
51.084
51.111
51.138
50.878
50.619
49.471
48.322
50.229
51.41
68.021
67.977
51.237
52.686
50.854
51.771
52.687
54.457
54.293
54.129
67.98
67.795
67.97
68.15
68.02
67.983
57.536
58.244
57.039
51.349
53.817
56.285
56.576
47.244
47.393
48.168
48.942
48.345
59.219
58.301
57.971
58.285
56.878
55.06
51.082
47.855
47.955
80.925
80.895
80.892
80.905
80.923
51.466
52.187
53.528
53.348
81.03
80.991
80.958
50.18
52.074
54.678
66.131
66.222
65.961
56.477
56.345
56.052
55.758
55.371
53.23
57.702
62.174
61.59
62.016
62.441
50.956
51.143
51.397
51.65
52.94
51.988
51.586
57.104
53.398
57.709
62.02
62.144
50.318
49.778
61.998
61.889
63.099
64.31
63.854
64.379
64.52
51.188
50.311
50.066
50.029
50.186
50.088
49.697
51.119
50.209
50.243
50.438
49.945
50.677
49.424
50.735
50.325
50.107
50.174
50.205
49.902
50.378
50.575
48.969
50.865
50.917
50.968
51.126
51.285
57.127
56.966
51.186
50.076
57.154
56.333
51.032
50.137
50.284
53.105
51.807
51.7
51.594
50.082
38.561
39.638
39.29
40.62
40.677
40.735
39.739
52.43
51.364
44.708
45.625
44.597
44.282
45.06
45.365
45.019
44.5
44.988
45.475
44.553
75.259
75.043
56.851
57.254
56.608
57.256
56.928
56.653
56.889
57.134
56.883
56.632
56.868
56.74
56.017
53.718
53.942
53.899
52.45
52.892
53.334
52.602
52.172
51.741
53.78
53.828
53.689
53.734
52.782
52.802
52.821
52.368
50.026
50.002
51.985
53.69
72.158
71.687
53.044
53.425
53.362
53.298
53.074
55.228
54.608
53.988
54.155
53.44
53.616
53.791
54.523
54.501
54.478
55.438
56.21
56.983
56.776
56.57
75.37
75.578
75.377
75.015
74.263
73.807
73.911
74.418
74.892
75.226
75.579
75.83
75.892
75.85
75.468
62.446
62.517
62.145
61.978
62.817
74.852
74.822
74.795
74.812
74.941
74.787
74.868
74.799
74.154
61.732
61.02
60.524
59.849
58.431
59.372
59.351
58.689
71.477
71.568
71.591
71.634
71.691
71.733
71.74
71.675
71.682
65.567
59.451
60.632
60.391
73.344
73.262
72.959
72.904
73.064
51.634
51.684
50.376
49.068
74.247
74.882
75.4
75.635
75.694
75.499
75.398
75.325
75.376
75.463
75.569
75.733
75.787
75.785
75.856
75.915
75.887
75.902
75.919
75.961
75.969
75.956
75.908
75.895
75.787
75.743
75.759
75.766
75.748
75.869
75.935
75.953
75.92
75.881
75.86
75.852
75.885
75.938
75.965
76.084
76.145
76.237
76.113
76.053
76.011
75.756
75.587
75.564
75.552
75.608
75.663
75.845
75.895
75.941
76.016
76.287
76.307
76.22
76.264
76.377
76.401
76.414
48.379
62.313
52.988
64.48
75.973
75.827
75.854
75.882
75.885
75.975
76.035
75.997
75.959
75.918
75.876
75.979
76.033
76.015
63.909
64.198
54.622
65.388
60.427
55.465
54.938
54.411
54.53
55.034
59.537
64.04
64.17
63.813
52.369
