57.816
57.95
58.077
57.847
58.01
58.279
59.139
58.301
52.31
46.319
45.99
45.776
46.023
45.887
45.954
45.67
45.865
46.06
46.023
46.042
45.737
45.689
45.641
46.146
58.458
58.766
60.054
59.569
60.17
59.83
60.58
60.882
60.632
59.642
60.376
59.526
60.363
58.808
58.749
58.689
58.917
59.146
65.99
63.285
68.029
63.446
68.222
72.999
72.799
72.791
60.453
60.915
72.925
72.982
72.884
72.655
71.672
72.885
66.088
59.29
60.195
72.352
71.973
72.027
71.856
58.641
58.53
58.565
58.529
59.967
59.671
59.584
59.496
71.359
71.231
71.2
59.571
59.124
59.618
59.17
59.865
59.17
59.723
59.37
59.744
59.617
59.652
59.728
59.195
58.012
59.505
60.999
60.63
59.966
57.365
57.262
57.42
57.063
57.034
57.252
56.982
56.825
57.239
57.384
57.294
57.517
56.995
57.385
57.651
57.714
57.759
57.81
57.813
57.38
57.741
57.621
57.585
57.503
57.327
57.518
57.595
57.709
57.803
57.783
57.86
57.851
57.74
57.771
57.465
57.322
57.25
57.213
60.502
61.088
61.292
60.735
69.788
68.086
64.434
60.781
60.752
60.807
60.862
68.024
68.018
67.985
46.637
45.114
43.732
44.054
43.845
43.939
44.251
44.135
44.319
44.143
44.261
44.322
44.412
44.502
43.974
57.885
58.344
58.258
58.369
58.439
58.504
58.56
58.412
58.869
58.629
58.359
58.815
58.409
58.304
57.844
57.738
69.735
68.633
75.67
75.201
69.38
63.559
55.621
55.615
55.61
55.41
55.495
55.579
55.768
55.958
56.208
56.304
57.561
58.818
43.946
43.952
42.955
71.95
72.024
71.975
71.864
61.856
57.796
56.98
57.005
57.029
56.877
60.185
72.059
71.721
71.722
71.723
71.723
71.682
71.681
71.544
71.632
71.795
71.856
71.919
72.014
60.327
59.762
59.747
59.123
57.854
55.386
53.384
50.065
51.227
47.101
47.17
48.486
49.803
49.176
51.27
50.892
50.68
50.869
51.249
51.719
52.629
52.264
51.798
52.167
52.152
51.544
52
52.434
52.805
53.21
52.391
52.376
52.376
52.204
52.001
51.617
51.655
50.137
51.832
52.027
52.053
52.204
51.954
50.733
49.518
51.561
51.802
51.819
51.826
52.282
64.997
65.04
64.947
64.957
64.969
64.97
58.355
58.194
57.942
57.801
58.084
58.019
58.295
58.121
45.391
46.126
57.977
58.103
58.18
45.723
46.039
45.81
45.988
45.961
45.749
46.046
45.748
46.052
46.045
45.945
45.887
45.853
45.996
45.797
45.993
46.129
45.848
45.491
45.7
49.858
59.874
60.032
59.776
61.685
62.717
64.001
65.038
65.849
54.064
54.186
54.726
55.265
55.759
55.841
55.123
55.694
55.73
55.003
55.25
54.909
53.79
57.321
54.077
53.724
53.372
52.655
52.131
52.183
52.478
52.261
52.833
64.585
64.696
65.061
65.047
64.725
56.621
57.555
57.837
57.536
69.417
69.026
69.032
68.801
69.341
68.992
57.405
57.458
57.61
57.595
57.466
57.693
57.81
57.465
56.703
55.653
53.996
52.511
47.978
48.158
48.338
60.998
60.844
60.839
61.005
61.216
49.602
49.829
49.757
49.505
49.834
50.163
50.067
49.828
49.59
51.307
50.048
50.521
50.363
51.492
52.25
53.007
49.073
50.536
51.653
49.8
49.749
50.505
50.63
50.755
50.677
50.122
51.214
51.645
49.376
49.966
49.866
49.766
49.54
61.813
61.326
60.875
60.997
61.541
49.907
53.387
48.317
51.863
55.409
50.005
56.576
56.682
56.788
53.734
55.026
56.318
43.533
43.614
43.722
43.39
43.67
43.477
43.503
43.543
43.497
43.79
43.878
44.002
44.126
44.601
44.45
43.923
44.962
45.955
54.163
52.12
50.078
49.972
50.594
51.145
51.424
51.528
51.311
50.254
50.37
49.055
48.192
47.957
53.126
49.535
58.836
52.383
50.501
48.618
54.681
50.952
47.223
47.312
46.954
46.595
45.6
44.604
43.753
43.031
43.951
51.404
62.385
69.807
69.509
69.272
49.127
48.172
43.905
43.324
47.971
46.499
47.245
50.929
50.191
50.07
49.949
49.644
50.825
60.941
71.057
71.418
71.635
64.947
65.016
65.072
65.096
65.105
64.931
64.831
64.85
52.533
52.594
52.588
52.651
52.7
52.709
52.757
52.748
52.742
52.758
52.738
52.7
52.776
52.888
52.925
53.072
52.541
52.605
52.624
52.817
52.927
52.891
52.997
53.173
53.156
52.718
52.749
45.898
45.966
45.956
46.007
46.13
46.01
46.003
45.911
45.834
45.885
45.928
45.99
45.991
45.929
45.759
45.857
45.891
46.035
46.357
45.734
45.659
45.509
46.992
48.474
67.999
67.941
67.957
58.007
57.772
57.829
58.003
44.376
44.742
46.131
45.614
45.934
64.999
