50.068
60.665
60.289
60.278
60.267
56.387
55.762
55.137
54.209
51.775
60.579
69.384
69.128
56.905
56.806
56.478
55.879
55.279
56.136
56.321
69.516
69.305
69.015
68.947
68.922
68.862
56.821
56.281
56.095
56.547
55.933
55.88
55.92
55.96
55.824
55.681
55.522
54.177
59.4
64.624
64.963
64.54
64.158
71.422
71.754
65.021
65.125
64.376
53.108
51.982
52.376
51.887
52.53
53.356
60.154
66.952
67.044
67.289
67.446
67.548
67.668
67.494
67.491
55.546
56.088
55.3
55.394
55.233
54.455
55.723
55.103
56.537
58.684
60.831
60.809
60.787
60.856
61.586
61.033
60.585
60.431
59.865
59.867
59.719
59.77
60.562
61.074
60.933
60.722
61.021
60.917
60.66
60.606
60.459
60.225
59.941
58.736
60.008
52.821
52.467
53.231
52.335
54.714
57.093
56.747
55.504
54.783
55.696
55.536
55.377
55.679
52.403
52.452
54.019
51.912
53.053
53.819
52.512
52.783
53.282
53.218
52.88
52.542
51.288
53.34
55.393
56.361
57.32
57.931
69.788
69.531
53.952
53.949
53.946
59.155
72.168
72.071
43.789
44.163
44.335
44.751
72.063
71.868
45.503
45.511
46.103
49.667
50.849
52.032
60.289
72.627
72.551
72.557
72.543
72.565
72.572
72.547
72.488
72.362
72.243
72.452
72.428
50.826
50.693
60.821
60.688
60.355
59.283
58.782
50.856
51.203
50.973
50.67
51.289
51.067
51.02
60.433
60.568
60.674
60.38
60.552
60.642
60.516
60.238
60.657
61.053
51.031
50.889
60.757
59.938
60.004
60.07
50.952
52.451
61.06
61.131
60.967
61.017
60.919
60.726
60.533
60.148
59.913
58.159
57.518
55.87
58.319
71.304
70.887
70.995
70.91
51.556
50.321
51.434
53.31
46.251
46.086
75.61
75.441
75.392
75.245
75.078
74.898
74.982
75.249
75.611
75.967
76.186
76.367
76.361
76.338
76.189
75.877
75.308
74.612
74.068
73.989
74.191
74.399
74.477
74.552
74.487
74.489
74.577
74.531
74.708
75.109
75.181
69.152
63.123
62.605
61.998
61.789
62.037
62.185
61.94
61.877
62.078
62.094
62.232
62.411
62.589
62.831
63.216
63.401
63.37
63.338
63.293
63.269
63.129
62.933
62.897
62.944
63.007
63.123
63.239
63.217
63.292
63.28
63.23
63.102
63.055
63.008
62.866
62.911
53.784
52.455
44.073
44.291
44.549
44.522
44.495
62.938
62.786
63.071
62.704
44.08
43.749
43.932
44.114
43.878
44.916
44.413
43.91
62.922
63.158
56.267
49.375
51.019
50.525
51.071
51.11
51.335
51.123
50.899
51.182
51.179
51.157
51.119
52.108
43.71
43.493
44.224
43.789
43.911
43.516
43.936
44.122
43.772
44.207
43.927
43.647
46.422
