46.199
45.831
46.235
45.619
46.29
45.017
46.044
45.904
45.691
46.04
45.907
74.052
73.973
73.894
73.762
73.529
73.295
45.826
45.904
73.743
73.932
74.04
74.068
74.043
73.498
74.38
67.735
61.09
57.204
53.318
54.953
55.722
56.533
57.127
57.595
57.964
57.788
56.037
74.148
74.177
74.086
73.973
52.747
54.549
55.54
55.568
55.481
55.165
53.861
63.783
73.705
73.701
74.042
47.313
48.741
62.557
63.545
52.299
52.166
53.262
53.4
53.88
53.423
53.941
53.242
54.043
53.582
54.088
53.749
53.806
53.686
53.234
52.877
53.528
50.897
49.603
48.791
49.88
50.175
49.912
65.111
65.777
53.676
53.358
53.078
52.798
52.939
53.081
53.514
53.589
53.808
53.548
54.14
53.746
53.787
53.489
53.844
54.154
53.812
54.244
53.58
53.855
53.53
53.572
53.459
53.646
53.103
53.528
51.327
49.048
48.996
57.73
58.137
58.048
57.906
58.044
57.998
58.164
47.376
46.538
57.849
58.087
46.764
47.172
45.523
57.752
52.594
47.436
46.981
65.894
66.062
46.483
47.576
66.136
66.02
66.164
46.468
47.032
61.224
61.169
61.228
61.224
61.103
61.502
60.143
58.784
59.828
59.914
60.329
60.218
59.922
60.309
60.622
60.771
60.745
60.559
60.472
60.73
60.711
60.635
60.586
60.036
58.005
52.507
51.618
47.841
48.152
47.581
49.107
51.651
54.194
71.416
71.147
59.444
59.416
59.289
59.162
59.405
59.225
59.115
58.93
59.298
59.493
59.462
59.326
59.582
59.807
59.897
59.743
60.005
59.919
59.537
58.293
56.062
55.455
61.797
68.138
68.087
68.041
68.118
62.046
55.974
55.965
56.015
55.969
55.923
55.754
47.78
48.396
51.37
53.085
55.25
56.186
68.72
68.944
69.351
69.114
69.492
69.83
70.038
70.213
70.269
70.481
70.676
70.842
70.907
71.16
71.444
71.787
60.138
60.367
60.434
60.09
60.073
59.989
59.814
59.437
59.033
58.781
58.733
58.874
59.358
59.842
59.933
59.45
59.393
59.089
59.435
59.075
59.659
60.032
60.566
60.781
60.892
61.053
61.218
61.287
61.235
61.222
60.979
60.741
60.808
61.003
60.996
60.993
61.139
49.952
48.83
60.984
61.173
61.26
61.229
61.133
61.04
60.977
61.082
61.189
61.063
60.857
60.878
61.034
61.101
61.186
61.179
61.178
61.095
61.277
45.172
43.381
61.014
61.025
61.091
60.865
60.947
61.073
60.931
61.185
61.137
60.998
60.89
60.782
53.563
46.344
45.117
43.533
43.738
43.942
60.989
60.923
61.152
60.923
60.986
52.517
52.654
51.906
51.158
53.448
52.955
52.363
51.77
53.222
54.674
55.586
54.079
53.296
54.114
53.903
54.096
53.952
53.959
54.161
54.363
55.333
54.089
52.845
54.431
55.911
56.641
44.675
44.537
56.622
54.732
43.382
44.449
44.77
44.185
56.685
55.505
56.566
55.153
49.467
52.545
55.624
55.631
56.184
55.581
57.05
54.914
55.5
43.69
44.34
49.778
55.216
54.219
44.775
44.114
48.778
49.368
49.959
51.453
