61.395
57.883
58.06
58.104
58.377
58.761
58.591
58.609
58.437
49.103
48.933
48.986
49.014
49.037
48.972
49.133
48.997
49.075
48.938
49.122
48.938
49.16
49.014
49.078
48.85
49.212
49.145
48.716
49.133
49.095
49.004
49.025
49.007
49.19
49.106
49.111
49.194
48.792
48.669
48.882
48.619
49.027
48.305
50.107
48.582
47.057
48.147
49.237
49.821
48.943
48.347
48.034
48.248
47.18
47.713
48.247
48.326
49.069
49.708
49.353
49.104
49.372
49.558
49.473
50.057
51.203
47.967
48.745
49.436
50.515
48.655
48.922
49.008
48.759
48.876
48.471
49.425
49.769
51.96
54.15
53.708
61.522
61.495
54.679
54.672
51.785
48.897
49.098
48.835
48.925
49.49
47.874
49.447
49.044
45.29
45.676
57.234
57.488
57.819
58.083
58.277
58.535
58.588
58.318
58.049
57.307
56.565
49.89
52.407
54.925
54.371
53.817
46.487
44.163
43.764
44.443
54.517
52.821
52.906
53.435
54.501
53.845
54.482
54.602
53.467
54.111
54.755
53.677
53.895
54.291
54.052
53.919
54.031
54.562
54.777
55.189
55.14
55.213
55.505
55.589
55.891
56.227
56.063
56.172
55.756
54.934
53.285
54.516
54.984
54.552
54.041
53.701
53.432
53.853
54.827
54.558
54.327
54.003
54.024
53.793
54.03
54.439
54.324
53.948
53.977
71.036
71.001
71.041
71.046
53.678
53.721
54.028
54.133
54.27
54.237
54.118
54.463
54.281
53.934
53.796
71.029
71.015
71.075
71.006
71.005
71.008
71.012
53.852
53.625
53.94
71.04
71.132
71.115
71.098
53.361
53.729
53.734
53.67
52.367
52.909
51.619
50.5
48.244
45.988
46.247
47.182
48.401
48.606
48.682
49.612
50.096
50.086
50.106
49.355
49.534
49.282
49.663
50.286
49.896
49.965
49.831
50.453
50.62
51.287
49.897
51.741
50.799
50.456
50.161
50.494
66.059
66.039
66.097
52.086
52.904
53.374
53.256
53.262
53.112
53.551
53.791
53.698
53.639
53.597
54.009
54.292
54.139
54.212
54.434
54.227
54.044
54.154
54.236
54.072
54.11
54.015
53.921
53.875
54.111
54.07
53.904
54.007
53.938
53.833
53.99
54.21
54.054
54.156
53.947
53.5
53.498
53.819
55.11
54.02
54.051
54.157
54.167
54.032
54.205
54.073
54.008
53.928
54.044
54.025
54.069
53.722
60.933
61.016
53.96
54.005
61.089
60.732
60.23
60.921
61.216
61.159
61.043
60.762
60.673
61.217
53.113
53.017
53.163
53.31
80.097
80.15
80.089
80.145
58.38
58.937
59.38
60.95
61.305
61.303
60.977
60.827
60.695
61.003
61.164
61.243
