54.382
46.869
47.97
73.097
72.938
73.065
72.764
49.319
48.637
47.316
47.513
47.711
47.545
47.301
47.058
47.392
47.726
47.445
47.164
49.648
52.131
53.289
47.587
46.846
53.106
64.932
65.077
65.03
64.925
65.175
60.462
55.748
44.159
44.822
45.323
45.825
48.216
45.701
43.187
44.137
50.752
50.155
46.956
45.588
46.485
53.29
52.79
52.448
52.531
52.279
52.165
52.396
47.368
47.921
48.73
49.005
53.22
52.222
53.956
53.676
54.113
53.724
53.897
52.82
53.916
53.791
50.518
52.07
54.566
52.73
54.53
52.892
53.632
50.927
50.723
50.892
51.066
51.268
50.702
49.139
57.724
62.218
64.043
52.387
52.732
53.567
52.833
54.049
53.15
53.993
53.088
54.105
53.619
53.697
53.431
53.247
53.488
53.188
53.427
52.707
53.084
52.987
52.253
51.52
50.343
50.838
50.984
51.059
50.754
50.684
51.278
51.002
50.673
61.094
60.995
60.955
61.019
61.005
50.806
51.21
50.747
50.943
51.026
51.101
50.199
50.032
51.273
51.269
50.569
48.674
62.157
64.037
52.522
53.33
53.963
54.76
54.226
54.69
55.045
55.211
55.006
55.823
56.523
56.492
56.667
56.878
56.972
56.978
56.003
53.671
51.339
50.789
50.886
51.729
56.799
57.325
57.22
56.95
57.14
56.789
57.02
57.867
57.464
57.725
58.038
57.315
57.074
56.255
55.143
54.34
53.847
53.402
53.187
55.055
60.319
60.454
60.02
59.586
56.411
53.235
53.079
53.108
53.188
53.019
53.299
53.438
53.362
53.879
53.387
53.438
53.82
53.666
53.312
53.422
53.201
63.021
63.011
63.019
63.013
63.015
63.051
62.907
63.002
63.016
62.861
63.095
47.855
47.671
48.091
47.937
47.958
47.779
48.197
47.64
47.961
48.92
47.643
47.456
56.918
58.399
47.924
49.328
51.845
53.583
54.461
55.115
55.645
55.952
56.43
56.274
56.71
57.859
57.808
57.6
58.52
58.494
58.581
57.938
58.07
57.663
57.829
57.828
57.067
57.324
58.785
59.716
71.578
70.986
70.293
58.322
58.58
59.01
71.115
71.591
71.952
71.911
71.961
72.131
72.159
72.031
72.213
72.14
72.056
72.221
72.191
72.063
72.139
72.314
72.437
72.405
72.314
72.202
72.29
72.295
72.139
72.275
72.431
72.072
71.958
72.174
72.177
72.337
72.398
72.455
60.233
60.093
60.325
60.367
60.21
58.237
56.046
55.962
59.598
60.055
72.16
72.084
71.807
71.807
59.602
58.835
53.034
53.535
52.51
53.078
53.26
52.903
51.918
53.519
60.153
60.21
60.184
60.13
60.123
60.367
60.168
60.09
59.98
60.256
60.469
60.266
60.373
60.714
60.402
59.151
58.021
57.033
56.64
56.438
56.719
57.478
57.893
58.365
58.402
58.407
58.422
58.368
58.478
58.503
58.722
58.588
58.039
55.891
53.639
44.461
45.257
46.498
56.84
55.817
56.448
56.73
57.011
45.868
46.024
57.248
57.49
46.134
45.851
46.142
58.384
58.604
45.741
46.129
46.174
45.619
46.274
57.759
58.004
57.885
57.973
58.062
58.138
57.964
58.052
58.093
58.135
46.308
45.817
46.38
57.741
57.73
58.563
57.715
58.214
58.121
58.127
58.132
46.157
45.877
46.133
45.69
45.986
46.025
46.067
46.108
45.368
46.327
46.035
45.822
46.145
61.016
60.237
45.817
45.782
45.847
45.913
45.806
46.135
46.223
46.312
45.758
60.4
60.672
45.848
45.865
60.804
60.662
45.415
46.49
46.415
46.339
45.827
45.236
44.646
52.634
60.623
68
68.036
68.012
59.73
51.448
55.821
60.195
60.659
60.828
60.997
60.668
60.368
60.162
59.956
45.707
45.342
46.221
46.124
45.825
46.218
45.592
45.558
45.523
46.36
45.624
46.328
45.23
45.682
46.107
45.981
46.073
45.751
45.732
45.734
46.153
45.719
45.963
45.994
45.907
45.713
45.369
46.104
45.825
46.082
