83.913
83.903
53.349
51.004
64.06
77.116
77.003
56.821
56.684
57.458
58.737
59.754
60.771
61.093
61.695
61.657
63.305
64.953
65.122
64.983
51.058
51.377
51.573
51.923
52.207
52.112
52.634
52.715
52.844
52.575
52.606
52.341
52.285
52.124
51.963
51.766
51.46
51.906
52.005
51.539
58.01
58.011
52.53
52.841
52.984
52.663
52.424
52.359
52.412
52.477
52.015
51.734
76.992
77.074
69.55
62.026
52.619
52.613
52.006
52.029
52.04
51.969
52.387
79.018
79.029
78.991
78.969
78.937
57.07
55.784
67.974
67.5
67.042
66.742
66.537
66.471
66.181
66.31
54.766
55.485
55.276
55.587
55.533
64.943
64.966
65
64.954
81.019
80.977
80.973
80.972
80.928
81.049
55.284
55.995
54.395
56.009
69.227
69.472
69.854
57.979
59.008
58.548
58.285
58.828
58.135
58.154
57.617
57.522
56.939
70.455
67.239
64.023
63.983
59.073
60.114
60.186
72.427
72.382
60.488
60.269
60.012
59.966
60.227
60.362
60.182
60.208
60.581
60.846
61.026
60.842
60.67
60.473
60.219
59.6
59.595
59.863
60.311
45.685
44.793
43.554
60.281
60.385
59.942
61.285
61.82
61.894
62.14
62.017
61.999
60.989
61.23
61.474
61.69
61.699
61.617
61.465
60.989
60.286
52.514
53.365
54.216
51.795
53.521
55.247
54.497
54.198
55.042
55.487
55.934
56.336
56.892
56.719
56.505
57.533
57.212
57.179
57.145
74.013
73.907
74.024
74.061
64.984
65.973
66.962
72.997
64.044
55.091
55.039
54.911
55.042
54.084
51.985
49.887
51.425
64.83
65.668
66.099
66.53
55.875
54.472
54.56
54.419
55.541
54.769
55.077
54.795
54.462
54.446
54.345
55.623
55.174
54.267
54.135
54.004
55.25
55.441
54.946
54.632
54.318
54.19
54.062
52.665
77.002
76.986
76.934
76.926
54.477
54.121
52.416
51.761
51.821
50.522
51.108
51.693
49.353
47.918
47.568
48.031
47.421
47.528
48.148
48.769
49.515
50.237
50.12
50.899
50.212
50.785
50.426
50.53
50.635
49.629
60.324
59.604
46.874
48.767
47.863
46.96
48.3
55.665
56.723
57.318
58.184
58.421
59.415
47.97
48.175
47.972
47.867
47.911
47.873
49.358
52.526
65.092
65.234
56.672
48.109
49.934
49.16
64.926
64.985
65.233
52.306
52.833
52.881
52.609
52.176
51.335
50.821
51.656
50.777
51.985
52.784
53.058
53.466
53.649
54.228
54.342
54.049
53.908
53.681
53.413
53.335
53.237
53.119
52.927
52.911
53.128
53.217
53.2
53.375
53.254
53.157
53.185
53.254
54.341
77.02
76.991
77.185
77.101
77.111
51.78
52.468
52.948
53.427
47.465
46.758
77.074
77.11
77.107
76.946
76.905
47.994
47.539
76.979
76.962
77.02
48.013
47.826
47.835
47.941
48.234
47.878
48.033
48.009
48.23
47.977
47.768
47.688
47.877
48.751
48.676
77.085
77.064
76.914
76.885
76.921
77.016
77.04
77.027
77.182
81.094
