58.976
59.129
59.081
47.743
47.973
47.941
47.379
46.639
46.742
46.335
46.446
46.557
45.937
47.004
63.156
63.161
63.128
62.619
54.088
55.06
56.033
55.248
54.791
54.479
51.432
53.101
53.051
51.176
53.864
54.573
56.051
56.214
56.265
56.025
55.632
55.576
55.852
56.03
56.071
55.95
56.186
55.154
55.564
55.654
55.616
53.862
55.409
54.686
53.963
58.504
58.802
70.596
70.487
58.145
58.095
83.187
83.176
58.619
59.079
58.827
83.155
83.125
83.161
83.161
83.164
83.18
83.133
83.181
59.25
58.983
58.575
58.549
58.194
57.787
57.81
57.852
57.936
58.282
58.395
58.524
58.504
58.411
58.618
58.728
58.704
58.699
58.448
58.551
58.472
58.563
58.816
58.716
58.273
61.211
53.09
44.969
45.86
55.041
64.222
64.164
65.719
67.273
75.181
83.089
83.124
83.141
54.211
54.547
54.717
54.932
54.982
54.995
55.008
67.178
67.15
67.311
67.267
67.134
67.322
67.311
56.113
55.874
55.839
55.578
56.089
56.783
56.003
83.106
83.127
77.093
71.06
71.035
51.841
53.373
53.098
52.824
52.865
52.594
52.323
53.59
51.286
51.929
53.636
53.071
55.631
55.819
53.82
55.8
53.149
53.8
54.268
53.741
54.684
54.732
53.119
54.777
55.373
56.528
55.509
55.88
55.636
54.516
53.227
52.884
52.766
54.217
53.298
52.947
73.148
73.569
54.783
54.189
53.997
54.02
53.822
53.807
53.724
53.811
54.159
53.859
53.56
53.814
71.009
71.051
54.243
54.055
54.11
54.165
54.264
54.435
54.375
54.238
54.392
54.279
54.148
53.365
53.644
53.848
54.638
54.179
55.105
54.689
54.038
54.328
54.304
54.255
54.473
54.578
54.162
54.652
53.708
53.962
53.935
53.907
54.036
54.26
54.433
71.048
71.027
71.034
71.041
71.169
53.985
54.119
54.245
52.769
83.13
83.079
77.046
71.013
71.048
70.985
70.988
70.991
71.055
77.088
74.029
70.969
70.996
71.023
59.13
59.773
52.815
52.874
53.17
53.466
59.994
65.815
66.04
66.091
66.141
66.035
65.99
66.087
66.058
66.029
66.05
66.076
65.967
66.052
54.176
54.333
54.316
54.429
54.299
54.904
54.073
53.997
53.935
54.809
53.483
53.706
66.081
66.036
66.104
66.056
66.007
66.137
66.085
66.1
66.077
66.07
66.054
66.084
66.053
66.004
66.111
65.974
66.11
58.064
58.335
58.179
57.995
57.936
57.912
57.993
58.104
58.278
58.435
58.606
58.248
58.071
61.231
61.369
61.408
61.344
