39.269
38.239
76.056
75.981
75.968
75.958
59.757
60.999
61.825
62.53
62.918
63.306
63.58
51.432
45.521
44.811
44.763
44.64
44.071
51.535
58.998
60.269
60.17
72.059
71.82
45.038
44.91
44.986
71.465
71.726
72.074
72.207
72.342
72.442
73.048
73.396
73.513
73.695
73.597
56.86
56.906
56.921
56.948
56.962
56.961
56.903
56.966
57.012
56.956
56.952
56.92
56.925
56.971
56.957
56.969
56.96
56.989
56.997
56.993
57.024
56.959
56.949
56.887
56.95
44.118
44.252
43.808
44.069
43.904
43.897
43.876
43.914
43.763
43.839
43.816
43.923
43.95
43.97
43.986
43.962
43.976
43.844
43.927
43.883
43.855
43.919
43.911
43.958
43.913
43.918
43.911
43.944
43.882
43.936
43.973
43.928
43.951
43.791
44.002
43.919
43.93
43.844
43.92
43.944
43.828
43.91
43.937
43.892
43.925
43.825
43.965
72.975
72.959
72.714
70.825
68.937
69.058
72.227
72.643
60.949
61.104
61.02
60.909
60.817
60.798
60.654
60.49
59.834
58.869
80.905
80.925
80.91
80.901
75.29
69.678
69.666
69.467
69.228
56.331
62.66
68.989
80.923
80.892
80.918
80.919
80.901
80.933
80.95
54.641
54.999
55.721
55.579
56.1
56.069
80.917
80.905
80.91
80.899
74.734
68.57
68.564
68.572
68.71
68.819
68.87
53.906
54.311
80.926
80.907
80.92
80.9
54.292
54.68
54.986
55.893
56.36
56.253
56.966
57.13
56.085
54.65
77.989
77.975
70.404
62.834
52.039
52.164
52.646
52.741
51.747
51.787
50.766
78.096
78.014
77.968
77.966
52.354
52.65
52.34
52.399
52.768
52.738
52.566
52.016
51.466
51.116
50.251
49.386
48.407
52.758
52.708
52.658
52.795
52.957
53.127
53.299
65.731
65.796
78.014
77.981
77.974
78.008
77.987
77.988
51.408
51.619
54.206
66.269
78.025
78.007
77.977
77.992
78.005
78.023
77.988
78.008
77.985
77.978
78.008
78.022
77.992
78.006
77.984
77.995
77.981
78.026
77.994
77.986
77.982
77.973
77.992
78.037
78.011
77.992
78
77.996
78.003
78.026
77.998
77.946
77.9
77.93
77.959
77.99
77.99
78.034
77.972
78.073
78.09
78
77.979
77.982
77.989
77.995
77.995
78.006
77.988
78.003
78.01
78.01
77.995
77.998
66.048
63.291
68.355
73.419
73.067
72.247
78.878
78.849
78.512
78.756
60.339
60.906
72.738
72.88
73.041
73.167
73.24
61.182
61.319
73.276
73.223
73.154
72.851
72.649
77.78
82.91
82.931
82.928
82.89
82.957
82.953
83.024
82.958
83.028
82.956
82.991
83.025
83.027
83.029
82.995
82.975
83.001
82.962
70.751
70.604
70.773
70.85
70.758
70.857
71.03
71.084
71.079
70.77
57.859
55.304
54.736
48.563
49.346
48.336
47.768
47.457
53.594
54.781
55.546
56.237
56.28
56.158
54.827
54.087
53.906
48.546
48.611
49.234
54.821
54.898
54.818
66.559
66.728
55.169
55.273
54.736
49.662
48.276
49.051
48.952
49.247
50.297
54.427
53.885
79.905
79.9
79.899
79.913
79.924
79.946
79.983
66.114
52.245
52.331
54.445
54.961
54.976
54.846
54.696
54.827
52.956
51.086
52.657
54.228
63.677
63.585
51.501
51.685
52.238
51.106
76.011
75.974
49.981
49.859
61.526
60.847
60.888
60.941
49.198
50.563
50.728
51.21
51.607
51.655
51.92
51.564
51.684
50.732
49.84
49.414
61.561
61.834
50.195
50.506
51.443
51.443
51.803
51.699
75.962
76.029
75.994
76.006
75.974
75.997
75.979
75.983
75.988
49.696
50.344
50.664
50.997
51.498
51.369
76.004
76.01
75.973
75.99
76.005
76.007
76.01
76.025
75.997
75.993
75.972
76.005
76.034
75.99
75.98
75.99
76.009
75.997
76.013
58.804
58.996
58.988
59.008
58.971
58.856
59.056
58.944
58.973
58.996
58.955
58.891
64.107
