46.045
45.865
46.073
45.763
45.935
46.122
46.308
46.493
47.247
48.001
49.074
61.652
62.199
51.387
51.695
64.023
63.403
51.58
51.806
52.467
53.108
54.01
55.024
57.189
58.075
60.879
61.244
73.514
73.486
73.333
73.32
73.488
73.401
73.256
73.339
73.708
73.412
73.562
73.441
73.294
72.852
60.226
66.672
73.119
73.215
73.122
73.068
72.685
72.435
46.095
45.94
45.852
43.994
73.367
72.599
79.278
79.146
75.541
71.936
71.855
71.921
71.96
72.131
60.667
59.932
60.273
60.336
60.102
60.025
60.186
60.212
60.2
60.091
59.769
56.318
65.546
62.201
58.856
58.121
57.913
57.8
57.963
57.998
58.219
58.213
58.252
58.468
58.624
58.713
58.622
58.673
58.894
58.388
58.259
58.283
58.251
58.186
58.236
58.142
58.195
58.426
58.575
58.425
58.285
58.345
58.573
58.38
58.107
57.941
58.053
58.178
58.441
58.355
58.173
58.187
58.204
58.054
57.913
57.741
57.569
57.982
57.853
57.755
57.846
59.253
60.66
60.532
60.754
60.975
61.335
61.695
55.276
48.856
50.821
43.681
44.56
44.016
44.198
43.966
44.043
43.765
43.54
43.209
42.95
49.5
56.051
56.415
56.679
56.656
68.991
69.461
69.167
69.526
69.841
69.909
57.633
57.18
56.322
55.941
56.027
55.177
54.329
54.525
66.204
66.283
66.963
67.262
67.562
67.796
67.959
68.049
68.063
67.997
67.989
67.977
68.001
56.217
56.579
44.066
44.164
59.112
71.688
72.081
72.181
60.146
60.179
61.484
62.789
61.626
60.463
59.896
61.014
60.885
60.198
72.158
72.137
72.191
71.776
71.556
71.716
71.665
71.695
71.725
71.824
71.84
72.021
72.034
72.047
59.576
59.863
58.418
57.246
57.741
58.235
53.813
49.391
49.862
51.49
50.741
50.173
51.025
51.017
50.996
50.456
50.904
51.517
51.427
51.713
51.212
51.823
51.878
52.203
52.503
52.268
52.379
52.263
52.226
52.515
52.805
52.673
52.666
52.565
52.344
52.244
52.234
52.514
52.566
52.772
64.89
64.957
64.871
52.773
52.774
45.979
45.93
45.756
45.716
45.637
45.479
45.875
45.751
46.127
46.024
47.034
48.045
49.951
49.761
64.648
65.147
65.064
65.029
64.758
57.656
44.82
46.064
45.927
45.571
45.907
45.966
45.931
45.968
45.934
45.647
45.734
45.93
45.929
45.977
45.911
45.652
45.744
45.944
46.029
45.946
45.556
45.925
58.246
64.982
65.065
64.855
67.434
57.647
54.374
51.1
51.757
52.697
53.637
54.302
54.364
55.639
55.241
55.52
55.38
55.102
55.343
55.584
56.016
55.919
56.294
55.744
54.257
48.536
49.379
48.652
54.779
53.846
52.68
52.125
51.57
52.498
52.96
61.354
61.449
65.272
69.095
69.172
69.818
57.577
57.9
57.631
57.728
57.809
57.816
57.818
58.132
58.133
57.949
57.978
57.911
57.853
57.546
56.954
55.874
52.648
51.32
49.173
49.658
48.888
49.078
49.024
55.756
52.829
57.415
53.461
61.194
68.928
68.821
68.878
68.935
49.937
49.359
49.556
50.099
50.193
50.48
50.647
50.613
51.068
51.522
69.5
69.578
49.99
49.813
49.959
50.412
50.866
49.199
49.563
50.158
50.498
50.33
50.15
50.313
50.539
51.244
50.601
50.607
60.616
60.901
61.297
61.11
73.032
73.003
72.982
45.707
44.76
53.879
49.268
59.623
69.978
70.03
61.678
59.709
57.74
44.4
43.807
44.214
43.37
44.15
43.493
43.508
43.111
43.531
43.372
43.282
43.025
43.985
62.832
63.069
63.259
63.72
63.857
52.572
52.626
52.438
53.144
53.653
52.96
53.526
52.39
48.916
45.442
47.054
45.741
45.2
44.658
54.276
52.638
60.702
60.771
60.527
55.285
50.043
49.395
49.639
49.883
44.192
45.395
44.763
44.132
43.68
43.584
44.693
45.545
46.396
46.154
45.912
48.523
46.738
47.625
51.6
48.3
52.701
49.347
45.994
51.115
56.235
56.371
56.839
57.306
46.266
46.753
45.774
44.927
46.816
46.534
46.629
46.725
46.536
46.542
46.206
46.05
46.211
45.789
46.083
45.624
65.25
65.119
65.076
46.091
46.112
46.333
46.204
46.178
46.105
46.183
45.836
58.076
58.36
43.251
45.021
58.024
58.033
57.991
57.789
58.205
58.848
54.153
53.116
45.537
46.192
45.942
46.381
45.98
45.6
45.875
45.891
46.001
46.193
46.006
46.143
45.811
45.704
45.748
46.162
46.117
45.407
45.947
46.141
46.028
45.559
57.978
58.102
57.97
57.838
58.111
58.031
58.161
58.003
58.019
57.552
51.875
46.197
45.938
45.652
45.856
45.901
46.079
45.763
45.664
45.86
45.744
46.151
46.018
46.229
45.857
45.985
