71.057
64.221
64.048
59.98
62.062
53.846
53.451
53.057
66.107
65.878
66.059
66.208
66.166
66.118
65.997
44.221
44.305
44.426
44.391
44.333
44.26
44.155
44.222
43.797
52.28
52.065
52.073
52.078
52.1
51.983
51.954
45.3
46.091
46.276
46.727
47.281
48.388
47.479
46.781
47.566
48.745
47.263
47.56
47.767
48.027
47.097
47.275
47.842
47.543
46.974
46.974
47.337
48.011
47.471
46.94
46.873
48.008
47.109
47.406
47.246
47.753
47.244
47.09
46.789
64.336
64.268
64.164
64.118
64.134
64.22
66.202
68.184
68.096
68.104
68.062
68.125
68.025
68.096
68.087
68.067
68.17
68.107
68.078
68.041
68.037
66.243
66.069
66.089
65.994
66.079
66.103
66.076
65.935
66.061
66.133
66.024
66.068
65.998
66.107
66.094
66.175
65.656
65.136
83.195
83.192
83.191
83.166
83.186
83.168
83.198
83.177
83.192
83.182
83.163
83.197
83.177
58.997
59.097
71.015
71.051
70.986
71.004
71.056
71.008
71.042
71.021
71.041
71.014
71.095
70.905
70.869
70.833
70.842
70.85
52.074
51.865
51.435
51.671
52.003
51.683
51.598
51.513
52.02
52.527
54.033
53.029
52.557
52.346
52.577
52.331
52.269
52.447
52.665
53.048
53.622
53.813
53.959
54.114
54.338
54.614
54.876
54.908
55.127
55.11
54.487
54.285
54.485
54.147
53.371
55.206
65.934
66.104
54.886
54.123
54.932
52.799
52.683
53.078
53.178
53.364
53.305
53.364
53.559
53.515
53.325
52.671
52.194
48.042
48.857
55.111
53.507
53.979
54.469
53.86
52.744
53.348
53.202
52.914
53.114
53.181
52.955
52.857
53.137
53.177
53.081
53.122
53.325
53.331
53.343
53.231
52.895
52.691
52.688
53.01
53.305
54.047
54.814
55.393
55.812
56.031
56.313
56.399
56.452
56.841
56.832
56.935
56.363
56.297
55.345
66.033
66.148
66.082
66.142
66.148
66.155
66.08
66.007
50.623
50.547
50.258
50.326
50.428
50.227
51.477
58.747
54.016
49.285
48.657
48.481
66.072
66.02
66.148
66.035
46.149
46.454
45.521
45.729
45.938
45.458
45.576
45.694
45.615
46.151
44.742
46.163
66.062
66.015
66.075
65.992
47.365
47.926
47.71
48.401
48.009
47.729
47.759
47.789
47.087
52.974
58.862
57.759
58.364
58.962
46.983
48.293
50.154
49.577
50.345
53.488
53.407
54.19
53.621
54.003
54.434
53.956
53.958
54.057
54.287
53.166
52.045
50.267
50.146
51.438
51.236
49.35
51.165
50.39
50.258
49.702
61.232
60.708
60.366
60.529
61.039
61.206
53.906
53.234
52.998
52.815
52.463
52.62
52.911
52.704
52.79
52.871
52.765
52.773
53.017
53.112
53.037
53.317
53.394
53.542
53.59
53.369
53.423
53.235
52.994
52.561
59.33
66.098
66.143
66.094
65.986
66.044
66.102
46.859
46.015
45.927
45.949
45.948
45.873
47.262
46.062
45.53
46.955
45.92
46.352
46.693
60.719
60.872
61.137
61.168
61.167
61.108
60.815
60.924
61.052
61.211
61.218
61.057
60.924
60.951
60.978
61.136
61.201
61.155
61.017
60.93
60.892
61.618
45.651
47.173
47.291
45.549
43.806
57.848
57.666
44.924
45.25
45.298
45.346
45.699
46.051
45.743
46.83
47.095
47.561
47.889
51.98
51.623
52.074
52.015
50.705
52.805
50.94
51.89
52.316
51.151
51.156
51.897
52.32
52.094
57.508
57.697
45.282
45.992
46.369
46.746
48.168
46.594
46.664
46.48
46.755
47.37
47.501
71.002
71.047
71.039
71.053
71.032
71.01
71.107
71.03
71.07
71.021
71.039
64.17
64.029
64.173
64.139
64.079
64.173
64.097
64.101
64.548
66.097
66.158
65.846
65.697
66.146
66.298
66.221
65.568
65.444
66.11
66.306
66.251
65.965
65.861
66.07
66.259
66.117
65.926
65.956
66.186
66.185
65.98
65.704
66.157
66.257
65.969
65.482
65.797
66.257
59.205
62.27
65.335
66.089
66.285
66.222
65.616
65.495
49.27
49.192
49.702
49.75
50.012
50.395
50.215
50.854
50.574
50.998
49.341
50.39
49.167
49.144
49.225
49.306
48.989
48.357
48.942
48.403
48.39
63.914
64.499
64.928
47.652
48.637
48.23
47.967
48.147
48.496
48.575
48.459
48.477
48.442
48.522
48.334
47.822
46.969
46.003
44.85
52.543
52.028
52.068
50.898
46.567
46.432
46.63
46.268
47.399
47.071
46.48
46.629
48.38
47.127
47.417
53.133
52.792
46.112
47.674
46.36
47.19
46.895
46.422
46.391
46.112
46.531
47.465
47.621
47.119
46.504
52.479
64.176
64.257
64.137
64.124
64.05
64.131
64.061
64.18
64.129
64.087
64.098
64.111
64.194
64.07
64.298
64.582
66.253
66.286
65.708
65.172
65.97
76.094
76.147
65.756
65.785
62.393
59.001
