64.251
64.191
64.495
66.224
66.12
65.767
65.662
63.931
63.991
64.237
64.055
64.015
64.182
64.143
64.157
64.125
64.101
64.125
64.143
64.139
64.165
64.152
68.115
68.084
68.096
68.076
68.104
68.05
68.058
67.965
68.101
68.096
64.128
64.142
64.218
64.08
64.116
64.123
64.139
64.147
64.184
64.121
64.095
64.072
64.095
64.206
64.107
63.959
47.197
47.525
47.384
47.43
47.622
47.556
47.967
48.491
48.726
49.391
50.324
51.083
51.396
51.343
51.498
51.504
51.894
51.808
52.208
51.959
51.964
51.788
51.75
50.995
52.036
50.378
49.539
48.646
49.882
50.22
52.022
50.282
50.146
52.063
51.536
51.008
50.201
50.374
50.547
50.293
56.136
56.231
56.174
56.031
56.241
56.238
51.097
51.281
51.763
51.515
51.625
50.615
51.56
83.185
83.2
83.173
83.203
83.166
50.686
50.702
51.26
51.337
51.855
51.206
52.919
53.375
71.083
71.017
71.054
71.037
71.052
71.053
71.042
71.034
71.054
71
71.058
71.077
70.99
71.004
71.056
71.036
71.024
71.063
71.058
71.047
71.029
71.027
71.037
71.074
71.025
71.012
54.098
53.774
53.125
52.165
53.109
53.161
52.846
53.04
53.234
52.747
53.183
53.619
83.066
83.094
53.539
53.366
53.913
53.909
53.784
53.785
53.501
55.916
55.338
55.984
56.63
68.083
68.068
68.083
56.073
56.86
56.268
58.991
57.615
58.818
60.021
48.845
50.209
50.225
50.433
50.829
50.599
50.541
50.368
50.889
50.808
50.971
51.371
50.721
51.377
50.832
51.307
51.783
51.006
51.199
51.391
51.945
51.616
52.053
53.347
52.177
52.658
53.481
52.902
53.954
52.243
53.751
52.469
51.019
51.404
52.395
53.595
52
51.206
51.767
50.461
50.248
50.967
50.251
49.996
49.694
49.391
49.378
49.365
49.304
49.243
50.03
49.234
48.439
46.708
44.731
44.014
44.31
44.939
45.569
47.001
46.947
46.453
47.446
46.651
46.61
46.569
82.232
82.276
82.247
82.218
82.227
70.705
59.183
47.587
47.21
46.985
63.276
63.193
63.214
63.162
63.149
63.12
63.177
63.205
63.211
63.155
63.122
63.135
63.203
82.213
82.197
82.192
82.204
82.223
82.191
70.566
58.94
59.097
59.07
59.112
59.119
59.093
59.068
63.113
63.238
63.152
63.056
63.261
63.165
63.138
63.334
63.157
63.121
59.035
59.045
59.049
59.054
58.988
59.201
59.021
59.003
52.087
52.445
52.87
53.279
53.357
53.398
53.724
53.818
53.806
53.73
53.823
53.873
53.982
54.021
54.252
54.719
55.221
55.641
55.845
56.076
56.183
55.422
55.326
55.558
54.482
54.364
53.272
53.288
52.115
51.809
52.43
52.94
53.036
53.074
53.63
53.825
53.243
53.481
53.112
51.795
50.669
47.717
49.441
51.166
52.868
52.581
52.728
53.172
53.296
52.481
52.503
52.81
53.117
53.181
53.831
53.165
53.315
53.105
51.916
51.707
51.644
51.389
50.991
50.881
50.952
50.683
50.646
51.11
51.09
50.91
51.067
71.029
71.051
71.067
71.027
71.029
71.038
52.796
53.484
53.351
53.248
53.189
53.282
53.141
53.26
53.292
52.839
51.258
71.006
70.993
71.047
71.013
65.959
65.634
53.107
53.316
53.593
54.155
54.127
53.982
53.813
53.733
53.678
52.659
52.621
83.121
83.087
83.067
83.108
54.001
54.664
55.442
67.558
67.147
54.486
54.817
54.647
54.117
52.585
50.481
45.095
46.151
46.14
44.517
44.727
44.936
45.61
45.918
46.41
46.791
46.451
47.112
47.688
47.541
46.684
46.373
46.336
46.849
47.295
47.369
47.035
47.129
47.82
46.893
45.966
45.187
44.408
43.872
43.662
44.623
43.602
44.826
45.059
43.993
43.865
44.747
44.055
44.089
44.885
43.686
44.557
44.121
43.685
44.74
44.695
44.65
44.553
43.898
44.352
44.077
44.509
44.477
43.93
44.773
43.854
43.966
53.313
71.058
71.08
71.031
71.039
71.044
71.069
71.007
71.041
71.088
