49.133
49.214
49.107
49.165
48.844
48.743
48.664
48.849
48.941
49.147
49.131
49.379
49.46
49.337
49.038
48.996
48.616
48.452
48.433
48.816
48.721
57.127
57.821
57.274
46.443
45.375
55.64
55.813
56.031
56.996
58.045
58.855
59.68
59.906
56.134
52.363
47.041
47.752
51.38
50.116
51.436
51.872
51.92
52.377
51.138
51.401
51.664
51.298
50.928
51.31
49.328
48.812
48.297
53.276
53.377
53.027
52.785
53.281
52.636
53.78
53.234
54.254
53.801
54.295
54.587
54.226
54.313
54.847
54.644
53.656
54.157
51.597
51.103
51.015
51.747
53.7
53.249
53.633
53.31
53.592
53.413
53.909
53.475
53.959
53.56
53.882
53.547
53.791
53.446
53.85
54.595
53.48
54.152
54.589
53
52.384
51.768
60.988
61.276
61.214
61.151
61.104
61.066
60.929
61.214
61.034
61.127
60.94
60.671
60.896
60.8
61.098
61.264
50.798
51.219
49.525
51.5
49.604
50.952
51.911
52.652
53.787
53.637
54.245
55.146
55.032
54.585
54.128
52.798
53.451
55.764
68.887
68.805
56.943
57.215
56.844
55.98
49.565
43.151
44.205
43.857
44.109
43.81
57.937
57.7
43.875
43.96
43.961
43.897
43.833
57.706
58.173
57.345
56.937
43.536
44.404
55.061
54.71
52.298
50.763
45.488
43.179
44.363
43.581
44.138
43.974
44.196
53.922
53.664
53.637
53.513
53.546
53.578
53.513
53.448
53.375
53.125
53.836
53.312
53.927
53.801
53.815
54.093
44.143
43.862
43.899
43.922
44.056
43.808
43.919
43.987
43.736
44.231
43.633
44.321
43.685
43.967
44.019
43.687
44.277
43.491
44.366
43.64
44.04
43.845
43.854
44.285
43.598
44.67
63.551
64.642
65.381
65.905
54.623
43.36
44.024
43.759
44.279
43.305
57.809
56.971
57.117
57.422
57.292
57.093
56.649
56.185
55.508
53.881
53.519
52.133
52.923
52.891
58.813
71.563
71.255
70.73
58.75
58.843
58.96
59.437
59.66
60.051
72.239
72.3
72.219
72.211
72.351
60.219
60.092
60.006
59.894
59.988
59.978
59.901
59.97
60.029
60.22
60.175
60.17
60.087
60.084
60.095
60.007
60.007
59.901
60.037
59.982
59.782
59.747
59.865
59.59
59.541
59.447
59.086
58.3
59.416
60.392
72.46
72.311
72.283
60.287
59.651
58.163
53.684
52.659
51.859
63.079
63.145
61.294
59.443
60.689
60.921
61.085
72.87
72.837
72.834
61.123
60.741
60.638
61.185
61.016
61.095
61.088
61.253
61.225
61.197
60.952
60.004
59.233
58.6
58.285
57.99
58.202
58.285
58.405
58.305
58.208
58.246
58.124
58.231
58.111
45.571
45.922
45.853
46.042
44.639
57.334
55.925
55.859
57.045
51.602
46.158
45.874
45.873
46.062
45.797
46.047
45.862
46.031
46.012
45.943
45.914
46.23
45.881
45.807
45.984
46.015
46.084
45.856
46.066
45.928
46.154
45.841
45.947
45.737
45.773
45.81
45.993
45.96
45.941
45.923
46.038
45.846
45.999
46.038
45.856
46.124
45.857
46.02
45.978
45.98
46.045
45.737
46.13
45.72
46.031
45.883
45.918
46.165
45.935
45.888
46.055
46.084
45.853
46.07
45.762
46.218
45.508
46.351
45.743
46.022
45.825
45.968
45.972
45.694
46.25
45.728
46.183
45.625
46.424
45.71
46.046
45.923
45.779
46.124
45.693
46.169
45.879
46.026
45.989
45.967
45.934
45.992
46.032
45.898
46.141
45.759
45.965
46.158
45.881
45.991
45.873
46.149
45.906
46.032
45.76
46.064
46.119
45.834
46.024
45.906
45.868
46.038
45.981
46.021
45.79
46.09
45.959
46.081
45.843
46.058
45.945
45.889
46.062
45.745
46.17
45.582
46.495
45.558
