53.147
53.073
52.932
52.719
53.302
52.969
53.08
53.129
52.705
53.668
52.222
53.231
52.618
52.861
52.724
52.318
53.771
52.021
53.768
51.94
53.966
66.851
66.986
66.977
66.908
66.998
74.037
74.001
74.013
73.988
73.975
67.463
60.951
61.881
62.767
63.332
52.187
52.08
78.998
78.952
78.958
55.261
55.054
55.601
55.308
55.294
54.946
54.653
54.017
54.657
55.296
55.445
55.337
55.229
55.213
55.038
55.207
55.146
54.95
54.843
54.627
54.788
54.949
53.241
53.195
53.208
52.577
51.766
49.485
47.997
47.546
46.873
49.47
47.53
48.178
47.984
47.857
47.667
47.789
48.076
47.256
48.373
48.647
48.096
61.22
61.544
48.815
48.965
49.734
49.491
49.247
49.337
50.38
49.387
47.99
46.593
47.419
48.246
46.786
46.637
46.489
46.421
46.081
47.16
47.158
47.446
47.504
47.404
47.675
59.671
60.001
60.116
48.368
48.769
60.118
60.368
52.055
56.034
55.014
53.994
53.985
57.028
57.082
54.736
52.389
52.887
52.287
51.889
52.097
52.314
52.61
52.874
53.308
53.477
53.595
53.517
53.502
53.431
53.585
53.485
53.312
53.002
53.164
53.291
53.461
54.326
54.045
53.763
53.358
52.99
53.493
52.74
53.116
52.954
52.305
53.643
52.302
53.422
53.657
53.892
60.427
56.786
53.144
52.565
52.848
53.048
52.437
49.173
50.637
49.565
50
50.202
49.946
50.078
49.566
50.551
49.427
46.208
47.709
47.705
48.05
48.031
48.042
48.011
48
47.91
48.067
47.906
46.098
44.29
60.11
60.317
59.683
60.284
60.051
59.729
60.003
60.066
59.759
60.197
53.961
54.376
54.79
48.926
43.061
43.31
43.022
43.09
43.437
43.108
58.239
59.837
60.952
61.612
62.363
63.199
64.588
65.764
54.047
52.848
50.496
43.201
43.057
50.438
54.402
66.667
66.744
54.493
54.492
53.903
53.314
54.392
55
55.046
54.977
54.884
54.914
54.768
54.733
54.682
55.723
55.091
54.912
43.247
43.057
52.072
52.881
53.211
53.295
54.468
54.745
55.091
55.04
54.672
54.725
55.108
54.958
54.807
79.035
79.018
54.513
54.503
54.493
54.385
54.179
54.003
54.162
53.99
54.571
54.282
43.692
43.127
43.055
42.957
43.156
43.103
43.05
43.081
48.762
45.94
43.118
42.982
53.814
53.855
53.897
52.944
53.609
53.913
53.781
53.649
51.935
54.082
78.987
79.051
79.036
79.021
43.119
43.129
42.977
54.894
55.116
43.025
42.967
43.033
43.099
42.972
54.164
54.145
53.804
53.686
53.567
53.535
53.661
54.326
54.635
54.835
54.82
54.932
55.002
55.022
55.049
55.036
54.903
54.972
54.078
53.848
53.598
50.271
49.428
49.399
49.198
49.442
54.446
54.394
54.309
54.818
54.044
67.026
67.044
66.987
66.931
50.85
50.69
66.955
78.964
79.003
54.169
54.717
58.355
50.692
43.028
42.941
61.804
79.024
78.977
78.999
79.046
43.96
42.953
42.962
42.988
42.964
43.114
43.115
47.19
45.181
54.657
64.133
64.515
65.067
65.491
54.188
54.131
54.368
54.671
54.265
54.442
54.606
54.138
53.956
53.893
53.83
51.657
53.254
51.041
50.524
48.637
50.987
49.907
49.942
49.667
44.857
44.934
47.049
60.606
60.938
61.202
51.069
49.961
49.153
48.973
48.605
48.347
48.778
49.21
49.952
49.646
49.602
50.367
50.112
50.823
48.793
50.338
49.726
50.244
49.924
49.658
50.444
49.618
50.592
50.077
50.312
49.736
50.155
50.567
50.151
50.023
49.798
49.829
49.763
49.84
49.809
49.875
51.436
49.704
48.87
48.805
48.794
49.217
49.639
49.713
49.629
49.72
49.942
49.861
49.759
49.917
48.883
56.989
61.271
72.015
72.084
72.144
71.876
71.895
71.896
72.007
56.805
54.182
51.558
62.86
74.163
74.024
73.972
73.92
67.846
61.771
61.984
47.052
49.046
61.522
73.998
73.979
74.028
74.071
61.991
61.98
62.014
54.719
52.851
50.984
50
50.902
49.057
49.806
50.507
48.886
50.197
50.042
49.994
50.426
50.03
50.733
49.873
50.807
50.112
50.649
50.655
50.661
49.687
50.537
49.67
49.818
49.875
73.983
73.953
74.062
73.983
74.013
65.869
50.95
49.576
50.54
49.44
49.895
50.355
49.85
