57.928
58.288
58.667
58.834
58.499
57.972
57.782
58.293
44.841
45.563
45.892
45.877
45.911
45.982
45.822
45.718
45.868
45.859
45.963
46.059
45.887
45.778
45.815
45.771
46.066
45.881
45.946
45.988
45.864
45.844
46.244
45.679
45.768
47.115
55.846
52.029
51.72
51.411
51.745
52.263
53.032
54.031
54.057
54.426
55.573
55.378
54.969
55.995
55.531
55.499
55.468
55.842
55.407
55.828
53.734
54.022
54.3
53.964
53.465
53.289
53.264
53.368
53.322
53.295
52.671
50.941
49.49
61.853
55.155
61.357
54.816
48.274
49.291
49.376
49.298
49.508
50.277
49.492
49.583
50
50.618
50.56
49.955
50.66
50.93
50.241
50.506
50.87
50.959
50.52
51.179
51.211
50.882
51.544
50.463
50.796
50.971
50.042
49.779
49.97
50.661
49.825
49.907
50.479
51.324
50.655
50.384
50.455
50.533
50.962
49.659
50.226
50.702
51.178
51.167
51.155
50.189
50.263
58.26
58.437
50.166
50.72
51.129
49.227
49.817
50.911
50.46
50.008
49.715
49.748
61.941
60.854
60.776
62.108
63.086
63.176
62.081
63.025
63.304
62.206
62.437
63.345
63.079
62.813
46.274
45.668
47.178
48.687
46.442
44.196
43.56
43.459
43.566
43.721
43.934
43.765
43.622
44.407
44.174
58.509
65.945
66.663
60.742
61.235
61.198
61.862
62.12
62.378
62.311
69.463
69.633
69.734
69.947
70.071
69.895
69.698
69.401
67.949
60.22
60.097
59.878
53.766
47.655
48.299
54.314
50.323
49.822
49.321
44.75
44.004
44.697
45.39
43.824
43.208
44.883
47.82
50.758
69.766
69.84
62.758
62.395
44.49
44.428
44.224
55.96
55.721
44.014
43.716
47.234
50.751
52.139
51.839
51.55
51.261
51.34
51.686
51.351
51.624
52.287
52.309
52.259
52.431
52.569
52.939
52.621
52.861
53.101
52.53
46.229
46.169
52.39
52.476
52.643
52.854
52.863
52.711
52.894
52.85
52.624
52.389
52.434
52.483
52.424
52.507
52.002
52.242
52.482
52.353
51.88
52.082
52.217
53.992
43.803
45.692
46.72
46.266
46.349
46.395
46.156
46.192
45.985
46.192
46.29
45.838
45.838
45.842
45.624
45.911
45.937
46.088
45.765
45.903
45.876
45.858
45.971
45.919
45.837
57.973
58.019
58.153
57.895
58.076
58.139
58.004
57.971
58.129
57.908
57.771
58.038
58.095
58.041
58.095
58.044
57.946
45.874
46.061
45.825
45.831
45.82
45.846
45.931
45.886
45.953
45.676
45.532
45.892
45.781
46.065
45.848
45.917
