46.018
45.824
45.974
45.827
46.083
45.597
45.78
45.838
45.96
45.969
46.026
45.713
45.543
46.013
45.938
45.777
46.26
44.91
57.792
58.609
49.042
47.794
57.853
58.022
58.03
57.817
58.491
45.507
43.339
44.787
46.245
45.901
45.746
45.88
45.768
46.077
45.731
45.384
45.979
46.055
45.859
45.917
45.892
45.961
45.565
45.952
45.83
45.925
45.979
46.019
45.943
45.67
45.847
50.448
48.439
46.43
45.541
46.031
45.518
45.868
46.043
45.842
45.787
45.731
58.626
59.46
59.82
59.986
60.285
60.584
60.777
60.826
60.781
60.309
59.556
59.693
45.785
45.574
46.089
47.42
59.341
59.149
58.957
58.975
59.072
59.223
58.643
58.708
58.773
58.627
58.866
58.843
58.88
58.733
58.394
58.301
58.172
58.077
57.872
58.104
58.058
58.223
58.339
58.443
58.341
58.217
58.041
57.946
57.976
58.034
57.943
57.985
58.043
57.913
57.824
57.835
57.811
57.888
57.838
57.837
57.997
57.921
57.932
58.017
58.03
57.908
57.934
57.858
57.978
57.947
57.818
57.95
57.449
57.983
57.916
57.595
57
56.584
57.395
58.519
57.456
58.217
59.484
60.751
55.852
56.497
57.142
58.111
56.498
54.886
55.844
56.802
58.193
57.206
57.888
58.195
57.698
58.386
63.122
67.858
67.982
57.587
62.86
68.133
67.904
62.389
56.873
56.205
56.359
56.512
44.362
43.867
43.679
44.004
43.852
43.209
43.196
43.498
57.233
58.49
58.449
58.408
58.3
58.138
58.123
57.702
57.571
57.439
58.07
57.55
57.755
57.898
57.903
58.202
58.008
57.835
57.087
56.316
55.582
55.36
55.123
67.028
67.291
67.244
66.953
67.434
67.327
67.522
67.717
67.966
68.133
56.219
55.885
43.479
44.22
44.341
44.322
43.978
59.593
59.639
59.746
59.869
59.475
59.415
59.122
58.518
56.87
53.563
50.137
59.068
67.999
68.059
55.324
53.421
52.76
52.361
52.369
52.327
52.128
51.998
52.151
52.119
52.167
52.164
52.252
52.496
52.514
52.724
52.778
52.817
45.992
45.78
52.899
52.798
52.772
52.63
52.535
52.435
52.701
52.551
52.707
52.66
52.57
52.686
52.749
52.771
53.071
52.982
52.544
52.541
52.57
52.828
53.087
46.805
45.995
46.125
46.144
45.911
45.715
45.667
45.797
45.84
45.747
45.866
45.571
45.646
45.82
45.957
45.77
45.84
45.871
45.517
45.718
46.065
45.893
46.081
45.736
57.924
57.934
57.963
57.978
