76.018
75.985
79.99
83.994
83.972
84.095
84.298
84.057
60.149
62.05
63.95
63.983
64.017
61.956
59.895
59.892
59.889
60
59.906
59.935
60.148
64.084
64.024
63.963
64.021
64.039
62.874
61.71
61.867
61.965
62.193
61.952
61.812
61.672
61.221
60.77
62.267
74.686
74.548
74.53
74.325
61.712
61.739
61.864
61.942
62.054
62.29
62.556
74.859
74.913
74.856
75.05
63.358
63.16
63.015
63.417
62.936
62.692
63.153
62.587
62.874
62.773
62.98
62.794
62.558
62.802
62.325
62.504
62.414
62.337
62.489
62.223
74.617
74.576
62.187
62.059
62.213
61.997
61.963
49.423
49.901
57.852
67.217
67.318
60.879
60.381
60.509
59.947
60.046
59.784
59.262
59.16
58.684
58.265
57.16
56.018
55.466
54.42
53.232
53.097
53.288
52.594
54.058
55.49
55.569
67.886
68.046
68.208
68.482
68.709
68.701
68.594
68.638
68.561
68.453
68.278
67.891
68.351
68.378
55.859
56.027
56.968
57.375
57.948
57.982
71.109
70.769
70.39
70.012
57.561
57.856
58.55
58.787
71.67
72.056
72.271
72.259
72.468
72.53
72.326
72.196
71.987
71.864
71.591
59.879
59.808
60.013
60.083
60.223
60.182
60.194
60.18
60.188
60.228
60.389
60.38
60.297
60.331
60.198
59.819
59.867
59.975
59.959
59.779
59.917
59.722
59.747
59.712
59.506
64.342
84.012
83.988
44.865
44.737
48.419
52.101
48.557
66.262
63.698
73.812
62.815
62.165
61.516
65.268
63.223
73.594
83.964
83.893
83.91
83.927
83.94
60.259
59.971
59.921
84.059
84.067
59.99
59.998
59.968
60.152
60.119
51.981
51.981
51.975
51.875
52.594
57.127
61.661
61.984
62.018
61.93
45.758
46.745
45.716
53.883
49.32
44.758
46.603
44.675
46.384
57.625
57.979
58.467
59.367
60.267
60.981
51.12
51.672
52.176
64.712
64.657
52.541
52.592
52.538
53.104
48.518
45.157
46.346
45.164
52.579
52.844
52.771
52.573
52.437
52.316
55.145
57.975
58.044
57.806
57.989
52.658
52.498
53.279
53.61
53.714
53.487
53.176
52.874
52.974
52.463
52.252
52.119
51.985
52.249
51.474
50.125
62.479
62.251
57.919
57.979
58.039
57.57
57.101
56.775
56.987
56.991
56.716
56.252
56.41
55.751
56.07
55.446
56.182
55.749
55.676
60.294
64.913
81.018
80.95
65.047
65.034
80.943
80.986
80.957
80.976
63.277
55.127
55.39
55.46
55.162
54.864
54.358
55.962
68.459
68.778
56.952
57.575
57.63
57.955
57.643
57.765
57.345
57.251
57.653
57.563
57.189
56.618
58.173
58.662
59.344
59.952
60.145
60.082
60.033
59.799
59.822
60.024
60.128
60.054
60.223
60.263
60.309
60.329
60.246
60.238
60.293
60.137
59.741
57.982
59.123
60.3
60.553
60.806
60.854
60.902
59.992
60.453
60.282
62.094
62.17
61.969
61.985
61.629
61.345
73.626
74.08
61.331
61.581
61.896
61.935
61.652
60.455
58.699
61.963
61.776
58.909
56.043
57.872
56.901
56.038
55.944
55.576
56.025
56.496
56.814
56.97
56.898
56.727
80.949
80.946
50.429
49.879
50.067
81.2
81.187
68.489
67.581
66.673
79.086
79.018
79.008
66.897
55.032
61.032
58.013
66.01
58.15
55.527
59.891
64.256
65.297
65.785
66.375
65.32
51.791
51.257
52.709
54.162
54.451
53.696
53.281
54.287
54.508
54.543
79.069
78.984
78.986
73.044
67.102
66.253
66.072
66.184
66.295
72.504
74.084
80.963
80.977
80.951
80.98
55.829
56.627
56.997
56.556
56.713
56.156
55.119
79.09
79.005
78.976
78.948
79.046
55.758
53.98
53.643
52.98
53.337
53.566
53.652
54.075
54.269
54.486
66.78
66.65
66.526
66.392
66.295
54.082
53.3
51.501
76.949
76.98
64.988
52.996
49.684
49.254
62.366
62.998
63.501
64.188
64.674
64.929
65.043
65.194
65.264
64.959
64.829
64.926
65.02
65.113
54.158
54.864
53.084
53.854
54.624
66.752
63.064
59.377
55.788
54.471
53.857
53.117
53.12
52.968
53.471
53.575
53.729
54.305
54.77
50.203
47.773
47.058
46.386
45.935
45.932
45.929
55.559
55.433
55.319
55.38
44.408
45.399
50.234
55.068
55.356
54.777
54.892
54.779
54.259
54.402
54.327
56.031
55.93
55.15
55.321
54.183
61.989
62.454
61.954
61.333
57.229
53.125
56.165
59.205
60.381
60.029
59.611
60.25
59.752
59.908
60.064
59.972
60.109
60.246
59.878
59.97
60.278
59.548
59.849
60.151
59.757
60.208
59.953
59.942
59.932
59.969
47.224
48.179
47.921
71.979
72.05
71.97
63.957
63.979
64.066
64.027
47.566
53.85
60.133
64.59
81.045
80.95
