71.068
71.055
71.026
71.058
71.028
71.049
71.07
71.017
71.056
71.024
71.076
71.016
71.028
71.043
71.052
71.006
70.86
56.383
54.271
52.63
54.095
53.853
53.877
54.238
54.479
54.228
54.069
54.228
54.295
54.591
54.066
54.279
54.492
54.007
52.85
51.693
51.969
53.503
53.709
54.582
54.398
53.973
54.08
61.134
66.147
66.051
66.132
66.081
66.093
66.072
66.082
51.426
52.803
65.998
66.12
66.074
66.121
66.145
66.168
66.138
66.096
66.154
66.131
66.113
66.095
66.149
66.135
66.051
66.066
66.119
66.049
66.156
66.043
66.129
66.092
66.011
56.734
57.759
58.657
60.03
60.152
49.433
50.079
49.295
48.921
49.707
49.807
47.827
50.178
49.546
49.516
49.321
49.697
50.177
49.837
49.497
49.373
49.661
49.618
49.424
48.812
48.473
49.548
49.165
49.281
48.27
48.344
47.952
50.737
50.659
51.486
50.491
50.795
52.586
49.601
50.404
64.076
56.841
70.032
83.223
83.181
83.22
83.184
50.732
50.044
49.914
61.371
61.189
58.051
54.913
50.433
49.981
49.132
49.505
49.688
50.617
71.034
83.084
83.105
50.859
51.863
51.021
52.097
51.449
52.053
51.733
52.402
51.483
52.28
51.747
52.612
51.697
52.299
50.175
49.983
65.649
65.463
53.2
53.084
53.117
53.762
53.276
53.051
53.376
53.597
53.762
54.182
54.179
54.52
54.55
54.155
53.692
62.377
71.061
71.047
71.07
69.619
68.169
68.058
68.131
68.086
68.117
68.097
68.056
68.054
68.051
57.385
59.047
59.42
60.271
61.103
61.585
50.569
50.255
50.563
51.049
51.264
51.159
51.575
50.955
51.104
51.318
51.253
51.296
51.196
51.392
50.28
51.004
52.334
50.822
51.847
51.577
51.559
51.54
51.251
51.598
50.463
51.149
50.988
50.548
50.907
52.524
54.556
54.252
53.977
54.592
54.115
53.555
54.623
53.095
52.952
52.808
53.022
53.236
53.973
54.081
53.492
54.944
53.147
53.346
53.545
53.612
54.446
53.589
54.609
54.564
53.963
54.542
55.577
55.609
55.468
55.167
54.799
54.938
54.851
54.764
55.233
54.912
55.08
55.49
55.572
55.888
55.824
56.057
55.961
55.818
55.877
56.326
56.04
55.127
53.145
51.048
49.498
48.231
49.7
50.2
51.168
51.804
52.408
52.775
52.161
51.751
51.433
51.323
51.389
51.832
52.756
53.962
54.243
53.733
53.48
51.263
53.05
59.162
59.095
59.087
59.011
59.153
59.1
59.032
59.065
59.123
61.107
63.092
63.218
63.167
63.064
