60.02
59.636
59.844
59.897
60.097
60.143
60.061
59.778
59.531
59.941
60.186
60.122
60.002
59.784
59.757
59.913
60.122
60.117
60.024
59.766
59.056
58.346
66.781
66.914
67.025
67.096
66.908
66.879
66.813
60.451
60.394
61.292
61.835
62.609
52.11
52.344
53.556
53.956
53.3
52.644
53.828
55.322
55.465
55.045
55.289
55.416
54.957
53.495
78.919
78.971
67.056
56.6
54.54
54.529
54.294
66.619
66.845
66.959
54.717
55.021
55.914
55.898
56.525
56.773
56.612
57.276
56.614
57.262
57.317
57.833
61.429
61.991
61.941
78.937
78.962
66.182
53.403
52.954
54.087
54.776
54.894
54.908
54.787
54.544
54.663
54.685
54.883
54.649
54.466
54.552
54.4
53.785
51.275
49.378
76.928
76.993
46.377
46.769
48.273
49.803
50.924
51.99
52.906
53.018
53.104
52.889
52.938
52.921
52.829
52.91
53.268
66.139
79.009
78.984
79.056
78.982
79.046
78.959
79.03
52.502
50.666
48.614
48.18
48.001
53.976
53.519
53.458
53.138
53.064
53.238
53.154
53.571
53.945
54.493
55.251
55.748
56.051
56.197
56.023
55.806
55.541
55.329
55.074
55.047
55.167
77.005
76.975
77.003
77.001
76.981
76.996
77.031
77.033
76.972
76.971
76.547
76.015
75.917
75.97
76.052
76.085
75.989
75.933
75.951
76.073
76.081
75.735
73.982
73.928
74.048
73.999
73.98
74.008
73.957
73.989
73.963
74.068
73.983
73.855
74.114
73.917
74.04
73.998
74.002
74.007
74.003
74.036
73.997
73.875
73.754
69.75
62.344
61.942
61.815
62.103
62.185
61.778
61.916
62.312
61.948
62.064
51.939
52.525
56.361
60.196
60.112
60.027
60.085
59.947
60.046
60.059
60.073
59.936
54.621
56.457
55.812
56.837
44.769
45.645
45.636
46.446
45.607
49.604
53.6
59.054
71.972
72.084
71.977
71.95
71.923
71.974
47.615
48.816
44.559
45.226
44.204
48.004
47.421
53.241
49.773
46.305
47.772
48.016
48.141
47.561
48.14
48.062
47.984
47.891
53.58
59.269
59.339
63.187
67.035
67.036
66.958
66.953
66.884
48.667
47.322
47.857
47.398
47.467
58.79
58.855
58.656
47.241
47.344
48.5
69.017
68.929
69.006
69.013
69.017
69.02
69.032
69.096
69.016
68.992
49.245
49.787
49.716
50.022
50.739
50.304
50.886
50.36
50.551
50.313
50.031
50.976
51.004
51.032
50.769
50.507
60.134
60.143
59.951
60.01
59.819
59.744
59.983
44.901
44.876
45.617
45.245
44.874
46.65
47.41
47.584
47.762
47.847
48.291
47.79
48.364
48.041
47.308
46.919
47.788
48.6
48.818
48.654
48.408
48.295
48.721
68.989
69.04
68.999
68.93
68.975
47.6
47.78
47.808
47.796
47.924
71.764
71.843
72.107
72.033
72.006
71.99
71.989
71.965
71.93
71.984
71.998
72.088
