59.052
59.257
58.66
48.707
49.146
48.655
48.919
49.182
59.8
59.379
67.884
68.096
63.675
59.254
58.404
58.197
48.849
48.98
48.8
48.993
49.012
49.173
49.335
48.777
49.189
48.549
49.288
48.832
49.034
49.099
48.996
49.077
49.178
48.781
49.018
48.853
48.784
68.269
68.075
67.964
67.966
64.421
60.876
61.207
60.765
61.164
61.118
55.786
50.454
50.518
73.033
73
64.871
56.742
56.11
56.189
56.461
57.119
57.777
57.774
57.845
59.001
57.485
57.723
57.162
56.602
52.364
48.125
48.428
48.499
48.451
48.404
48.608
48.813
49.104
46.998
47.444
50.63
48.876
47.121
48.277
46.49
48.132
48.115
48.335
48.76
50.015
48.918
47.822
47.29
46.759
47.865
50.076
49.228
49.103
60.46
60.643
49.293
49.727
49.789
49.624
49.343
48.612
57.372
56.645
57.201
48.731
48.704
48.677
48.733
48.79
49.093
49.246
49.398
49.419
49.318
49.117
48.996
48.875
49.016
49.236
49.249
49.263
49.612
50.243
49.98
50.172
49.924
50.27
49.796
50.606
56.29
56.405
56.09
56.149
56.117
56.255
56.284
55.845
55.293
53.136
53.587
54.037
55.943
56.877
57.257
56.881
56.478
56.298
56.318
56.317
56.315
56.553
56.706
56.853
56.832
56.853
56.898
57.02
56.972
56.971
56.904
56.814
56.967
57.002
56.958
56.983
56.852
56.873
80.965
80.958
80.96
80.974
80.965
80.996
80.993
81.035
81.002
81.029
49.503
49.806
61.699
62.173
61.878
61.839
62.078
49.776
49.781
53.13
56.479
69.081
62.156
55.232
55.778
53.428
54.029
55.434
55.276
55.488
55.7
67.978
68.188
68.342
68.627
56.951
56.729
69.329
69.61
69.939
69.66
63.723
67.087
62.697
58.307
58.477
58.752
58.105
58.007
69.711
69.248
68.815
68.558
68.318
56.34
54.725
53.143
54.436
54.471
53.518
55.373
54.965
55.078
55.191
56.266
56.137
56.803
56.564
56.675
56.346
55.77
55.298
55.853
55.393
55.016
55.099
54.125
54.073
54.777
54.259
53.716
58.591
58.92
58.926
58.932
59.111
58.963
57.21
55.457
67.881
67.751
67.859
68.012
56.116
55.877
56.107
55.935
55.593
55.881
56.384
56.382
56.38
56.637
56.301
56.144
56.179
56.359
56.404
56.231
54.406
64.029
63.945
64.022
64.067
63.845
56.643
56.567
56.48
55.967
55.418
55.354
55.382
55.469
55.74
55.989
56.203
56.385
56.464
56.127
55.919
55.872
55.87
56.083
56.245
55.655
55.381
55.478
55.989
56.559
56.284
55.506
54.736
55.502
53.98
52.458
58.987
58.924
58.962
58.955
79.987
80.007
52.017
52.132
52.001
52.125
52.047
51.948
51.978
52.008
51.806
52.015
52.069
52.078
52.181
52.092
