43.518
49.183
49.187
48.452
48.657
53.086
57.515
58.675
60.377
72.554
72.551
72.105
72.159
71.892
71.624
72.178
72.484
72.745
72.879
72.997
72.988
72.981
72.666
72.716
72.766
58.617
60.592
72.678
72.426
60.241
58.877
57.559
45.234
46.192
45.087
45.701
60.211
59.771
71.745
70.818
58.224
58.392
58.204
77.801
78.069
78.108
78.22
78.331
75.036
71.741
59.979
59.789
59.541
59.793
59.289
58.865
57.921
56.833
61.338
60.238
61.117
59.463
58.356
57.84
57.231
57.116
75.827
75.588
75.446
75.759
75.975
57.288
57.448
76.803
76.901
76.971
76.952
76.88
76.862
69.074
73.021
76.968
76.867
76.965
57.825
57.528
57.604
57.715
58.085
57.946
58.023
58.072
57.976
57.702
57.736
60.624
60.886
57.6
57.68
57.707
57.559
57.45
57.132
56.922
56.856
61.601
61.781
62.414
63.047
62.629
62.21
53.637
60.85
53.283
45.717
46.556
43.501
44.342
44.284
44.514
44.153
44.328
44.143
44.196
44.257
43.957
44.063
43.973
43.692
69.979
69.787
43.132
42.982
43.226
43.466
43.707
69.616
69.626
69.724
69.715
57.841
57.952
57.595
57.187
56.833
56.325
56.078
55.786
67.638
67.907
67.506
67.585
67.664
67.747
67.665
55.838
55.867
56.25
56.543
56.693
56.843
56.939
58.281
71.015
71.175
71.512
71.896
60.412
60.351
59.923
71.989
72.008
44.085
43.902
43.436
57.8
59.032
59.668
59.742
59.737
59.766
59.615
59.551
59.745
59.213
60.228
59.431
60.014
59.414
60.281
59.603
60.111
59.567
59.788
58.894
57.629
45.997
45.93
45.818
45.63
46.602
51.411
51.579
51.264
50.948
51.271
51.594
64.627
64.778
52.618
52.852
52.419
53.189
52.936
52.653
52.318
51.958
52.235
52.764
53.431
44.663
46.283
46.122
45.923
45.988
45.808
45.734
45.921
45.925
45.989
45.868
45.784
46.047
46.003
46.029
46.004
45.935
45.755
45.904
45.814
45.797
45.907
45.822
45.925
46.521
57.802
58.174
58.263
58.365
57.997
58.014
57.971
58.135
58.115
