77.014
77.032
77.032
77.005
77.001
76.998
77.022
77.032
77.008
76.973
76.999
77.031
77.023
77.032
77.009
77.027
77.063
77.02
76.988
77.003
77.031
77.044
77.027
77.018
77.028
77.017
77.002
77.004
77
76.983
77.016
77.006
77.01
77.043
76.999
76.987
72.076
72.061
71.961
60.054
59.964
59.786
59.905
59.94
54.34
55.077
54.427
54.547
55.64
53.976
44.781
44.819
44.531
53.652
53.703
53.065
45.201
46.148
46.003
58.929
51.307
51.199
51.091
49.6
47.429
47.903
47.198
47.333
47.58
47.507
47.091
46.554
46.327
49.166
52.006
52.119
52.534
51.947
51.359
55.171
58.983
72.069
71.974
72.032
71.941
71.958
71.956
71.983
65.791
59.6
47.715
47.472
47.492
47.277
47.273
47.278
47.381
47.677
47.637
47.555
47.75
47.842
47.811
47.667
47.757
47.314
48.494
48.958
51.38
51.942
51.608
50.629
49.958
49.288
50.435
49.978
49.521
49.606
49.624
49.614
49.789
49.726
49.973
50.013
50.198
50.301
50.211
50.415
50.293
49.521
48.098
46.41
71.974
71.946
71.938
72.006
59.829
47.651
45.823
46.218
46.937
46.899
47.099
46.984
46.972
46.679
46.437
46.579
46.78
46.732
46.312
47.824
47.064
46.305
47.428
48.358
48.604
48.177
47.928
47.397
46.866
47.283
47.748
47.757
47.649
48.311
48.299
48.993
60.495
71.997
72.125
47.904
49.055
47.749
47.651
47.366
71.961
71.992
61.599
61.385
62.333
61.843
61.76
62.225
61.684
61.884
62.246
61.589
61.998
62.202
61.297
62.356
61.896
61.778
62.096
61.82
61.834
62.315
61.73
62.066
61.989
61.592
66.838
67
67.122
67.111
67.024
66.942
66.827
66.892
67.053
62.092
61.694
55.751
49.807
49.997
50.158
49.917
49.945
49.951
50.29
49.537
55.335
56.61
57.795
58.717
60.298
49.677
50.544
49.376
48.921
50.147
49.754
49.876
49.638
53.072
53.496
53.844
52.25
52.142
52.034
51.173
50.311
49.958
49.923
50.462
53.2
53.07
53.535
52.212
62.502
61.792
62.006
50.292
50.134
51.49
52.845
52.753
52.798
52.288
52.4
51.762
51.369
62.259
61.616
57.724
53.833
51.325
49.797
51.203
52.609
52.372
52.648
52.233
52.403
51.911
51.981
52.324
52.159
53.025
52.467
53.121
52.5
51.374
50.248
51.57
52.045
52.519
52.667
52.814
57.402
61.989
62.197
62.003
55.012
54.795
54.688
54.179
54.274
54.438
54.568
54.724
54.79
54.9
54.79
54.523
54.888
53.857
54.908
57.567
60.226
59.932
59.637
59.52
51.062
55.097
59.131
57.555
57.349
57.137
56.705
56.442
56.391
56.52
56.769
56.826
56.903
57.098
57.168
57.132
56.883
56.554
56.429
56.478
56.594
56.633
56.62
56.686
56.645
56.489
56.573
56.753
56.782
56.699
56.584
56.624
56.743
71.741
71.898
49.659
50.831
44.056
49.787
49.979
50.171
43.581
44.358
45.136
51.345
49.934
66.967
67.067
67.04
67.009
67.005
61.078
55.151
52.872
57.726
53.967
58.944
63.921
63.973
64.029
63.984
64.029
64.044
63.913
50.01
50.809
50.199
50.192
60.146
79.034
78.927
59.939
60.076
59.918
60.027
59.996
59.97
59.916
59.116
56.669
53.892
54.428
54.557
62.106
61.916
61.99
62.138
61.954
62.181
62.124
62.067
56.016
54.244
52.472
52.527
52.454
52.382
52.507
52.546
52.72
52.743
52.687
52.59
52.813
52.59
52.86
52.675
62.086
61.876
69.418
57.101
44.784
44.492
48.241
56.415
56.433
56.188
55.976
55.821
55.701
55.748
55.961
56.078
56.329
56.68
56.598
57.269
57.254
56.71
56.049
59.005
61.96
61.963
62.014
61.819
62.018
62.123
57.11
57.064
56.989
56.79
56.241
56.934
56.54
56.474
56.877
56.619
56.608
56.494
55.757
56.621
55.979
56.157
54.79
58.509
54.965
58.569
53.748
57.202
60.656
60.601
72.507
72.509
72.455
72.466
72.496
72.544
60.533
60.344
60.173
60.167
60.097
72.251
72.137
59.823
59.721
59.712
59.48
59.876
60.207
60.358
60.445
60.44
60.446
60.152
59.873
59.074
58.547
57.122
47.885
45.92
47.846
49.772
49.73
49.689
65.329
80.97
80.984
80.996
55.912
56.145
55.937
55.566
55.194
55.008
54.955
55.02
55.075
55.679
55.883
56.258
56.792
56.99
56.951
56.87
56.826
57.101
57.187
57.191
57.135
57.001
57.203
57.317
57.248
57.057
56.928
57.116
57.435
57.474
57.431
57.582
57.239
50.32
50.265
50.274
