45.554
46.148
46.284
46.07
46.002
46.071
46.097
46.126
46.881
47.636
46.723
47.279
47.836
57.841
58.174
58.17
58.713
58.007
57.926
57.897
46.61
46.515
58.14
58.237
57.89
57.887
58.174
57.754
45.918
46.087
45.615
47.825
49.908
46.991
49.809
46.964
44.119
44.881
45.48
44.575
55.426
56.288
55.501
56.752
55.73
56.083
56.436
57.16
57.204
58.07
64.825
61.643
58.461
58.475
58.386
58.009
57.809
57.821
57.899
58.03
58.185
58.347
58.319
58.445
70.128
77.216
77.1
77.229
77.179
77.212
77.244
59.234
58.692
58.017
57.93
58.171
58.771
70.201
64.177
67.16
66.6
66.041
65.989
62.246
58.502
58.37
58.461
58.303
58.144
58.041
58.125
57.839
57.182
60.673
60.387
60.221
60.971
60.359
60.68
73.128
72.96
72.895
72.889
72.921
72.922
73.004
72.997
73.004
73.142
73.214
73.275
72.97
72.501
60.747
60.2
59.712
59.858
59.751
71.874
71.654
71.416
59.41
59.608
59.489
71.634
71.678
71.752
59.934
60
59.759
59.985
71.927
71.776
71.642
71.711
71.611
71.761
71.76
59.562
59.079
57.276
55.512
53.516
51.847
51.291
51.406
51.042
52.984
54.435
67.245
67.632
67.368
67.685
67.942
67.912
67.94
68.026
68.104
55.389
56.198
43.843
43.937
43.717
43.81
43.815
43.364
43.351
43.437
74.993
74.998
74.978
75.006
71.554
71.503
71.759
71.706
71.716
71.725
59.451
60.029
59.883
72.042
71.933
59.728
63.871
68.014
67.939
44.128
44.195
44.865
58.83
77.102
76.471
74.725
72.979
72.969
72.983
80.882
80.902
80.907
81.088
81.352
81.444
81.536
57.475
45.833
45.771
45.824
45.877
45.855
51.701
57.547
57.792
57.402
76.646
76.643
57.344
57.545
57.855
76.674
76.623
57.588
57.503
51.618
64.011
76.404
76.493
57.45
56.957
51.425
45.893
45.751
51.66
57.569
76.482
76.249
76.192
57.565
57.699
57.615
57.288
56.961
66.955
56.382
54.898
53.415
54.089
54.43
55.421
54.514
54.61
54.706
55.119
54.2
49.755
45.31
46.15
47.289
51.904
51.528
51.108
50.938
49.954
49.806
50.799
50.574
50.226
51.166
50.003
50.058
50.112
50.37
50.628
50.681
50.734
50.801
50.868
50.928
50.988
51.707
50.694
51.652
51.564
50.403
60.023
60.29
59.333
59.943
60.023
60.061
57.476
58.67
59.864
65.043
65.138
65.107
65.152
59.558
62.17
55.362
60.173
64.984
64.953
64.955
65.088
56.969
62.463
67.958
67.996
68.016
67.973
67.978
51.405
52.046
52.792
52.176
58.455
64.734
64.768
55.862
56.187
75.491
75.407
75.639
76.216
76.416
69.448
69.409
69.37
69.839
70.06
70.067
70.249
70.382
70.221
70.268
70.314
70.232
70.25
70.268
70.535
70.495
70.455
70.402
70.359
70.316
70.347
58.513
58.33
70.387
70.275
73.827
72.043
70.259
70.202
58.456
58.053
58.157
57.813
70.168
70.298
58.274
58.362
58.1
58.093
57.902
57.697
56.56
55.422
56.418
57.478
58.538
60.487
61.369
61.132
61.016
72.722
72.908
73.145
72.844
72.928
73.012
72.934
72.857
66.709
69.762
72.815
72.804
72.282
72.202
60.108
60.227
59.997
59.846
59.608
71.758
71.755
71.224
71.243
71.263
58.303
59.499
59.057
71.565
71.754
71.778
71.925
59.937
59.761
59.088
58.4
57.937
56.887
55.963
55.189
54.577
53.149
53.143
53.136
53.636
54.137
54.741
55.266
67.329
67.019
66.859
67.037
54.67
54.986
55.548
55.641
55.986
67.952
67.799
67.579
67.638
67.697
67.297
66.857
55.4
43.717
43.531
43.766
43.679
43.682
44.205
58.539
59.771
59.693
59.423
59.39
59.129
59.215
59.466
59.547
59.851
59.815
59.785
59.463
59.144
58.389
56.708
55.839
55.509
56.268
56.435
56.743
57.05
57.196
56.801
56.852
63.163
60.264
57.366
57.408
69.628
69.763
69.905
57.526
57.179
57.098
57.573
69.473
69.522
69.43
57.752
57.592
57.822
69.814
69.719
69.579
69.535
69.648
69.644
69.644
57.705
57.664
57.573
57.483
69.673
69.734
69.623
57.433
57.55
57.651
57.752
57.759
57.767
58.009
46.453
46.265
46.219
45.84
51.872
57.903
57.73
57.766
57.646
57.622
63.697
69.772
69.893
57.394
57.552
57.385
69.96
69.877
57.255
57.451
57.455
57.459
43.995
44.393
44.359
44.325
57.246
73.188
72.946
57.492
43.008
44.825
44.688
44.724
44.76
46.551
45.068
46.569
44.886
46.265
45.775
46.102
46.109
45.444
46.606
44.396
45.934
45.835
45.689
46.048
45.987
46.477
44.989
45.925
45.749
45.812
45.868
45.464
45.946
45.89
45.779
46.472
45.745
45.995
45.839
44.66
46.017
45.636
45.754
46.352
45.409
46.196
45.856
