45.904
46.38
58.302
58.168
58.811
57.433
56.613
56.971
57.329
57.644
56.218
54.793
44.784
46.16
45.963
45.807
46.038
45.913
45.826
45.857
45.848
45.99
45.977
46.049
45.915
45.633
45.833
45.905
45.981
45.818
45.805
45.85
45.643
45.801
46.062
45.571
45.306
45.134
44.962
70.046
70.021
70.023
70.031
70.016
70
69.698
53.7
50.067
46.434
45.637
45.773
46.003
46.021
46.339
70.013
70.064
45.793
45.84
46.086
45.767
45.964
45.741
45.702
45.823
45.912
46.012
45.958
45.719
45.816
45.839
45.669
45.412
45.748
57.915
69.954
70.005
70.025
65.148
65.003
61.394
57.784
58.469
58.169
46.358
45.757
45.939
45.829
45.532
45.86
45.758
46.015
46.078
45.779
45.718
45.678
46.062
45.874
46.1
45.826
45.794
45.827
45.809
45.958
45.809
45.977
45.943
51.845
57.746
57.755
57.899
57.8
58.032
58.013
58.032
58.053
58.515
53.617
46.232
45.903
45.875
45.949
45.81
45.889
46.508
46.384
46.26
44.838
46.163
46.17
45.617
45.997
45.814
46.042
45.768
45.825
45.871
45.936
45.981
45.982
45.758
45.153
46.705
47.995
49.25
58.171
58.259
58.105
57.951
58.037
57.756
47.309
46.04
45.965
45.895
45.647
45.759
45.817
46.124
45.843
45.972
45.76
45.621
45.89
45.897
45.82
45.956
45.886
45.766
49.514
47.711
45.909
45.703
45.958
45.674
45.975
45.793
46.059
46.083
45.636
45.955
45.684
45.91
45.93
45.657
46.228
60.554
72.55
72.151
72.553
72.605
72.031
72.626
72.831
61.075
61.091
61.02
60.297
46.495
46.933
45.664
53.302
60.941
72.559
71.687
59.632
59.99
60.181
60.757
60.682
59.488
58.849
55.494
56.513
57.532
57.784
57.489
69.223
69.246
57.179
57.486
57.642
58.105
58.257
58.702
58.553
58.38
58.486
58.49
58.383
58.232
58.225
58.33
58.276
58.205
58.15
58.197
58.272
58.18
58.171
58.142
58.081
58.116
58.018
57.994
57.945
57.902
58.01
58.049
57.778
57.978
57.896
57.918
57.85
57.816
57.759
57.748
57.529
57.613
57.022
57.539
57.733
57.907
60.498
60.992
60.973
60.004
60.317
61.035
61.107
61.102
61.009
61.047
60.97
60.869
60.913
60.095
61.07
58.182
57.959
57.854
57.743
57.8
57.827
57.694
57.561
57.488
57.415
50.555
56.013
56.637
57.26
50.171
50.269
50.366
55.571
49.337
43.102
43.125
43.279
43.432
43.234
43.035
43.341
43.57
43.477
43.514
57.787
69.617
68.821
62.553
56.286
56.421
56.45
57.007
57.871
57.824
58.722
58.448
57.931
57.876
57.407
57.198
56.518
55.7
55.468
55.005
55.516
55.389
55.491
55.642
55.807
55.852
55.988
55.869
55.645
55.573
55.761
55.654
44.333
44.138
43.909
58.778
59.567
59.83
59.909
59.586
58.202
55.694
43.704
43.852
44.13
43
46.358
50.409
54.461
54.101
53.444
52.785
52.27
51.795
51.243
51.686
51.911
51.809
52.132
52.34
52.309
52.46
52.596
52.648
52.83
52.489
52.555
52.584
52.734
52.861
52.982
52.869
52.758
52.505
52.64
52.752
52.816
52.817
52.559
52.752
52.763
52.604
52.946
53.091
52.752
52.219
52.184
52.752
53.845
53.525
44.266
46.26
45.926
45.331
45.967
45.804
45.831
46.039
45.922
45.751
45.579
45.875
45.737
46.034
45.847
46.033
45.81
45.633
45.924
45.879
45.912
45.966
45.506
45.154
46.664
