64.034
75.997
75.926
64.003
64.193
65.499
66.805
65.094
63.382
65.736
68.089
67.977
58.824
70.854
82.884
82.914
82.999
83.028
82.985
70.958
70.78
83.032
83.057
83.013
83.022
83.007
82.96
83.007
83.037
82.958
82.876
58.966
59.078
59.054
59.421
59.12
59.309
57.789
69.332
80.875
80.916
80.908
80.943
81.035
81.029
80.962
81.048
80.964
56.043
56.127
56.151
56.175
56.224
56.273
56.254
56.48
56.705
56.821
56.862
56.779
56.716
56.585
55.732
55.139
53.355
51.658
50.288
50.096
49.905
49.973
50.545
51.117
51.128
51.528
51.729
51.574
51.127
50.865
50.634
50.508
50.906
51.292
51.755
52.261
52.663
65.116
64.809
64.55
64.446
64.47
53.55
53.525
53.016
52.968
53.069
53.062
65.154
65.255
65.338
64.903
71.442
77.981
77.984
77.956
78.024
77.988
77.996
78.004
52.506
52.445
52.615
52.944
53.135
52.722
52.336
51.263
50.035
56.798
56.919
56.729
57.284
57.839
57.641
57.617
57.592
57.509
57.477
57.482
47.11
46.112
47.887
47.151
47.654
48.157
48.403
48.649
49.022
49.348
47.855
48.548
49.35
48.301
49.937
48.759
47.58
53.42
59.259
59.98
60.429
61.461
49.685
49.476
57.072
56.939
57.091
56.693
57.006
74.002
74.01
74.016
73.995
73.995
73.994
46.875
47.611
74.018
73.982
73.986
73.989
73.996
74.001
49.283
49.47
49.409
49.474
73.996
74.031
73.963
74.043
61.922
61.996
61.936
61.958
61.9
61.991
61.974
61.889
61.978
67.44
74.074
74.049
73.99
73.989
73.962
73.993
62.095
55.07
48.046
46.051
45.575
45.098
45.295
47.713
74.001
73.972
73.987
73.959
74.007
74
74.004
74.008
73.962
74.003
73.978
56.862
57.335
57.817
58.744
48.151
49.585
50.24
49.783
49.371
49.663
49.645
49.984
50.391
49.572
50.488
50.808
50.739
51.65
52.56
52.902
53.083
53.459
53.555
53.789
53.88
53.909
53.897
54.065
53.978
53.505
80.916
80.938
80.988
81.054
80.996
80.99
81.01
81.017
81.021
81.024
68.366
74.675
80.984
80.977
80.974
80.971
55.825
56.425
57.141
56.052
56.772
56.347
81.05
81.023
82.904
82.922
82.975
83.058
82.99
82.96
82.996
83.02
83.052
83.024
83.033
57.777
57.553
57.972
58.211
58.432
58.315
58.364
58.343
58.225
57.944
57.436
57.127
56.33
55.8
55.856
56.193
56.234
56.443
56.661
56.553
56.472
56.828
83.034
83.027
83.028
57.977
58.193
58.156
58.186
58.086
57.891
82.996
83.019
83.045
83.029
83.034
83.022
82.995
82.975
82.954
82.982
82.971
82.972
82.999
83.049
83.024
83.033
83.024
82.999
82.991
82.965
82.975
82.953
82.981
83.017
83
83.019
