51.882
52.065
52.047
52.317
50.406
52.756
50.897
51.762
62.467
63.101
51.514
51.133
52.417
51.965
52.301
52.699
51.238
51.833
52.146
51.55
48.128
59.87
71.612
71.731
71.519
45.186
44.902
45.059
71.554
71.871
72.316
72.634
73.077
73.117
72.959
73.027
73.085
73.088
73.027
73.066
72.901
72.639
72.639
72.81
72.915
72.827
72.841
72.912
72.822
72.48
44.7
45.015
45.005
45.113
44.935
61.327
61.119
61.018
60.96
60.833
60.736
60.78
60.81
60.371
59.421
59.765
49.38
50.126
43.762
43.515
43.725
43.773
43.82
44.1
44.401
44.278
44.155
43.706
43.891
46.089
48.288
45.968
51.238
47.372
43.506
44.07
43.958
56.441
56.632
56.449
56.34
56.23
57.098
56.985
56.872
71.097
63.523
55.949
56.059
55.969
55.704
56.327
55.912
56.136
56.328
56.311
56.036
55.945
61.993
60.424
58.856
59.402
57.754
56.105
56.372
55.993
56.255
59.523
60.178
60.401
60.828
60.695
60.603
60.268
57.427
55.796
54.054
53.207
54.996
60.462
60.285
60.775
60.973
60.795
60.563
60.331
60.392
59.804
58.802
53.342
55.256
58.87
58.569
70.209
69.841
69.333
68.981
56.231
56.348
55.036
54.854
54.747
55.808
55.281
55.844
56.406
57.057
57.069
56.773
57.083
57.392
57.242
57.092
56.562
55.987
57.469
57.481
57.445
56.947
56.756
56.864
56.621
56.748
56.127
56.044
55.961
56.72
57.188
57.323
57.286
57.248
76.353
76.011
56.06
56.955
56.67
56.385
55.959
52.327
54.368
56.408
55.258
54.108
54.162
54.04
54.194
53.968
65.627
65.251
65.03
64.809
64.612
64.734
64.905
64.999
65.344
65.666
65.855
54.396
53.954
53.902
53.496
53.77
51.812
52.87
53.898
53.666
53.268
53.171
53.978
54.784
53.694
54.475
54.124
53.52
53.646
53.322
65.454
66.164
54.046
54.435
54.484
54.215
54.699
53.731
54.087
53.793
54.043
54.25
53.845
54.324
53.577
54.368
53.648
54.26
54.416
54.463
54.6
54.891
53.945
66.1
77.988
77.993
78.002
77.968
77.997
78.002
78.014
77.995
77.993
78.059
72.974
57.462
55.987
56.733
58.864
53.865
48.866
49.438
49.598
66.67
66.114
65.839
57.127
57.09
54.45
66.209
60.247
54.286
54.423
55.554
56.686
55.134
54.326
53.35
54.081
54.115
54.118
53.818
53.995
54.142
53.878
53.844
53.81
53.823
54.04
54.004
53.777
54.173
60.747
60.999
60.984
60.879
60.767
60.686
60.611
60.523
60.55
60.677
60.907
60.541
59.534
71.248
82.963
82.92
82.998
69.159
55.32
57.263
58.22
58.441
58.349
58.782
58.674
70.689
70.363
70.195
58.875
58.708
58.395
58.898
71.176
71.256
71.296
71.272
71.366
70.71
70.054
56.431
55.949
55.466
56.359
57.054
66.977
67.44
55.534
55.923
55.997
56.069
55.628
53.605
55.102
56.058
56.184
55.411
54.166
52.922
54.8
54.365
55.102
55.038
55.727
55.364
55.375
53.779
49.639
48.408
49.598
49.218
54.802
54.206
55.026
55.045
54.43
54.473
54.23
53.674
53.407
52.144
52.473
53.412
54.007
54.051
54.096
54.129
53.901
53.964
54.026
65.409
65.311
65.96
54.365
54.352
53.95
54.063
53.542
52.899
52.796
51.798
51.625
76.004
75.974
75.986
66.874
57.763
59.372
59.822
60.597
49.714
50.307
50.12
51.595
49.442
49.713
49.311
49.369
50.579
51.079
50.73
51.343
51.266
51.985
51.845
52.403
50.849
52.23
50.85
49.47
49.391
48.713
48.034
47.89
47.306
50.258
51.579
51.43
51.487
51.62
51.352
51.648
50.008
49.608
51.388
51.182
50.761
52.755
54.749
59.437
54.757
59.357
54.626
53.496
52.366
