45.99
45.863
45.831
45.878
45.553
45.968
45.783
45.971
46.076
45.624
45.74
45.607
45.961
45.801
45.964
45.821
46.268
65.012
64.998
64.951
65.047
65.01
58.077
57.427
61.253
62.394
63.596
65.105
65.895
65.824
66.277
66.729
66.979
67.228
55.129
55.791
55.817
55.844
55.953
55.839
55.842
55.371
55.3
54.428
52.727
53.669
53.642
53.483
52.824
51.896
49.993
49.608
49.222
48.898
47.861
56.944
55.99
55.035
56.773
57.056
57.188
57.106
57.182
57.427
57.195
57.357
57.71
57.701
57.685
57.561
57.083
56.89
56.686
56.16
54.327
57.992
61.657
60.574
60.811
60.58
60.349
52.694
50.027
47.36
48.651
48.514
47.343
46.171
48.275
49.082
49.686
49.949
48.983
48.947
49.732
50.627
50.267
50.346
51.242
50.747
49.82
51.429
49.931
49.742
49.271
51.386
50.273
50.1
50.142
51.397
57.969
57.983
58.068
58.153
58.174
58.185
58.196
57.829
58.046
58.227
58.038
58.081
64.057
70.034
70.005
58.521
47.037
51.003
54.968
49.915
59.94
56.724
53.508
55.099
50.825
53.229
48.399
43.568
43.483
43.357
43.192
43.168
43.067
43.035
43.002
43.18
43.672
43.698
43.766
43.762
43.882
48.012
52.142
50.589
50.304
50.937
51.045
51.073
51.414
51.298
50.907
50.516
50.763
50.891
51.019
50.698
51.403
54.63
53.131
53.524
53.054
52.259
51.514
50.8
50.107
49.406
54.838
51.23
47.622
48.533
47.833
47.134
47.894
47.497
47.1
48.78
45.603
45.621
43.19
44.666
45.502
47.463
49.424
48.196
47.862
48.424
49.783
53.598
57.413
57.427
57.441
48.99
53.061
57.132
58.041
56.546
55.895
57.101
45.289
45.452
46.01
46.299
46.12
45.923
45.712
45.649
45.627
45.698
45.728
45.732
45.726
45.937
46.043
46.274
45.999
45.833
45.677
45.64
45.717
45.832
47.325
44.605
44.491
47.137
47.496
47.855
52.849
57.844
57.503
53.397
45.681
46.222
46.216
46.057
46.016
45.867
45.988
57.822
58.369
46.184
46.196
45.816
45.87
45.918
46.02
45.782
45.706
45.764
45.945
46.001
45.774
45.968
45.672
45.227
57.925
57.928
70.066
70.079
