60.076
60.035
59.925
59.949
59.968
59.932
60.057
59.989
60.415
62.644
64.874
64.943
65.03
65.048
65.016
64.992
65.042
64.969
64.98
65.032
65.095
65.27
67.114
67.142
67.02
66.887
66.73
66.769
67.016
67.138
67.141
67.104
49.995
50.055
50.007
50.026
49.827
49.734
49.881
49.897
49.87
50.016
49.949
50.092
49.43
49.643
57.114
58.196
60.072
49.462
49.794
49.96
49.941
50.825
50.676
50.527
50.291
50.646
63.413
63.51
51.681
51.006
51.426
52.621
52.295
53.058
52.646
53.005
52.93
52.838
53.239
52.9
54.457
51.023
50.143
48.342
49.803
51.468
53.351
52.88
53.07
52.598
51.916
50.862
61.959
61.919
62.119
52.666
52.693
52.441
52.058
51.625
52.32
51.943
51.914
52.423
51.922
52.754
52.384
53.145
52.648
53.267
53.02
53.086
52.757
52.984
78.998
78.981
78.971
66.021
61.766
57.512
56.279
55.046
55.832
55.724
55.242
55.356
55.116
55.309
55.414
54.885
55.967
55.826
55.458
55.09
64.012
64.016
81.013
80.919
63.995
63.976
64.314
57.584
57.793
57.307
57.017
56.874
56.494
56.279
56.282
56.598
56.819
57.168
57.008
57.005
57.184
57.338
57.24
57.104
56.938
57.124
57.188
57.148
57.006
56.83
56.699
56.633
56.679
56.815
56.846
56.676
56.658
56.411
56.249
56.223
55.81
59.906
60.041
59.861
59.884
59.92
60.019
59.98
59.92
59.971
59.974
60.051
60.094
59.96
59.886
59.928
59.916
60.09
60.062
59.925
59.887
59.917
60.012
68.001
65.986
71.023
76.061
76.008
75.972
75.985
76.007
76.081
76.006
63.981
63.995
64.031
79.064
78.975
78.96
79.036
78.983
78.959
78.985
79.004
54.233
54.263
55.986
57.71
57.597
57.94
58.39
57.922
57.981
57.923
57.955
57.994
58.026
57.908
57.983
57.995
57.945
57.96
57.945
57.879
57.885
57.962
57.99
57.887
57.997
58.007
58.013
58.04
57.977
57.895
57.931
57.861
57.982
52.874
51.088
56.521
56.174
55.827
55.867
55.908
56.394
56.881
55.153
56.965
57.058
57.15
57.532
57.595
59.76
61.925
62.03
71.525
81.019
80.95
80.933
61.938
61.927
61.965
62.002
57.261
57.423
57.495
57.567
57.619
57.545
76.383
66.958
57.533
57.39
57.563
57.709
57.295
56.305
56.949
40.316
43.387
46.457
46.93
45.766
44.86
61.809
73.844
73.931
68.118
76.052
83.985
83.971
83.98
84.003
84.007
70.709
67.32
63.932
63.977
63.911
63.977
64.083
64.011
64.002
59.351
59.498
59.961
59.966
60.089
60.087
59.794
59.94
60.085
60.134
59.833
57.641
44.927
45.015
46.269
51.151
80.923
81.038
51.858
52.127
52.25
53.145
55.503
54.471
54.864
55.732
54.905
55.226
55.948
55.843
55.793
55.864
55.758
55.803
56.257
56.346
56.342
62.521
56.15
56.355
56.559
56.526
56.819
56.904
57.044
56.924
57.068
57.034
56.966
57.035
56.924
56.801
56.743
57.29
57.243
81.081
81.202
81.099
81.041
