43.463
43.681
43.216
43.627
44.251
43.055
44.914
44.697
44.226
44.244
44.09
44.345
44.484
44.357
43.961
44.517
44.435
44.601
64.061
63.584
63.525
63.534
64.114
64.127
64.14
64.029
58.371
52.713
53.279
54.678
54.767
53.661
53.662
53.663
59.455
65.248
64.886
53.238
53.457
52.005
50.553
53.743
54.014
53.618
53.416
51.761
65.449
64.997
52.456
52.41
52.787
54.136
48.431
49.063
49.665
50.268
50.125
49.521
55.178
60.835
61.25
61.207
61.234
61.203
61.21
61.222
61.06
60.341
60.427
60.424
60.42
60.963
58.436
52.407
52.616
53.284
54.1
54.14
52.603
56.84
56.736
57.208
57.55
57.14
56.835
55.028
56.24
57.623
69.704
69.386
69.223
69.234
69.161
68.902
56.117
56.588
56.161
56.659
55.997
55.957
55.859
55.399
55.289
55.18
55
54.82
54.884
49.724
48.705
65.981
65.531
71.999
71.521
68.246
64.972
64.814
64.761
53.819
53.767
53.735
53.703
53.67
55.533
55.402
67.033
67.09
66.987
67.082
67.236
67.381
67.545
67.74
67.876
67.682
67.547
67.514
67.609
56.033
55.186
55.747
54.071
54.179
53.743
53.307
52.994
52.589
53.649
60.915
60.804
60.549
60.241
60.248
59.922
59.727
59.821
59.849
60.026
60.197
60.228
60.092
60.258
60.303
60.362
60.286
59.951
59.984
59.218
52.204
52.547
52.552
52.557
51.178
50.211
49.244
51.449
53.266
52.95
54.257
56.024
55.204
59.112
55.904
55.31
54.715
51.547
51.99
55.277
54.002
52.727
56.366
55.066
53.766
51.215
59.854
68.493
68.979
69.284
57.117
54.376
54.698
55.021
57.019
71.694
71.899
43.153
44.124
44.186
43.85
71.984
71.524
71.474
45.57
46.195
45.709
46.25
53.205
52.33
51.454
72.53
72.573
72.708
72.665
72.689
72.581
72.445
72.375
72.314
72.401
72.457
72.47
72.54
72.6
72.701
72.733
72.827
72.822
72.806
72.841
72.858
72.897
72.973
72.886
72.815
72.846
72.825
72.824
72.902
72.947
73.046
73.146
73.194
73.135
73.067
73.078
73.126
73.064
73.001
72.995
73.004
72.967
72.97
72.971
73.143
73.235
73.327
73.342
73.39
73.443
73.473
73.541
73.652
73.725
73.763
73.69
73.583
73.342
72.98
72.285
70.612
71.929
73.246
72.466
72.916
67.512
68.942
69.746
70.551
71.164
71.51
71.878
72.088
72.41
72.79
73.208
73.581
74.17
74.79
75.339
75.759
76.161
76.424
76.559
76.688
76.884
77.212
77.251
77.135
77.014
43.454
43.8
75.951
75.825
75.609
75.359
75.19
63.024
62.841
62.215
60.992
58.99
44.046
44.203
56.155
55.908
44.058
44.138
43.752
61.518
61.881
61.654
61.845
61.527
61.881
55.955
59.176
62.396
62.515
62.285
62.244
62.204
62.639
62.813
63.061
63.14
63.067
62.924
63.02
63.079
63.138
63.22
63.375
63.329
63.283
63.151
63.049
62.914
62.779
62.742
62.646
62.567
62.547
62.885
62.917
62.85
62.952
63.219
63.417
63.212
63.302
63.357
63.279
63.186
63.236
63.254
62.991
63.048
63.278
63.233
62.824
43.772
44.089
43.289
44.211
43.779
43.326
43.861
43.636
44.362
43.781
44.22
44.139
44.264
44.109
44.304
44.5
44.168
44.239
44.045
44.438
44.114
44.979
45.844
44.75
43.753
43.723
43.534
43.645
44.176
