73.03
72.992
73.038
73.09
73.042
72.995
73.021
72.977
73.006
73.032
73.024
73.039
73.034
72.967
72.983
72.978
72.916
67.952
67.954
68.022
68.053
68.049
67.931
67.933
67.964
67.982
68.009
72.944
72.991
67.931
68.052
64.2
64.054
64.015
63.92
63.925
63.93
63.871
64.008
63.992
63.938
68.019
67.984
68.005
67.931
67.987
67.994
67.995
68.026
63.921
63.995
56.879
49.763
49.585
49.407
49.327
49.247
50.117
50.313
49.97
49.568
50.077
49.837
50.024
48.122
48.775
48.424
48.072
46.826
48.421
48.831
72.986
73.006
50.272
49.506
49.957
49.461
49.419
49.377
48.63
66.015
66
65.969
66.029
72.968
72.984
66.131
48.085
48.057
48.402
48.746
48.992
48.914
48.835
50.16
49.878
72.915
73.014
73.007
66.179
59.352
59.444
59.537
47.954
47.534
47.118
47.486
46.978
48.22
72.923
72.963
72.991
72.97
72.986
73.002
47.916
47.75
48.008
48.265
47.86
48.083
48.305
48.298
48.224
48.149
48.076
72.993
73.016
73
73.083
70.976
68.869
69.052
80.898
80.879
80.945
80.918
80.97
55.048
55.134
55.182
54.983
55.037
54.894
55.14
54.906
54.179
80.908
80.901
80.909
80.931
80.954
55.546
56.443
56.508
56.265
55.957
81.014
81.02
81.032
81.017
81.025
56.028
56.321
56.438
56.502
56.469
56.352
56.31
80.997
81.022
81.028
81.029
81.021
81.012
81.018
80.983
80.971
80.982
80.966
80.985
80.993
80.983
81.009
81.024
81.021
81.014
81.025
81.054
49.804
49.846
50.083
49.953
49.822
49.963
49.861
80.959
80.903
80.927
80.929
80.874
80.921
65.436
66.001
66.603
55.366
55.489
55.385
54.96
82.899
82.905
82.897
82.909
82.938
56.92
57.433
57.95
58.113
58.257
83.043
83.04
83.059
80.915
80.862
80.922
80.928
55.533
55.919
56.092
56.117
56.045
55.97
55.609
54.574
53.313
79.92
79.9
79.922
79.885
79.923
53.946
53.962
66.095
66.03
66.072
54.353
54.459
54.245
54.039
65.118
64.852
64.905
65.132
65.359
65.413
53.317
53.455
53.523
53.396
53.269
52.726
79.887
79.961
79.916
79.917
54.421
54.427
54.75
54.924
55.339
55.552
55.392
54.878
80.905
80.894
80.91
80.917
80.921
80.934
54.944
55.234
55.507
67.165
67.166
67.025
67.213
67.402
79.939
79.917
55.282
55.157
54.627
54.645
54.66
55.119
55.226
55.437
55.733
55.404
80.027
80.029
80.027
80.023
80.027
79.98
79.981
54.578
54.752
54.472
79.943
79.967
80.006
80.023
80.036
80.056
80.033
80.021
80.039
79.978
80.013
79.987
79.936
79.976
79.962
79.966
79.99
80.01
80.003
80.03
80.025
80.019
80.05
80.018
79.982
79.994
79.978
80.005
50.865
50.984
51.844
51.546
51.471
51.306
51.441
51.472
51.391
