52.12
53.391
59.054
59.083
59.029
59.052
59.058
59.129
59.049
59.02
59.058
59.126
59.097
58.993
59.075
59.095
58.962
59.107
59.049
59.087
58.987
59.065
58.964
59.026
58.762
51.66
44.558
54.403
64.248
64.475
43.08
43.782
45.047
45.473
45.898
47.93
46.243
47.465
46.573
47.331
46.795
47.01
47.092
47.143
47.198
47.492
52.183
56.875
57.433
57.585
57.977
58.369
59.303
46.697
46.863
60.948
61.259
60.911
61.254
60.798
60.837
57.21
53.584
53.387
49.209
50.304
50.137
47.512
47.097
47.31
60.842
61.325
47.06
47.221
47.981
47.208
47.422
47.014
46.607
47.21
46.689
46.646
46.603
47.352
47.011
47.135
71.015
71.047
71.026
47.071
48.974
49.836
49.216
51.199
49.058
50.147
49.636
49.125
49.69
49.495
49.154
50.028
49.649
50.558
50.118
50.922
49.904
50.791
50.254
50.805
50.145
50.535
49.7
50.289
66.053
66.07
66.081
66.059
66.091
66.049
66.077
66.091
66.037
66.06
66.123
66.02
66.092
66.049
66.104
66.029
66.042
66.063
66.063
66.11
66.081
66.063
43.879
44.268
55.517
55.131
55.263
55.295
55.327
55.372
60.765
66.158
66.027
66.112
66.05
66.056
66.026
48.01
47.658
47.829
47.915
47.965
48.156
47.266
47.745
48.583
47.807
46.383
46.611
45.853
45.982
46.112
57.614
58.371
54.825
51.28
51.732
52.088
51.237
51.597
52.015
52.047
51.6
51.905
52.023
52.544
52.907
53.197
53.299
53.215
53.235
53.154
53.15
53.347
54.013
53.64
54.274
54.378
54.158
54.032
53.902
54.456
50.68
50.539
49.429
49.449
48.515
49.232
60.888
60.996
61.137
61.177
61.264
49.405
50.21
50.116
49.535
61.082
61.178
61.127
60.97
60.92
61.007
63.524
66.041
66.105
66.086
66.135
66.073
66.114
66.165
66.091
66.076
66.121
66.063
66.084
66.112
66.042
66.051
66.087
66.15
65.943
66.264
65.886
66.149
66.067
65.99
66.166
66.02
66.012
66.152
66.061
66.007
66.08
66.154
66.075
65.997
63.432
64.773
66.113
66.065
43.157
43.18
60.853
61.07
60.948
60.954
56.775
58.519
60.034
48.073
48.596
48.633
49.264
49.045
49.234
49.724
50.231
50.209
50.756
50.83
50.7
50.49
50.547
50.347
50.427
50.057
50.204
50.492
52.622
52.016
51.629
52.244
51.66
51.801
52.122
51.542
52.411
51.332
52.452
51.489
51.838
51.79
51.033
51.631
52.748
50.21
50.982
51.754
50.394
47.744
48.26
49.16
47.235
48.154
49.363
47.413
48.706
48.187
47.481
48.683
48.907
47.789
49.131
47.983
49.443
47.467
45.492
47.721
46.608
46.659
46.752
46.152
46.404
46.813
46.516
47.248
46.425
46.015
45.919
45.615
44.878
44.522
45.605
45.921
46.41
46.18
46.223
46.394
46.547
46.684
46.639
46.623
46.829
46.435
44.893
64.168
64.109
64.144
64.103
64.099
64.086
64.179
49.843
48.967
48.392
48.991
49.198
49.1
48.713
48.919
48.804
48.82
48.584
48.613
48.607
71.034
71.023
71.073
71.005
71.048
71.059
71.069
71.027
71.045
71.029
71.054
