71.039
71.053
71.035
70.992
43.202
43.336
43.228
43.12
43.304
43.932
50.163
47.549
44.935
45.668
83.183
83.153
83.191
83.21
83.168
83.152
83.152
83.157
83.17
67.999
52.827
49.413
49.229
48.982
47.843
59.342
59.529
48.425
48.816
48.655
48.523
48.432
47.838
47.068
58.023
57.665
57.842
57.19
57.978
57.762
57.544
57.77
57.752
58.142
70.639
58.346
46.052
45.202
49.975
51.492
51.17
51.323
51.697
52.113
52.369
52.443
53.967
52.848
53.841
53.574
56.837
56.448
55.942
56.266
56.294
56.201
55.755
53.289
54.505
53.24
54.066
53.802
53.979
53.777
54.127
54.051
54.347
53.848
54.337
53.665
52.875
54.67
55.25
55.445
55.43
55.811
55.899
56.322
55.528
55.799
56.102
55.806
55.341
53.855
55.424
51.196
46.968
48.644
48.915
48.176
48.669
48.908
48.749
49.457
50.166
49.19
49.176
49.965
49.885
50.17
50.474
50.396
50.183
54.368
58.554
57.942
54.506
53.979
53.876
53.773
53.887
54.14
54.403
54.288
54.495
54.024
54.247
53.94
54.574
53.832
53.889
54.465
48.441
48.814
50.943
53.071
53.45
53.967
49.699
49.766
50.559
51.099
50.583
51.015
50.223
50.822
51.489
50.532
50.764
51.032
50.764
51.328
50.82
51.527
50.82
51.619
50.995
51.201
51.302
50.022
53.375
53.56
53.5
53.546
53.56
53.514
53.285
53.402
53.559
53.668
52.129
66.07
66.139
66.144
66.042
66.08
61.3
56.52
55.692
55.549
55.364
55.443
55.469
55.369
55.109
54.739
54.534
54.329
54.144
54.279
54.158
54.189
54.074
54.067
53.691
53.583
53.382
53.063
54.643
52.601
54.356
50.412
50.114
49.294
48.679
55.861
55.047
53.04
53.726
53.723
53.284
53.277
68.211
83.144
83.177
54.255
54.001
83.164
83.194
83.15
83.215
48.904
49.095
50.399
53.421
54.053
53.812
54.096
53.355
54.242
53.974
54.011
53.171
53.797
53.743
52.984
71.061
71.054
71.004
65.864
54.106
53.855
54.257
53.864
54.353
53.623
53.853
53.082
52.961
53.697
53.731
53.851
53.514
53.304
53.49
53.616
53.93
54.037
53.959
53.718
82.979
83.152
83.174
83.206
83.249
83.295
83.229
83.196
83.182
83.191
83.194
75.538
79.374
83.21
83.167
55.356
54.079
57.815
67.584
67.498
67.385
67.272
67.15
71.047
71.011
71.054
71.047
67.187
67.27
54.066
54.476
71.777
71.547
53.862
53.811
54.479
54.503
54.791
55.08
66.542
66.529
66.754
66.779
67.026
67.277
67.469
67.446
67.234
54.272
54.235
54.39
54.225
54.188
53.869
54.306
54.398
50.271
49.292
48.528
44.687
45.561
47.842
54.473
53.511
53.529
53.804
54.723
53.199
52.621
49.621
50.03
49.649
49.481
49.835
50.205
50.361
50.539
50.626
50.199
49.772
50.297
60.706
71.034
70.996
83.047
83.074
83.063
71.035
71.003
71.06
71.058
71.015
70.988
54.378
53.911
54.062
54.177
54.399
54.253
54.327
54.442
54.147
54.254
54.604
53.727
54.648
54.144
52.225
50.307
80.116
82.085
58.081
58.16
57.993
58.003
57.999
58.035
57.947
57.999
58.189
58.232
58.545
57.788
58.318
58.159
53.689
54.166
55.045
44.316
45.772
54.296
60.601
59.721
60.811
61.081
61.067
57.433
57.478
51.068
54.406
57.743
57.861
58.191
58.632
47.768
47.581
47.235
47.611
46.079
46.323
44.773
44.335
43.898
43.683
43.23
55.199
54.979
55.55
55.066
46.192
56.108
50.642
58.302
52.87
47.437
45.937
52.806
53.518
53.323
53.439
53.858
71.123
71.067
71.013
53.397
53.825
71.066
71.026
55.084
55.004
55.209
55.571
55.594
55.469
55.583
56.159
55.631
55.992
54.553
53.526
53.869
53.945
54.611
54.047
54.16
53.688
54.036
54.487
54.374
54.107
54.031
54.023
54.465
53.859
54.026
54.854
54.278
53.702
71.026
71.053
70.985
71.086
71
71.039
53.713
54.032
54.188
53.959
53.622
53.759
53.895
53.743
53.834
53.697
53.658
71.05
71.027
71.039
71.032
71.046
71.062
53.155
53.37
52.845
52.848
52.963
53.079
53.299
52.747
53.287
52.23
71.014
71.052
71.062
43.397
45.361
45.762
46.016
46.705
48.069
50.513
52.957
52.628
53.592
51.943
50.295
54.473
53.895
52.023
50.172
51
49.452
50.745
51.427
50.248
50.374
50.936
51.564
49.575
51.162
50.425
71.035
71.037
71.027
71.036
51.577
53.008
53.557
53.737
53.602
53.393
52.277
53.837
55.077
53.694
53.452
53.548
53.915
54.157
53.867
53.925
54.315
54.167
53.768
53.92
54.133
53.91
53.66
53.823
58.227
58.222
53.784
54.124
53.991
53.858
53.923
54.126
57.723
58.583
58.439
58.144
58.101
57.765
53.675
53.622
53.817
54.129
54.453
54.464
54.16
54.066
54.4
54.289
