61.186
61.19
61.16
61.146
60.864
60.822
61.148
60.997
61.341
61.159
60.976
60.958
60.979
53.47
53.721
53.491
61.027
65.923
66.214
66.205
53.532
54.451
53.539
55.968
56.564
55.886
56.889
55.068
56.701
55.312
54.824
66.498
66.128
53.411
53.96
54.869
54.866
54.816
54.846
54.673
54.499
54.766
53.927
53.788
53.83
54.105
53.846
53.78
54.021
55.069
56.063
57.382
58.188
58.352
58.201
57.85
57.613
52.275
52.027
57.581
58.074
58.312
58.604
58.918
58.982
58.824
58.547
58.212
57.81
57.48
57.192
56.848
56.879
56.669
56.349
56.371
56.329
55.705
55.046
53.374
52.796
53.788
54.78
56.042
55.93
54.936
55.218
55.487
55.389
83.138
83.143
55.926
55.664
83.163
83.182
83.13
55.192
54.534
54.735
54.794
54.392
54.339
53.954
53.85
53.597
54.651
53.745
53.842
53.332
53.364
71.054
71.04
71.029
71.042
55.529
55.83
56.034
55.75
55.747
55.622
55.656
55.872
56.168
55.919
55.691
55.08
70.996
71.041
59.096
61.83
56.891
51.951
52.602
53.05
53.318
53.071
53.751
53.755
53.382
53.248
53.306
83.17
83.149
83.193
83.149
83.137
49.395
50.079
62.691
62.28
62.663
51.397
51.209
50.977
51.312
50.533
50.258
60.254
59.489
58.725
58.302
57.679
58.556
58.83
58.494
58.692
58.986
59.234
59.124
59.277
59.491
49.249
47.899
48.851
49.804
50.227
50.649
51.147
51.17
51.08
51.49
52.013
48.987
48.752
48.517
47.016
46.98
46.945
48.12
46.601
48.419
48.49
48.56
48.405
48.196
47.987
48.606
50.896
53.187
53.799
54.062
54.67
53.583
54.107
52.777
51.906
51.589
50.573
51.697
51.15
50.279
51.991
52.349
52.706
52.004
71.065
71.089
71.03
71.033
71.022
71.095
70.982
71.109
70.975
71.111
71.015
71.049
71.038
71.026
71.014
71.031
71.048
59.037
59.69
58.688
59.454
59.246
58.831
59.468
58.864
59.098
59.074
59.268
51.99
52.5
83.059
83.086
83.056
83.06
83.102
83.059
83.111
83.104
83.097
83.054
83.071
83.102
83.095
57.887
55.652
53.417
53.683
53.968
54.809
53.78
53.601
46.035
46.348
71.095
71.021
71.103
71.027
59.027
47.239
48.315
48.993
48.126
49.793
49.817
48.824
48.857
48.722
47.244
71.096
71.006
71.038
71.146
62.551
53.956
55.225
55.239
55.207
55.041
54.848
54.74
54.883
54.869
55.087
54.85
54.907
55.17
55.452
56.043
56.574
56.004
56.647
51.732
52.106
51.833
52.343
55.654
55.45
55.657
55.832
56
56.189
56.276
56.505
56.399
56.223
55.875
55.034
55.166
56.293
55.275
55.499
55.265
55.955
56.342
56.318
56.265
55.788
56.012
56.273
55.977
56.018
55.9
56.096
83.14
83.149
83.137
55.742
56.068
56.525
56.373
83.158
83.112
83.131
83.131
83.147
83.218
83.182
83.136
83.124
83.135
70.992
71.066
71.04
71.026
71.013
71
71.062
71.025
71.032
70.997
71.059
71.037
71.019
71
71.096
