57.978
57.942
58.34
57.924
54.192
45.666
45.717
45.958
45.843
45.95
45.911
45.872
45.932
45.642
45.94
45.893
45.966
45.897
45.809
45.865
45.778
45.896
46.067
45.876
46.054
45.662
45.827
45.976
45.521
44.762
44.004
46.394
48.785
48.817
48.658
69.987
69.992
67.134
64.276
64.769
65.396
54.134
54.182
54.874
55.233
55.517
55.749
55.913
55.786
55.219
54.93
53.908
49.864
48.616
50.433
53.43
52.716
51.849
51.999
51.823
51.728
51.858
51.81
51.519
49.781
50.161
48.714
49.097
48.405
49.399
49.075
49.73
50.421
51.062
50.634
50.913
50.416
50.089
49.983
49.703
49.108
49.646
50.077
50.148
50.191
50.754
50.959
50.147
50.732
50.819
50.273
50.379
50.076
50.325
50.458
50.008
50.072
50.564
50.565
50.378
46.579
46.898
50.503
49.773
49.84
50.098
50.697
50.625
50.354
51.374
52.394
50.891
50.178
52.157
50.382
51.018
51.833
50.608
51.866
50
48.974
49.167
73.007
73.044
73.007
73.051
72.967
73.088
72.995
73.044
73.02
73.04
73.06
63.308
63.116
62.924
55.964
45.259
45.07
45.381
45.692
45.64
51.06
51.786
52.513
43.132
44.284
43.498
43.87
43.588
43.737
43.005
43.307
43.132
43.413
54.882
56.872
57.669
58.36
59.217
54.07
48.924
50.36
62.424
62.619
50.963
51.436
51.818
52.193
52.681
52.795
53.105
52.672
52.336
51.443
51.046
49.944
48.516
48.032
48.007
47.78
47.151
49.187
47.197
48.798
48.13
47.269
46.884
46.499
48.541
47.859
47.176
61.123
61.25
62.093
62.664
51.9
52.033
51.415
50.931
50.446
50.954
51.461
51.948
52.434
51.624
51.781
51.648
51.718
52.059
52.182
52.528
52.608
52.353
52.804
52.565
52.557
52.647
52.6
52.511
52.377
52.099
52.129
52.195
52.387
52.453
52.527
52.58
52.57
52.597
52.471
52.458
52.357
52.308
52.406
52.504
52.489
52.609
52.412
52.117
52.276
52.679
52.685
51.708
52.368
52.635
52.631
52.561
52.493
52.862
52.609
52.875
52.688
52.733
52.589
45.757
45.881
45.93
45.878
46.025
46.1
46.116
45.76
46.08
45.974
46.103
46.03
45.785
45.92
45.757
45.846
46.012
46.026
45.925
45.66
49.233
70.047
69.988
69.993
47.992
48.794
47.72
50.5
47.115
46.658
46.201
46.163
45.695
45.881
45.718
46.01
45.961
46.078
45.734
45.747
45.814
45.899
45.903
45.968
45.846
45.78
