45.478
46.452
45.414
46.48
45.878
45.804
46.065
45.666
73.681
74.244
73.848
73.881
73.752
73.676
73.6
73.881
74.163
73.611
73.965
74.153
74.046
73.75
73.714
73.934
74.155
73.925
73.934
73.942
51.125
52.631
54.172
55.344
56.512
56.956
57.138
56.427
55.132
74.124
74.072
74.013
46.427
45.59
54.971
55.223
55.221
55.33
55.361
55.05
53.87
63.974
74.077
74.093
73.845
74.034
48.888
50.634
51.033
51.589
51.861
52.924
52.211
52.111
52.847
52.957
52.486
54.215
52.7
54.331
53.416
53.722
54.545
53.304
54.527
53.905
53.46
53.847
53.148
52.872
51.567
51.58
51.264
50.948
50.949
50.402
52.692
53.106
53.52
54.066
53.95
53.749
54.155
53.266
53.854
52.747
53.421
53.027
53.588
53.463
53.942
53.498
54.083
53.741
53.876
54.129
53.592
54.226
54.055
53.971
54.589
54.109
53.516
54.331
52.714
52.74
52.767
52.618
54.537
52.836
54.807
53.164
53.156
55.029
55.174
55.32
51.524
51.398
69.701
69.695
69.361
69.145
68.919
56.842
57.367
57.482
57.533
57.723
69.971
70.17
58.52
58.336
58.046
57.798
57.406
56.615
55.659
54.755
54.252
54.548
55.34
56.132
56.537
56.746
68.447
68.002
43.972
44.064
44.017
43.979
43.796
44.288
44.038
57.064
57.031
57.205
57.378
57.465
57.547
57.415
57.347
57.279
57.449
55.988
54.528
53.342
50.354
45.224
43.565
43.515
43.465
52.057
53.423
55.395
55.763
55.932
55.65
55.179
54.983
55.284
55.296
55.609
55.75
55.824
55.736
55.636
55.655
55.758
55.742
55.461
47.991
48.175
47.719
48.4
47.875
47.853
48.417
47.861
47.526
47.921
48.041
47.723
47.897
48.426
47.885
47.666
47.961
47.695
47.428
51.622
55.816
56.392
55.847
56.506
57.075
58.21
47.795
49.249
50.628
50.699
51.179
50.854
51.358
50.837
51.116
50.557
50.492
51.185
52.007
51.954
52.101
51.917
48.31
49.511
49.496
48.96
48.767
49.717
50.667
52.274
51.061
52.597
51.161
52.786
52.316
52.301
53.346
53.265
53.064
53.163
53.351
53.522
52.751
52.08
53.124
52.755
52.534
53.289
53.192
52.729
52.664
53.286
53.446
52.715
52.461
53.347
53.201
52.556
52.904
53.389
53.209
52.405
52.857
53.24
52.717
52.299
53.118
52.623
52.251
53.293
52.958
51.582
52.825
51.588
51.57
52.802
51.725
52.784
52.874
51.973
53.485
53.35
52.944
52.718
67.98
68.03
68.007
67.984
67.987
50.87
52.695
52.81
60.248
60.18
66.262
63.157
60.052
66.346
59.625
52.904
53.16
53.015
53.012
52.926
52.84
60.818
60.843
61.24
60.972
60.763
53.007
53.543
53.186
52.828
64.933
77.028
77.021
64.933
65.027
65.097
65.047
65.017
64.997
64.985
64.991
80.099
80.111
80.129
76.573
73.017
73.066
72.901
73.008
72.847
73.071
72.808
68.889
64.971
65.109
