44.615
45.55
46.484
46.358
45.95
46.039
45.62
45.765
45.91
46.377
46.092
45.873
45.421
45.84
45.912
46.005
46.117
46.053
45.744
46.001
45.546
47.25
46.375
44.694
44.524
42.98
43.753
44.526
45.557
43.604
43.34
43.077
43.677
44.277
44.178
44.078
45.739
43.281
44.203
45.124
45.805
49.911
54.017
53.686
50.57
52.185
53.801
62.537
61.113
59.689
59.605
59.839
60.074
49.032
47.779
46.936
55.394
61.334
62.39
61.778
61.807
62.345
61.971
61.597
47.839
48.11
61.406
74.702
74.625
74.603
74.442
74.042
73.71
61.052
47.29
48.436
48.5
60.266
73.145
72.671
79.233
79.135
75.781
72.428
72.266
44.813
43.306
45.029
43.096
45.284
64.801
65.169
64.428
76.092
75.897
75.429
75.112
75.161
63.474
63.829
64.141
64.454
64.679
64.798
64.789
64.399
63.857
62.888
61.292
61.636
62.693
82.131
82.673
83.139
83.096
83.106
82.861
82.498
82.343
82.343
82.648
82.944
83.191
83.567
76.717
76.85
76.866
76.625
76.312
64.046
63.693
63.658
63.743
64
64.908
51.471
53.275
64.918
65.178
64.948
64.945
64.856
64.681
63.849
56.232
56.483
62.202
63.133
74.407
74.291
74.355
74.394
74.43
74.425
74.161
61.569
61.193
60.879
61.162
60.808
60.554
60.555
60.466
60.544
60.567
60.698
60.766
60.711
60.557
60.312
60.569
60.7
60.811
60.765
60.7
60.308
57.378
55.735
57.122
58.509
60.684
61.483
61.346
61.209
48.237
47.743
47.944
48.145
48.111
48.076
48.104
48.132
62.716
62.758
62.751
62.518
61.97
62.186
62.402
62.25
62.193
62.467
62.49
62.519
62.156
62.012
62.442
62.68
62.927
63.023
63.127
63.217
62.677
60.676
59.656
59.021
59.533
60.045
48.033
47.943
47.985
48.026
48.002
47.59
55.16
51.372
53.479
52.984
52.49
51.586
56.6
55.933
55.266
55.133
53.28
55.921
55.44
55.807
53.41
54.238
55.066
55.596
55.338
55.831
56.324
55.509
55.291
54.009
69.8
71.5
71.125
78.194
78.306
78.415
71.92
72.134
71.927
59.399
57.996
55.994
53.494
56.342
59.19
60.079
60.031
59.812
59.78
60.038
59.683
59.493
59.928
60.213
60.374
61.358
61.203
61.048
46.244
45.885
45.765
60.06
60.54
61.029
60.899
60.888
60.903
60.728
60.76
60.841
60.892
60.982
60.957
60.787
60.46
60.309
60.069
45.993
46.22
45.479
46.36
45.604
46.328
45.931
45.902
46.201
46.042
45.646
45.028
46.071
46.001
45.807
45.94
45.012
45.615
45.855
59.355
60.252
60.316
60.376
60.59
60.713
60.931
61.148
60.931
60.769
60.714
60.635
60.22
59.724
57.603
45.911
45.48
45.748
46.539
60.939
72.506
72.404
72.418
72.13
71.783
71.799
71.863
72.267
72.562
72.724
72.862
73.002
60.635
60.289
59.924
46.191
45.938
45.904
54.961
58.045
57.899
57.975
57.973
57.998
58.083
58.09
57.986
58.11
57.982
57.784
57.334
56.916
56.47
55.187
55.164
54.84
54.76
54.812
54.3
52.095
51.352
50.847
50.343
54.066
53.825
54.045
53.149
53.193
53.238
44.097
44.097
44.15
44.203
44.217
43.85
44.232
43.986
44.066
44.066
44.314
44.304
54.984
55.229
43.386
43.469
43.33
43.207
55.426
55.12
43.622
43.687
43.954
44.082
43.868
43.969
44.105
44.016
44.134
52.538
53.246
44.304
43.964
44.229
44.44
44.58
43.394
44.222
43.335
43.474
51.455
47.595
43.735
