72.946
73.012
72.873
72.931
72.951
72.967
72.974
72.971
72.972
73.007
72.949
72.971
72.966
72.965
72.985
73.01
72.974
72.995
72.98
72.926
72.961
72.979
72.967
72.959
72.99
72.955
72.999
72.997
73.001
72.92
73.006
72.995
72.967
72.967
72.946
72.88
72.891
72.827
72.759
72.69
45.506
44.953
47.047
47.653
47.524
48.042
48.526
48.745
48.796
48.847
48.589
48.959
48.643
60.71
55.344
49.978
49.455
50.418
49.658
49.972
49.174
48.376
49.026
47.913
48.678
57.119
56.919
56.887
56.854
57.068
56.81
72.949
72.95
56.901
56.899
73.03
72.965
72.966
72.968
72.874
72.779
48.044
47.971
48.483
72.887
72.916
72.949
72.988
72.908
73.003
76.952
62.562
48.172
48.407
48.623
48.894
48.846
48.948
49.068
49.273
48.931
49.131
49.14
48.983
49.149
49.126
80.906
80.91
80.924
80.951
80.986
81.056
81.012
80.995
81.02
80.999
81.025
81.024
81.018
81.028
81.009
56.6
56.727
56.826
57.159
57.232
57.169
57.005
56.644
81.027
81.029
81.024
81.014
81.014
80.997
80.976
80.963
57.332
57.122
56.973
56.762
56.718
56.656
56.594
56.409
56.266
56.655
57.004
57.203
57.255
57.322
57.391
57.631
57.903
58.101
80.909
80.915
80.907
80.931
80.932
80.959
81.013
81.022
51.461
50.045
49.985
49.925
82.897
82.922
82.897
82.927
82.923
82.975
75.56
68.145
68.154
75.584
83.015
83.047
56.084
56.458
56.494
56.847
56.49
56.133
56.861
57.215
57.5
57.834
58.535
57.941
58.189
58.936
57.771
57.454
57.391
57.239
57.264
57.072
56.77
56.469
56.325
56.123
55.764
55.846
55.927
55.658
55.254
55.689
55.367
55.259
55.138
54.29
77.981
77.984
78.026
77.991
78.943
79.895
55.58
55.486
55.296
67.425
67.444
67.295
67.146
53.252
54.033
54.673
60.109
80.934
80.943
54.802
54.499
55.124
55.748
55.809
55.947
55.94
55.613
81
81.007
81.012
80.461
79.91
79.955
79.864
79.91
55.815
55.665
67.134
67.054
66.996
67.269
55.383
55.465
55.453
55.326
55.067
54.619
54.121
53.858
53.78
54.096
54.353
54.66
55.015
55.233
54.931
54.849
54.713
54.862
55.053
55.47
80.015
79.99
80.004
79.984
79.977
79.984
79.963
79.984
79.997
79.967
80.03
80.013
80.004
80.035
80.028
80.02
49.116
49.053
50.298
48.59
49.168
75.983
75.992
75.958
75.985
75.976
76.021
76.004
75.969
75.981
56.068
55.584
55.426
56.329
57.534
46.919
48.119
48.831
49.296
49.445
49.929
50.001
50.264
50.048
49.746
49.711
49.34
49.029
49.173
49.892
50.1
49.922
49.798
49.965
50.219
50.375
50.71
50.768
50.88
50.81
50.905
51.116
51.208
50.945
50.809
50.953
50.629
50.31
50.494
50.236
50.289
50.128
50.334
50.163
49.771
50.263
49.988
50.048
49.794
50.05
72.962
73.022
73.033
73
72.95
73.006
73.016
72.978
72.992
