83.015
82.981
83.002
82.977
82.98
82.999
83.022
82.985
82.974
82.989
83.02
83.023
82.999
82.992
83.02
83.006
83.003
82.986
82.998
82.993
82.965
82.973
82.984
82.989
83.015
83.031
83.036
83.032
83.016
82.983
82.978
82.973
82.951
82.959
82.996
83.02
83.039
83.041
83.034
83.034
83.001
82.977
82.95
82.942
82.935
82.961
83.019
83.026
83.061
83.053
83.039
83.019
82.984
82.96
82.927
82.944
82.968
82.989
83.042
83.046
83.05
83.027
82.997
82.996
77.307
71.618
67.781
68.031
48.391
49.015
48.747
49.128
48.628
49.121
48.828
48.704
49.096
48.9
48.873
49.022
48.815
48.911
48.913
48.854
48.981
48.892
49.011
48.929
48.792
48.966
48.927
48.886
49.006
48.808
48.96
48.908
48.82
48.953
48.948
48.961
48.974
48.859
48.984
48.898
48.944
48.892
48.931
48.872
49.07
48.86
48.898
49.165
49.023
49.057
49.092
49.199
51.876
47.709
50.663
53.618
54.93
54.619
54.708
54.796
55.928
57.657
54.26
54.705
54.453
54.201
55.929
56.29
56.65
46.208
45.986
46.585
46.545
45.369
47.043
49.197
48.314
53.005
50.359
47.714
46.872
48.245
47.341
49.254
50.669
45.833
46.195
48.545
48.131
48.055
47.969
49.219
59.168
69.118
69.22
48.338
45.722
45.98
47.222
46.508
48.072
48.074
47.494
49.329
48.828
50.849
50.536
51.213
51.89
47.839
52.357
50.14
47.923
46.674
48.192
48.249
47.11
47.641
48.171
48.657
48.901
48.941
48.79
48.526
46.785
53.6
54.466
53.435
53.48
54.445
53.581
54.055
54.529
54.297
54.061
54.027
53.803
53.762
56.22
56.071
56.42
56.001
56.546
56.201
56.087
55.668
53.212
67.065
80.917
80.964
57.936
57.748
57.561
57.105
56.38
56.485
56.164
56.575
56.778
56.729
56.698
56.961
57.185
57.025
57.045
56.841
56.506
56.583
56.388
56.976
57.003
56.604
57.185
57.716
57.637
57.088
80.949
80.953
80.994
54.138
54.303
80.999
81.002
81.021
81.049
53.68
53.657
53.495
54.941
54.423
53.625
54.855
55.765
56.675
68.964
69.265
69.115
80.903
80.94
80.926
72.199
63.471
64.771
64.913
65.934
67.448
67.94
56.058
56.975
57.31
56.992
56.891
57.393
57.562
57.625
57.861
57.802
57.776
58.023
58.401
58.528
57.325
58.047
57.676
58.125
57.537
57.146
56.754
56.586
56.45
56.374
55.978
55.726
55.028
54.139
54.924
56.029
56.261
56.46
56.451
56.353
55.983
55.26
54.642
54.028
61.683
69.338
68.957
61.651
54.345
54.246
54.131
54.462
53.972
53.788
50.604
48.824
49.341
48.24
57.049
55.688
55.999
57.113
55.385
55.589
55.762
55.871
55.848
55.799
55.625
61.817
58.716
55.615
56.041
56.445
56.315
56.35
56.669
56.631
55.938
56.038
56.159
56.191
79.975
79.914
79.915
79.893
79.922
79.906
79.988
80.006
55.687
55.927
55.732
55.191
54.772
54.957
55.19
55.335
55.632
56.15
56.232
56.099
56.091
55.828
56.108
56.198
56.104
55.794
55.8
56.032
55.932
55.895
55.576
55.509
80.039
79.977
55.754
55.757
56.087
56.416
56.112
55.808
55.904
56.03
56.157
80.039
80.021
80.042
56.117
56.152
55.961
55.871
56.036
55.997
55.865
56.102
56.05
55.863
55.989
55.909
55.931
55.911
55.886
53.368
50.85
52.155
43.365
44.604
44.365
48.003
46.309
46.066
45.823
50.767
50.747
50.647
51.038
49.279
47.519
55.951
57.604
49.847
49.072
50.098
50.441
49.402
49.257
49.214
48.298
47.382
48.418
49.454
48.842
49.356
49.87
50.226
49.902
49.652
49.273
48.895
50.44
49.596
49.873
50.149
48.266
49.792
48.332
49.696
49.463
49.23
48.044
48.841
49.169
50.281
73
72.99
67.777
68.05
68.416
68.118
68.032
58.552
65.763
56.821
56.807
56.793
73.031
73.017
72.93
72.989
