76.964
49.954
50.338
49.971
50.09
49.918
50.273
49.781
49.78
50.373
73.961
74.076
74.064
62.055
62.442
61.426
62.189
61.819
49.034
48.999
61.514
62.13
62.099
62.067
61.993
61.918
50.564
50.125
49.186
50.137
51.089
61.526
62.712
61.392
61.915
62.438
61.393
62.058
53.05
52.897
48.035
51.133
54.232
62.108
64.625
60.503
61.441
62.379
43.272
43.456
52.762
47.871
42.981
43.718
43.155
43.169
53.94
54.256
54.573
54.678
54.805
54.472
53.97
53.469
66.844
60.216
53.588
53.408
66.587
66.63
66.567
66.76
66.935
67.11
67.063
66.997
55.044
55.103
54.666
43.048
43.262
43.195
43.128
54.141
54.726
55.311
55.644
54.893
56.238
55.477
55.061
55.712
55.112
54.348
53.836
54.12
66.844
66.885
66.776
54.907
54.519
54.236
53.711
52.665
51.392
49.814
69.25
69.089
69.323
66.127
62.93
42.957
43.112
43.068
43.023
43.06
54.267
54.802
55.266
55.73
43.082
43.031
43.093
43.12
43.197
55.24
55.46
51.373
47.287
49.269
51.251
53.653
65.136
64.944
65.126
65.319
65.721
66.158
66.258
66.717
66.944
67.07
67.073
67.022
66.868
66.837
66.849
66.72
66.26
66.548
66.528
66.524
66.921
55.132
54.974
55.317
55.395
79.008
79
54.874
54.656
54.424
54.191
54.459
54.901
54.716
67.018
66.953
66.963
66.958
66.825
66.4
54.226
52.519
53.261
52.802
52.344
54.529
56.714
57.837
57.765
57.831
57.532
56.907
56.61
56.118
56.263
67.754
67.449
66.88
66.941
66.952
66.823
66.506
71.739
61.307
50.874
50.462
50.796
51.129
50.886
51.511
63.703
63.354
51.835
53.031
52.192
54.056
53.906
53.755
52.801
51.848
77.068
77.023
76.979
76.938
76.962
70.96
64.957
51.33
50.157
57.021
53.955
58.879
63.804
64.095
52.618
52.908
55.943
57.763
72.345
73.033
73.722
74.14
74.172
74.093
62.116
61.37
61.409
61.051
61.316
61.087
61.178
72.961
72.496
72.124
59.934
59.824
59.63
59.547
59.546
59.537
71.721
71.67
65.68
59.691
59.62
59.253
58.995
59.047
59.38
59.615
59.713
59.785
71.998
71.922
71.874
71.591
71.227
77.618
84.01
84.018
83.987
83.979
83.974
58.944
59.658
59.179
71.104
70.904
70.913
70.96
71.159
71.394
71.545
71.513
71.333
70.885
70.095
68.769
55.399
53.987
52.62
52.623
52.776
52.874
54.055
54.479
54.997
55.839
55.49
56.062
56.238
55.928
56.09
56.537
55.957
69.979
56.553
60.34
58.617
56.895
55.528
55.146
59.278
57.997
57.31
56.697
67.863
68.593
69.061
69.581
70.118
70.661
70.815
71.1
71.121
70.978
71.155
71.34
71.479
71.709
71.913
72.06
71.935
71.992
72.082
72.081
72.071
72.028
59.53
58.864
53.52
48.177
47.094
47.952
54.453
54.809
55.164
83.991
84.035
54.94
55.013
55.003
54.979
53.396
54.148
52.07
51.387
52.388
49.243
50.201
50.136
50.071
49.934
77.034
77.087
77.128
76.93
74.486
74.926
75.493
75.761
75.993
76.224
75.901
75.891
64.604
46.964
45.037
43.104
48.989
54.873
54.341
79.027
78.978
78.921
54.672
55.431
54.654
54.712
54.834
54.955
73.897
73.774
73.609
73.394
73.022
73.199
54.43
54.718
54.265
54.807
54.59
57.306
60.021
80.949
81.005
80.984
80.997
59.936
64.571
69.206
69.224
69.229
69.135
69.305
69.546
69.787
59.132
58.88
59.285
59.763
60.233
60.543
60.605
60.658
72.488
72.489
60.447
60.418
60.406
60.549
61.007
60.709
60.273
60.2
60.214
60.163
60.111
58.258
56.406
56.726
57.945
72.208
72.038
71.885
72.043
72.04
71.918
71.987
71.921
72.121
72.154
60.122
60.09
59.964
72.04
72.117
71.886
71.747
71.727
71.714
65.769
59.824
59.776
59.806
59.055
57.534
57.357
56.258
54.915
80.974
80.954
69.036
68.983
80.966
80.94
81.001
67.725
54.449
56.309
55.893
55.609
55.776
55.898
56.273
56.502
56.512
56.639
55.362
54.802
55.907
55.272
60.797
56.567
52.337
51.997
56.295
54.676
53.058
57.676
69.263
68.656
68.229
56.126
56.489
56.617
69.13
69.569
69.927
70.198
70.534
71.244
71.32
71.587
59.852
59.965
60.039
59.989
59.882
59.756
59.63
59.618
59.997
60.173
60.047
59.777
59.609
59.699
59.626
59.561
59.818
59.96
59.855
59.702
59.869
59.476
59.515
59.629
59.663
59.518
59.388
59.553
59.272
58.992
51.982
52.147
51.977
52.066
52.154
84.131
