54.013
54.06
53.824
54.866
53.564
61.191
61.117
61.042
60.866
60.899
61.098
61.156
61.097
60.932
60.823
61.045
61.109
61.126
60.97
60.787
61.076
60.992
61.183
61.161
61.058
60.985
60.925
61.041
61.138
61.189
61.121
61.028
60.969
60.964
61.06
61.198
61.184
61.104
60.979
60.823
60.914
61.15
61.209
61.213
61.047
60.817
60.808
52.633
52.765
53.233
53.212
53.192
53.107
53.34
66.215
66.109
66.188
66.045
66.089
52.918
53.699
54.252
53.867
54.478
55.09
55.016
53.754
52.928
54.347
54.581
54.106
53.974
54.039
54.105
54.57
54.27
53.887
53.761
53.508
53.233
65.846
66.011
54.292
53.67
53.617
53.693
53.353
51.8
65.99
66.081
65.849
61.877
57.905
57.108
57.356
57.308
57.062
52.093
52.136
52.133
51.698
51.995
51.983
51.723
51.974
51.831
51.845
56.302
56.09
55.188
54.958
55.631
55.869
56.107
54.072
54.164
54.255
55.155
69.115
60.431
71.753
61.969
58.728
55.487
55.332
55.525
55.349
54.916
55.092
55.373
55.417
55.275
54.865
83.149
83.148
83.184
83.243
53.959
53.539
54.263
53.936
54.135
53.947
53.978
53.708
54.119
54.086
54.469
54.134
83.144
83.16
83.144
83.2
68.042
55.51
55.731
55.585
55.282
55.227
55.206
55.158
55.336
55.595
55.777
55.924
55.891
71.038
71.046
71.021
54.638
52.841
53.47
53.359
53.527
53.133
52.3
83.12
83.135
83.14
53.712
53.705
52.661
83.149
83.144
83.132
83.117
83.13
83.097
50.25
49.766
49.124
51.393
49.989
51.055
50.583
51.253
51.265
51.054
49.919
50.818
49.54
71.03
71.023
71.015
48.238
46.092
45.578
59.301
59.211
59.699
60.486
60.471
60.913
60.639
61.387
62.439
51.096
51.216
51.202
50.548
49.893
48.973
49.104
47.204
47.41
45.378
47.173
47.181
47.475
46.975
46.232
50.635
51.507
50.768
49.866
50.541
49.13
52.226
50.227
54.541
52.641
49.926
51.002
50.946
51.677
51.431
51.051
51.769
50.695
51.567
51.376
52.162
51.449
51.997
51.73
51.521
51.791
51.135
51.556
51.369
51.021
51.436
50.789
51.432
71.026
71.044
71.038
71.026
71.049
64.659
58.268
57.943
57.67
57.959
58.17
58.091
57.905
58.503
58.623
57.723
58.352
58.216
57.944
57.756
58.13
58.314
58.041
58.357
58.391
58.337
58.072
58.108
57.878
57.828
57.92
57.867
58.706
57.469
59.761
58.067
54.005
53.62
53.9
54.299
54.279
54.246
54.464
51.741
49.018
53.846
58.673
58.626
47.05
47.929
49.362
61.763
62.489
63.243
63.23
62.806
51.239
66.681
82.123
82.129
82.092
82.13
82.137
62.756
53.114
52.236
52.009
53.077
51.731
53.336
53.831
54.381
54.773
55.353
56.26
56.791
56.378
55.505
55.282
55.058
56.887
57.101
56.777
56.499
56.332
55.814
55.425
55.627
55.39
56.066
56.113
56.219
56.47
56.597
56.947
57.585
58.075
58.428
58.504
58.075
55.305
57.085
58.865
59.192
71.116
71.147
71.259
59.494
59.726
60.006
60.031
60.056
60.045
59.737
59.428
59.577
59.387
59.367
59.278
83.157
83.115
71.211
71.337
59.598
59.506
59.471
83.14
83.124
83.131
59.569
59.113
58.402
70.944
70.972
71.001
71.062
71.07
71.032
71.018
71.033
64.197
64.076
64.202
64.083
64.051
64.125
64.101
63.983
64.145
64.18
