45.975
45.717
45.653
45.815
45.844
46.169
44.72
53.38
70.048
70.036
69.997
69.958
70
69.989
69.996
67.925
59.498
59.845
59.966
59.918
59.863
60.057
60.252
60.46
60.771
60.599
60.249
60.141
59.428
58.22
65.609
72.999
73.002
72.946
59.718
59.809
59.795
59.6
59.458
59.607
59.464
59.218
59.058
58.898
58.018
57.659
57.043
56.858
56.733
56.621
57.082
57.368
57.883
58.077
58.335
58.239
58.265
58.028
57.984
57.956
57.924
57.944
57.912
57.845
57.757
57.873
57.928
57.908
58.01
57.947
57.855
57.791
57.801
57.678
57.814
57.836
58.065
58.044
57.774
57.823
57.824
57.793
57.473
57.422
57.37
57.479
57.587
57.658
57.736
57.814
48.866
49.506
49.65
49.794
49.448
49.404
53.51
57.617
69.808
70.039
70.012
70.011
70.086
50.146
50.272
49.55
49.676
49.802
69.928
70.099
69.888
56.14
46.67
51.121
55.572
56.73
56.646
56.563
55.288
46.775
45.061
46.644
45.136
43.629
43.204
43.752
43.361
43.555
43.367
43.41
43.523
43.6
43.547
43.798
43.719
57.342
70.124
69.677
69.266
69.481
57.164
57.76
58.046
58.089
58.456
58.242
57.616
57.461
56.838
56.2
55.284
47.553
46.422
46.046
45.671
49.133
52.594
55.797
55.568
55.55
67.841
67.859
55.864
56.013
56.071
56.166
56.11
56.484
57.005
57.376
58.54
71.281
71.493
71.853
60.008
59.536
43.871
44.063
44.385
44.209
46.668
46.353
46.038
59.267
59.618
59.717
59.499
59.423
59.305
59.344
59.27
58.97
59.418
59.406
59.2
59.685
59.324
59.331
59.922
59.407
60.008
59.06
58.86
56.721
45.793
45.982
46.651
48.936
49.472
50.009
51.154
49.672
48.191
45.461
44.569
43.885
43.202
45.459
44.474
43.49
52.565
52.572
52.589
52.29
52.799
53.309
44.67
45.911
45.59
45.528
45.639
45.751
45.842
45.933
45.994
45.859
46.126
46.06
46.223
46.293
46.364
46.521
46.466
46.306
46.486
46.203
46.081
46.203
45.901
45.834
45.262
45.206
44.077
42.949
49.245
48.153
49.073
48.26
58.226
58.123
57.378
45.719
46.08
45.764
46.137
45.644
45.93
45.875
45.803
46.031
45.879
45.699
45.853
45.684
45.792
45.954
46.04
45.762
45.764
45.966
45.85
45.909
45.812
46.036
45.858
46.011
55.624
56.786
57.948
58.221
58.215
57.577
58.677
61.036
62.309
63.496
64.617
65.164
53.976
54.314
54.646
67.123
67.288
55.452
55.528
55.748
55.194
55.062
54.93
53.646
52.362
53.094
52.468
51.525
51.687
51.85
52.31
52.875
53.688
54.502
55.048
55.961
56.572
56.857
56.874
69.369
68.814
69.082
56.464
57.035
56.768
56.879
57.103
57.477
57.573
57.614
57.603
57.131
56.271
54.201
50.805
61.924
59.628
57.332
57.517
57.489
58.26
59.03
59.908
44.523
44.109
46.888
49.667
49.439
49.876
50.238
50.118
51.104
50.688
50.531
50.655
50.627
50.984
50.526
50.971
51.416
51.247
51.078
50.328
50.599
50.107
50.932
50.631
50.179
50.105
51.329
50.569
49.621
50.997
50.741
50.668
50.744
51.028
50.453
73.007
73.035
73.041
73.05
73.018
73.035
73.002
64.314
55.625
56.141
56.343
55.58
55.536
55.847
56.158
55.996
55.834
43.786
43.829
43.852
43.591
43.722
43.769
43.685
43.819
44.147
44.319
43.916
44.485
44.129
44.115
45.282
45.73
46.178
46.894
47.61
48.876
50.141
48.073
49.083
52.607
52.252
52.378
52.774
52.524
52.667
52.843
52.413
51.645
49.898
49.379
48.244
47.11
47.319
47.528
48.398
49.61
48.708
48.329
60.73
53.371
46.012
45.103
44.603
44.104
44.181
45.519
45.856
46.193
46.258
46.323
46.778
47.233
46.685
44.873
44.283
44.96
45.637
46.924
46.813
45.129
45.241
45.353
44.906
46.482
46.387
44.344
43.747
46.03
45.323
45.588
45.436
45.605
45.972
45.926
64.918
64.887
57.967
58.053
57.936
58.187
58.021
45.587
45.755
45.883
45.883
46.039
45.939
45.925
45.781
45.912
45.152
47.568
58.652
53.094
61.559
70.025
70.034
70.044
70.054
68.108
53.686
45.011
46.199
45.943
45.897
46.125
45.686
45.848
45.871
45.898
45.937
45.786
46.021
45.869
45.679
45.819
45.898
45.968
45.88
45.894
45.751
