70.968
71.085
71.021
71.074
54.75
55.137
55.406
56.339
56.89
57.255
57.62
45.204
45.618
46.278
45.799
45.581
45.806
44.86
45.986
45.631
45.276
45.212
46.038
46.824
47.601
47.916
48.369
60.488
60.948
60.06
48.695
53.726
58.756
59.12
59.017
58.913
58.818
58.722
44.406
44.784
44.96
44.567
51.823
52.116
55.281
53.265
51.248
54.793
53.914
53.036
47.771
48.642
51.9
52.318
52.828
52.802
53.746
53.161
54.508
53.356
54.614
53.368
54.602
53.62
55.927
55.865
57.01
55.705
54.832
53.9
54.339
53.212
54.08
53.038
54.577
54.971
55.365
55.38
54.224
55.165
56.405
56.213
56.218
68.019
68.095
68.075
54.618
54.704
55.062
54.237
54.935
54.767
54.614
55
54.507
54.001
51.949
49.815
47.875
46.953
47.701
47.453
55.204
57.254
59.018
71.05
71.035
71.015
71.028
71.071
71.099
70.951
71.069
71.045
58.659
57.596
55.215
53.48
52.388
53.532
53.675
53.938
54.774
54.139
54.381
53.909
61.078
61.188
61.31
61.116
61.424
55.503
49.582
47.723
52.841
53.433
54.198
55.128
53.442
54.603
52.931
51.989
52.883
51.904
52.783
51.256
52.572
51.751
52.026
51.404
51.975
51.376
51.147
51.275
49.73
61.413
61.209
61.131
61.123
57.087
53.05
53.702
53.863
53.941
54.191
54.438
54.145
54.743
54.425
54.248
53.918
53.886
54.044
54.202
54.441
54.873
54.917
55.068
55.13
54.992
54.171
53.85
47.949
49.16
54.613
54.823
55.124
55.425
55.528
55.253
54.524
50.089
49.122
48.517
54.269
53.324
54.47
55.617
55.151
54.582
54.013
54.097
50.084
48.8
48.876
49.138
49.036
48.76
49.189
49.227
49.684
49.037
48.39
53.825
54.265
54.223
54.098
53.982
53.843
53.234
50.4
48.927
83.183
83.178
83.187
52.207
52.275
52.972
53.67
52.537
53.575
53.717
53.68
53.983
57.363
57.362
57.36
58.498
59.636
60.038
60.44
57.947
55.455
54.903
52.825
54.6
55.891
57.183
55.615
53.779
54.063
54.19
54.296
53.937
57.525
50.44
52.645
54.85
54.931
51.329
52.991
53.678
54.053
54.914
54.501
53.915
48.557
57.305
55.842
54.378
53.499
50.6
47.701
48.369
48.797
50.556
62.097
61.972
61.98
61.962
61.748
61.383
60.874
60.136
59.064
57.992
57.732
57.295
57.096
44.272
45.496
45.796
46.097
45.914
47.162
46.076
58.642
58.314
58.302
58.192
48.16
49.174
49.62
49.983
49.95
48.76
46.708
46.118
46.007
46.864
46.125
46.017
45.908
46.851
46.631
46.867
47.189
46.916
47.379
46.947
46.927
53.192
53.605
53.749
54.401
54.426
53.996
47.042
46.928
47.32
47.187
46.967
47.523
46.876
47.164
47.513
47.272
47.032
46.917
46.802
71.012
71.043
71.035
71.032
71.016
71.034
71.002
71.048
71.016
71.058
71.013
71.03
71.011
71.049
