51.203
50.419
50.601
51.151
51.102
50.832
51.447
51.845
50.093
43.038
43.035
43.939
70.916
71.399
43.95
44.362
44.195
44.027
44.314
43.15
44.287
45.424
54.847
61.95
62.277
43.243
43.655
61.717
60.127
56.319
58.982
51.589
62.785
73.981
73.781
73.613
73.532
62.362
61.622
45.585
46.165
45.859
46.603
61.371
73.404
72.405
71.905
71.874
71.842
59.926
59.844
55.985
52.127
50.918
61.851
63.838
64.316
64.448
63.857
56.716
65.442
56.676
47.909
48.291
63.573
63.861
64.147
64.301
64.39
64.607
64.62
64.464
64.806
56.856
56.38
55.905
52.021
67.047
73.137
74.437
75.737
82.61
82.472
82.619
82.77
75.771
75.686
75.803
75.933
76.014
76.031
76.113
75.97
63.779
63.627
63.57
63.555
63.587
63.354
63.944
64.334
52.589
52.483
64.487
64.462
64.597
64.243
63.951
63.347
56.145
55.352
62.811
74.558
74.338
74.297
74.474
74.522
74.49
74.372
74.002
73.279
59.822
58.666
57.781
59.266
59.292
59.715
59.897
60.19
60.057
59.992
60.139
60.201
60.211
60.081
59.961
60.349
60.544
60.518
60.337
60.036
59.381
62.198
61.47
60.741
61.48
61.074
53.916
57.661
61.405
61.426
61.182
61.525
61.671
61.965
62.325
62.645
62.762
62.807
62.638
62.547
62.363
62.367
62.33
62.499
62.354
62.474
62.449
62.374
62.444
62.542
62.499
62.312
62.027
62.153
61.23
60.78
59.915
47.475
47.932
48.062
55.24
54.911
54.914
54.917
54.92
54.983
55.109
54.965
54.912
55.009
55.004
54.522
52.172
52.891
50.721
53.336
51.892
50.449
55.092
53.169
55.715
55.452
55.513
55.311
55.109
55.482
55.038
54.367
53.697
55.796
54.976
61.602
68.227
76.24
77.212
71.214
72.005
72.346
72.326
72.403
60.773
59.612
59.741
59.869
60.048
58.871
57.694
58.798
58.859
58.829
58.796
59.064
59.398
58.208
58.576
59.285
59.651
60.448
60.928
45.005
46.482
46.197
45.558
45.656
45.82
46.033
45.874
45.715
46.089
60.764
60.777
60.938
60.818
60.746
60.598
60.349
60.665
60.762
60.616
60.496
60.369
59.984
45.811
45.989
45.939
45.863
45.923
45.849
45.882
46.032
45.875
46.026
46.053
45.736
45.99
46.972
44.653
45.884
45.781
45.872
45.465
45.537
46.322
59.766
60.631
60.345
60.058
60.277
60.644
60.716
60.791
60.487
60.516
60.462
59.901
60.568
56.112
56.486
60.186
60.64
72.576
72.44
72.155
71.706
71.526
71.67
71.966
72.338
49.103
55.036
60.969
60.667
60.146
59.232
45.665
44.91
47.645
59.304
59.033
58.852
58.801
58.817
58.939
58.869
58.622
58.681
58.356
57.748
56.628
55.767
54.18
53.133
51.174
52.52
43.917
45.29
50.389
50.987
70.519
70.682
71.061
71.487
52.539
52.969
53.398
44.048
43.999
44.064
44.135
44.171
44.021
44.2
55.398
55.333
44.203
43.856
43.914
43.972
43.981
44.139
43.723
55.67
55.691
55.775
55.537
55.407
43.638
43.792
43.428
43.789
43.775
44.046
43.828
43.934
44.134
44.042
43.836
53.382
52.57
44.18
44.311
44.523
44.036
44.198
43.926
43.876
44.031
43.163
43.907
43.767
43.628
43.371
43.113
43.665
43.156
43.602
43.368
43.539
43.43
44.35
60.379
61.566
63.04
64.24
65.538
66.154
54.387
53.948
54.539
44.581
44.359
65.136
65.021
64.621
64.576
64.641
64.878
64.903
64.959
53.479
53.018
52.928
54.222
54.377
54.532
54.721
54.497
66.386
65.986
53.661
53.516
52.913
65.353
65.466
53.787
53.864
53.226
53.197
53.537
53.876
54.221
54.159
54.207
54.228
54.029
50.098
49.535
50.827
50.978
60.892
60.766
59.7
60.23
58.778
54.028
49.277
49.763
49.927
50.144
49.892
