53.187
60.814
60.264
61.205
60.28
60.942
60.443
61.215
61.231
61.248
61.28
61.311
62.421
61.655
62.241
61.752
62.297
61.676
62.222
61.819
62.01
61.784
62.342
61.759
62.384
61.834
62.216
61.859
61.961
61.812
62.183
61.932
61.93
62.127
62.193
61.97
63.209
60.669
59.763
59.862
59.529
59.491
59.603
59.794
59.685
59.731
60.08
60.199
59.935
60.184
60.414
60.006
61.063
43.18
43.481
43.313
43.595
43.115
43.2
58.23
57.896
58.058
57.884
57.63
57.872
58.493
57.989
58.065
58.246
58.532
58.305
60.102
61.899
56.299
57.515
43.08
42.992
42.988
58.851
58.994
58.674
58.846
58.693
58.919
58.826
58.927
59.219
59.17
59.324
59.394
50.057
50.621
49.854
50.022
50.189
50.168
50.104
54.854
59.604
58.711
58.409
57.967
57.847
58.206
58.218
57.95
57.93
58.344
58.22
57.954
58.547
58.65
49.885
50.38
50.191
50.482
50.068
50.015
49.963
50.362
59.434
59.405
58.97
59.291
59.05
58.861
58.857
59.23
54.656
50.082
50.028
59.764
59.832
72.144
71.928
72.01
72.092
61.885
59.317
51.24
50.896
59.279
58.099
57.946
57.753
58.062
58.273
57.46
58.249
58.125
58.001
57.606
58.029
43.378
43.031
43.575
43.481
43.387
43.334
58.366
58.074
58.595
58.749
58.731
58.753
58.684
58.748
58.633
58.871
58.737
43.628
43.393
43.246
43.579
43.215
43.143
43.016
43.56
43.842
44.123
58.479
57.819
57.483
57.549
57.425
57.709
57.73
57.523
58.042
57.811
57.576
58.03
57.728
58.375
59.021
52.087
51.226
51.592
51.957
51.32
51.434
51.549
52.089
61.395
59.819
59.357
59.282
59.186
59.434
59.421
59.293
59.296
59.371
59.42
59.476
59.471
59.282
58.926
58.429
58.135
57.218
57.781
57.286
57.174
56.823
57.488
56.943
57.741
57.578
57.405
57.651
56.738
57.861
56.671
57.908
56.483
58.328
59.199
58.729
59.154
58.027
57.421
57.375
55.225
56.078
55.57
55.061
55.115
55.168
55.271
55.441
55.704
55.971
55.856
55.79
55.575
55.039
54.799
54.918
54.482
54.866
54.866
55.05
55.088
54.856
55.637
55.076
55.452
55.321
55.214
54.807
54.785
54.341
55.906
56.276
56.035
55.952
55.975
56.119
56.047
56.117
56.248
56.238
56.075
56.096
56.204
56.244
55.967
55.916
56.155
56.3
56.07
55.796
56.391
56.507
56.158
56.386
56.477
56.085
56.063
56.29
56.534
51.926
51.921
56.484
56.343
56.043
56.191
56.51
56.227
56.185
56.19
56.002
55.896
56.4
56.424
56.139
56.314
56.755
56.208
57.481
57.271
58.372
53.825
53.303
52.782
52.156
52.008
52.094
50.892
52.548
52.426
54.166
52.384
58.557
58.662
58.768
58.434
58.101
59.129
48.884
47.929
54.229
60.53
62.175
57.229
57.994
58.76
59.07
58.826
58.86
58.87
58.855
59.059
58.956
58.852
58.876
59.095
59.127
59.158
59.391
59.624
60.795
60.74
60.684
60.414
60.916
60.5
61.031
60.347
61.094
61.175
60.618
61.138
55.301
55.294
60.576
64.212
59.632
61.322
63.013
61.108
60.915
59.791
59.735
59.739
59.571
59.643
59.897
59.912
59.669
59.499
59.992
59.899
59.553
59.575
59.815
59.755
59.682
59.639
59.606
59.645
59.722
60.208
60.249
60.368
60.16
60.042
60.299
59.786
60.025
60.428
60.074
60.372
60.391
60.252
61.019
60.189
60.74
60.146
60.031
59.966
59.793
59.758
59.594
59.674
59.685
59.523
59.694
59.662
59.668
59.665
59.845
59.871
59.657
59.773
59.867
59.922
59.829
58.247
59.008
59.769
59.672
60.35
61.028
60.92
60.812
60.499
60.264
60.209
60.462
60.007
60.479
59.952
60.638
60.46
60.954
60.501
59.613
61.672
62.405
62.004
62.087
62.169
60.249
59.795
59.294
59.11
59.529
59.627
59.474
59.471
59.384
59.45
59.765
59.668
59.374
59.451
59.725
59.56
59.398
59.374
59.491
59.987
59.685
60.043
60.225
60.211
60.344
60.183
60.491
60.265
60.495
60.681
60.599
60.476
60.248
60.49
60.065
60.304
59.805
59.306
59.596
59.563
59.328
59.093
58.964
59.018
59.076
59.167
59.293
59.192
59.346
59.592
59.593
59.477
58.941
57.716
55.078
55.319
55.561
60.393
60.059
60.543
61.027
56.307
58.476
54.104
57.463
53.575
49.687
49.718
50.068
50.419
50.204
49.988
50.176
50.364
50.23
50.097
50.077
50.057
48.625
50.355
61.665
61.521
61.524
61.526
61.605
57.136
56.875
57.089
61.781
61.932
61.959
61.983
61.974
61.719
61.904
62.062
