57
57.721
58.442
57.858
55.763
54.716
58.091
57.454
57.512
58.489
58.06
57.491
58.228
58.503
57.761
58.124
58.531
58.026
59.759
49.005
50.337
50.032
49.726
57.845
57.247
56.504
56.504
56.27
55.882
56.134
56.139
56.067
55.719
55.744
55.93
56.359
56.245
56.486
56.962
56.619
57.055
56.722
56.933
56.953
56.805
57.048
56.736
56.855
56.802
56.827
56.949
56.94
57.037
57.049
57.179
57.33
57.204
57.256
57.246
57.523
57.3
57.206
57.262
57.396
57.223
57.13
57.236
57.342
57.124
57.338
57.166
57.515
57.031
57.591
57.15
57.496
57.162
57.476
57.368
57.523
57.614
57.469
57.747
57.607
57.059
54.608
55.008
53.762
55.902
58.041
57.757
57.978
57.545
57.145
78.02
78.131
78.067
77.994
77.985
77.977
77.905
78.062
78.369
78.676
48.015
64.536
81.056
65.404
49.752
45.129
36.714
38.432
40.15
74.117
74.109
74.015
74.098
50.212
50.066
51.587
51.47
51.353
60.78
61.217
61.272
61.006
61.366
61.39
61.524
45.934
46.243
45.807
45.372
46.251
47.13
46.606
47.088
47.019
47.188
46.586
46.887
47.299
46.177
61.814
62.209
61.501
61.024
60.822
60.986
60.902
60.919
61.044
61.126
61.119
61.218
61.191
61.067
60.827
60.881
45.509
46.87
45.806
44.742
47.973
62.483
61.688
61.585
62.253
61.832
61.889
61.787
45.966
47.583
46.63
62.314
62.054
62.126
47.64
45.97
47.509
46.874
46.517
47.961
45.99
46.987
47.066
62.156
61.502
61.413
61.324
61.417
61.38
61.417
61.39
61.363
61.776
61.836
61.322
60.809
61.778
46.545
46.953
47.183
46.647
47.342
46.98
47.268
61.532
61.476
61.421
61.718
61.761
61.848
61.413
61.568
61.547
61.752
61.948
62.095
61.912
61.777
61.795
62.497
53.883
65.001
58.287
59.303
60.319
60.575
60.35
60.196
60.961
60.538
60.953
61.128
60.67
61.023
61.171
60.736
61.185
47.755
47.007
46.349
47.676
45.8
62.072
61.788
62.186
61.76
61.613
61.467
61.17
61.954
61.498
61.378
61.847
61.347
62.324
61.881
62.166
61.839
47.016
46.297
46.229
46.161
45.949
62.072
60.655
60.195
60.487
60.298
60.772
60.534
60.727
60.696
60.943
61.139
60.834
61.191
48.413
48.235
47.062
45.889
47.176
48.463
47.035
54.916
62.593
62.418
62.224
62.038
62.002
61.99
61.981
61.954
61.968
61.97
62
61.903
61.79
61.814
61.749
60.473
59.232
58.914
59.292
61.064
63.237
62.78
62.617
62.548
62.569
62.609
62.673
62.645
62.863
63.095
63.311
63.43
63.721
51.549
52.869
51.437
53.29
52.515
51.751
51.183
60.458
59.487
59.317
59.946
59.718
60.263
60.301
59.1
59.513
71.046
70.959
71.036
71.019
71.062
70.982
59.14
56.76
57.21
56.692
57.31
56.853
57.574
57.623
57.732
57.928
58.156
58.385
58.356
58.151
57.945
59.444
58.405
52.408
50.571
52.255
51.787
61.322
59.874
59.506
59.43
59.367
59.384
59.486
59.222
59.307
59.44
59.505
59.455
59.451
59.532
59.396
59.707
59.545
59.44
59.581
59.824
59.733
59.617
59.8
60.059
60.299
58.972
55.176
51.38
53.098
52.702
52.528
52.353
51.803
50.609
51.595
63.66
64.142
64.314
63.727
63.368
62.789
62.211
62.444
62.244
58.723
59.126
59.571
59.136
59.509
59.219
59.318
59.396
59.291
59.621
59.63
59.694
59.915
59.822
59.695
59.648
59.393
57.673
74.137
74.04
64.161
54.282
56.862
56.889
56.915
56.11
56.127
55.713
55.927
55.908
55.769
55.818
55.856
55.552
55.753
55.845
55.274
55.744
55.499
55.135
54.666
55.709
55.224
54.748
54.775
55.688
56.103
55.786
55.696
55.95
55.57
55.444
55.878
55.527
44.878
45.227
45.114
45.437
45.186
45.129
45.073
44.982
44.933
44.881
45.299
45.044
45.187
45.091
45.068
45.194
44.953
44.659
44.932
45.131
44.983
