43.055
43.2
43.367
61.503
60.22
43.512
43.609
43.779
43.651
43.524
43.678
43.832
43.851
43.87
60.239
60.997
61.244
64.009
62.426
60.842
61.417
61.993
61.395
61.046
60.466
61.145
60.391
60.926
60.853
60.78
60.693
60.606
43.273
43.196
52.037
47.665
43.292
43.011
43.605
43.33
43.055
43.393
43.731
43.601
43.471
43.507
43.543
43.62
43.696
42.992
43.856
43.02
48.993
54.966
61.005
60.99
60.377
60.85
60.641
60.598
60.692
60.323
60.579
60.039
60.179
60.233
60.287
60.318
60.349
60.356
60.364
60.47
55.357
53.678
66.367
55.147
67.111
55.418
67.23
55.567
53.489
51.412
56.561
61.71
61.247
61.008
60.753
60.598
60.735
60.458
60.591
60.372
59.897
59.421
48.764
48.647
48.529
54.351
49.467
48.798
48.129
60.643
61.707
61.758
61.749
61.67
61.324
48.485
48.699
48.914
48.712
48.51
61.849
61.338
61.655
61.72
61.874
61.712
61.273
61.365
58.984
59.199
62.468
62.252
61.824
61.97
61.883
62.115
62.04
62.25
62.169
61.785
61.473
61.154
59.982
59.765
59.372
57.129
59.601
62.074
61.959
61.996
60.453
59.164
59.184
59.169
58.999
57.753
54.024
50.296
55.62
60.945
59.054
58.971
59.032
59.082
59.199
43.088
43.529
43.11
43.448
43.292
43.971
58.883
58.891
59.123
59.006
59.171
59.407
59.464
59.481
59.133
58.796
58.642
58.156
57.846
57.104
43.678
43.431
43.641
43.447
43.253
57.47
57.486
57.445
57.593
57.243
57.113
50.853
50.668
50.216
50.612
59.52
58.157
57.56
57.745
57.124
57.36
57.48
56.883
57.613
56.635
43.72
43.242
57.369
57.171
57.505
56.877
57.676
56.807
57.518
57.08
57.325
57.109
56.793
56.751
56.7
56.188
56.114
56.008
55.802
55.375
55.259
55.304
55.87
55.182
55.646
55.607
55.392
55.62
55.565
55.692
55.624
55.753
55.186
54.662
54.867
55.071
43.227
43.133
43.207
43.108
43.172
43.152
58.324
58.419
57.97
57.417
57.651
57.842
57.819
57.828
57.626
57.701
58.542
57.488
56.434
59.132
51.929
56.712
50.529
62.267
52.948
56.142
59.336
59.885
59.795
59.568
59.764
59.817
59.634
59.655
59.745
59.742
59.804
60.019
60.026
59.755
60.05
60.123
59.943
60.274
60.134
59.956
60.199
60.427
60.344
51.064
51.603
51.617
48.905
49.018
49.132
51.058
52.628
52.362
52.096
50.797
49.178
47.588
45.578
45.6
45.621
47.502
48.171
47.399
45.308
60.881
59.663
58.445
64.06
63.998
76.498
76.389
67.581
72.069
62.459
60.778
59.097
52.39
49.927
48.641
48.434
52.358
52.622
53.739
54.856
53.718
