60.224
60.853
60.047
60.639
60.157
59.698
61.173
59.665
61.348
59.63
60.737
59.772
60.45
60.434
60.418
51.223
51.606
52.692
51.394
53.287
61.844
61.927
52.311
51.917
51.811
53.724
51.956
50.188
50.671
51.155
58.176
54.362
57.053
59.743
59.791
59.679
59.717
59.551
59.598
59.741
59.929
60.038
60.06
60.564
60.254
60.816
60.47
60.431
60.392
47.796
47.818
48.11
47.877
60.716
60.064
59.806
59.608
59.554
59.579
59.266
59.567
59.818
59.605
59.389
59.522
59.372
59.531
59.911
59.798
59.75
59.428
59.497
58.636
59.563
59.956
60.054
59.99
60.405
60.42
60.591
60.3
60.441
60.286
60.34
60.542
60.394
60.726
60.268
60.351
60.434
60.336
60.238
59.889
60.945
59.773
61.506
60.113
59.923
59.787
59.69
59.571
59.626
59.692
59.739
59.521
54.348
56.878
54.094
51.311
49.332
46.285
47.818
49.306
47.203
47.223
54.883
55.567
61.77
61.99
61.706
60.119
60.874
60.022
60.668
60.405
60.531
47.988
47.839
61.377
62.034
61.889
62.046
62.204
74.037
74.088
74.053
67.328
60.603
60.243
59.826
60.025
59.993
59.716
60.023
60.08
59.915
59.899
59.527
48.384
47.827
47.733
48.058
48.248
47.845
48.006
48.043
60.471
60.621
60.526
60.532
60.442
60.316
60.485
60.454
60.329
60.761
60.473
60.852
60.026
60.606
60.627
60.649
58.152
59.052
59.952
59.891
59.783
59.806
59.903
59.673
59.552
59.637
59.517
59.469
59.533
59.655
59.765
59.884
59.954
60.009
59.641
59.272
60.731
60.118
55.993
51.52
56.866
62.212
61.526
61.011
60.741
60.764
60.585
60.764
60.667
60.832
60.566
60.868
61.057
61.246
60.952
60.639
61.517
61.14
61.25
61.361
61.295
60.972
61.474
61.557
61.68
61.624
61.788
61.87
62.049
62.413
62.356
62.453
62.536
63.045
62.677
62.415
62.087
61.878
62.131
62.041
62.15
62.017
59.203
59
58.391
58.745
58.387
58.548
58.902
58.693
59.058
59.047
58.827
58.607
58.076
58.502
58.927
59.651
59.743
59.835
57.972
55.666
55.914
55.629
55.698
55.839
55.763
54.633
61.824
55.866
62.404
60.032
57.661
57.258
57.067
57.231
57.287
57.374
57.374
57.346
57.474
57.393
57.519
57.465
57.497
57.616
57.472
57.607
57.775
57.683
57.78
57.7
57.634
57.687
57.575
57.653
57.692
57.557
57.639
57.636
57.619
57.622
57.456
57.266
57.865
57.621
57.488
57.537
57.661
57.45
57.725
57.685
57.479
57.683
61.821
61.954
61.915
61.914
61.978
62.07
62.066
62.094
61.783
56.599
