45.15
44.883
45.184
45.318
45.118
44.935
44.965
45.417
44.953
44.585
44.695
55.974
54.756
53.537
55.322
57.107
56.193
56.684
56.69
56.554
56.682
56.6
56.419
56.893
56.718
56.56
56.731
56.455
56.334
56.659
56.668
56.467
56.847
56.781
56.81
57.008
56.781
57.089
56.822
56.894
56.97
56.889
57.018
56.71
57.047
56.929
56.304
53.518
50.345
51.662
50.477
49.291
57.662
57.391
57.385
57.524
57.011
57.207
57.153
57.537
57.284
57.522
57.51
57.932
57.952
57.594
57.84
58.027
57.721
57.975
57.936
57.643
58.225
58.044
57.898
57.706
58.136
57.946
57.744
57.837
57.684
57.757
57.829
57.805
57.8
57.862
57.887
58.043
58.226
58.355
58.523
58.291
59.274
58.797
59.028
58.493
59.017
58.484
59.202
58.863
59.275
59.41
58.896
59.732
59.382
59.554
59.432
59.802
59.757
59.739
59.965
59.529
59.6
60.084
59.745
59.646
59.913
59.893
60.08
60.16
46.225
44.409
44.377
44.301
46.874
45.855
44.836
44.015
46.261
55.168
55.336
55.281
56.408
56.526
55.46
55.441
55.427
55.49
55.329
55.434
55.347
55.419
55.509
55.392
55.494
55.508
55.638
55.582
55.643
55.62
55.696
55.874
55.939
55.901
55.725
55.768
55.789
55.635
55.92
56.014
55.674
55.823
55.907
55.627
55.67
56.157
55.804
55.668
55.717
55.63
55.438
55.991
56.165
55.037
56.622
55.377
55.443
55.909
55.729
55.908
55.775
55.678
55.8
55.751
55.631
55.797
55.753
55.68
55.684
55.818
55.781
55.773
55.79
55.727
55.824
55.823
56.024
55.744
55.724
55.72
55.885
55.788
55.913
55.868
55.475
55.445
55.765
55.976
55.866
55.701
55.503
55.497
55.704
55.736
55.811
55.732
55.705
55.726
55.658
55.825
55.742
55.886
55.78
55.755
55.838
56.149
56.063
55.935
55.896
56.123
56.009
55.991
56.003
56.011
55.921
56.313
55.702
55.873
55.938
55.966
55.804
55.729
55.894
55.717
55.754
55.968
55.876
55.782
55.764
55.829
55.794
55.974
55.854
55.883
54.527
53.172
55.406
55.525
55.991
43.303
43.147
43.185
55.65
55.719
43.345
43.19
43.257
43.306
43.353
43.255
43.277
42.999
43.252
43.097
43.408
43.05
43.335
43.172
43.01
43.031
43.052
43.14
43.229
43.086
43.305
53.12
54.668
43.964
42.995
42.964
43.281
43.598
43.568
43.539
46.689
49.84
46.716
54.318
49.109
52.213
48.192
51.612
47.577
43.542
43.104
43.47
43.535
43.599
61.794
61.834
55.879
49.923
49.897
49.871
55.969
49.785
55.895
49.743
55.956
49.902
56.036
49.867
55.911
49.719
55.838
49.678
55.846
49.747
52.585
47.992
51.74
47.551
43.361
