43.41
43.442
43.474
43.445
43.417
43.583
43.75
43.837
43.924
44.041
44.158
44.082
44.005
43.098
44.078
43
55.067
60.938
61.221
60.888
60.555
60.657
60.397
60.524
60.65
60.773
60.895
61.582
61.128
61.015
60.691
60.538
60.574
60.571
60.554
60.523
60.409
60.414
60.446
60.335
60.505
60.427
60.454
60.392
49.297
54.751
49.263
47.805
46.347
48.775
47.063
45.351
45.285
45.219
42.991
43.034
44.052
53.28
49.971
46.661
47.265
45.379
44.481
43.583
43.053
43.314
43.622
44.017
50.973
49.862
78.855
78.919
50.086
48.989
47.503
46.017
45.657
45.298
50.044
48.286
46.529
48.415
50.302
49.507
49.822
47.553
53.421
52.711
52.001
59.755
59.985
60.107
59.448
59.49
59.674
59.845
59.591
59.574
54.613
49.652
43.005
43.026
42.943
43.206
50.647
50.458
50.798
59.715
58.928
58.562
58.774
58.322
58.492
58.467
58.393
58.761
58.522
59.064
58.887
58.832
58.766
60.359
61.953
43.354
43.019
43.822
43.091
60.788
59.489
58.903
59.41
58.718
59.512
59.512
59.223
59.856
60.035
60.895
60.8
60.705
60.544
59.89
59.128
59.499
59.87
59.484
59.099
59.218
58.803
58.665
58.582
58.584
58.638
58.407
58.657
58.551
58.659
58.531
58.706
58.882
59.082
54.73
50.378
50.315
50.252
51.263
50.285
51.159
60.397
59.74
59.36
59.149
59.221
59.216
59.076
59.18
59.323
59.25
54.307
58.159
62.012
61.876
55.601
58.649
61.697
61.669
61.912
62.067
61.262
60.457
58.674
58.631
58.099
58.288
57.899
58.283
58.131
58.027
58.116
60.227
62.337
61.793
62.127
43.903
43.318
43.417
43.478
43.144
54.918
57.111
59.304
59.231
58.884
59.235
59.24
59.381
59.527
59.377
59.469
59.903
59.785
59.665
59.551
59.901
59.602
58.999
58.259
58.128
58.06
57.782
57.776
58.116
58.21
58.182
57.3
44.431
44.539
44.782
59.542
58.163
58.184
58.077
57.801
57.211
52.49
52.08
50.213
48.346
52.957
59.337
59.343
59.25
59.331
59.328
59.338
59.472
59.578
59.585
59.838
59.843
59.609
58.859
62.148
61.836
63.461
76.141
78.097
78.078
59.609
57.644
57.384
57.282
57.385
57.121
57.219
57.32
57.338
57.033
57.385
56.907
57.184
56.899
56.94
56.981
56.947
57.254
55.951
57.166
56.368
54.963
53.558
55.377
54.182
61.006
60.248
54.889
54.83
54.785
54.741
54.757
54.773
59.91
59.432
58.804
59.176
53.822
54.745
54.809
54.514
54.45
53.62
54.391
54.281
53.319
54.893
77.97
78.281
67.254
66.44
66.548
66.656
63.283
59.909
55.59
55.471
55.476
55.515
55.534
55.536
55.483
55.599
55.76
55.697
55.584
55.569
55.595
55.624
55.696
55.638
55.682
55.534
55.531
55.861
55.905
55.857
55.928
56.09
56.222
56.073
56.227
54.647
53.067
52.285
51.503
55.692
55.659
55.314
54.97
55.491
56.012
56.654
53.345
54.216
54.619
56.044
54.265
52.486
54.769
54.616
59.108
58.859
59.88
60.901
60.784
