45.132
44.933
45.039
45.517
58.726
57.457
57.262
56.824
56.838
56.416
56.67
57.124
56.905
56.805
56.851
56.751
56.88
56.574
56.896
56.662
55.302
65.515
66.08
66.135
63.79
61.444
58.693
59.173
57.547
57.056
57.404
56.942
57.458
57.174
57.511
57.209
57.505
56.843
60.481
55.274
50.068
50.883
51.021
51.16
50.434
56.659
57.05
57.261
57.296
57.33
57.517
57.71
57.714
57.695
57.881
58.025
58.133
57.955
57.944
58.23
58.215
57.973
58.075
58.072
57.863
57.88
57.982
57.912
57.681
57.511
58.429
57.772
57.65
57.754
58.004
58.083
57.744
57.841
57.953
58.24
57.916
57.269
56.858
53.287
61.122
68.957
68.966
68.768
63.837
59.927
59.373
59.185
59.156
59.034
59.12
58.893
59.244
58.965
59.201
59.428
59.573
59.738
59.755
59.909
59.952
59.987
60.056
59.969
59.774
59.92
59.928
59.801
59.883
59.806
59.895
60.036
59.922
59.938
59.844
59.622
59.164
45.154
45.131
45.328
44.606
45.153
46.286
50.775
55.264
55.006
54.798
55.068
54.889
54.827
55.067
54.987
55.017
55.125
55.131
55.205
55.317
55.296
55.345
55.494
55.558
55.729
55.673
55.514
55.547
55.398
55.585
55.607
55.398
55.863
55.641
55.356
55.609
55.343
55.421
55.399
55.304
55.599
55.545
55.561
55.912
55.507
55.475
55.568
55.302
56.23
54.974
55.254
55.974
55.508
55.443
55.461
55.463
55.511
55.454
55.598
55.706
55.733
55.744
55.688
55.754
55.606
55.61
55.511
55.577
55.819
55.679
55.895
55.669
55.553
55.575
55.44
55.521
55.708
55.877
55.775
55.777
55.711
55.296
55.946
55.802
55.592
55.728
55.762
55.587
56.032
55.893
55.567
55.817
55.665
55.763
55.757
55.843
55.738
55.604
55.514
55.666
55.631
55.596
55.513
55.499
55.456
55.462
55.514
55.683
56.156
55.872
55.151
54.43
55.517
56.604
56.124
55.643
55.398
43.323
43.642
43.395
43.413
43.32
43.321
43.29
43.33
43.133
43.305
43.03
43.455
43.307
43.159
42.956
43.138
43.133
42.998
43.114
43.23
43.346
43.461
43.275
43.089
78.006
78
77.984
78.06
78.135
66.673
55.211
56.775
58.339
56.318
54.297
54.347
54.398
43.479
43.699
43.211
54.549
54.032
48.728
59.856
55.706
63.314
53.191
53.016
52.841
51.768
61.463
58.479
55.495
54.608
53.721
54.314
54.906
54.883
43.708
43.991
43.205
43.799
43.97
44.141
43.492
44.083
43.509
43.579
43.649
43.715
43.781
43.691
43.602
43.603
43.604
43.621
43.639
43.559
43.479
43.545
43.61
43.419
43.227
43.307
43.387
43.356
43.324
43.327
43.329
43.27
43.21
43.232
43.253
48.67
54.088
55.015
54.219
57.186
50.519
55.59
49.915
55.405
49.805
55.315
49.884
58.282
51.113
58.797
51.2
58.822
51.37
50.702
50.034
49.842
49.649
50.071
50.493
43.603
42.943
43.472
43.47
43.469
43.562
43.654
44.228
53.081
79.01
