54.471
49.478
50.366
59.889
61.262
61.311
61.361
61.255
61.149
60.955
60.762
60.927
61.092
61.361
61.631
62.35
61.815
61.793
61.771
57.446
48.743
50.309
51.049
49.596
48.332
51.246
62.031
62.01
62.014
62.075
50.219
50.262
48.88
49.902
50.475
49.159
51.279
61.363
61.306
61.413
61.42
61.58
61.631
61.746
61.575
61.644
61.734
61.7
61.939
62.039
62.14
46.492
46.962
47.367
46.53
47.668
46.474
61.346
61.158
61.141
61.2
61.032
60.969
61.153
61.206
61.168
61.174
61.179
61.2
61.146
61.182
61.033
59.954
47.53
46.315
47.58
61.28
61.561
61.882
62.07
61.913
61.286
61.655
61.877
61.437
62.096
61.372
61.878
61.732
62.334
61.906
62.23
61.404
59.732
47.211
46.892
47.114
47.063
47.24
46.911
61.797
61.582
61.327
61.116
61.298
61.042
61.135
61.24
60.99
47.091
46.688
46.941
47.194
47.385
46.823
46.976
47.341
46.785
61.283
61.515
61.812
61.902
61.667
61.415
61.572
61.77
61.923
62.072
62.06
61.958
61.921
62.025
61.837
61.775
61.782
62.474
62.363
62.292
62.22
61.382
61.379
61.294
61.21
61.24
60.809
61.357
61.563
61.474
61.42
60.988
61.606
46.142
47.343
47.596
46.154
47.671
46.574
46.985
46.993
54.186
61.38
62.218
61.751
61.523
62.072
61.367
61.453
62.046
61.687
62.193
61.522
60.971
54.501
48.032
46.372
46.994
47.816
45.578
47.422
61.48
61.081
60.903
60.836
60.633
60.809
60.559
60.834
60.557
60.893
60.895
60.951
60.914
61.038
60.738
46.799
46.854
46.888
47.341
47.793
49.098
62.124
62.653
61.93
62.071
62.068
62.073
62.12
62.166
62.161
62.267
62.331
62.272
62.311
62.224
62.177
62.209
62.079
61.907
61.869
62.108
62.579
63.048
63.353
63.306
63.527
63.426
63.535
63.602
63.599
63.771
63.763
63.961
64.108
64.06
63.982
64.18
57.602
56.301
57.308
66.779
65.062
62.299
59.537
59.124
59.431
58.521
59.691
59.102
59.399
59.223
58.22
57.789
57.359
58.565
58.142
57.243
56.809
57.16
56.916
57.384
57.088
57.725
57.466
57.559
57.618
57.335
57.732
57.469
57.648
57.895
56.711
58.068
57.576
57.659
58.782
58.859
58.852
58.819
58.806
58.825
58.838
58.788
58.884
58.957
59.006
59.039
59.147
59.206
59.014
59.079
59.163
59.252
59.31
59.275
59.259
59.341
59.443
59.597
59.915
63.196
63.46
64.443
58.871
59.008
59.145
59.083
62.407
62.205
61.985
62.408
62.269
51.409
52.237
52.185
52.575
52.027
50.523
51.989
61.498
62.759
59.769
60.219
59.911
59.642
59.965
59.821
59.595
59.979
60.026
59.677
59.537
59.951
60.095
59.602
59.287
58.676
55.028
57.574
60.121
59.548
58.976
56.614
56.088
56.458
56.11
56.4
56.076
56.65
56.158
56.323
55.744
56.056
55.743
55.012
55
55.049
55.089
54.49
55.077
54.142
54.892
54.449
54.906
55.354
54.824
54.466
54.576
54.861
54.153
55.301
54.228
55.402
54.611
55.18
54.69
55.035
55.005
54.903
55.184
55.043
55.669
45.112
44.699
45.123
45.065
45.417
44.874
45.263
44.864
45.278
