57.918
57.969
57.967
58.175
58.136
58.097
57.951
57.874
57.68
57.913
58.029
61.369
61.509
61.547
61.537
61.422
61.643
61.769
62.007
62.067
62.268
62.395
62.409
62.376
62.119
62.246
61.793
60.578
61.887
63.494
63.932
63.311
62.998
63.097
63.409
63.257
63.437
63.466
63.735
63.682
63.691
63.886
63.886
64.277
63.404
62.39
61.375
61.657
61.939
60.186
60.785
61.214
63.861
63.65
63.338
63.322
63.459
63.693
63.789
63.884
63.92
63.947
63.86
63.895
63.731
63.849
65.195
64.275
63.355
63.762
63.781
63.757
63.579
63.473
63.502
63.419
63.511
63.603
63.643
63.571
63.461
63.329
63.529
63.645
63.552
63.303
63.761
64.215
64.16
64.524
64.174
63.825
63.985
63.755
63.568
63.34
63.454
63.628
63.584
63.584
63.564
63.524
63.26
63.721
63.698
63.828
76.002
75.927
63.829
64.018
64.177
61.025
61.009
60.884
60.967
60.981
60.968
60.971
60.897
61.011
60.929
60.993
60.949
60.978
60.99
60.967
60.966
61.1
61.55
63.552
63.624
63.593
63.572
63.748
63.667
63.77
63.993
64.203
64.112
63.996
64.047
64.12
64.086
64.093
64.014
63.894
63.632
64.208
64.344
64.873
64.618
64.409
62.435
64.193
63.619
64.574
63.89
63.81
63.737
64.568
66.16
65.536
65.818
66.083
66.205
65.801
66.004
65.774
65.653
64.918
64.545
63.969
63.039
62.99
63.342
63.985
64.152
63.911
64.098
63.907
62.574
63.519
62.28
61.696
61.113
60.6
61.54
60.777
61.287
63.674
63.809
64.301
64.792
63.873
63.915
63.782
63.919
64.242
64.345
65.709
64.363
64.765
63.813
66.167
77.924
78.088
65.893
65.868
65.988
77.77
77.872
77.928
77.973
78.074
77.888
66.122
71.974
77.827
77.888
77.924
77.961
78.032
78.038
65.785
66.016
66.037
66
65.903
65.945
66.059
66.04
66.021
65.915
66.008
65.834
77.799
77.755
77.802
77.731
77.627
77.839
78.02
78.003
77.986
77.913
66.023
65.892
65.895
65.971
66.059
77.975
77.947
78.081
78.052
77.907
77.761
77.641
77.802
77.792
77.885
78.047
77.92
77.889
77.946
65.829
65.813
65.898
65.982
65.976
65.992
77.944
77.846
77.749
77.812
77.876
77.797
77.836
78.154
77.983
77.87
77.852
77.932
77.908
77.884
77.905
77.926
78.029
78.32
77.936
77.85
77.873
77.896
78.014
78.084
78.023
77.983
77.939
77.954
77.969
78.031
78.007
77.943
77.88
65.865
65.922
65.977
65.735
77.877
77.842
66.104
65.96
77.946
78.118
78.066
72.958
73.03
72.983
72.983
72.991
72.989
72.994
72.972
72.953
73.016
72.961
72.988
72.993
72.982
72.985
73.016
72.987
73.012
72.986
62.099
