62.804
63.012
63.041
62.916
63.029
63.057
62.869
63.004
63.114
62.946
62.906
63.035
62.89
62.781
63.078
63.046
62.909
63.334
64.516
64.061
63.821
63.766
63.912
64.089
64.164
63.917
63.791
64.032
64.103
64.214
63.956
63.82
63.989
64.238
64.152
63.978
63.831
64.472
63.92
61.615
60.88
61.214
61.341
62.002
62.483
62.198
63.006
63.159
63.039
63.465
63.279
63.788
64.297
64.649
63.904
63.16
63.575
63.991
64.104
63.832
63.943
63.755
63.909
63.797
64.34
64.169
64.194
64.22
63.974
63.97
64.007
63.903
64.298
64.08
64.049
64.142
64.042
63.961
64.175
64.112
64.053
63.88
63.97
63.973
63.856
63.887
64
63.937
63.4
63.973
64.127
64.258
63.765
63.413
62.937
52.522
52.425
61.798
62.044
62.211
61.796
63.16
63.051
63.214
63.377
64.274
63.709
63.726
63.744
63.837
63.856
63.871
63.79
63.619
61.574
62.208
63.212
60.951
61.667
64.15
63.831
64.282
63.724
64.232
64.029
64.194
64.175
64.197
64.176
64.005
64.178
63.597
62.95
60.859
52.382
52.015
52.222
52.43
63.11
62.78
62.14
61.783
62.78
63.046
63.709
63.993
64.025
63.978
63.513
64.102
64.107
64.089
64.038
63.745
63.783
63.859
64.353
63.972
63.966
63.961
63.719
63.575
63.645
63.696
64.007
64.015
64.18
64.045
62.747
64.46
64.393
64.392
63.835
63.687
63.371
61.628
60.785
63.989
63.902
61.297
60.94
61.193
61.446
61.902
62.404
62.447
62.993
62.885
62.627
62.801
62.551
62.505
61.97
62.672
54.757
55.602
55.285
54.968
55.074
55.179
58.031
60.883
60.462
60.615
60.303
60.23
59.895
60.341
60.347
59.7
59.935
60.568
59.829
59.907
59.701
59.496
59.537
59.501
59.464
59.481
59.415
60.324
60.06
59.83
59.777
59.956
59.814
59.78
59.819
59.805
59.941
59.726
59.509
59.455
59.468
59.635
59.441
59.206
59.484
59.841
61.032
60.823
62.233
61.775
63.028
62.25
63.563
63.635
63.633
63.63
64.479
64.149
64.212
64.167
64.281
63.887
64.138
64.471
64.564
64.065
64.164
64.185
63.689
60.732
61.082
60.633
61.063
60.811
60.916
61.189
60.811
61.001
61.208
61.076
60.957
61.027
60.961
60.832
61.032
60.913
60.936
60.933
60.92
60.915
60.955
61.067
60.845
61.06
61.039
67.955
67.96
68.017
67.986
67.946
67.969
56.083
55.851
67.954
67.986
68.061
56.873
57.861
58.177
58.398
58.24
58.655
58.649
58.507
58.902
59.454
59.179
59.654
59.674
59.919
59.82
59.155
58.512
58.835
63.711
64.312
63.874
64.073
64.272
63.185
63.501
63.817
63.427
63.786
63.748
63.672
63.6
64.161
64.156
62.438
64.618
64.29
64.875
64.471
64.318
64.363
64.545
63.62
64.108
64.202
64.297
64.188
64.08
63.752
64.044
63.933
63.919
64.02
63.97
63.919
64.158
63.831
57.169
56.506
63.739
60.091
56.442
56.812
56.039
56.185
56.332
57.03
56.576
60.291
58.464
56.636
57.189
57.354
57.518
56.229
57.633
57.811
57.988
56.529
57.323
63.924
63.931
57.68
59.513
59.317
59.974
60.63
62.145
62.608
61.495
62.654
62.354
62.763
63.395
63.643
64.068
64.223
64.437
64.645
64.295
63.995
63.735
63.457
63.96
64.011
64.196
63.976
63.873
63.782
63.828
63.989
64.048
64.228
64.194
64.246
64.389
64.301
57.269
56.704
56.815
57.105
56.906
57.184
56.557
59.101
61.645
61.685
61.59
62.412
62.197
63.055
63.035
63.567
63.774
63.832
64.093
64.165
63.984
63.672
64.654
67.85
65.601
68.295
65.962
63.628
64.447
62.048
61.998
61.725
61.554
61.709
62.411
61.979
62.026
62.413
62.423
62.332
62.352
62.126
62.631
62.306
62.521
62.195
62.142
62.326
61.895
62.287
61.736
61.25
61.291
60.956
60.429
59.491
58.574
57.509
57.085
57.924
57.807
58.374
58.506
58.576
58.582
58.458
58.17
58.219
58.048
58.437
58.562
58.569
58.6
58.583
58.748
58.946
59.105
59.065
58.859
58.815
58.755
58.248
58.362
58.633
58.745
58.707
58.688
58.623
58.722
58.756
58.791
58.9
58.842
58.666
58.626
58.525
58.513
58.5
58.703
58.762
58.643
58.719
58.809
58.68
58.575
58.58
58.493
58.398
58.534
58.7
58.799
59.094
59.225
58.793
58.992
58.989
58.992
58.654
58.9
59.131
58.94
58.957
58.886
58.921
58.98
59.021
58.923
58.921
59.04
65.743
65.916
66.11
66.077
66.073
66.005
65.937
65.95
65.881
65.948
65.986
66.025
66.003
65.91
65.979
66.05
66.039
65.994
65.961
65.907
66.036
66.215
60.818
63.309
59.079
54.85
56.536
55.61
56.027
