58.098
51.006
50.604
50.428
50.252
50.542
58.655
58.48
58.362
58.349
58.448
58.519
58.841
59.001
59.955
60.754
63.187
64.442
65.398
65.64
65.906
66.162
66.856
59.42
43.631
43.437
43.737
43.205
43.822
43.71
44.031
44.069
44.059
43.961
44.608
44.06
44.263
67.906
66.543
65.918
65.605
65.64
65.991
66.335
66.759
66.959
67.319
67.2
67.163
67.083
67.041
67.154
67.111
66.29
65.665
63.366
59.054
58.944
58.835
61.05
61.537
62.294
62.49
62.518
62.473
62.574
62.665
62.66
62.561
62.356
62.304
44.926
45.182
44.969
64.978
65.328
65.46
65.245
65.028
64.778
64.641
64.912
64.958
64.885
64.908
64.897
65.007
65.063
65.427
65.247
64.486
64.956
69.99
67.989
65.987
65.227
65.106
65.025
65.053
65.224
65.536
58.361
46.705
45.561
45.885
45.606
45.768
46.043
46.141
45.856
65.817
64.889
63.768
63.57
63.622
64.049
64.521
64.636
64.656
64.642
64.475
64.489
45.955
46.045
45.929
46.197
64.611
64.487
64.171
64.27
64.458
64.845
64.985
65.09
65.224
65.349
65.474
65.388
46.428
46.533
65.103
65.131
65.121
65.112
65.212
65.273
64.99
65.186
65.081
65.044
65.043
64.941
64.921
64.967
64.934
64.902
64.959
65.087
65.095
65.007
65.083
65.038
64.954
64.975
64.992
65.097
65.176
65.128
65.052
65.016
65.032
65.032
65.24
65.1
64.824
64.896
65.066
65.217
64.797
64.9
64.832
64.764
64.931
65.072
65.143
64.935
65.004
65.034
46.106
45.86
45.832
46.039
46.112
45.859
45.984
45.908
46.308
45.846
45.9
46.058
45.857
46.193
45.551
45.987
45.817
46.241
45.958
46.137
45.734
45.68
46.246
44.96
59.51
59.654
59.8
60.374
60.926
61.352
61.613
61.741
61.899
61.896
61.976
61.972
61.914
62.12
62.301
62.413
62.477
62.284
45.957
45.973
46.135
49.005
47.841
47.256
62.389
62.103
62.055
62.39
62.599
62.833
62.962
62.915
62.981
62.862
62.79
62.713
62.744
62.789
62.718
62.666
82.083
82.1
70.031
69.989
67.277
64.564
64.882
64.869
64.873
64.927
65.068
65.249
65.392
65.487
65.51
65.534
65.903
66.243
66.256
66.142
66.204
66.196
66.369
66.542
66.585
66.637
66.9
82.058
82.126
69.92
70.02
51.176
60.584
56.11
51.636
51.801
49.869
48.98
51.144
51.745
50.836
49.461
50.715
51.489
51.321
49.615
49.606
51.468
52.737
64.73
64.643
61.565
61.702
61.688
61.853
61.927
62.029
62.053
62.098
62.187
62.384
62.548
62.68
62.722
62.801
62.932
62.985
62.747
62.461
62.744
63.026
63.357
63.093
62.916
62.783
62.826
62.932
62.883
62.984
63.056
62.984
62.926
58.201
57.646
57.907
58.172
57.903
57.998
58.051
64.097
64.946
65.158
64.975
64.831
64.919
64.948
64.992
65.063
65.205
65.371
65.393
65.474
65.802
66.23
66.568
66.43
66.358
66.332
66.315
66.394
66.501
66.633
66.891
59.037
51.183
50.126
45.862
44.923
43.609
65.001
65.02
43.068
43.191
46.392
45.585
55.27
50.876
46.483
44.938
64.947
65.1
46.528
