53.945
53.969
54.072
53.97
53.503
53.89
54.01
65.646
65.971
66.194
66.321
66.364
66.227
65.844
68.083
58.142
55.753
63.416
57.855
62.164
66.473
66.211
66.129
66.258
66.485
66.621
67.002
67.198
67.434
67.452
67.552
67.643
67.644
67.649
67.695
67.701
67.699
67.74
67.805
67.785
67.852
67.896
67.91
67.887
67.927
68.023
68.051
68.178
68.163
68.172
68.169
68.206
68.236
68.322
68.312
68.203
68.104
68.096
67.955
52.161
51.814
52.071
52.179
51.323
51.727
52.425
52.221
67.807
67.332
67.123
66.966
66.967
67.108
67.399
67.714
67.919
67.99
68.015
68.063
68.104
67.884
49.273
50.002
50.187
68.298
68.118
68.098
68.116
55.45
54.786
48.206
49.156
68.048
67.443
66.46
66.299
66.553
66.431
66.39
66.904
67.123
67.32
67.409
67.44
67.549
67.38
67.555
67.771
67.794
67.678
67.331
67.136
66.496
66.734
49.507
49.164
65.438
65.328
65.195
65.554
65.669
65.654
66.018
65.914
66.329
66.149
66.36
66.065
66.148
66.063
66.007
65.783
67.497
67.822
67.923
68.025
68.05
68.071
59.666
51.26
43.806
45.166
63.867
63.489
63.604
63.646
63.754
63.882
64.062
64.076
64.325
64.383
64.687
64.761
64.945
65.112
55.544
45.976
43.791
44.488
44.748
44.003
44.367
46.14
47.913
48.237
48.56
57.559
57.825
57.964
58.326
58.774
59.192
59.309
59.598
59.649
59.888
60.081
60.268
60.62
61.023
61.254
61.339
61.24
61.067
60.996
60.915
60.707
60.372
59.815
59.192
58.826
58.576
58.568
58.691
58.717
58.729
58.864
58.941
58.96
58.915
58.783
58.696
58.618
58.631
58.731
58.693
58.884
59.072
59.148
59.301
59.321
59.759
59.395
59.796
59.855
59.495
59.791
59.325
59.686
59.379
59.428
58.699
58.516
59.097
58.937
58.994
58.602
50.582
55.779
60.977
61.152
61.424
61.729
61.585
58.388
55.191
54.386
65.988
66.099
66.111
60.481
60.382
60.375
60.61
60.844
61.077
61.272
60.367
54.682
53.373
53.913
60.064
66.214
66.33
66.65
66.784
66.918
67.148
67.378
54.804
53.91
53.402
60.087
66.771
66.556
66.748
66.543
66.442
66.826
67.21
66.77
67.198
66.91
67.103
66.745
67.394
52.285
48.119
49.542
49.216
48.89
48.151
49.215
48.91
50.052
49.259
49.077
48.895
51.824
54.753
54.434
53.827
52.92
53.189
53.458
54.128
53.512
53.961
54.409
54.313
54.403
53.748
44.182
42.962
53.562
54.249
53.572
54.838
56.104
52.333
56.715
61.096
61.125
61.038
60.952
60.882
60.877
60.708
60.864
60.93
60.95
61.051
61.142
61.195
61.176
61.079
61.053
60.9
60.751
53.942
