59.181
59.12
59.03
58.956
59.447
56.021
55.85
55.737
55.894
56.485
57.083
57.672
58
58.138
58.5
58.777
58.964
59.092
59.174
59.244
59.28
59.234
59.169
59.124
59.299
59.536
59.751
59.84
60.417
61.459
62.17
63.095
63.537
63.502
63.2
63.103
63.233
63.55
64.204
64.361
64.81
64.373
64.425
64.344
64.635
64.453
64.273
64.297
64.334
64.554
64.803
64.954
65.531
66.308
66.176
65.985
65.924
65.671
65.588
65.943
65.744
66.028
58.751
58.952
59.041
58.984
65.973
66.057
66.105
65.613
58.941
58.965
58.942
59.128
58.469
59.022
62.831
63.508
64.184
65.355
66.526
58.991
63.379
67.766
67.181
67.189
58.827
59.367
63.297
67.226
67.16
67.25
67.288
65.521
63.753
52.093
51.94
52.757
66.708
66.287
65.945
65.781
65.409
65.489
65.765
65.817
66.283
50.97
52.425
51.994
51.648
52.255
51.876
66.285
66.265
66.255
66.131
52.921
51.714
52.707
65.48
64.843
65.066
64.41
64.389
64.364
64.16
64.262
64.304
64.477
64.477
64.453
64.46
64.321
64.276
64.278
64.281
64.26
64.184
64.178
64.292
64.378
64.708
64.871
65.057
64.971
64.702
65.546
65.301
66.081
66.751
67.324
66.967
66.851
66.922
79.007
78.976
67.162
67.272
79.129
79.094
67.397
67.4
67.075
66.975
66.804
66.551
66.484
66.584
66.605
66.312
66.329
48.573
49.895
49.276
49.136
49.478
49.82
49.699
66.239
66.209
66.076
65.982
65.835
65.595
65.355
61.445
57.534
49.388
49.338
50.18
50.147
63.105
63.093
63.09
62.865
63.08
63.287
63.229
63.593
63.592
63.892
63.858
63.827
63.86
63.747
63.746
63.653
63.685
63.527
63.637
63.826
63.687
63.836
63.891
63.715
63.99
64.14
63.878
63.28
63.04
62.8
49.459
50.174
50.006
49.657
50.125
49.937
49.903
49.896
65.701
65.433
64.985
64.537
63.755
62.332
60.475
58.177
58.461
58.763
59.436
59.641
59.416
59.507
59.454
59.169
58.816
59.016
58.669
58.912
58.863
59.194
58.949
56.99
55.031
64.508
61.854
59.201
56.28
65.14
57.428
65.692
57.82
49.949
50.001
55.193
55.099
55.254
55.224
55.118
55.196
55.248
55.356
67.018
67.042
67.012
70.548
58.801
58.734
58.667
58.468
58.784
58.819
58.893
58.758
58.826
58.894
59.127
59.591
59.361
59.738
59.353
59.561
59.77
59.517
59.69
59.67
59.306
59.035
58.802
58.57
58.958
54.788
55.335
59.619
59.701
59.356
59.333
59.562
59.956
60.435
60.893
60.854
61.23
61.094
60.895
60.914
60.666
60.536
60.447
60.342
60.248
56.18
52.112
51.707
44.845
44.945
51.207
59.07
57.184
56.882
57.014
45.208
44.316
57.168
57.488
57.43
44.662
45.36
57.342
57.184
44.816
45.104
45.067
44.817
45.033
44.516
44.854
45.508
62.078
61.454
61.267
61.13
60.993
61.643
62.293
62.585
63.051
63.453
63.327
63.081
63.315
63.37
63.236
63.253
63.377
45.761
44.446
44.113
46.495
45.54
44.076
62.178
62.087
62.034
61.521
61.819
61.657
61.958
62.236
61.997
61.994
62.093
61.966
61.959
61.991
61.922
61.825
45.185
45.567
54.456
54.948
55.44
54.004
56.724
55.078
54.741
55.432
55.442
55.452
56.8
56.02
57.083
56.637
56.466
57.167
56.519
56.721
57.117
56.62
56.705
54.431
55.881
57.331
56.98
56.761
56.785
58.404
59.467
59.492
59.032
59.595
59.856
59.867
59.83
59.911
59.965
59.994
60.095
60.014
60.027
59.962
60.023
59.268
58.593
59.035
58.142
59.102
57.205
58.976
58.273
58.155
57.946
58.319
57.972
58.761
58.775
58.548
57.235
56.358
54.752
54.595
54.625
55.583
56.57
58.147
58.658
58.518
57.369
58.065
58.071
56.708
56.442
56.738
57.217
56.13
57.377
56.483
56.123
57.688
56.164
57.124
58.083
62.169
59.331
62.893
59.67
56.447
56.455
55.771
55.088
55.807
55.448
55.549
55.651
54.609
54.741
53.477
52.712
54.033
54.024
53.694
53.973
54.23
54.486
54.49
54.044
53.838
54.291
54.745
54.432
67.024
66.881
67.064
66.824
67.157
66.821
64.124
61.428
58.749
58.476
58.113
58.088
58.298
58.775
46.549
46.941
47.071
46.969
47.064
47.257
46.906
47.323
46.703
47.118
46.623
47.476
46.407
47.251
47.672
46.036
47.863
46.483
47.927
47.4
48.682
49.963
53.741
57.519
56.637
57.66
57.851
58.042
62.853
62.834
62.863
62.893
58.434
50.089
