68.366
68.356
59.87
58.884
58.559
58.717
58.901
59.735
59.896
60.671
60.691
61.188
61.207
61.138
61.226
61.401
61.47
61.301
61.371
61.429
61.35
61.307
61.32
61.328
61.369
61.39
61.426
61.367
61.414
61.439
61.369
61.136
60.432
46.999
45.976
62.498
63.337
63.307
63.496
63.462
63.295
63.359
63.013
63.291
62.942
63.105
63.577
63.368
63.164
63.464
46.358
46.244
46.447
53.106
64.537
64.299
64.063
63.64
63.783
63.973
63.804
64.783
65.02
65.291
65.317
65.284
77.413
77.366
65.31
65.329
43.886
44.133
65.441
65.474
65.458
65.469
65.323
64.768
43.086
43.806
43.95
44.417
44.601
44.884
60.031
61.002
61.261
61.499
61.388
61.086
61.075
61.32
61.47
61.428
61.677
61.723
61.626
61.702
61.422
61.281
61.328
61.41
61.322
61.188
61.124
60.658
64.622
68.586
68.608
61.645
61.114
46.583
45.657
44.699
44.336
44.56
44.664
52.538
51.138
50.546
50.725
49.455
46.275
45.922
44.954
45.053
45.863
48.679
51.495
62.033
61.403
61.666
61.928
61.299
51.49
50.182
48.874
70.141
70.179
70.263
70.3
70.662
71.158
71.81
72.315
72.748
72.836
72.981
72.833
72.686
72.536
57.693
58.506
62.456
66.407
73.353
72.934
66.602
61.128
60.633
66.817
63.935
68.552
67.496
66.44
72.804
72.879
73.252
73.481
73.556
73.589
73.545
73.648
73.85
74.073
61.273
61.064
66.497
66.406
66.499
66.502
42.438
42.794
72.544
73.166
72.807
72.702
72.799
72.73
72.772
72.746
72.859
72.837
72.522
66.422
66.379
66.471
66.465
66.556
51.906
41.77
43.017
70.533
69.762
69.189
69.203
69.448
69.265
69.634
69.83
69.715
69.986
69.634
69.817
69.544
69.642
69.42
69.489
69.766
69.481
69.857
69.762
69.667
69.623
69.578
69.5
69.27
51.24
50.535
49.83
51.368
66.475
66.503
66.477
64.568
64.248
63.863
63.789
63.966
64.329
64.43
64.597
64.715
64.847
64.771
64.718
65.185
65.078
64.931
54.422
54.497
54.478
54.543
54.597
54.573
54.516
54.378
54.481
54.374
54.443
54.415
54.429
54.564
54.487
54.463
43.301
44.201
45.159
44.146
65.585
65.123
65.34
44.371
44.433
44.422
44.378
44.461
44.494
44.422
44.419
44.372
44.479
44.378
44.417
44.416
44.389
44.363
44.402
44.433
44.368
44.406
44.415
44.389
44.435
44.397
44.447
44.423
44.254
44.666
44.416
44.359
44.565
44.295
44.333
44.492
44.321
44.428
44.391
44.439
44.435
44.41
44.44
44.387
44.418
47.992
51.566
51.521
51.482
51.389
51.525
51.377
51.491
51.501
51.398
51.557
51.379
51.593
51.486
51.35
51.53
75.394
75.516
75.418
45.332
