51.183
50.556
49.95
49.96
50.795
50.96
50.731
50.323
50.589
50.675
51.355
50.99
50.156
50.329
49.175
49.444
49.714
49.125
49.783
56.539
56.749
39.235
39.265
50.544
51.313
50.226
50.8
50.596
55.913
51.797
47.681
49.218
49.748
49.444
49.268
49.435
49.358
49.768
49.29
49.621
49.312
49.283
49.659
49.337
49.715
49.214
49.642
49.122
49.541
49.761
49.245
49.499
49.219
49.93
49.256
49.297
49.751
65.175
65.583
65.945
66.399
66.69
61.628
56.566
56.395
56.557
56.189
56.416
56.543
68.902
68.545
68.219
68.177
68.251
56.628
56.349
56.304
56.729
56.23
56.332
56.85
67.339
68.048
68.141
68.292
68.402
68.608
68.65
68.871
68.8
68.653
48.954
49.48
49.628
56.402
56.435
48.848
50.032
68.4
67.911
67.886
67.862
67.807
67.874
68.248
68.465
68.529
68.602
68.62
50.126
48.63
49.056
49.482
49.8
49.248
48.696
50.09
48.841
49.914
48.708
49.532
50.017
48.696
64.634
64.532
64.886
64.442
64.188
64.25
64.266
64.394
64.483
64.615
64.86
65.031
65.034
65.01
64.644
64.037
62.838
61.269
60.006
59.591
59.686
60.176
60.568
60.573
60.622
60.711
61.004
61.095
60.887
60.821
60.836
60.807
60.777
60.699
60.664
60.709
60.563
61.477
62.204
62.156
62.259
62.283
62.46
62.732
62.809
62.961
62.998
63.048
63.029
63.014
62.878
62.791
62.658
62.411
61.884
46.234
46.992
45.739
63.148
62.829
62.572
62.487
62.609
62.808
62.883
63.006
63.384
64.284
64.48
65.262
65.597
65.733
65.802
65.59
65.385
65.158
64.962
64.971
64.99
65.075
65.153
65.054
64.806
64.598
46.389
46.459
46.181
47.368
46.408
46.52
62.492
60.877
60.598
60.467
60.873
61.117
61.302
61.537
61.491
61.424
61.273
61.052
60.922
61.018
61.222
61.479
61.302
61.212
61.252
60.876
60.807
60.992
63.223
65.455
65.54
65.531
65.494
65.528
65.562
65.493
65.622
65.479
45.833
47.282
46.047
46.66
46.282
46.607
46.121
77.54
77.416
77.463
77.461
77.439
77.416
77.447
67.933
58.42
57.206
56.41
55.615
57.266
46.054
45.497
57.035
55.926
56.582
56.689
45.761
51.652
49.354
47.057
50.082
53.107
53.446
53.201
53.711
53.523
53.205
53.502
53.673
53.274
53.467
53.485
53.47
53.334
53.644
53.456
53.409
52.701
52.411
52.12
51.706
51.343
51.534
51.401
51.492
51.466
51.489
51.443
51.469
51.486
51.287
51.47
51.362
51.775
58.464
58.397
58.799
58.474
58.518
58.366
59.598
60.831
60.859
61.176
61.249
61.271
61.359
61.275
60.944
60.653
59.618
58.215
56.926
56.535
56.366
55.924
55.985
56.334
56.438
56.804
56.864
57.132
57.491
57.312
57.266
57.625
57.891
56.507
73.53
73.479
59.61
60.734
60.99
61.228
61.344
61.266
61.143
60.985
60.924
61.047
60.536
59.976
40.288
40.525
40.214
75.537
75.544
64.158
63.115
63.109
63.182
63.198
63.114
63.061
63.119
63.152
63.143
63.082
63.052
63.067
63.145
63.44
63.726
64.104
64.597
64.947
65.196
65.181
65.558
65.577
65.566
65.535
65.343
64.592
63.579
62.949
62.318
61.447
61.181
60.915
60.797
60.497
60.353
60.226
60.175
60.287
60.384
60.505
60.676
60.686
60.149
59.657
63.33
60.467
57.604
56.946
56.59
56.748
56.32
56.779
56.662
57.109
57.256
57.294
57.173
57.319
57.309
57.178
57.159
57.068
57.382
57.697
57.786
58.574
58.055
58.658
57.923
57.761
57.599
44.426
44.4
44.186
44.605
44.545
44.223
44.455
44.502
44.031
44.501
44.424
44.382
56.677
56.275
56.046
55.71
55.733
55.972
56.412
57.005
56.973
56.622
56.488
56.445
56.592
56.49
56.457
56.645
56.744
56.74
56.706
56.537
44.404
44.339
44.392
44.374
44.397
44.416
44.403
44.451
44.492
44.37
44.389
44.439
44.386
44.412
44.42
44.404
44.405
44.356
44.371
44.35
44.392
44.373
44.353
44.465
44.418
44.424
44.343
44.449
44.394
44.403
44.434
44.319
44.394
44.388
44.402
44.37
44.426
44.457
44.398
44.421
44.423
44.511
44.341
44.373
44.422
44.359
44.402
44.37
44.37
44.339
44.362
44.473
44.438
44.429
44.422
44.559
46.902
51.057
51.033
51.215
51.063
51.708
51.682
51.655
50.91
51.169
50.874
51.228
