62.958
59.058
58.549
53.304
53.523
53.016
53.73
53.291
54.413
54.769
55.437
55.888
56.246
56.18
56.411
56.888
56.595
57.069
57.103
57.283
57.021
57.236
57.352
57.53
57.103
56.772
59.917
56.077
63.562
63.386
63.211
64.225
57.308
57.301
57.141
57.43
57.291
57.679
57.568
57.569
57.581
57.451
57.618
57.153
57.077
56.902
56.722
56.796
63.616
63.812
63.612
63.413
58.114
58.009
57.839
57.677
58.113
57.913
57.19
57.999
57.695
57.658
58.092
58.282
58.113
57.945
58.254
58.566
59.014
59.486
60.668
61.145
61.869
62.301
59.158
59.34
62.79
62.849
63.284
64.2
63.949
64.118
63.904
63.887
63.866
63.841
63.795
63.888
63.701
63.375
63.693
63.833
64.08
63.905
63.839
63.799
63.817
63.885
63.738
63.769
63.696
63.796
63.793
63.609
63.746
63.771
63.839
63.785
63.628
63.722
63.818
63.831
64.095
63.922
63.844
63.664
63.634
63.486
61.192
63.065
63.292
63.454
63.433
63.586
63.447
63.768
63.729
63.796
63.859
63.874
64.268
63.234
64.236
63.99
63.721
63.8
63.88
63.884
64.044
64.049
63.911
63.913
63.785
67.986
68.028
75.787
75.858
63.863
63.817
63.878
64.097
64.349
63.944
63.652
63.824
63.841
64.038
64.167
64.163
67.613
71.063
70.991
71.022
71.086
71.146
71.142
63.956
64.157
64.156
63.975
63.793
63.834
63.902
63.97
63.513
63.101
62.044
62.002
62.704
61.817
62.231
62.831
62.575
62.937
62.923
62.93
63.245
63.197
62.869
62.839
61.973
63.124
61.604
61.148
61.38
61.824
61.524
61.977
62.282
61.569
62.109
62.374
61.527
62.629
62.07
61.892
62.5
61.716
61.422
61.213
60.732
60.211
63.626
64.333
64.054
63.806
63.988
63.866
63.91
60.22
60.399
60.386
60.31
60.235
60.471
60.05
59.957
60.435
60.296
60.157
60.322
60.059
60.302
60.618
60.428
60.578
60.844
61.1
61.172
61.341
61.826
62.24
62.351
62.454
62.205
62.576
61.863
62.64
61.911
61.976
62.593
61.707
62.687
62.364
62.36
62.356
62.474
62.54
61.701
62.365
62.48
61.752
62.358
62.524
61.968
62.444
62.64
62.734
62.643
62.515
62.003
62.618
62.769
62.837
62.952
62.848
62.799
62.698
74.995
74.963
62.591
62.712
63.056
63.036
63.016
63.105
59.174
59.11
59.034
58.821
58.941
59.131
59.364
62.352
63.429
66.633
67.961
68.012
68.118
67.985
67.653
67.029
66.453
66.356
66.138
65.92
65.862
65.897
66.121
66.405
66.377
66.262
65.919
66.173
65.894
62.22
59
58.779
59.008
59.065
58.996
58.991
58.835
58.973
59.014
