52.229
55.824
57.226
55.891
55.232
54.573
57.036
56.585
65.901
66.024
66.151
66.089
66.059
66.028
53.108
51.936
51.593
52.141
51.186
52.481
52.169
52.215
51.652
51.539
51.721
70.886
70.998
70.992
70.965
71.034
70.999
70.988
70.969
70.959
70.929
70.899
70.94
70.98
71.021
70.983
58.888
58.86
59.041
59.222
59.737
60.615
59.973
60.455
60.743
60.945
61.438
61.95
62.481
62.225
62.444
62.915
63.016
62.986
66.053
65.988
65.985
66.06
66.008
66.018
66.071
66.044
65.782
66.016
64.846
65.039
64.342
64.631
64.015
63.948
63.808
63.567
63.449
64.147
63.564
63.426
63.569
64.188
63.619
63.519
63.631
63.893
63.322
63.919
64.128
63.922
64.006
64.078
63.933
64.043
63.923
63.845
61.006
61.351
61.104
61.149
61.101
61.003
61.038
61.04
60.885
60.906
60.879
61.119
62.66
63.11
63.546
63.453
63.534
63.482
63.461
63.495
63.546
63.464
63.395
63.49
63.461
63.778
61.167
60.925
61.315
64.282
63.205
63.689
63.37
63.628
63.669
63.598
63.682
63.793
63.724
63.704
63.733
63.735
63.737
63.689
63.778
63.946
64.084
64.034
64.02
63.995
63.842
63.839
63.762
63.632
63.575
63.748
63.83
63.853
63.864
63.843
63.897
63.912
63.92
63.802
63.672
62.576
62.913
64.024
63.832
63.855
63.879
63.743
64.036
63.881
63.921
63.921
63.958
64.045
63.979
63.797
63.819
63.732
63.781
63.781
63.808
63.752
63.254
62.866
62.7
63.598
63.523
64.999
64.933
64.889
64.501
65.343
65.455
64.926
66.433
65.853
66.019
67.056
77.818
77.868
66.187
65.479
66.081
65.24
66.329
64.344
64.124
63.904
65.342
64.432
64.478
63.962
63.919
63.903
63.937
64.048
63.92
63.934
63.918
64.065
63.935
63.985
64.559
63.36
64.063
64.002
63.898
63.104
59.943
60.143
59.83
66.599
66.38
66.275
66.514
66.274
66.385
66.286
66.687
67.131
67.575
67.55
67.956
67.745
67.621
66.23
66.8
67.298
66.796
64.33
64.01
63.805
63.805
63.891
64.055
67.981
68.029
67.825
68.006
67.906
67.912
67.965
68.082
67.686
63.704
64.331
64.628
64.926
65.913
65.182
65.292
65.809
65.219
65.91
66.059
65.889
65.535
65.572
66.001
66.196
64.516
64.474
64.266
63.876
60.478
57.081
61.366
65.65
65.39
65.78
65.798
70.995
70.951
66.805
66.978
67.152
65.608
65.116
65.949
67.45
65.057
66.644
65.763
58.987
58.916
66.052
65.736
66.118
59.092
58.861
59.25
59.081
58.46
59.644
59.309
59.799
60.02
59.87
60.264
60.03
59.842
59.747
59.702
59.52
59.649
60.231
60.41
60.481
60.642
60.432
60.184
60.298
60.411
60.547
60.387
60.184
60.558
60.655
60.43
60.533
61.315
64.423
64.545
64.667
64.23
64.229
64.229
70.03
70.029
70.02
70.012
69.991
69.971
57.94
57.864
57.907
57.949
57.873
58.11
57.846
58.003
57.938
57.948
57.919
57.867
57.796
57.827
57.957
58.167
58.161
58.099
57.984
57.824
57.824
57.966
58.155
58.026
58.188
57.932
