44.494
44.004
43.263
51.734
51.612
51.668
51.333
51.403
43.917
44.554
44.868
44.894
44.549
44.205
45.267
45.002
44.772
44.396
44.366
44.395
44.117
44.172
44.166
44.446
44.477
44.615
44.735
44.684
44.817
46.152
51.196
51.274
51.404
51.528
51.409
51.336
51.434
51.593
52.02
51.23
51.46
51.247
51.14
51.45
50.49
49.844
49.198
46.259
47.333
58.213
58.748
58.568
58.272
45.681
45.484
45.054
44.624
58.538
58.498
58.493
58.488
58.596
58.704
77.332
77.374
77.407
77.465
68.056
58.646
58.59
58.534
58.502
58.422
58.221
58.39
58.622
58.6
58.577
59.139
57.816
58.447
59.078
59.496
59.995
59.966
60.697
60.992
61.132
61.263
61.389
61.275
61.108
60.938
60.288
60.791
58.721
58.55
58.601
61.839
61.607
61.423
61.404
61.482
61.606
61.71
61.701
61.68
61.55
61.408
61.125
60.965
61.115
61.256
61.341
61.29
61.206
61.226
61.274
61.393
61.524
61.598
61.434
60.743
60.646
60.678
60.344
60.898
81.894
81.949
82.13
73.468
58.259
58.248
61.489
61.435
61.221
61.093
61.108
61.231
61.347
61.421
61.488
61.508
61.509
61.499
61.34
61.471
61.525
61.491
61.462
61.44
61.424
61.262
61.042
60.944
61.051
61.12
61.156
61
60.95
61.298
61.504
61.584
61.568
61.614
61.536
61.318
61.225
61.253
61.384
61.368
61.231
61.076
61.089
61.136
61.081
60.857
60.784
60.982
60.924
62.592
62.888
62.767
62.654
62.621
62.587
62.584
62.837
62.866
62.954
62.983
63.136
63.04
62.87
62.007
53.09
54.831
64.036
63.96
64.141
64.076
64.053
64.081
64.372
64.675
65.064
65.471
65.597
65.597
65.615
65.725
65.677
65.44
65.404
65.636
65.655
65.39
65.174
65.536
65.574
65.165
65.255
65.525
65.216
53.772
53.215
53.506
53.254
53.406
64.997
65.017
64.741
64.604
64.448
64.795
64.926
65.41
65.292
65.054
65.333
65.396
65.212
65.124
65.33
65.223
65.097
65.58
53.556
53.45
53.354
53.366
53.474
53.451
53.495
53.452
53.348
53.403
53.624
53.323
53.32
54.247
53.267
53.249
53.973
53.181
53.197
54.076
53.404
53.114
54.083
53.43
53.073
54.119
53.503
57.061
60.956
66.712
60.075
53.439
53.362
53.296
53.358
63.39
61.967
62.187
62.416
62.889
63.187
63.331
63.255
63.376
63.658
63.973
64.667
65.362
64.934
64.801
64.868
64.908
65.158
65.08
65.201
65.325
65.192
65.239
65.282
65.199
65.266
65.546
65.52
65.494
65.667
65.419
65.359
65.309
65.617
65.828
66.109
66.402
66.537
66.622
66.556
66.199
54.568
54.657
54.411
54.433
54.315
54.197
55.087
54.245
65.306
65.223
65.171
65.039
64.956
65.158
64.784
64.907
64.943
64.549
64.343
64.165
64.524
63.956
63.574
63.344
63.457
63.425
63.35
63.465
63.393
63.228
63.286
62.934
62.47
61.454
60.128
60.061
60.41
61.001
61.641
61.809
61.782
61.679
61.577
61.441
61.295
61.235
61.205
61.327
54.452
54.367
54.353
54.394
54.43
54.442
61.878
61.613
61.364
61.218
61.261
61.314
61.359
61.37
61.478
61.587
61.523
61.324
61.203
61.057
54.399
54.418
54.259
54.245
54.34
54.372
54.509
54.465
54.327
54.345
54.429
54.376
54.313
54.295
55.055
56.463
55.256
55.435
56.166
56.862
57.592
57.934
58.068
58.082
58.07
58.196
58.306
58.427
58.501
58.341
58.399
58.496
58.698
58.982
59.106
54.287
54.473
63.271
63.497
63.758
63.895
64.052
64.162
64.435
64.792
65.167
65.483
65.551
65.817
65.727
65.587
65.258
65.042
65.014
65.227
65.47
65.522
65.68
65.694
65.731
65.907
65.778
65.788
65.863
65.836
65.805
53.439
53.425
65.753
65.787
53.397
53.454
53.51
53.433
53.41
53.408
53.466
53.466
53.415
53.373
53.537
53.41
53.438
53.536
53.433
53.382
53.523
53.547
53.484
53.449
53.354
53.445
53.419
53.462
53.402
53.293
53.005
55.385
57.766
70.473
70.445
70.466
71.515
72.564
72.509
72.471
72.378
72.45
70.501
70.422
70.375
70.394
55.085
48.716
48.808
48.494
49.022
70.084
