49.635
48.474
52.547
52.218
51.787
51.754
57.015
55.897
55.323
55.116
55.233
54.894
56.616
56.199
55.782
55.642
66.998
66.988
55.809
55.837
55.841
55.845
55.808
67.023
67.045
55.639
55.693
56.093
56.322
55.969
55.954
55.876
55.789
55.763
55.743
55.511
55.633
55.644
55.949
55.863
55.593
55.568
55.703
56.374
56.164
55.783
55.89
56.696
56.074
56.01
56.157
56.021
55.791
55.827
55.923
55.854
55.711
55.932
55.817
55.798
55.579
55.99
56.238
55.726
55.636
55.562
54.489
54.673
55.172
54.574
55.116
54.917
55.216
54.636
55.159
55.682
55.056
55.013
55.037
55.112
55.3
65.937
66.131
66.108
66.006
66.015
57.597
57.678
57.626
57.575
57.415
57.298
57.084
66.033
65.94
57.452
57.323
57.329
57.309
57.289
57.389
57.316
57.391
57.41
57.742
57.459
57.329
57.396
57.504
57.833
58.158
57.728
57.589
56.599
56.947
57.049
56.84
73.963
74.004
73.984
73.99
58.066
57.577
57.484
57.429
57.402
57.498
57.716
57.336
57.334
57.309
57.291
57.326
57.454
58.029
57.808
57.518
57.04
57.01
56.934
56.124
58.23
58.405
57.899
57.494
57.871
58.196
58.489
58.839
59.011
59.133
59.141
58.979
58.897
58.969
58.937
59.056
59.11
59.185
59.255
59.466
59.365
59.569
59.578
59.345
59.077
58.672
58.251
57.83
56.834
57.332
56.873
55.7
54.606
55.473
54.706
56.902
56.892
57.804
56.069
55.367
56.473
56.854
57.236
57.133
56.692
55.827
54.695
54.857
55.085
53.848
55.209
54.389
54.936
55.645
55.252
54.858
54.792
58.479
59.211
58.805
59.176
58.533
54.849
55.586
57.115
55.244
57.772
57.483
58.51
57.931
57.987
57.482
58.091
58.71
58.615
58.919
58.711
58.861
59.011
59.187
59.004
59.115
59.139
59.336
59.384
59.481
61.137
59.4
59.341
59.239
59.263
58.89
58.641
62.95
62.942
63.129
62.958
62.872
63.11
62.939
58.934
58.721
58.973
59.036
58.853
58.997
59.047
59.03
58.936
59.068
58.95
59.018
59.038
59.005
58.969
59.039
58.937
58.986
58.965
58.969
59.028
58.968
58.983
58.961
58.976
58.951
58.974
58.951
58.986
58.937
59.003
58.96
58.938
58.974
58.958
58.88
62.86
62.933
62.955
62.936
62.982
63.171
63.348
63.567
63.735
63.824
63.626
63.341
63.455
63.551
63.512
63.364
63.147
62.663
83.009
83.087
50.431
60.722
71.013
70.99
63.94
58.509
57.857
57.512
57.849
58.189
58.281
58.625
58.345
58.114
58.197
58.68
58.725
58.556
58.666
58.718
83.018
83.044
58.943
58.691
58.937
59.193
62.687
62.444
62.136
62.115
61.962
62.044
62.519
62.885
63.379
63.514
63.535
63.429
63.252
63.403
63.394
62.947
63.185
63.366
62.978
63.198
63.536
63.25
62.733
62.752
61.972
61.545
61.491
61.673
61.832
61.964
62.115
62.052
62.286
61.794
62.073
62.23
61.245
62.189
61.093
62.172
60.891
61.991
63.194
