60.873
61.2
60.691
61.01
61.06
60.689
61.009
60.955
61.108
61.008
61.527
60.898
60.904
61.128
60.917
60.95
60.855
61.005
60.668
61.132
60.829
60.845
61.271
60.866
55.354
55.19
54.072
54.854
55.156
55.368
55.917
56.513
56.585
56.255
56.961
57.802
64.151
63.867
63.935
63.844
63.91
63.938
64.09
59.056
58.786
58.467
58.147
58.478
58.332
58.467
58.533
59.56
59.25
60.351
61.035
62.737
62.743
62.284
62.416
62.454
62.254
63.123
63.466
62.965
63.233
63.609
63.578
63.536
63.504
63.415
63.585
63.736
63.946
63.819
63.56
63.526
64.265
63.574
64.009
63.811
64.012
63.9
64.056
64.133
63.981
64.058
63.789
64.098
63.91
64.007
64.062
63.839
63.889
68.449
66.284
64.119
63.811
64.076
64.019
63.961
64.124
63.933
64.037
64.141
63.964
64.009
63.973
63.997
63.993
64.011
63.812
59.706
58.505
58.383
58.878
58.6
59.649
59.274
59.453
59.62
61.256
59.971
61.37
62.386
62.46
63.123
63.231
64.016
64.247
64.134
64.041
63.965
64.035
64.008
64.137
64.523
64.644
64.372
64.248
64.331
64.93
64.084
63.933
64.003
64.038
63.837
63.832
63.879
63.827
63.292
63.556
64.089
56.896
57.114
56.346
57.429
59.66
61.891
61.697
62.034
62.093
61.668
62.016
63.354
63.266
62.622
63.313
63.371
63.271
63.428
63.46
63.602
57.33
56.607
57.517
57.357
57.196
57.015
56.833
62.333
61.621
61.518
61.509
61.58
61.775
62.55
62.027
62.215
62.713
62.431
62.577
62.509
62.752
62.535
62.433
62.15
62.135
61.157
61.322
60.947
60.572
60.994
60.671
60.599
60.201
59.937
59.349
58.37
57.617
56.901
57.6
58.097
58.493
58.981
58.657
57.994
58.002
57.92
57.762
57.683
57.961
57.293
57.985
58.179
58.374
58.687
58.66
58.517
58.659
58.796
58.688
58.681
58.707
58.898
58.875
58.828
58.742
58.165
68.042
68.032
68.02
68.029
68.038
58.483
58.6
58.788
58.84
58.709
58.689
58.821
58.925
58.77
58.575
58.483
58.179
58.367
58.365
57.986
58.785
58.768
58.732
58.824
59.098
58.976
58.855
58.894
58.831
58.869
58.799
58.8
59.197
59.143
58.967
58.885
58.984
65.948
65.981
65.78
66.509
53.829
54.398
53.562
54.14
53.945
53.856
54.281
53.525
54.335
53.684
53.84
53.949
53.749
54.085
53.899
54.056
53.902
54.06
54.003
54.034
53.993
54.313
53.748
55.012
53.464
55.651
57.389
58.42
59.451
58.635
57.819
55.434
51.431
