63.957
63.975
63.977
64.037
64.003
64.044
63.992
64.288
64.584
59.52
60.177
60.249
60.239
60.061
59.54
59.622
60.158
60.238
51.428
51.124
64.001
63.998
64.001
63.04
62.883
63.18
63.205
62.955
63.061
63.2
63.326
63.625
63.555
63.483
63.632
63.714
63.694
63.639
63.464
63.494
63.638
63.888
64.362
65.308
66.098
66.772
66.868
66.688
66.784
67.134
67.462
68.081
50.449
51.417
52.385
50.626
81.078
81.023
50.676
65.847
58.266
50.685
52.136
52.543
50.463
52.245
68.943
68.903
68.849
68.802
68.757
68.727
68.761
68.846
68.88
68.87
68.989
69.034
68.99
68.937
68.912
68.901
68.918
68.791
68.3
61.594
54.888
54.917
53.124
60.345
67.567
67.117
66.651
78.651
78.546
78.658
78.77
78.813
78.887
78.898
78.889
78.879
78.824
66.728
66.79
66.766
66.772
66.761
66.762
66.884
66.808
66.398
66.68
66.961
67.343
67.484
67.377
67.4
67.462
67.581
67.855
68.163
68.386
68.687
68.803
68.754
68.652
68.618
68.656
68.751
68.835
68.877
68.926
68.916
68.872
68.837
68.792
68.79
68.834
68.895
68.924
68.917
68.84
68.809
68.832
68.881
68.879
68.891
68.911
68.897
68.877
68.855
68.83
68.791
68.553
68.447
70.263
72.08
68.136
66.995
66.758
66.683
66.653
66.647
66.692
66.702
66.639
66.768
66.774
66.74
66.733
66.682
66.624
66.732
66.754
66.751
66.659
63.161
59.664
59.663
63.421
67.178
66.907
66.828
66.905
67.116
67.412
67.777
68.132
45.811
47.382
46.677
47.252
46.715
47.343
46.77
47.285
46.737
47.186
46.789
46.97
46.999
47.619
46.234
68.456
67.122
66.355
78.242
78.171
78.151
78.242
78.376
66.433
56.689
57.436
66.789
66.774
66.715
66.776
66.865
66.469
58.527
59.453
58.024
59.173
58.922
59.227
58.862
69.164
69.018
68.8
68.686
68.856
69.117
69.44
57.586
56.775
57.462
57.102
58.158
54.519
56.278
58.037
57.979
57.921
56.653
43.965
44.818
42.952
47.172
51.393
64.551
63.637
63.185
62.908
62.767
62.695
62.868
62.719
62.713
63.066
62.822
63.364
63.526
63.561
63.717
63.874
63.754
63.837
63.919
63.934
63.895
63.856
53.68
53.375
53.495
53.616
54.429
54.008
53.586
51.769
49.952
52.986
64.011
63.958
63.966
63.982
64.055
64.105
64.01
63.951
64.026
63.998
63.958
63.981
63.976
63.971
50.826
50.827
51.972
53.116
50.818
51.584
52.35
52.727
53.104
53.139
53.107
53.075
52.358
51.642
53.063
52.683
52.303
52.999
52.874
52.75
52.275
52.558
52.842
44.504
44.959
43.363
67.075
67.119
46.91
47.586
47.62
47.977
47.987
47.887
48.142
48.029
48.126
48.07
48.064
47.997
47.901
47.825
48.953
47.772
47.777
48.706
47.599
47.793
48.385
47.764
47.85
47.898
48.375
47.986
