43.583
43.506
43.363
43.22
44.773
43.379
70.146
70.276
70.045
43.485
43.595
43.676
43.266
43.596
43.718
43.08
43.258
70.449
70.343
70.267
70.213
70.268
70.367
70.218
74.937
74.826
74.875
74.357
64.527
64.997
65.468
64.598
64.201
64.325
65.068
65.317
65.876
66.308
66.602
66.527
66.339
66.305
66.33
66.251
66.022
65.874
65.271
64.667
63.237
61.806
61.716
61.977
62.098
62.383
62.616
62.76
62.847
62.84
62.812
62.675
62.667
62.698
62.834
63.055
58.75
54.446
68.237
60.87
53.504
43.034
43.439
63.099
63.329
63.514
56.76
50.005
55.023
60.041
59.959
59.973
59.651
59.712
59.773
65.513
72.097
72.094
70.071
71.017
71.962
65.26
65.471
65.213
65.142
64.964
64.791
65.023
65.1
65.011
64.946
65.118
65.144
65.052
64.556
64.407
64.758
65.186
65.037
65.043
65.092
64.957
64.892
64.889
57.093
58.429
57.071
48.601
48.707
65.499
65.254
65.009
65.801
66.078
54.984
55.611
67.626
66.355
59.538
59.71
59.882
72.15
71.935
68.046
67.543
67.44
62.861
63.153
75.009
74.971
72.013
72.058
72.008
65.769
59.529
60.714
60.229
59.745
60.386
69.92
79.454
79.329
79.225
79.138
71.023
62.908
61.459
60.011
81.956
82.087
82.147
82.147
82.068
81.971
81.989
49.821
46.687
45.855
46.029
45.834
46.095
45.918
46.153
46.128
45.911
46.012
45.686
46.137
46.061
45.986
65.241
65.322
65.292
65.03
64.676
65.01
65.171
65.212
65.006
64.737
64.984
65.234
65.186
65.121
64.949
65.029
65.159
65.256
65.358
65.246
65.001
64.971
65.068
64.302
63.537
46.209
46.042
79.951
79.934
59.155
59.082
59.009
59.544
60.078
59.739
60.202
59.608
60.019
59.989
59.898
60.046
59.954
60.136
59.766
59.956
60.13
59.86
60.11
59.894
59.905
59.93
65.824
66.533
66.754
66.308
66.75
66.807
66.649
67.129
67.232
67.356
67.543
67.499
67.388
67.42
67.36
67.35
67.341
66.959
66.676
66.059
65.641
65.136
64.192
63.885
63.97
64.371
64.857
65.692
65.836
66.168
66.299
66.43
66.424
66.418
66.368
66.318
65.943
65.838
65.733
65.598
66.731
67.863
64.874
63.749
63.135
62.812
62.6
62.605
62.696
62.813
62.902
62.926
62.932
62.924
62.92
62.91
62.742
62.058
66.95
67.667
60.189
52.711
50.271
52.12
57.709
63.298
63.134
62.825
62.848
62.815
62.874
63.068
63.114
63.12
63.138
63.134
63.098
63.065
63.08
63.117
63.061
62.835
62.231
62.386
61.589
61.445
60.384
59.814
59.891
60.016
60.175
60.311
60.355
60.283
60.095
60.006
59.906
59.899
59.932
60.039
60.077
60.085
59.899
50.932
52.466
51.215
51.115
50.042
51.282
61.453
61.135
60.961
61.009
61.083
61.53
61.952
62.291
62.614
62.607
62.542
62.542
62.488
62.449
62.416
62.343
62.31
62.323
62.235
62.211
62.265
62.42
62.451
62.488
62.513
62.554
62.549
62.63
62.287
55.1
55.184
54.222
55.685
59.66
63.635
63.271
63.41
63.465
63.563
63.765
63.822
63.786
63.629
63.53
63.232
62.862
70.198
69.938
70.025
70.015
69.923
70.008
69.98
69.987
69.964
69.995
69.996
70.023
69.991
70.011
52.624
53.845
53.914
53.983
59.602
65.221
65.594
65.805
65.743
65.628
65.673
65.711
65.628
65.675
65.783
65.857
65.902
65.927
65.847
65.883
65.995
65.521
60.216
54.91
54.865
67.456
79.679
79.661
79.793
79.925
75.077
70.23
69.94
69.982
70.037
79.946
79.987
80.006
79.985
67.973
69.835
69.931
70.074
65.032
65.089
65.146
66.272
66.164
66.206
66.106
66.219
66.181
66.282
66.405
66.673
66.959
66.92
67.252
67.166
67.254
67.312
67.359
67.302
67.287
67.305
67.285
67.261
67.368
67.432
67.371
70.171
69.995
69.92
69.85
67.435
65.02
65.042
64.95
65.044
64.958
65.037
64.966
64.992
64.953
64.981
