51.837
52.137
67.439
67.037
66.903
66.779
66.697
66.763
66.915
67.106
67.423
67.655
67.77
67.86
67.845
67.629
64.675
66.543
68.411
68.024
68.028
68.014
67.872
54.709
53.269
60.452
67.636
73.019
72.976
66.768
66.492
66.762
66.331
66.432
67.047
67.412
67.504
67.697
67.797
67.749
67.708
67.712
67.834
67.961
68.005
67.947
67.577
67.18
66.658
48.615
49.44
66.31
66.091
66.106
65.98
66.045
65.95
66.03
65.871
65.83
65.875
65.843
66.085
66.093
66.123
65.708
65.246
49.137
49.203
48.563
49.381
48.29
48.318
50.179
50.417
64.541
63.803
63.599
63.566
63.708
63.863
63.864
64.201
64.133
64.23
64.286
64.211
64.361
64.714
64.77
64.827
44.112
45.424
45.128
44.923
44.096
45.733
47.592
49.452
48.164
58.555
59.348
59.149
59.263
59.659
59.995
59.973
60.374
60.586
60.7
60.897
61.037
61.209
61.187
61.181
61.233
61.023
60.832
60.537
60.049
59.697
59.155
58.888
58.87
58.819
58.797
58.756
59.161
59.277
59.436
59.262
59.226
59.023
59.017
59.054
58.796
58.773
58.833
58.962
58.899
58.931
58.957
59.205
58.802
58.242
58.784
48.628
48.936
60.332
59.938
59.764
60.33
60.454
60.379
60.645
60.997
61.088
59.721
60.7
58.417
59.807
61.197
45.911
45.508
47.995
49.41
58.003
58.425
58.096
58.21
57.928
58.032
58.135
57.774
57.375
57.457
56.469
55.479
54.579
54.842
55.558
56.085
56.926
56.579
56.55
55.384
54.218
53.707
56.788
56.578
56.312
56.227
56.683
56.249
56.82
56.926
56.182
56.825
56.486
56.431
56.571
56.284
56.527
56.191
56.958
56.647
56.791
57.033
56.643
57.037
47.275
47.881
48.488
47.528
60.775
61.117
48.988
48.443
46.455
46.937
47.42
56.802
66.183
65.879
53.765
53.961
54.224
53.914
53.604
54.522
53.848
54.132
54.783
56.179
55.295
56.593
56.575
57.157
57.196
56.82
56.759
56.865
56.415
56.925
57.221
58.726
61.115
63.185
64.328
65.02
65.484
66.059
66.634
67.076
67.787
68.498
60.621
60.731
60.863
68.726
68.939
68.931
68.961
69.018
69.022
69.046
69.06
69.094
69.119
69.109
69.081
69.079
68.895
68.688
68.493
68.351
68.345
68.165
68.273
68.227
68.072
68.089
67.899
67.991
67.721
67.799
67.633
67.505
67.438
67.339
67.154
66.532
66.197
66.057
66.539
66.512
66.416
66.223
66.097
66.177
66.229
66.21
65.729
53.627
53.649
54.183
53.016
53.901
54.424
61.223
68.01
67.71
67.482
67.47
67.43
67.539
67.91
68.088
68.477
68.706
68.761
68.747
68.805
68.893
68.924
68.961
68.936
69.048
69.102
69.12
69.215
69.075
69.241
69.342
69.347
69.353
69.175
69.106
69.212
69.16
69.176
69.227
68.967
68.768
68.702
68.636
68.478
68.319
67.972
67.834
67.647
67.754
67.765
67.755
67.997
68.005
68.164
68.079
68.037
68.104
68.014
68.089
67.896
67.641
54.112
54.011
54.144
54.042
53.058
66.154
65.975
66.018
66.222
66.216
66.208
66.234
66.287
66.666
66.548
66.32
66.36
66.482
66.674
66.545
66.461
66.564
65.484
57.726
56.98
56.235
49.351
52.301
55.252
53.584
63.19
62.764
62.381
61.986
61.956
61.976
62.288
62.672
63.07
63.291
63.432
63.664
63.759
63.664
63.849
52.23
51.92
52.019
52.001
60.739
58.958
56.822
55.245
55.921
56.002
56.799
57.394
57.264
57.536
57.6
57.261
57.324
57.118
57.452
57.419
57.643
57.413
57.458
57.446
57.524
57.446
57.429
57.467
57.574
57.825
57.93
57.993
58.035
58.491
59.012
59.417
59.527
59.661
59.819
59.927
59.953
59.858
59.7
59.021
58.822
58.684
58.906
59
59.209
59.141
59.023
59.113
59.378
59.56
60.132
60.616
60.834
56.069
58.54
61.012
61.025
60.883
60.751
60.643
60.673
60.793
60.843
60.893
60.916
60.986
60.844
60.848
60.886
60.883
61.087
60.997
61.021
60.891
60.619
44.809
45.121
44.411
43.701
44.636
52.048
52.135
45.213
45.201
45.07
44.897
44.896
44.977
44.644
44.941
44.969
45.102
45.119
45.145
45.163
45.574
44.998
44.422
44.929
44.303
45.269
45.155
54.803
55.81
56.799
57.76
58.944
59.209
59.85
59.735
59.593
59.52
59.723
59.755
59.914
59.998
59.812
64.133
63.997
49.853
49.852
49.851
60.392
60.15
59.778
48.929
48.862
49.321
49.779
50.379
50.979
57.148
56.847
57.008
57.214
57.541
57.808
57.819
57.505
57.353
57.366
57.313
57.278
57.236
57.338
57.501
57.401
57.539
57.616
57.677
57.751
57.397
56.975
61.458
65.94
65.998
48.729
50.107
50.183
49.99
49.797
50.49
49.732
49.83
49.659
50.312
50.232
49.222
50.25
50.259
49.397
49.943
50.3
