44.377
44.577
44.401
44.46
44.38
44.428
44.42
44.408
44.438
45.512
55.997
56.813
56.336
43.429
44.863
43.893
44.39
44.573
44.068
44.52
44.514
44.249
44.24
44.726
44.01
44.534
44.987
50.801
47.097
43.394
44.725
43.32
43.312
43.303
44.163
44.15
44.987
43.299
45.112
44.343
43.827
44.716
44.319
44.262
44.419
44.613
44.102
44.597
44.431
44.377
44.333
44.377
44.41
44.36
44.536
44.294
44.104
44.812
44.002
44.127
45.446
46.765
67.196
66.221
65.948
65.947
66.237
66.529
50.027
49.345
67.837
67.815
67.897
67.899
67.664
67.561
67.535
68.059
49.73
59.011
68.292
68.317
68.183
68.263
68.261
68.098
67.681
66.798
63.955
60.258
60.466
60.92
62.318
63.927
64.628
64.9
64.6
64.812
64.583
64.911
64.622
64.964
64.75
64.973
64.976
65.166
65.247
65.41
65.961
67.543
68.011
68.77
68.934
68.605
68.321
68.161
68.067
67.906
68.079
68.211
68.288
68.266
68.207
68.251
68.313
68.427
68.681
68.786
68.57
68.329
68.245
68.35
68.571
68.946
69.109
69.385
69.499
69.522
69.448
69.482
69.664
69.609
69.828
69.967
69.976
70.088
70.073
69.927
69.864
69.941
70.017
70.055
70.141
70.066
68.793
68.61
68.56
78.231
78.37
68.714
68.856
68.654
68.414
68.177
68.198
68.243
68.174
80.286
80.347
80.46
80.518
80.515
80.435
60.255
70.343
80.432
80.393
68.283
68.414
68.545
68.391
68.601
68.467
64.183
66.39
68.598
68.57
68.495
68.5
68.505
68.586
75.533
75.478
57.041
56.174
56.505
57.078
57.499
58.241
58.856
59.522
59.781
60.015
60.162
60.064
60.188
60.253
60.655
60.91
61.105
61.241
61.362
61.377
61.346
61.379
61.419
61.325
61.247
61.24
61.174
61.116
61.053
60.625
60.501
61.171
62.163
62.603
62.969
63.057
63.231
63.027
63.203
63.04
63.211
62.96
63.172
63.127
62.886
63.078
62.62
46.727
46.433
46.617
55.253
63.888
63.698
63.357
63.147
63.295
63.554
64.222
64.454
64.815
64.92
64.929
64.958
64.986
65.123
65.023
65.015
65.047
65.014
64.963
65.088
65.078
64.983
65.011
65.153
64.946
64.346
63.521
62.082
60.84
59.188
58.666
59.86
60.915
61.255
61.463
61.665
61.44
60.979
60.838
60.95
61.265
61.453
61.503
61.646
61.55
61.379
61.452
61.489
61.249
61.142
44.467
44.343
44.564
44.349
44.397
44.427
44.549
44.34
44.326
44.494
44.419
44.89
44.909
44.98
44.625
44.719
44.336
44.354
44.441
44.116
44.243
44.153
44.371
44.208
44.48
44.479
44.421
55.672
54.317
42.96
42.96
54.938
54.127
54.475
70.403
70.8
71.134
71.324
71.782
72.373
72.696
72.831
73.044
73.45
73.554
73.572
54.501
54.166
54.231
54.354
54.166
73.526
73.49
73.453
73.486
73.432
54.324
54.423
54.216
54.51
54.368
54.664
54.782
54.9
55.168
73.053
73.145
73.062
73.179
73.39
73.758
74.192
74.503
74.677
74.775
74.785
54.523
53.711
53.213
53.031
53.588
53.697
72.897
72.858
72.856
72.88
72.823
72.781
72.88
72.909
72.919
72.946
72.939
72.769
51.977
51.295
51.88
50.562
51.577
51.536
51.55
51.384
69.053
69.544
69.888
70.233
70.527
70.731
70.708
70.778
70.47
70.522
70.361
70.321
70.268
70.379
70.507
70.471
70.441
70.269
69.74
58.584
58.58
73.51
73.465
58.745
58.529
58.392
58.895
64.544
64.179
64.247
64.412
64.426
64.351
64.459
64.51
65.078
65.292
65.403
65.223
65.296
65.252
65.437
65.484
65.406
65.354
65.443
65.704
46.192
46.239
46.397
46.555
46.378
45.997
45.974
46.219
46.464
46.499
46.436
46.374
65.633
65.894
66.196
66.105
65.828
66.212
66.534
66.962
67.349
67.736
68.21
68.364
68.432
68.472
68.53
68.571
68.667
68.763
68.82
68.778
68.717
68.707
68.741
68.762
68.719
68.647
68.637
68.706
68.763
68.686
68.633
68.622
68.58
68.631
68.698
63.454
63.185
63.543
72.025
80.508
80.56
80.595
44.856
44.835
44.767
44.699
44.316
78.271
78.274
73.703
73.322
73.561
73.591
73.448
73.412
44.796
44.77
44.984
44.988
44.958
44.958
73.472
73.426
73.492
73.253
44.342
44.481
44.486
44.514
44.451
44.414
44.36
44.441
