46.923
47.093
46.623
47.06
46.979
47.025
46.921
46.959
47.013
47.062
46.962
46.946
46.818
46.968
47.092
46.864
46.869
47.036
46.888
47.004
46.902
47.009
46.968
46.87
47.196
46.913
46.91
46.974
46.947
46.893
47.01
46.89
46.89
47.086
46.938
47.146
47.421
62.041
61.263
61.608
61.555
62.258
62.434
62.721
62.868
63.037
63.211
63.196
63.311
63.394
52.063
51.992
51.942
51.993
52.093
51.956
51.898
51.974
51.685
52.388
51.973
51.824
52.236
51.633
52.04
52.19
51.64
52.142
52.1
51.708
52.339
52.129
51.919
52.197
51.649
52.179
52.117
52.203
52.288
51.652
52.315
51.988
51.448
52.6
51.673
51.717
61.51
62.15
62.188
61.949
62.104
62.263
62.558
62.853
63.14
63.483
63.602
63.709
63.502
63.333
62.983
63.25
63.335
63.215
63.249
63.751
63.797
63.971
63.868
63.523
62.504
62.636
61.96
61.926
61.921
62.048
61.88
62.037
62.374
62.081
61.993
62.158
62.043
61.825
61.869
60.95
61.346
63.009
63.005
62.883
63.092
62.992
58.562
58.211
58.216
57.991
58.12
58.241
58.314
58.19
58.344
58.497
58.524
58.356
57.634
58.258
58.426
58.432
57.957
58.188
58.471
58.499
58.614
59.06
59.625
59.932
60.039
60.487
60.363
60.966
60.709
61.578
61.824
61.964
61.883
62.152
62.085
61.902
61.885
61.886
61.837
61.401
60.976
58.964
58.529
79.041
78.986
78.954
60.589
60.339
59.965
60.009
59.994
60.09
60.201
60.434
60.417
60.641
60.513
60.582
60.467
60.658
60.456
60.364
59.876
64.341
63.744
71.875
80.006
79.956
79.996
58.818
58.53
58.264
57.973
57.892
57.709
57.621
57.058
57.228
57.31
57.343
57.252
57.296
57.291
57.235
57.19
57.252
57.173
57.312
57.446
57.502
57.329
57.29
57.257
57.237
57.262
57.303
57.434
57.528
57.38
57.231
57.118
57.369
57.825
58.398
57.684
57.803
58.094
58.186
58.737
58.851
59.235
59.57
59.792
59.595
59.475
58.399
58.291
58.893
59.007
59.056
58.712
58.781
58.985
58.969
59.007
58.962
59.076
59.073
59.071
59.079
58.949
59.009
58.731
59.023
59.007
59.315
59.306
59.297
59.171
59.205
59.288
59.28
59.143
59.105
58.908
58.712
58.955
58.958
58.807
59.057
58.753
59.068
58.947
58.813
64.257
63.627
46.883
47.396
59.127
58.942
58.998
58.886
58.933
58.966
58.98
58.785
59.436
58.873
58.92
59.037
58.93
59.086
58.957
59.02
58.917
58.964
58.769
58.574
