62.986
62.898
57.234
56.408
56.383
56.938
57
57.366
57.557
57.075
57.863
57.912
57.259
57.927
57.639
57.611
58.122
58.092
57.925
58.116
58.073
58.846
59.211
61.095
59.841
59.721
59.957
60.154
60.144
60.634
61.306
61.604
62.011
62.096
62.217
62.174
61.971
61.873
61.848
61.813
61.788
61.73
61.7
61.683
61.554
61.383
61.31
60.999
60.497
60.71
60.435
60.694
60.67
60.644
60.995
60.878
60.861
60.893
60.95
60.999
61.013
60.955
60.537
59.907
60.292
60.74
61.187
61.241
61.354
57.409
57.479
57.612
57.945
58.242
58.355
57.882
57.564
57.673
57.612
57.136
56.997
57.151
57.184
57.297
57.361
57.599
58.19
57.677
57.393
57.335
57.225
57.144
57.059
57.146
57.196
57.419
57.799
57.671
57.516
57.218
57.619
57.612
58.122
57.923
57.649
57.819
58.823
58.423
59.453
59.385
59.763
59.996
59.926
59.728
59.524
78.971
78.965
59.99
60.063
60.005
60.956
59.534
59.347
59.2
59.15
59.299
66.972
66.997
59.389
59.269
59.202
59.205
59.206
59.231
59.289
59.588
59.807
59.492
59.447
59.513
60.058
60.082
59.619
59.645
55.469
57.424
59.379
59.184
59.307
59.255
59.488
59.369
59.25
59.234
58.85
59.108
58.959
58.655
58.883
59.111
58.873
59.1
58.754
59.051
58.92
58.938
51.845
55.331
58.817
59.223
58.856
59.05
58.901
58.936
59.227
58.705
59.113
59.276
58.561
69.005
69
68.969
68.967
68.973
68.93
62.899
56.869
56.426
56.524
56.957
57.761
58.306
58.676
58.866
59.135
59.232
59.239
64.067
63.927
63.98
59.369
59.443
59.674
60.047
59.612
59.281
59.043
58.676
58.232
57.848
57.652
57.478
57.477
57.211
57.234
57.092
64.013
63.98
63.997
57.602
57.606
57.398
63.936
64.054
63.973
64
64
64
55.491
53.964
53.608
54.491
54.522
54.063
54.964
54.847
55.41
55.413
55.106
55.232
55.221
55.195
55.05
55.057
54.822
59.392
63.961
63.981
63.982
64.048
64.101
57.6
56.893
56.961
56.74
57.344
57.698
58.07
58.601
58.967
59.237
59.208
59.111
59.137
59.108
59.229
59.277
59.104
59.238
59.323
59.249
59.041
58.834
63.943
63.988
63.932
63.876
59.017
57.313
56.897
56.899
57.076
56.966
57.192
57.217
57.142
57.287
57.686
57.453
56.94
56.583
56.227
63.948
64.019
57.116
57.004
54.111
54.788
53.498
53.974
54.875
53.89
54.538
54.562
54.599
54.627
54.583
54.894
54.71
55.057
55
54.997
54.868
54.479
54.646
54.872
55.003
55.135
54.727
55.152
55.166
58.66
57.64
57.036
57.906
57.631
58.117
58.236
58.818
59.243
64.035
63.867
63.903
64.071
59.218
59.173
59.221
59.234
59.377
64.133
64.176
59.383
59.191
59.127
59.115
59.12
59.051
59.183
59.172
59.592
59.154
59.386
59.267
59.277
59.274
59.447
59.413
59.623
59.535
59.325
59.024
59.266
59.074
59.227
59.16
59.353
59.332
59.574
59.469
59.448
59.251
59.336
59.107
59.317
59.346
59.416
59.593
59.686
59.35
59.247
59.271
59.272
59.254
59.255
59.768
59.412
59.381
58.969
58.924
58.431
58.403
58.573
58.76
58.879
59.785
58.849
59.238
59.418
59.997
59.681
59.365
59.795
59.345
59.545
59.326
59.409
63.07
63.056
59.17
59.297
63.07
63.003
58.978
59.054
59.004
59.05
