54.164
53.915
54.051
53.933
53.455
54.076
52.982
58.461
55.382
52.303
51.606
52.56
51.43
52.443
51.942
52.106
52.032
51.834
52.108
51.935
51.982
64.101
63.546
63.643
63.998
64.259
64.273
64.076
52.628
53.423
54.217
62.364
70.511
71.085
71.436
71.593
71.484
71.497
71.731
71.861
71.992
72.298
72.343
72.491
72.577
72.81
72.887
72.912
73.065
73.192
49.527
50.458
50.185
49.505
50.047
50.417
49.739
48.988
65.797
71.802
71.756
71.562
71.458
71.393
71.337
71.341
71.338
71.274
71.248
71.231
71.172
71.092
70.976
71.022
70.954
70.743
50.241
50.243
49.475
48.979
50.155
49.87
49.593
69.296
69.169
69.107
69.146
69.128
69.217
69.336
69.476
69.536
69.36
69.285
69.316
50.105
49.675
49.062
50.373
50.095
49.91
50.236
49.649
50.5
49.316
48.132
46.749
49.685
65.464
66.778
66.57
66.215
66.533
66.84
66.757
67.582
67.768
67.845
68.019
68.01
68.042
67.901
67.938
65.458
65.643
65.828
67.344
66.994
66.644
66.184
67.181
66.539
66.285
66.152
66.154
66.065
66.271
66.29
66.499
66.63
66.509
66.547
66.708
66.609
66.515
66.426
66.122
65.832
65.198
60.036
54.875
50.761
45.364
43.481
49.76
64.762
64.555
64.361
64.486
64.756
64.937
65.116
65.368
65.44
65.314
65.243
65.353
65.297
65.165
65.511
65.317
65.124
64.255
63.387
61.394
58.483
58.012
57.081
58.292
58.661
58.778
59.136
58.941
59.631
59.494
59.91
59.848
59.863
60.139
60.1
60.122
60.383
60.492
60.51
60.541
60.646
60.912
61.43
62.171
62.079
64.01
65.136
66.856
67.237
67.609
67.596
67.388
67.307
67.695
68.086
68.437
68.988
69.196
69.723
70.028
70.081
70.152
70.155
59.509
64.859
56.31
47.76
47.651
45.069
46.983
50.292
48.757
48.812
47.404
45.996
45.68
45.365
48.166
46.965
45.764
48.808
47.093
45.378
44.841
44.305
45.757
42.754
44.478
46.089
47.699
68.295
68.243
68.211
68.158
68.033
62.383
56.734
53.936
52.993
68.023
67.615
67.096
67.315
67.033
67.485
67.927
68.041
68.555
68.801
68.895
61.137
61.075
60.856
60.984
61.05
60.994
54.18
54.048
53.883
54.249
57.725
52.878
48.031
48.223
48.416
66.669
66.55
78.744
78.687
66.459
66.445
66.608
66.726
66.459
66.313
66.22
66.241
66.228
46.8
47.037
46.554
66.233
66.172
66.104
66.035
50.656
49.816
48.977
49.107
49.039
48.97
49.017
