50.982
50.95
64.989
65.487
65.357
65.266
65.387
65.417
65.626
65.492
65.37
60.322
55.274
55.05
61.237
67.424
67.179
66.971
66.824
66.776
66.851
62.932
63.074
58.796
54.517
53.969
43.488
43.563
43.133
43.791
43.68
43.692
43.798
43.726
43.66
43.622
43.83
43.724
43.607
43.652
43.381
43.468
43.295
43.422
69.132
69.227
69.044
68.825
68.776
69.099
69.415
69.633
69.906
70.054
70.083
70.021
69.922
70.214
70.356
70.166
70.128
70.104
70.007
69.977
70.011
66.91
66.056
65.772
65.488
65.705
65.992
66.406
66.38
66.445
66.627
66.503
66.601
66.757
66.836
66.759
66.33
43.207
43.098
43.321
43.462
43.039
43.806
48.87
61.927
61.817
61.769
61.696
61.764
61.889
62.027
62.187
62.166
62.085
62.166
62.181
62.163
62.147
62.246
62.271
62.218
62.229
62.338
62.598
62.849
62.946
62.88
62.939
63.271
63.629
64.553
64.842
65.277
65.323
65.186
65.187
65.123
65.005
64.896
64.948
65.187
65.561
65.56
65.225
64.875
64.931
65.01
64.978
64.972
64.897
65.014
65.052
65.051
65.093
65.121
65.145
65.238
64.73
64.719
70.2
69.958
64.638
64.804
64.802
64.766
64.872
64.131
74.112
74.056
70.133
63.646
63.424
62.939
62.902
62.584
62.51
62.7
62.376
61.752
60.31
59.124
58.547
58.994
58.897
58.954
59.756
59.893
59.841
60.226
61.159
62.108
63.422
64.945
66.098
66.675
66.781
66.96
66.725
67.216
67.171
67.034
66.906
66.876
66.636
66.265
65.713
65.247
65.172
65.36
65.5
65.526
65.534
65.664
65.777
65.61
61.543
62.048
62.055
61.799
62.132
61.905
61.843
62.21
61.939
64.97
64.943
57.949
61.432
61.587
61.742
63.396
65.05
62.007
62.073
62.028
61.983
62.195
62.407
61.337
61.407
61.006
61.501
61.549
62.094
62.159
62.371
62.767
62.993
62.958
63.284
63.04
62.755
65.516
65.123
64.855
64.884
65.043
65.11
65.176
62.113
61.821
61.826
61.759
62.304
62.517
62.609
62.51
62.554
62.667
62.678
62.769
62.714
62.725
62.686
62.561
62.478
62.018
67.206
70.016
69.956
70.05
70.012
64.841
64.967
64.914
64.948
65.065
65.113
65.086
65.333
66.4
66.082
66.464
67.038
66.962
66.765
66.696
66.751
66.862
82.12
82.055
45.625
46.184
46.762
44.991
43.22
51.249
51.447
51.014
50.582
69.993
69.904
70.108
69.923
49.332
50.767
51.332
51.114
49.926
50.2
