50.966
51.376
50.168
48.96
50.178
52.035
62.198
62.211
62.223
62.18
62.373
62.635
63.109
63.324
63.77
70.154
70.163
63.407
63.302
63.168
63.203
63.173
63.053
63.182
62.905
62.818
62.67
62.848
62.75
62.841
62.942
62.932
63.122
63.4
63.259
63.474
53.2
53.55
57.661
64.129
64.847
64.865
64.683
64.829
64.714
64.74
65.054
65.066
64.889
64.945
65.029
64.993
64.933
65.002
65.188
65.263
65.442
65.714
66.207
66.675
66.735
66.893
66.732
66.714
66.712
66.71
81.721
81.538
81.58
81.812
75.939
70.066
69.914
70.107
69.845
69.878
69.91
70.045
69.914
69.906
69.899
45.768
46.255
70.104
69.819
46.535
44.82
56.747
51.45
60.313
69.175
68.395
68.406
68.549
68.712
68.816
70.313
70.354
70.394
69.738
69.647
69.762
69.924
69.99
70.024
69.903
75.102
75.105
75.099
75.073
58.263
57.955
61.786
65.617
65.562
64.666
64.449
64.292
64.681
65.144
65.607
66.088
66.3
66.401
66.078
66.207
65.823
66.418
65.834
66.678
65.215
65.242
64.96
65.087
62.219
61.752
61.506
61.525
61.551
61.662
61.674
61.796
61.989
62.128
62.303
62.373
62.424
62.424
62.453
61.971
61.827
64.332
64.896
49.303
49.745
55.965
62.185
62.199
61.641
61.708
61.715
61.95
62.373
62.495
62.666
62.914
63.01
62.948
62.947
62.932
62.84
62.824
62.484
63.233
63.326
63.333
63.429
63.15
63.089
63.027
62.874
62.866
62.74
61.793
60.847
62.691
63.095
63.073
62.985
62.973
63.014
63.05
63.083
62.638
62.745
62.852
54.821
54.782
55.218
64.146
63.821
63.602
63.302
63.65
63.357
63.082
63.144
63.098
63.004
62.869
62.478
62.018
61.293
60.728
60.903
61.469
61.767
62.046
61.807
61.891
61.667
61.998
62.244
62.056
62.004
62.151
61.959
61.72
62.522
51.623
52.428
57.441
57.929
61.397
64.864
64.553
64.625
64.255
64.312
64.206
64.676
64.588
64.501
64.505
63.223
61.832
61.095
61.273
61.791
62.281
62.772
62.876
63.008
45.578
46.366
63.174
63.322
63.128
62.949
62.755
62.643
62.529
62.427
62.506
62.856
62.789
62.772
62.917
63.062
53.015
52.564
53.1
52.962
53.145
52.876
53.021
63.801
63.665
63.795
63.471
63.096
53.918
51.95
54.253
53.796
53.34
58.275
63.113
63.371
63.146
62.501
63.091
62.573
62.989
63.06
63.127
63.277
63.357
63.175
63.29
63.117
63.003
63.024
63.061
62.823
64.909
64.922
65.032
64.856
64.813
64.971
64.957
65.544
65.466
66.504
65.607
65.017
65.352
65.619
65.281
66.469
65.283
66.762
66.765
67.289
67.484
67.68
67.675
67.726
67.778
73.467
70.472
70.264
70.055
70.067
56.777
46.402
43.836
44.155
43.528
43.849
43.257
43.478
43.7
43.359
43.357
43.796
43.596
43.961
43.971
44.269
44.14
44.22
44.218
44.353
44.309
44.362
61.759
61.2
61.76
61.912
62.269
62.619
62.896
63.083
63.171
63.067
63.09
56.184
55.217
51.452
43.616
43.469
63.705
63.642
63.373
63.284
63.305
63.305
63.449
63.552
63.311
63.39
63.246
63.259
63.582
64.38
64.133
65.133
66.133
65.899
65.664
65.219
65.189
65.426
65.45
65.481
65.472
65.462
62.683
62.897
63.111
62.52
50.898
50.995
51.103
51.211
65.252
65.053
63.944
62.993
66.7
67.144
66.992
70.201
70.042
70.023
67.291
74.655
82.019
82.034
44.539
43.795
48.465
74.83
75.066
74.947
74.975
75.096
74.96
50.422
50.479
50.1
50.281
50.462
