60.742
60.926
61.109
61.095
58.36
59.373
56.27
57.209
58.148
58
57.646
53.205
53.348
57.824
59.562
58.224
53.18
53.003
57.798
57.835
59.542
53.225
52.874
53.096
52.944
52.652
52.876
53.1
58.218
58.513
59.211
59.763
59.756
59.324
60.102
60.35
60.536
60.719
61.837
62.126
62.249
62.001
61.892
61.789
63.516
62.344
67.576
65.472
63.369
63.44
63.382
63.209
63.582
63.72
63.788
64.594
64.764
64.21
64.386
64.321
64.286
64.201
64.257
64.172
64.151
64.5
64.02
64.255
64.285
64.046
64.098
63.936
63.706
63.487
63.539
63.687
63.325
63.572
63.804
64.042
63.922
64.024
63.852
63.909
63.97
63.913
63.814
64.306
63.807
63.638
63.661
63.622
63.689
63.679
63.521
63.669
63.964
63.899
63.829
63.725
63.599
63.403
63.442
63.732
60.853
60.788
60.723
64.257
67.792
67.339
67.265
67.359
67.638
67.511
67.61
68.221
68.275
68.3
68.325
68.355
68.384
63.925
63.827
67.812
79.97
79.922
80.003
80.024
79.991
79.526
64.001
64.409
64.158
63.907
63.887
63.866
64.294
72.079
62.366
52.654
52.689
51.758
52.694
50.959
52.4
51.612
52.192
53.039
52.696
52.352
60.938
69.411
69.271
69.339
68.825
69.322
69.525
69.535
69.52
69.559
69.251
69.873
69.592
69.823
69.579
69.938
69.399
69.434
69.381
69.264
68.692
68.967
68.627
68.835
68.596
68.154
68.737
68.91
68.762
68.907
68.786
68.68
68.551
68.589
63.278
57.967
64.448
65.087
65.726
65.996
66.287
66.204
66.037
72.964
72.98
66.407
66.505
65.053
66.663
67.005
67.347
66.957
67.725
79.584
79.638
68.053
67.454
67.963
79.839
79.911
70.871
70.992
70.867
71.021
69.626
68.232
68.298
68.363
68.397
68.431
68.456
68.481
68.367
68.253
68.053
67.854
66.887
65.921
64.707
64.67
65.536
58.61
59.326
58.527
58.607
58.687
65.91
65.493
65.602
71.732
77.863
77.921
78.309
77.787
77.715
65.594
65.793
65.967
65.941
77.945
78.267
77.958
65.343
65.483
65.838
66.057
65.768
65.498
65.664
65.977
65.855
65.733
65.53
65.881
66.016
66.077
65.105
56.575
57.613
64.369
