64.383
63.597
56.12
56.161
56.508
57.121
57.494
57.674
57.626
57.735
58.26
58.243
57.972
58.324
58.71
58.82
58.881
58.922
59.006
59.046
59.032
59.445
59.537
59.319
58.249
58.167
56.987
55.938
55.559
55.937
56.638
56.535
57.018
57.489
56.85
57.084
56.614
56.801
56.689
56.815
57.043
56.772
57.604
56.761
55.918
56.911
53.995
54.412
54.178
54.159
54.663
53.949
54.432
54.465
54.271
54.526
54.08
54.441
54.228
54.089
53.724
53.733
54.361
54.884
55.115
55.677
55.29
54.904
55.604
55.876
56.605
56.273
57.271
57.592
58.535
58.789
58.909
58.934
59.159
59.025
58.584
58.601
58.638
58.674
58.771
58.867
59.502
58.313
58.559
58.805
58.206
59.498
59.443
59.388
58.103
57.387
57.449
56.958
57.278
57.128
57.141
57.047
56.929
56.826
56.701
56.598
56.963
57.009
56.535
79.016
79.03
57.619
56.654
56.58
56.584
56.753
55.575
54.398
53.379
54.146
54.136
54.134
54.73
54.91
54.902
55.521
55.068
55.004
54.56
54.549
53.693
53.878
55.659
57.944
52.608
54.131
55.654
55.098
54.543
55.921
57.299
57.352
57.457
57.497
58.342
57.767
58.22
58.751
58.882
59.269
59.614
59.922
59.543
59.092
59.093
59.173
59.093
59.013
59.168
59.053
58.846
59.046
59.058
58.738
59.028
58.815
58.971
58.89
58.949
58.849
59.074
58.878
59.018
58.958
59.057
58.563
59.231
59.224
62.962
62.965
63.032
63.063
63.019
62.937
62.978
62.949
62.996
58.922
59.003
59.079
59.034
59.05
59.088
58.965
59.105
58.983
59.158
58.988
59.009
59.054
59.037
58.927
59.084
59.076
58.878
58.982
58.939
57.297
57.144
56.934
57.105
57.481
57.874
58.257
58.432
58.499
58.735
58.343
58.949
58.64
58.938
59.008
59.094
59.248
59.226
59.687
59.286
59.543
59.159
59.237
59.074
59.163
59.08
59.088
59.165
59.032
59.518
58.782
59.812
58.332
59.585
58.16
58.424
58.689
58.537
58.386
72.942
72.982
72.949
60.352
61.229
60.525
60.855
60.95
60.492
57.934
59.829
59.358
58.457
59.212
59.274
58.329
59.69
58.094
59.48
58.48
59.022
58.93
59.072
58.831
59.225
58.527
47.191
46.231
59.434
62.904
60.56
58.216
57.658
46.593
47.61
46.826
47.881
58.95
58.454
58.982
58.791
59
58.683
59.096
58.741
59.048
58.884
58.903
59.214
58.818
59.277
59.096
59.231
59.132
58.99
58.886
58.577
58.496
58.713
58.631
58.55
58.607
58.983
58.948
58.899
58.849
62.895
62.886
63.046
62.906
62.971
63.101
63.033
62.943
63.013
58.894
59.102
58.867
59.011
58.966
59.007
59.03
58.966
58.988
58.943
58.987
59.017
58.88
59.045
58.841
58.953
58.973
58.901
58.872
59.035
58.771
59.034
58.958
59.037
58.875
62.939
62.99
63.08
62.951
59.056
58.889
58.907
58.945
63.09
63
62.903
63.023
63.005
58.955
58.961
59.073
59.008
59.093
58.915
59.051
59.053
58.998
59.108
59.065
59.098
59.117
59.021
59.089
58.979
58.982
58.987
58.956
59.054
