48.871
48.672
48.858
49.336
48.637
49.291
49.021
48.858
49.079
49.522
48.551
49.104
49.158
58.48
58.843
59.015
59.682
59.838
59.947
60.322
62.182
64.579
66.379
67.724
68.638
69.184
69.48
69.302
69.404
69.505
69.605
69.651
69.696
70.279
69.826
69.962
69.78
69.73
69.76
69.633
69.632
69.63
69.534
69.593
69.586
69.54
69.528
69.493
69.294
69.072
68.82
68.689
68.629
68.582
68.497
68.421
68.362
68.324
68.151
67.975
67.942
67.891
67.792
67.599
67.149
66.391
66.76
66.571
67.417
67.039
66.548
66.3
66.141
65.971
65.307
49.653
50.063
45.641
46.991
49.829
50.944
52.343
56.614
68.455
68.462
68.181
68.105
68.071
68.103
68.258
68.605
68.795
43.865
44.582
44.963
45.156
69.104
69.214
69.331
69.311
69.337
69.434
69.495
69.585
69.592
69.604
69.578
69.6
69.696
69.793
69.771
69.759
69.747
69.545
68.876
68.416
67.956
43.881
43.705
67.489
67.456
67.406
67.473
67.54
44.302
44.072
44.055
44.446
43.959
43.726
43.871
43.424
42.976
43.809
68.25
68.126
68.063
67.795
44.236
42.964
44.581
55.835
67.09
66.776
66.577
66.386
66.368
66.464
66.507
66.678
66.736
66.823
66.942
66.784
66.667
66.305
65.41
54.786
53.647
52.507
54.06
55.418
56.781
59.237
54.876
50.515
51.242
63.483
63.381
63.127
63.545
63.946
64.053
64.519
64.629
64.738
65.091
64.962
64.564
64.932
64.7
64.668
64.937
65.001
64.511
51.467
52.165
51.956
51.646
52.355
52.491
51.676
58.57
56.807
55.573
55.075
55.667
56.326
56.775
57.011
57.421
57.508
57.868
57.889
57.758
57.912
57.599
57.698
57.934
56.962
52.21
52.007
52.065
52.283
52.131
51.979
58.422
58.932
59.15
59.591
59.8
60.043
60.113
60.197
60.135
59.915
59.413
59.407
59.307
59.155
59.304
59.603
59.744
59.676
59.657
59.685
59.734
59.85
54.548
53.759
61.214
61.24
61.303
44.491
45.01
61.106
60.966
60.947
60.915
61.037
61.004
60.941
60.903
61.002
61.003
60.787
60.731
60.283
63.936
64.02
64.019
64.136
64.03
52.791
52.49
52.188
52.057
51.885
51.751
51.673
51.973
48.785
45.598
45.041
45.23
45.072
45.194
44.855
52.171
49.326
46.481
44.613
44.82
45.409
45.075
45.321
56.752
57.623
57.704
57.926
58.243
58.134
58.322
58.636
58.953
59.22
59.487
59.571
59.894
60.106
60.206
60.12
59.531
58.805
59.339
59.874
59.995
60.049
59.847
59.192
52.843
46.495
48.227
49.958
49.056
61.333
59.19
57.046
56.293
56.361
56.506
56.727
56.892
56.996
57.09
57.129
56.999
56.957
56.9
56.785
56.619
56.516
56.576
56.736
57
57.142
56.845
48.087
49.839
49.236
48.634
48.988
50.678
46.011
47.886
49.749
50.599
49.858
49.117
65.962
66.023
49.438
48.984
50.409
50.539
49.641
49.735
50.162
