58.594
58.74
64.478
64.746
64.608
64.603
64.646
64.758
65.032
65.365
65.354
65.832
65.74
65.393
65.28
65.262
65.253
65.099
64.273
49.757
49.934
50.929
49.444
50.112
50.054
65.044
64.994
64.795
64.815
64.944
65.086
65.154
65.097
65.062
65.074
65.038
65.01
65.009
65.055
65.066
65.075
65.132
65.14
65.093
65.303
66.152
65.165
66.25
65.311
65.528
65.464
65.153
65.043
65.485
65.476
69.758
56.452
65.216
65.965
66.714
67.026
66.914
66.857
67.007
62.071
57.135
47.892
46.197
47.189
46.957
46.953
47.048
46.908
46.956
47.018
46.919
47.157
46.878
46.807
47.004
47.079
46.912
47.013
46.972
46.974
47.017
47.04
46.805
59.108
58.934
58.917
58.854
58.879
58.748
66.79
66.741
58.967
59.257
63.147
67.038
67.179
67.037
67.032
66.899
66.86
67.198
66.854
59.379
59.09
59.276
48.438
49.606
57.392
65.178
64.993
64.85
64.782
64.739
64.757
64.809
65.089
65.311
65.571
65.439
65.434
65.317
65.104
64.745
63.45
55.816
48.182
46.676
45.507
46.725
46.833
47.043
46.894
62.797
62.435
62.194
62.156
62.139
62.082
62.187
62.213
62.247
62.21
62.158
62.141
62.105
62.042
61.91
61.231
57.949
54.666
64.844
75.021
75.078
68.8
62.522
61.819
61.891
62.109
61.862
62.386
62.726
63
63.053
63.139
63.163
63.034
62.941
62.844
62.696
62.704
62.582
62.609
62.857
63.041
63.119
62.975
62.977
63.162
63.078
63.026
63.144
63.185
63.001
62.876
62.927
63.312
63.012
62.909
63.119
63.173
62.971
62.964
63.184
62.914
63.063
62.894
63.16
63.388
63.219
63.994
63.78
63.465
63.703
63.731
63.6
63.601
63.365
64.121
64.595
65.449
65.729
65.656
65.46
65.44
65.399
59.574
53.748
59.515
65.282
64.578
64.125
63.198
62.966
62.841
62.754
62.598
63.001
63.066
63.2
62.811
63.247
63.313
63.311
63.352
63.28
63.292
63.361
63.226
63.248
63.214
63.13
63.051
63.004
62.841
62.907
62.953
63.002
63.181
46.006
45.857
45.998
45.982
45.972
45.897
45.99
45.996
45.837
45.929
46.013
46.169
45.985
45.802
46.004
46.031
45.748
45.992
45.855
46.012
46.156
53.322
48.565
43.808
45.296
45.445
45.595
63.503
62.926
62.799
62.672
53.025
53.985
50.365
46.745
45.601
44.46
64.831
64.679
64.808
65.046
64.874
64.634
65.116
64.965
64.728
64.869
64.954
65.54
66.028
67.026
67.223
67.044
66.357
66.373
66.597
66.014
66.793
66.592
66.017
64.588
65.754
65.326
64.899
65.099
65.258
63.886
63.104
67.304
67.088
66.926
67.034
67.017
66.983
66.649
56.673
56.936
56.678
56.057
56.014
55.971
67.596
67.326
67.044
44.148
44.225
67.512
67.633
44.28
44.286
67.703
67.699
67.695
67.67
67.629
67.655
67.681
43.729
44.565
43.065
43.232
43.4
66.651
66.122
65.972
65.861
65.947
66.115
66.342
66.371
66.292
66.212
66.111
65.971
65.604
65.371
65.098
64.577
64.459
64.293
64.342
64.166
64.408
64.123
64.438
64.193
64.347
64.27
64.504
64.218
64.064
63.252
61.919
61.547
60.929
61.768
62.516
62.633
62.51
62.385
62.257
61.968
61.943
61.945
61.89
62.157
62.057
62.038
44.097
43.918
44.197
44.086
44.383
43.903
44.178
62.098
61.864
61.562
61.481
61.302
61.284
61.416
61.855
62.055
61.326
55.867
62.982
70.096
69.995
69.74
68.379
68.254
68.038
70.063
68.677
69.304
61.657
54.011
61.902
69.793
69.752
69.633
69.663
69.693
54.813
56.135
42.978
42.981
43.081
43.056
43.03
65.466
65.49
43.077
42.941
42.954
42.994
43.065
43.425
43.01
43.097
43.138
43.178
64.258
64.544
64.356
64.368
64.38
64.338
64.296
64.584
64.261
64.334
64.373
43.287
43.039
43.098
43.052
42.996
43.163
43.33
62.448
62.321
62.285
62.33
62.259
62.27
62.337
62.396
43.038
43.127
42.963
67.244
67.098
66.334
65.569
65.131
64.87
43.017
43.049
43.126
43.535
48.732
48.564
52.994
53.671
54.348
55.502
55.509
43.686
43.219
43.874
43.946
48.236
52.527
53.575
53.777
53.978
53.61
54.055
56.849
57.491
58.044
58.087
58.209
58.535
58.825
59.093
58.56
59.217
59.76
60.184
54.229
53.641
52.694
53.283
57.422
61.138
61.252
61.729
62.243
62.457
62.46
62.438
62.286
61.197
52.795
53.319
53.052
62.535
62.474
62.544
62.622
62.676
62.658
62.472
62.174
62.012
62.271
62.176
62.497
62.578
62.638
62.633
62.45
62.256
62.021
61.848
60.977
59.745
57.976
56.207
58.112
58.646
59.132
59.134
59.434
59.466
59.038
58.638
58.238
57.374
57.788
58.167
58.01
58.041
58.072
58.117
