55.515
60.166
67.11
67.468
67.407
67.648
67.703
67.681
68.083
51.25
52.008
52.165
51.962
51.908
51.855
52.074
51.887
68.794
68.821
52.031
52.135
52.141
52.148
52.11
52.072
51.842
52.034
51.862
51.874
67.059
67.162
67.26
67.272
66.98
67.079
67.55
67.998
67.494
67.147
67.097
67.06
67.057
66.951
51.066
52.648
47.798
57.032
66.266
66.277
65.783
65.838
65.66
66.086
65.565
65.781
65.741
65.624
69.091
68.892
69.004
65.657
65.927
65.349
65.448
62.718
59.988
58.965
57.083
56.762
56.657
57.974
59.52
57.669
57.931
58.14
58.974
58.549
59.222
58.898
59.14
59.329
46.759
47.17
46.981
47.237
47.21
46.76
46.845
46.931
59.468
59.257
50.542
51.274
50.669
60.751
60.654
60.493
60.832
60.816
60.648
60.643
60.974
60.996
60.864
60.858
60.999
61.128
60.67
60.736
59.744
60.454
60.85
60.899
59.543
58.187
60.943
61.749
61.73
61.857
61.97
62.363
62.493
62.711
62.902
62.819
62.815
62.662
62.594
62.598
62.648
62.672
62.652
62.767
62.815
62.656
62.634
62.759
63.17
63.346
63.331
63.229
62.892
62.857
63.021
62.999
63.362
51.679
51.764
52.011
51.926
51.993
63.427
63.259
63.315
63.363
63.47
63.577
52.122
51.924
52.919
51.278
52.804
52.801
51.26
52.687
51.864
51.75
52.571
51.928
51.506
52.514
51.839
52.145
52.1
51.955
51.811
59.025
58.988
59.056
59.084
58.935
58.946
55.451
56.934
57.735
58.461
58.601
58.537
58.358
58.266
58.419
58.407
58.585
58.419
58.217
58.293
58.515
58.582
58.7
58.702
58.743
58.749
58.876
59.347
59.788
60.451
60.889
61.483
61.582
61.8
62.363
62.76
63.264
63.302
63.276
63.387
63.409
63.231
62.935
63.324
63.252
63.146
63.296
63.567
63.791
64.005
64.26
64.614
65.207
64.664
64.62
65.373
64.788
65.768
65.289
65.734
65.83
65.603
65.32
65.958
65.635
65.984
65.762
65.813
65.899
65.906
65.636
66.03
66.207
66.59
66.527
66.498
66.315
66.338
66.394
66.548
67.013
66.779
67.08
66.998
67.045
67.017
66.968
66.944
66.939
66.935
66.947
66.96
67.039
67.026
67.015
63.64
64.5
65.36
66.022
65.769
65.999
65.329
66.113
66.193
66.273
65.798
65.815
60.454
55.092
55.293
55.18
55.025
55.282
55.051
55.183
55.184
50.07
48.27
53.709
54.805
54.575
54.33
62.884
62.583
62.404
62.564
62.8
63.117
63.363
63.854
63.638
63.776
63.829
63.801
63.659
63.663
63.609
63.571
63.443
63.505
63.649
63.793
64.344
64.271
63.746
63.692
63.957
63.978
64.59
65.188
65.885
66.161
72.573
78.985
79.025
79.027
78.981
78.984
78.968
79.034
79.014
79.031
58.877
56.909
54.941
65.473
65.431
65.233
64.835
64.477
64.472
64.579
64.703
64.912
65.192
65.155
65.493
65.367
65.205
65.463
65.562
65.603
65.812
65.116
65.289
65.571
64.269
62.968
55.417
55.198
62.611
62.368
62.443
62.586
62.836
62.716
62.628
62.66
63.264
62.763
63.292
63.01
62.895
63.462
62.918
63.187
63.263
63.098
63.212
62.637
64.693
57.451
50.209
49.982
49.844
49.688
50.008
49.979
49.503
49.835
49.823
49.938
49.826
49.714
50.091
50.059
64.741
65.458
65.038
65.406
65.228
65.596
65.507
65.493
64.64
49.701
50.373
49.522
49.795
49.9
54.138
58.377
57.969
49.73
49.855
49.798
49.742
49.904
49.827
49.896
50.053
49.833
50.004
50.032
49.347
50.569
49.75
50.234
49.956
49.956
50.187
49.801
50.042
49.894
49.892
49.933
50.178
58.395
58.69
49.605
49.979
49.569
49.711
49.852
49.719
49.667
49.62
50.104
49.403
49.919
