56.414
54.269
55.792
55.741
55.893
56.046
55.867
55.688
53.774
56.995
59.189
59.338
59.046
58.65
58.668
59.042
59.019
58.996
58.443
62.182
57.565
61.861
56.63
61.475
66.321
66.06
66.073
65.883
65.791
65.66
63.858
63.768
63.787
64.121
64.123
63.988
63.871
63.811
63.952
64.189
64.112
63.888
63.844
63.921
64.248
64.202
55.76
56.801
58.309
59.818
65.624
66.023
61.98
61.762
61.922
62.505
62.247
61.93
62.655
62.945
63.334
64.122
63.609
63.462
63.377
63.412
63.366
63.233
63.153
63.101
63.188
63.087
63.192
63.155
63.163
63.001
63.013
63.019
62.801
62.6
50.93
51.154
50.706
50.88
50.897
50.913
50.958
50.727
51.135
50.969
51.379
64.203
64.061
63.887
63.893
64.069
63.806
64.134
63.966
63.924
63.97
63.993
63.893
64.005
64.029
64.037
63.996
64.108
64.096
63.953
64.114
61.528
61.031
61.094
61.19
61.664
62.184
62.741
62.86
62.486
63.549
63.515
63.792
62.872
63.063
61.106
55.175
58.204
61.234
63.726
62.119
62.106
63.258
63.117
62.271
63.388
63.421
62.405
63.309
63.697
63.785
63.795
63.719
63.46
63.556
63.401
63.617
63.749
63.881
63.731
64.158
64.374
64.018
63.918
63.977
63.904
63.96
63.975
63.962
63.893
63.887
63.782
63.476
55.999
55.829
55.933
56.005
60.038
64.07
63.913
63.689
63.465
63.458
63.006
63.302
63.223
62.957
63.384
63.432
62.942
63.534
63.602
63.725
63.756
63.58
62.995
63.684
63.765
63.739
63.819
63.749
63.954
64.513
64.234
64.121
64.182
64.502
64.822
65.355
65.07
65.781
65.132
77.725
77.811
65.727
65.58
65.157
63.47
63.677
63.884
64.039
63.603
63.901
63.98
63.851
63.891
63.642
63.35
63.513
63.536
63.582
63.726
63.63
63.635
63.668
63.641
63.498
63.503
63.888
63.165
64.356
64.134
64.08
64.158
66.718
66.549
66.652
65.907
66.378
66.299
65.983
66.504
65.955
66.628
66.366
66.946
67.345
67.62
67.67
67.72
67.522
68.159
67.706
64.234
63.843
64.097
64.048
64.061
67.592
68.04
68.078
63.914
64.128
63.731
64
63.99
63.918
64.508
67.641
67.619
67.853
68.086
66.681
66.367
65.968
66.039
65.885
65.647
65.996
66.128
66.06
78.011
78.239
78.198
64.118
64.238
64.357
64.223
64.089
61.424
64.374
67.324
66.625
66.627
66.089
66.177
66.375
66.574
77.905
77.876
78.015
67.407
67.588
67.71
67.833
67.862
79.943
79.903
78.988
78.073
78.071
77.963
60.922
59.405
59.032
59.346
59.13
59.936
59.768
59.632
59.529
59.101
59.468
59.93
60.436
59.842
60.423
60.586
61.063
60.543
61.461
60.548
61.216
60.857
61.456
61.003
61.246
61.437
61.403
61.423
61.627
61.396
61.537
61.414
61.197
61.041
61.227
61.129
60.904
60.784
60.283
61.069
60.466
61.018
57.73
59.013
58.588
70.052
69.989
69.999
70.018
69.991
69.99
61.057
60.945
60.016
