59.338
51.669
51.746
52.152
52.479
58.734
58.991
58.804
59.592
59.342
55.645
61.84
59.235
56.63
57.726
58.822
55.4
54.107
56.786
56.569
55.934
56.188
56.081
55.975
54.624
54.594
56.13
56.634
56.145
55.847
55.549
54.396
53.243
52.379
51.514
59.173
58.315
58.386
58.974
59.334
59.124
58.732
58.416
59.002
52.651
53.097
52.758
58.542
58.526
59.164
59.266
58.965
58.591
58.769
59.152
59.247
51.621
51.807
52.259
52.839
52.459
51.947
51.514
51.688
51.906
63.876
63.874
50.735
52.168
45.91
49.434
48.313
47.191
50.32
48.489
46.659
60.371
59.001
58.931
59.007
59.059
58.807
58.919
59.161
59.492
59.338
59.37
59.389
59.393
59.384
58.596
58.73
58.954
58.985
58.961
58.848
59.036
56.348
56.34
55.742
55.36
55.176
55.029
54.81
54.654
54.136
54.366
54.663
54.852
54.843
54.791
54.853
54.802
54.737
54.822
54.729
55.11
54.765
54.894
55.123
54.805
54.999
59.822
59.234
59.058
58.58
58.611
58.876
59.047
59.416
59.775
59.989
59.602
59.532
59.618
59.943
59.638
59.465
59.299
58.962
58.921
58.833
59.015
58.883
58.752
58.309
58.399
57.596
57.803
57.163
57.451
57.155
57.169
57.083
57.03
57.3
57.264
57.558
57.355
57.438
57.401
57.16
56.686
55.845
54.019
53.189
54.139
54.821
54.135
55.497
54.227
55.265
54.652
55.194
55.049
55.172
55.285
55.574
55.706
55.445
55.128
54.969
54.81
54.955
54.891
54.901
55.021
54.85
59.612
59.183
58.848
58.158
57.868
58.151
58.487
58.774
58.957
59.112
59.18
59.18
59.229
59.328
59.283
59.103
58.901
58.953
58.932
60.28
59.392
58.883
58.98
58.288
57.29
57.762
57.586
57.122
57.713
56.986
57.64
57.685
57.949
57.639
57.336
57.265
57.241
57.149
57.118
57.131
56.719
64.034
64.086
64.045
64.004
63.926
56.521
55.837
55.459
55.766
55.057
55.487
55.007
55.026
55.201
55.413
55.597
55.728
55.622
55.563
55.334
55.335
55.198
55.246
55.39
55.316
55.803
56.079
55.447
55.255
55.504
55.157
54.938
54.728
54.96
54.879
55.014
54.971
54.826
56.854
57.961
57.688
57.436
57.452
57.36
57.348
57.31
57.125
56.403
56.017
56.471
56.804
56.936
56.571
54.659
55.421
54.006
53.769
54.062
52.215
52.85
51.656
51.96
51.745
66.99
67.001
66.99
73.968
73.981
73.99
74.014
73.955
51.968
52.258
51.579
52.253
51.939
51.862
52.295
51.722
52.099
52.136
51.7
52.341
51.774
52.007
52.235
51.652
52.327
51.767
50.529
58.35
58.86
59.129
58.902
59.125
58.842
59.157
59.034
59.032
59.142
58.824
59.308
59.033
59.016
58.909
58.802
51.335
51.749
52.115
52.219
