48.787
48.221
69.283
69.628
65.555
65.563
48.793
48.973
49.019
48.911
48.323
57.9
57.715
57.198
56.988
57.011
48.946
49.254
49.023
48.723
54.463
54.301
69.525
69.61
69.558
49.034
49.974
50.065
50.156
51.586
49.79
51.886
60.228
60.617
50.153
50.211
49.201
50.78
49.626
52.97
52.623
52.276
53.763
55.601
57.439
57.436
57.517
57.129
56.775
55.178
53.637
53.968
53.695
53.422
50.362
50.066
49.839
49.612
54.295
54.549
53.012
55.134
51.431
52.218
53.006
52.547
52.089
45.64
46.618
47.274
47.929
50.895
48.698
53.535
49.888
46.241
45.009
58.561
58.347
53.033
53.503
46.429
46.134
46.424
46.784
47.144
46.706
45.429
45.807
46.794
48.217
47.681
47.146
46.034
45.718
59.713
60.136
60.268
60.632
61.159
61.303
61.335
61.441
61.573
61.624
61.534
61.342
61.115
61.246
61.605
61.874
61.984
61.956
61.785
61.789
61.759
61.78
61.773
61.751
61.814
61.797
61.725
61.009
59.75
46.341
45.886
57.332
58.961
61.936
61.79
61.731
61.823
61.958
61.968
62.026
62.266
62.296
62.274
62.246
62.051
61.821
61.676
61.691
62.002
61.959
62.005
61.97
61.955
61.947
62.03
62.102
62.117
62.087
62.083
62.144
62.236
62.308
62.217
62.086
63.215
63.742
63.939
64.291
64.207
64.29
64.02
63.907
64.004
63.882
63.798
63.866
63.766
58.037
58.856
58.841
58.568
58.676
58.329
60.393
62.457
62.03
61.92
61.856
61.94
61.795
61.819
61.924
61.969
62.093
61.992
61.813
52.749
53.525
63.722
63.713
63.729
63.569
63.501
63.423
63.341
63.35
63.479
63.694
63.798
63.897
64.057
53.258
53.03
54.366
53.274
53.207
54.052
64.535
64.386
64.333
64.105
64.132
64.557
64.75
65.417
65.8
65.969
66.201
66.194
66.164
65.956
53.622
53.354
53.399
53.682
53.354
53.232
53.609
53.434
65.83
65.951
53.442
53.388
53.598
54.144
52.473
53.17
53.53
66.443
65.974
65.585
65.536
65.557
65.779
66.093
66.097
66.1
66.04
65.93
65.802
53.266
53.466
53.488
53.484
53.348
53.493
53.307
53.517
53.556
53.294
53.336
53.575
53.345
53.333
53.419
53.404
53.469
53.265
53.666
54.066
52.901
53.7
53.852
53.095
53.659
53.752
53.097
53.596
53.715
53.201
53.41
53.767
53.26
59.653
59.52
59.923
60.531
62.43
62.356
62.658
62.779
62.777
62.909
62.986
62.988
63.086
63.269
63.387
63.541
63.744
63.88
63.996
64.212
64.959
65.471
65.696
65.63
65.344
65.123
64.962
64.895
64.911
65.052
65.208
65.317
65.184
64.522
59.582
54.641
60.461
66.281
66.05
65.876
65.822
65.994
66.143
66.311
66.381
66.505
66.574
66.471
66.334
66.233
66.154
65.668
65.995
65.705
66.109
65.719
65.557
65.408
65.436
65.365
65.497
65.46
65.456
65.573
65.189
65.068
64.816
64.178
63.507
64.044
63.803
63.809
63.856
63.849
63.733
63.596
63.493
63.389
63.319
63.306
63.369
63.209
62.653
