50.004
49.537
50.549
56.582
55.982
55.904
56.343
56.667
56.835
57.023
57.131
57.087
57.059
57.09
57.007
56.009
55.707
52.032
48.357
51.438
54.519
54.208
53.119
54.193
54.544
54.895
54.772
54.978
55.973
56.455
56.689
57.084
57.095
57.31
57.584
57.561
57.596
57.444
57.407
57.234
57.203
57.187
57.217
57.212
57.232
57.296
57.439
57.597
57.595
57.576
57.65
58.172
58.678
58.739
58.987
58.849
59.013
58.754
58.852
58.698
58.968
58.891
59.04
58.89
59.107
58.922
59.005
58.943
59.067
58.942
58.955
58.988
58.942
59.009
58.89
58.699
58.786
58.67
58.76
58.826
58.716
58.802
58.633
58.882
58.651
58.954
58.751
58.96
58.77
58.765
58.214
58.124
54.544
50.964
49.737
59.537
59.616
59.655
59.563
59.586
59.861
59.868
60.043
60.589
60.87
61.126
61.337
61.401
61.174
61.073
60.932
60.84
60.868
60.873
60.906
60.905
61.055
61.18
61.207
61.204
61.138
61.102
61.094
61.043
61.042
60.99
61.061
61
60.906
60.917
60.883
60.798
60.839
60.883
60.978
61.036
61.169
61.161
61.143
61.246
61.146
61.129
61.097
61.153
61.174
61.068
61.626
61.917
61.722
48.913
48.868
48.262
61.249
60.804
60.372
59.906
60.05
60.105
59.587
59.835
59.72
59.54
59.683
59.27
59.508
58.83
59.799
43.938
44.004
44.293
44.011
44.392
44.307
43.705
54.321
60.064
59.007
59.235
59.629
58.735
59.732
58.966
59.676
59.032
59.637
59.081
59.525
59.23
59.472
59.327
59.393
59.387
59.256
59.318
59.444
59.437
59.411
59.245
59.487
43.03
43.678
43.888
44.603
44.149
43.835
44.488
44.051
43.598
44.531
43.97
43.542
43.905
44.269
43.312
44.359
43.829
43.917
43.895
43.899
44.071
43.874
44.072
43.6
45.94
46.101
46.945
47.788
60.931
54.218
47.505
49.15
49.122
47.464
48.29
49.116
48.538
48.533
49.19
48.827
48.536
59.456
60.022
60.307
60.48
60.611
60.558
59.473
62.64
55.863
60.876
65.889
66.413
67.085
67.371
67.791
67.839
68.534
68.804
69.151
69.288
69.455
69.923
69.6
69.509
69.802
69.709
69.577
69.692
69.597
69.347
53.957
54.326
53.654
54.215
53.973
53.839
53.91
54.146
69.016
68.778
68.811
68.751
68.852
68.904
69.105
69.02
69.015
68.912
68.928
68.806
68.786
68.648
68.42
53.516
48.585
50.001
51.323
52.645
53.106
53.566
66.22
66.108
65.949
66.053
66.184
66.236
66.292
66.445
66.551
66.482
66.141
66.535
66.662
50.5
58.891
67.282
67.839
67.402
67.311
67.343
67.451
55.176
53.729
68.587
68.96
69.106
69.22
69.2
69.228
69.117
69.197
69.271
69.235
69.383
69.325
69.288
69.366
69.353
69.376
69.298
69.301
69.436
69.477
69.517
69.509
69.443
69.155
68.883
68.7
68.555
68.324
68.134
67.918
67.892
67.927
68.055
68.106
68.178
68.355
68.314
68.309
68.43
68.341
68.127
67.815
54.55
53.385
52.33
53.936
54.552
50.825
50.012
61.533
63.759
65.984
65.65
65.385
65.377
65.787
65.973
66.141
66.265
66.314
66.259
66.234
66.208
66.243
66.292
66.327
66.37
66.39
66.261
65.284
65.838
63.535
61.232
48.551
50.356
66.699
66.477
66.109
65.79
65.941
66.414
67.221
67.213
67.575
67.764
67.749
67.688
67.667
67.567
67.594
67.7
67.758
67.685
67.699
67.682
63.976
64.014
68.584
68.994
69.401
69.134
70.281
70.097
70.135
69.877
70.074
69.939
70.166
70.071
70.03
69.911
69.944
69.981
69.901
69.944
69.919
69.769
70.015
69.988
70.11
51.793
50.728
57.461
54.502
62.852
71.202
71.084
71.02
70.918
70.904
70.886
70.944
70.867
70.415
70.481
63.963
64.13
52.037
50.509
69.116
69.029
68.784
68.914
69.004
69.299
69.454
55.118
53.502
53.673
69.3
69.229
69.342
65.203
67.233
69.263
68.98
60.933
53.832
54.757
53.477
54.049
53.71
53.503
53.351
53.199
64.819
64.574
64.581
64.734
65.157
65.684
65.861
66.093
66.323
66.6
66.643
66.341
66.252
66.195
66.132
53.946
54.147
53.793
66.336
66.311
66.245
66.148
54.305
53.914
53.623
54.576
54.278
53.795
54.746
54.146
53.84
53.535
54.194
53.963
53.412
53.863
54.033
53.909
