46.285
64.883
65.482
65.187
64.892
64.784
51.692
51.589
51.486
52.26
53.035
61.731
57.791
64.09
55.838
63.072
70.306
70.302
62.871
55.44
54.568
51.673
53.562
55.45
57.526
64.229
65.474
65.418
65.587
65.493
65.628
66.435
66.046
66.471
66.719
66.208
66.605
66.612
66.253
66.688
66.637
65.942
65.531
65.12
63.297
61.798
60.396
60.595
61.266
61.728
62.257
62.515
62.486
62.393
62.448
62.552
62.667
62.575
62.558
62.599
62.678
62.492
62.411
61.971
57.151
52.332
52.602
53.273
55.786
62.478
61.994
62.056
62.111
62.395
62.591
62.728
62.769
62.825
62.876
62.89
62.926
62.993
63.076
63.094
63.029
63.039
63.038
62.755
62.726
62.929
62.789
62.846
62.81
62.794
62.817
62.818
62.837
62.868
62.928
62.964
62.909
62.876
62.878
62.847
62.865
62.954
62.819
62.483
47.307
48.741
56.135
55.912
55.69
63.324
62.987
62.993
63.185
63.105
63.067
63.062
62.962
62.413
61.742
61.559
61.376
61.909
61.848
62.078
62.419
62.178
61.943
55.52
59.133
62.746
62.526
62.515
62.388
62.228
62.263
62.193
62.161
62.167
62.213
62.194
61.833
61.73
62.422
63.114
63.172
63.172
63.165
63.14
63.036
63.075
63.057
62.916
63.217
47.377
45.755
45.922
46.088
53.644
50.12
46.597
46.067
45.752
45.913
46.073
53.122
53.247
46.227
46.173
45.724
46.04
46.235
45.719
46.233
45.854
61.578
61.18
61.283
61.282
61.556
61.773
62.164
62.413
62.689
63.039
63.228
63.252
63.356
63.253
63.204
63.25
63.121
63.114
62.922
62.349
45.834
46.141
59.261
57.969
63.383
63.369
62.9
62.988
63.23
63.4
63.354
63.374
63.317
63.331
63.191
62.874
62.644
62.698
63.072
63.646
66.527
65.231
64.737
46.387
45.522
66.223
65.481
66.066
65.731
65.755
65.694
65.947
65.258
65.595
65.942
66.911
53.685
52.209
68.142
67.723
67.45
66.772
67.217
67.267
67.317
67.086
58.274
62.543
66.812
67.081
43.876
42.983
44.047
43.831
43.341
44.27
44.29
44.168
44.382
44.395
44.529
44.668
44.562
44.466
44.482
44.552
44.321
43.738
43.114
43.369
55.156
60.231
60.269
60.785
61.208
61.575
61.741
62.006
62.115
62.272
62.298
62.131
62.161
62.338
62.461
62.533
62.597
62.548
62.561
62.154
61.272
59.221
60.964
62.706
63.049
62.998
62.871
62.834
62.974
63.067
63.107
63.188
63.072
63.164
62.967
62.77
62.739
62.788
63.254
63.256
62.78
