44.351
44.713
44.681
44.732
44.771
44.775
44.686
44.266
43.672
43.058
51.681
60.583
60.782
60.732
43.001
44.3
63.315
63.536
63.66
63.534
63.566
63.631
44.504
44.482
44.044
60.475
53.374
51.294
65.849
80.404
80.453
43.691
43.555
44.269
45.162
44.7
44.487
44.864
44.527
44.189
44.621
45.096
60.392
60.517
44.913
46.393
46.884
63.496
63.303
44.505
44.849
44.733
45.023
44.978
45.001
44.7
45.047
44.529
68.502
68.485
59.493
44.598
44.372
54.934
68.278
68.412
68.463
68.44
68.511
68.795
69.181
69.644
70.101
70.412
70.552
70.612
70.428
70.209
70.204
70.22
70.238
70.244
65.781
61.318
43.54
43.759
70.416
70.42
65.835
61.25
61.319
61.395
61.472
59.498
69.134
68.983
68.848
68.822
68.755
68.75
68.8
68.808
68.825
68.818
68.638
68.491
68.454
68.506
68.515
68.376
68.414
68.68
69.079
69.67
70.043
70.127
70.124
70.135
70.096
70.104
70.152
70.133
69.992
69.939
69.858
69.839
70.03
69.89
70.423
70.838
70.894
70.923
70.811
70.908
71.192
71.198
71.571
71.598
43.142
43.365
72.511
72.864
73.022
73.073
73.089
73.105
73.095
73.018
72.992
73.036
73.135
73.089
72.875
73.197
67.354
61.51
61.387
43.098
43.283
52.441
47.729
54.667
61.606
61.623
61.55
61.626
61.581
61.509
61.418
61.184
60.708
60.88
61.306
61.589
61.439
57.282
65.352
67.916
70.48
70.574
70.451
70.508
70.468
70.364
70.264
70.33
70.156
65.845
61.534
61.514
61.458
61.382
61.554
61.742
61.559
64.067
66.575
67.486
67.721
67.54
67.491
67.439
67.454
67.711
67.963
68.219
68.365
68.451
68.504
68.472
68.394
68.413
68.447
68.386
68.261
68.211
68.215
68.278
68.33
68.35
68.442
68.505
68.52
68.478
68.442
68.483
68.501
68.512
68.542
68.5
68.445
68.383
68.368
68.296
68.266
68.231
68.195
68.117
67.999
67.668
67.149
66.025
64.902
65.27
64.886
64.931
65.417
64.904
64.806
64.623
64.67
64.61
64.955
64.517
53.657
50.128
50.317
47.461
60.424
53.55
59.019
64.487
64.157
63.935
63.844
63.876
64.046
64.377
64.622
64.712
64.896
64.971
64.959
64.821
64.747
64.665
64.643
64.751
64.543
64.565
64.624
64.458
46.626
46.435
46.184
46.475
46.767
46.273
46.36
45.369
49.504
46.317
45.931
45.546
45.664
45.782
48.481
48.041
47.602
45.946
46.767
46.875
46.984
46.23
46.385
58.779
58.899
58.984
58.417
61.557
64.698
64.375
64.146
64.261
64.154
64.341
64.278
64.4
64.452
64.347
64.534
63.862
62.763
62.736
62.709
62.668
62.335
62.45
62.409
62.552
62.723
62.658
62.777
62.864
63.081
63.169
63.102
63.077
62.832
63.616
64.171
64.658
64.833
64.596
64.718
64.358
64.287
64.642
64.006
64.223
64.181
64.139
64.015
63.891
63.86
63.283
62.705
65.934
65.714
65.563
65.746
66.053
66.473
66.981
67.378
67.887
68.112
68.179
68.206
68.109
68.019
68.019
68.291
63.84
61.121
62.765
64.058
65.395
64.687
64.471
64.349
64.829
64.45
65.134
64.498
64.271
64.045
61.872
60.815
62.335
70.32
70.403
61.727
62.213
62.741
62.146
61.994
62.03
62.276
62.784
62.63
63.107
62.994
63.181
62.871
63.155
62.941
63.034
63.041
63.018
63.132
62.886
62.535
62.141
61.16
60.698
61.053
61.373
61.741
61.851
61.85
62.08
61.855
61.891
61.676
61.733
61.511
61.41
61.543
61.419
61.305
61.478
61.907
62.753
62.187
64.384
63.838
63.293
46.221
46.65
46.465
46.196
64.721
64.498
64.298
64.39
64.579
64.957
64.781
64.99
65.077
65.061
65.449
65.251
65.761
44.375
44.81
44.559
44.538
44.65
44.45
44.318
44.045
43.15
66.642
66.53
66.512
43.63
44.094
44.395
44.595
44.677
44.759
44.901
62.969
63.075
44.612
44.142
63.412
62.992
62.867
62.711
62.952
62.656
62.949
62.892
63.139
63.206
63.435
63.247
63.372
63.404
63.253
63.272
63.29
63.123
63.225
63.114
63.078
63.245
63.117
63.146
63.241
63.219
63.381
63.452
63.377
63.382
63.357
63.348
63.459
63.505
63.832
77.498
77.402
77.508
77.484
77.53
73.478
73.585
43.887
43.77
44.281
44.531
44.43
