66.015
71.977
65.415
58.854
51.875
50.618
66.068
66.029
66.039
66.015
65.992
55.36
55.202
54.575
55.122
55.153
55.681
56.008
55.807
55.985
56.169
56.381
56.129
55.804
55.88
56.321
56.293
56.261
56.736
56.57
56.612
57.285
57.245
57.612
57.76
57.324
57.502
57.227
57.403
57.467
57.487
57.815
57.553
57.596
57.919
57.694
58.889
58.95
59.056
58.878
58.813
58.749
58.89
59.031
58.551
58.534
58.623
58.489
58.447
58.44
58.273
58.602
58.517
58.642
58.739
58.675
58.887
58.816
58.88
58.967
58.998
59.025
58.852
58.956
58.714
59.008
59.211
59.776
60.458
61.171
61.943
63.143
64.223
65.527
66.002
66.113
66.247
66.669
67.211
67.429
68.053
68.162
68.316
68.402
68.3
68.283
68.529
68.372
68.289
68.339
68.539
68.395
68.345
68.326
68.298
68.294
68.254
68.241
68.283
68.271
68.286
68.262
68.411
68.399
68.283
68.273
68.229
68.228
68.172
68.283
68.303
68.273
68.331
68.251
68.254
68.261
68.189
68.259
68.319
68.335
68.335
68.234
68.277
68.292
68.157
68.12
68.043
68.047
67.825
67.954
68.026
68.225
68.462
68.372
68.255
68.26
68.254
68.328
68.338
68.396
68.599
68.574
68.568
68.862
68.495
68.391
68.259
67.959
67.66
59.849
58.902
58.974
59.046
58.908
58.995
58.966
58.882
59.015
58.947
58.883
58.945
71.034
71.054
71.021
71.043
66.171
65.742
66.109
66.159
67.919
67.561
67.272
67.501
67.291
67.378
67.178
67.588
67.847
68.091
68.164
68.125
68.205
68.206
68.241
68.041
63.866
63.891
63.994
65.493
66.993
66.53
66.307
66.434
66.466
66.365
66.294
66.306
66.707
66.687
66.362
66.37
59.08
58.976
59.075
59.175
59.045
58.979
64.203
66.535
65.244
66.43
64.778
64.633
64.028
63.998
64.171
64.22
64.099
64.101
64.171
64.413
64.24
64.561
64.652
64.177
78.059
78.071
78.07
78.069
65.544
66.133
66.852
67.141
66.609
66.379
66.232
66.84
67.691
67.716
67.846
67.784
67.619
67.984
68.273
67.977
68.113
68.202
68.291
68.134
66.186
62.582
63.054
62.922
68.1
67.916
68.059
67.822
68.06
68.447
68.234
67.907
66.171
65.994
59.409
63.098
58.9
54.702
53.39
53.264
53.139
66.209
65.884
65.748
65.807
65.555
65.868
65.917
66.225
66.262
66.16
66.093
66.222
66.177
66.161
66.151
66.197
66.189
78.107
78.14
74.399
70.658
65.807
66.26
66.118
65.976
66.308
66.123
65.938
