49.891
49.988
50.008
50.065
50.414
48.769
50.186
55.041
55.468
55.358
55.807
56.135
56.341
56.485
56.462
56.609
56.749
56.7
56.585
56.392
55.542
55.176
47.845
50.758
53.672
52.699
53.194
52.451
53.849
55.319
52.928
53.804
54.679
55.135
55.413
55.708
55.805
56.012
56.136
56.095
56.305
56.343
56.466
56.515
56.45
56.467
56.341
56.429
56.625
56.637
56.621
56.752
56.738
56.845
56.91
56.955
57.052
57.397
57.901
58.263
58.264
58.185
58.342
58.234
58.106
58.276
58.343
58.132
58.244
58.337
58.321
58.519
58.511
58.577
58.802
58.752
58.892
58.9
59.11
59.197
59.237
59.479
59.435
59.357
59.311
59.206
59.218
59.327
59.219
59.361
59.289
59.295
59.364
59.373
59.295
59.1
58.819
58.538
59.5
59.863
59.606
59.52
59.415
59.42
59.425
59.46
59.881
59.886
60.391
60.803
60.913
60.925
60.975
61.048
61.043
61.018
61.1
61.108
61.093
61.088
61.112
61.149
61.142
61.178
61.236
61.171
61.111
61.049
60.956
60.986
60.928
60.851
60.946
60.982
60.998
61.021
61.017
61.077
61.062
61.035
60.995
61.04
61.074
61.101
61.17
61.244
61.314
61.29
61.254
61.335
61.359
61.449
61.401
61.517
61.432
61.361
61.368
61.192
61.232
61.104
60.816
60.85
60.839
60.555
60.155
59.637
59.136
58.944
58.626
58.569
59.126
43.483
43.793
44.969
44.265
43.56
44.572
55.165
53.953
56.93
59.908
59.214
59.915
59.709
59.603
60.05
59.629
60.115
60.17
59.791
60.059
60.016
59.779
59.86
59.75
59.86
59.705
59.758
59.979
60.112
60.012
59.942
59.979
43.374
43.329
44.093
61.212
61.443
61.666
61.66
61.546
61.536
61.486
61.61
61.615
61.621
61.467
61.51
61.281
61.172
61.113
60.983
44.693
44.424
50.23
48.296
50.247
48.809
48.3
49.718
49.376
48.574
49.401
49.354
48.627
49.114
49.051
48.874
48.791
49.057
49.167
48.84
48.875
49.249
48.76
49.028
49.267
48.831
59.285
59.873
60.197
60.148
59.339
59.796
60.506
62.377
64.248
65.315
65.837
66.184
66.459
66.84
67.164
67.533
67.805
67.82
67.987
67.987
68.231
68.159
68.313
68.205
68.218
68.111
54.081
54.046
53.576
54.456
53.598
54.468
53.807
68.54
68.504
68.27
68.126
68.175
68.122
68.289
68.359
68.343
68.32
68.298
68.256
68.285
68.107
68.072
67.473
66.118
66.102
65.868
66.005
66.143
63.546
60.95
61.03
65.68
65.289
65.511
65.623
65.733
66.021
66.122
66.195
66.179
66.121
66.271
66.282
50.5
48.598
50.218
48.88
78.964
78.982
67.2
67.176
54.604
53.381
53.501
53.621
68.602
68.764
68.722
68.752
68.782
68.738
68.902
68.838
68.982
68.899
69.052
68.951
69.026
68.898
68.994
68.9
68.997
68.979
68.93
68.866
68.713
68.355
54.087
54.22
67.896
67.805
67.585
67.56
67.695
67.726
67.956
68.095
68.049
67.985
68.009
67.947
67.918
67.796
67.816
67.58
67.266
61.33
60.898
55.237
49.576
61.313
73.051
73.067
72.967
65.829
65.658
65.68
65.818
65.955
65.871
65.959
65.941
66.013
65.961
66.021
65.965
65.869
65.836
65.37
59.958
54.546
55.073
49.394
49.023
48.651
66.552
66.639
66.377
66.2
66.317
66.324
66.725
66.879
67.502
67.791
67.855
67.806
67.695
67.634
67.686
67.642
67.489
52.046
52.209
51.694
52.322
51.77
51.97
52.218
51.996
52.49
51.853
68.304
68.423
68.623
68.548
68.593
68.58
68.527
68.738
68.948
68.799
68.923
68.975
68.793
68.697
68.602
69.154
68.586
69.091
68.639
68.536
68.687
68.839
70.848
71.29
70.583
70.443
70.321
70.647
70.757
70.814
71.085
71.315
71.371
71.209
70.976
70.92
70.748
70.576
70.208
69.493
69.24
69.149
69.125
69.195
69.356
69.382
56.074
62.765
69.457
69.317
69.132
69.321
53.658
53.445
72.988
72.968
72.991
73.011
73.001
72.991
73.041
73
73.05
69.241
64.09
64.095
64.041
63.993
64.059
64.397
64.996
65.583
66.085
66.31
66.446
66.6
66.413
66.156
65.957
65.905
65.929
65.94
65.985
66.041
66.054
66.028
66.065
66.055
66.022
65.95
65.845
65.578
57.865
50.152
50.171
50.202
72.998
73.078
73.04
73.02
72.997
73.008
72.981
73.011
72.957
73.037
72.93
72.929
73.007
73.019
73.023
68.901
66.946
64.99
65.305
65.315
65.407
65.564
65.452
65.137
57.333
49.529
50.339
64.218
63.948
63.934
64.818
66.546
66.364
66.217
66.198
66.314
66.503
66.75
66.773
67.147
67.247
67.378
67.446
67.55
67.55
67.509
67.612
67.684
67.702
67.739
67.778
67.783
67.786
67.805
67.773
67.752
67.808
67.783
67.782
67.771
67.849
67.948
67.965
67.961
67.94
67.934
67.914
67.946
67.934
67.86
67.473
52.253
52.032
