54.108
50.611
47.114
47.155
55.454
55.471
55.855
56.344
56.591
56.2
56.999
56.932
57.372
56.598
56.666
57.175
57.252
57.16
57.07
57.159
57.612
54.063
48.692
50.068
49.582
59.636
60.888
60.848
60.951
61.06
61.517
62.213
62.505
62.777
62.953
63.02
62.918
62.758
62.655
62.62
62.59
62.599
62.591
62.638
50.566
48.801
49.287
51.42
63.234
62.978
62.826
62.735
62.712
66.325
57.153
54.379
51.606
51.274
50.031
56.512
62.993
62.914
62.622
62.332
62.325
62.561
62.622
63.024
63.144
63.186
63.289
62.971
62.794
62.726
62.723
62.729
62.825
62.817
62.793
62.819
62.804
62.639
62.458
62.635
62.895
62.952
62.833
62.474
43.726
43.299
43.148
43.225
63.108
62.922
62.663
62.47
62.353
62.396
62.533
62.695
62.825
62.952
63.079
62.991
62.844
62.747
62.609
62.122
62.248
62.934
62.655
50.348
50.242
62.819
64.013
63.012
62.703
62.629
62.606
62.631
62.599
62.654
62.734
62.784
62.791
62.963
63.022
63.008
62.831
62.5
62.449
62.845
50.118
49.268
50.187
53.603
57.02
56.289
56.615
56.392
57.171
56.79
57.1
56.889
43.055
43.202
49.154
49.808
50.463
50.457
50.606
50.596
49.538
48.481
49.731
46.445
43.158
44.307
43.543
43.242
58.753
57.273
56.856
57.506
57.992
58.978
59.518
59.85
60.183
60.4
60.39
60.171
59.978
60.051
59.981
59.774
58.697
57.619
58.369
57.443
58.403
57.789
62.966
62.758
62.577
62.446
62.438
62.023
62.236
62.588
62.732
62.902
63.011
63.028
62.973
62.909
62.87
62.892
62.869
62.971
62.97
62.972
63.013
62.874
62.808
62.726
62.797
62.745
62.557
59.004
58.839
57.137
59.018
59.373
59.729
65.069
65.01
64.758
64.637
64.611
64.504
64.651
64.669
64.75
64.606
43.811
43.716
43.731
44.31
44.202
44.265
44.195
44.388
44.289
44.468
44.32
44.518
44.442
44.121
44.007
43.687
42.995
56.295
51.182
58.74
66.298
65.891
65.819
65.868
46.153
45.801
46.118
45.969
46.168
45.996
45.824
45.863
45.904
46.082
46.197
45.842
45.662
45.7
46.254
45.903
57.583
72.015
72.007
58.097
57.976
65.687
65.886
66.081
66.209
66.336
66.323
66.31
66.73
67.15
64.642
69.302
65.759
62.215
68.108
65.099
62.091
62.615
61.937
61.603
61.708
61.872
61.938
62.018
62.217
62.303
62.211
62.258
62.405
62.319
62.183
62.254
62.311
62.327
63.005
63.103
62.723
62.911
63.061
63.323
63.571
64.318
64.688
64.923
64.863
64.647
64.473
64.524
64.56
64.64
64.685
64.114
49.976
50.936
58.018
65.099
65.142
65.151
65.165
65.069
65.092
65.053
65.037
64.679
63.973
43.265
43.633
54.864
54.789
54.869
55.117
54.958
54.863
54.767
54.676
62.059
70.961
70.947
62.074
62.015
62.036
62.032
50.119
