53.732
54.221
53.652
52.987
54.284
53.888
53.675
54.11
54.545
55.286
56.026
54.735
54.202
54.148
54.78
55.4
66.149
65.954
66.015
65.989
65.963
65.883
54.032
54.545
53.658
54.046
54.168
42.985
43.38
43.231
43.082
54.14
53.934
54.081
54.051
51.178
48.305
47.78
48.632
49.483
48.803
48.861
50.3
48.746
48.883
49.755
48.529
48.524
49.28
48.191
49.105
48.958
49.306
49.06
49.343
49.935
49.088
56.045
56.699
56.266
56.805
57.344
58.267
58.378
59.922
62.503
64.003
65.136
65.749
66.023
66.296
66.442
67.678
66.672
65.602
66.145
67.509
67.726
68.048
68.427
53.605
43.009
43.152
68.288
68.474
68.568
68.418
68.386
68.437
68.413
68.195
68.154
68.004
68.081
68.137
68.153
68.138
67.907
67.811
67.688
67.728
67.51
67.494
67.573
67.572
67.506
67.413
67.357
67.113
66.788
65.972
66.244
66.517
65.513
64.904
64.92
65.097
65.246
65.682
65.423
53.695
53.22
54.216
54.042
53.639
52.244
50.85
59.251
67.653
67.222
67.102
67.046
67.131
67.389
67.785
68.182
68.253
68.325
68.451
68.107
68.235
68.339
68.176
68.382
68.46
68.486
68.526
68.578
68.778
68.809
68.79
68.804
68.742
68.804
68.695
68.545
68.179
68.063
67.921
67.666
67.587
67.683
67.645
67.506
67.504
67.531
67.645
67.806
67.859
67.829
67.841
67.753
67.763
67.758
67.738
67.655
67.46
67.598
67.671
67.612
67.651
67.361
53.908
53.743
53.925
66.89
66.051
65.615
65.58
65.746
65.583
65.701
65.824
65.639
65.816
65.836
65.695
65.974
65.806
65.906
65.882
48.953
48.831
48.851
48.872
48.904
48.935
50.482
51.677
50.157
52.039
58.852
60.038
60.504
60.815
61.086
61.47
61.807
62.15
62.484
62.424
62.817
62.607
62.971
63.101
63.285
63.259
52.068
51.939
52.195
52.453
51.038
52.336
49.944
50.965
54.399
55.498
55.353
54.939
55.592
55.965
55.628
55.503
55.747
56.008
56.284
56.25
56.428
56.767
56.843
56.989
57.045
56.962
56.871
55.941
52.197
51.427
52.203
50.3
58.882
59.157
58.915
58.628
58.63
58.969
59.138
59.299
59.365
59.25
59.114
58.969
59.033
58.863
58.687
58.98
59.093
58.903
58.794
58.79
59.06
59.442
58.965
59.797
60.628
60.887
61.053
61.16
61.214
61.268
61.285
61.455
61.686
61.737
61.621
61.454
61.284
61.17
61.112
61.121
61.041
61.109
61.125
61.087
61.052
60.964
60.815
62.229
63.643
63.981
44.915
44.465
44.687
44.824
45.195
45.468
45.156
45.474
45.001
44.528
44.807
45.087
44.823
45.174
45.525
45.553
45.216
45.558
45.9
45.648
45.397
45.404
45.411
52.224
57.919
58.117
58.094
58.571
58.591
58.971
58.93
59.163
59.203
59.179
59.524
59.472
59.695
59.601
59.166
44.496
44.531
59.332
59.449
59.521
59.502
59.015
55.089
51.163
49.022
50.061
49.782
49.924
50.456
54.69
54.767
54.709
54.996
55.214
55.547
55.601
55.654
55.647
55.619
55.734
55.769
55.64
55.777
56.256
56.303
55.585
49.797
50.724
49.394
50.122
49.93
50.186
49.801
50.171
49.747
50.187
49.942
49.936
50.142
49.963
50.131
49.933
50.032
49.682
50.111
