50.067
50.25
50.417
49.871
58.193
58.31
58.459
58.543
58.479
58.639
50.006
49.979
58.769
58.652
58.844
58.757
58.478
58.53
58.803
58.457
58.24
58.022
58.612
58.586
58.747
59.294
60.095
60.062
60.404
60.331
60.661
59.942
60.587
60.147
60.148
60.614
60.074
60.563
60.014
59.828
59.611
51.429
52.468
51.906
51.888
51.966
52.333
56.309
56.459
56.42
56.326
56.31
56.532
56.597
56.663
56.746
56.693
56.701
56.733
56.683
56.817
56.95
57.19
57.2
45.61
44.946
60.958
61.766
62.331
61.831
62.161
62.043
62.235
62.859
63.388
63.51
63.896
63.801
63.653
63.548
63.471
63.468
63.557
63.561
44.624
45.046
44.943
51.93
51.129
51.971
62.904
62.319
62.25
62.021
62.01
62.386
62.411
62.508
62.687
62.477
62.722
62.367
62.429
62.301
62.268
62.006
62.23
51.829
51.852
44.99
44.009
52.048
52.119
52.19
51.911
55.759
54.712
55.103
55.603
55.424
55.48
56.205
55.802
56.253
56.374
56.184
56.321
56.612
52.683
52.011
51.829
51.648
52.096
52.901
56.085
59.268
60.069
59.824
59.692
59.21
59.288
59.68
59.481
59.56
60.002
59.745
59.539
59.657
59.631
59.434
59.518
59.302
59.011
59.275
59.539
60.48
60.257
59.41
57.961
58.066
57.624
57.601
57.858
57.403
57.807
58.109
58.195
57.824
49.993
49.736
58.584
58.369
56.938
57.849
58.761
58.142
56.514
56.614
56.714
56.21
55.706
55.838
56.012
56.592
56.473
56.418
56.748
56.213
56.213
56.795
55.533
56.117
56.936
57.754
55.816
55.574
49.378
50.027
49.947
49.867
49.998
50.13
49.734
49.339
55.436
54.673
54.401
61.499
61.219
54.821
54.34
53.93
54.187
54.045
54.661
54.696
54.843
54.771
54.829
54.752
54.777
51.921
51.92
51.919
50.927
49.935
49.829
59.061
58.876
58.815
58.713
58.337
57.649
58.212
58.438
58.181
46.835
46.867
47.246
46.805
47.236
47.148
46.922
46.92
47.284
46.776
47.449
47.979
46.024
45.888
45.752
47.496
48.78
49.048
49.317
49.697
49.201
48.704
53.018
57.363
56.853
57.317
50.755
50.6
51.404
50.424
50.678
52.318
53.957
55.892
55.388
57.378
57.449
58.257
58.572
58.713
58.747
58.83
58.681
58.389
58.54
58.563
58.19
59.193
58.383
59.132
58.14
56.889
57.251
57.612
45.967
45.334
62.879
62.247
62.264
62.397
62.502
62.7
63.071
63.422
63.575
63.614
63.722
63.843
63.798
63.655
63.748
64.087
64.056
64.069
64.235
63.777
51.869
51.86
52.625
59.291
65.957
65.576
65.798
65.744
65.807
65.667
65.719
65.962
66.085
65.811
65.72
65.806
65.892
66.077
65.738
66.038
65.86
66.278
58.863
58.786
58.425
62.497
66.569
66.571
66.557
66.544
66.633
66.42
66.468
66.667
66.867
67.173
66.971
78.836
79.009
78.963
78.927
78.902
66.917
67.069
66.834
66.719
66.899
66.691
54.231
54.779
54.409
54.04
65.428
65.617
66.372
66.248
66.207
66.18
47.935
49.177
50.26
49.708
49.889
49.874
49.746
50.207
49.903
49.981
50.191
49.999
49.96
50.173
49.76
49.891
63.083
62.746
62.758
62.934
62.875
63.232
63.361
63.529
63.758
63.889
64.02
50.176
50.188
49.971
49.829
50.257
50.137
49.642
50.274
49.847
50.446
49.799
64.382
64.232
63.978
64.149
50.256
50.074
49.814
50.083
50.301
49.912
49.527
49.952
50.056
49.731
49.509
50.173
49.894
49.658
49.811
50.133
49.419
50.435
49.738
68.922
68.802
68.671
68.47
68.592
68.698
68.521
68.594
60.446
70.702
60.797
70.889
80.98
81.058
81.001
80.944
80.971
48.574
49.225
45.932
44.071
43.53
42.989
53.366
69.507
68.955
68.804
68.757
68.67
68.649
59.598
70.236
80.874
80.87
80.803
80.816
80.795
68.46
68.679
62.138
71.445
69.997
68.548
56.056
54.231
55.102
54.785
53.82
68.866
68.829
68.676
68.325
53.376
54.998
53.889
52.781
65.74
65.878
66.058
66.504
66.734
66.766
66.782
60.11
59.99
60.185
69.588
78.991
79.04
78.989
64.68
63.683
63.63
63.565
63.326
63.373
63.576
63.702
63.697
63.709
63.516
63.417
63.569
63.633
63.718
63.789
63.916
64.116
64.147
57.221
57.011
