73.514
73.428
73.506
62
61.471
61.349
61.432
61.471
61.514
61.5
61.521
61.555
61.63
61.59
60.707
50.939
51.058
73.555
73.473
73.391
73.45
61.476
61.441
61.382
61.398
61.392
61.43
61.48
61.503
61.537
61.534
61.493
61.433
61.328
61.477
61.627
61.676
61.737
61.762
61.745
61.721
61.639
61.647
61.669
61.705
61.702
61.749
61.731
61.877
61.844
61.764
43.311
43.404
61.572
61.399
61.599
50.934
50.886
58.687
58.163
62.319
66.475
66.604
69.988
73.373
73.454
73.473
73.442
61.957
50.473
43.236
42.999
58.432
57.335
57.684
57.883
58.096
58.313
58.411
58.68
58.934
58.982
58.976
58.944
59.072
59.182
59.259
59.329
59.166
59.205
59.279
58.979
58.917
59.059
58.813
58.814
58.937
58.882
58.918
59.401
59.437
55.726
52.016
46.986
45.29
65.544
66.177
66.396
66.559
66.759
66.971
67.133
67.786
68.009
68.178
68.396
68.383
68.408
68.355
68.349
68.35
68.418
68.412
68.393
68.337
68.35
68.374
68.356
68.33
68.532
68.466
68.4
68.299
68.325
68.081
67.962
68.231
68.286
68.181
68.05
68.213
68.316
68.369
68.412
68.39
68.367
67.938
55.48
65.487
75.495
75.48
75.501
71.997
68.493
68.511
68.45
68.39
68.397
68.442
68.439
68.38
68.359
68.338
47.541
43.582
43.079
50.115
68.353
68.339
43.482
43.223
50.321
51.781
51.263
47.402
43.541
44.412
43.444
51.199
51.187
50.807
50.426
50.975
63.674
63.581
63.522
52.455
60.432
51.726
51.726
51.726
50.392
50.771
51.15
50.872
50.594
48.888
50.667
50.469
50.271
50.274
50.276
50.497
50.718
53.526
51.544
52.242
51.078
50.81
51.835
44.458
44.306
49.761
55.216
65.77
68.575
68.239
68.088
67.927
67.71
67.396
67.824
68.087
68.204
68.794
68.905
69.031
69.051
69.08
68.909
68.737
68.49
49.786
49.91
61.262
62.089
68.62
68.593
68.563
68.52
68.116
67.344
65.87
64.601
63.65
62.976
63.653
63.938
64.563
64.928
65.041
65.078
65.051
65.104
65.129
65.14
65.237
65.356
65.579
65.618
65.997
66.878
67.179
67.652
67.907
67.971
67.972
67.962
67.97
68.024
68.03
68.059
68.094
68.067
67.994
68.054
68.183
68.242
68.417
68.684
68.713
68.565
68.673
68.922
69.036
69.295
69.84
70.257
70.566
70.562
70.59
70.715
70.869
70.928
70.905
70.863
70.834
70.834
70.744
70.666
70.568
70.479
70.43
70.367
75.424
61.879
48.333
48.401
48.377
48.354
58.874
69.395
69.034
68.811
68.798
68.772
68.775
68.777
68.723
68.71
68.857
69.004
68.89
68.777
80.595
80.732
70.532
60.332
64.537
68.741
68.211
68.531
68.59
68.562
68.517
68.476
68.391
68.326
68.363
