50.252
49.837
51.079
54.753
55.278
55.826
56.17
56.314
56.533
56.782
57.016
57.061
56.963
56.952
56.984
56.905
56.311
56.357
56.264
56.17
55.052
53.933
53.738
53.992
47.165
47.014
50.537
54.059
54.063
55.083
55.715
55.689
54.665
55.164
55.258
55.728
56.057
56.248
56.517
56.605
56.553
56.427
56.426
56.671
56.649
56.757
56.925
56.978
57.041
56.918
56.94
49.101
50.352
50.126
50.119
59.621
59.656
59.431
59.492
59.411
59.077
59.137
58.784
58.924
58.703
58.995
58.863
59.155
59.414
59.243
59.392
59.601
59.475
59.474
59.458
59.382
59.595
59.321
59.447
59.467
59.524
59.548
59.629
59.337
59.39
59.566
59.339
59.416
59.688
59.664
59.56
59.776
60.067
59.998
60.266
59.911
60.154
60.105
60.101
59.987
59.729
59.595
59.125
59.808
59.168
60.012
60.487
60.9
61.362
61.679
61.876
61.855
61.497
61.308
61.17
61.194
61.198
61.192
61.226
61.255
61.241
61.203
61.129
61.134
61.144
61.279
61.156
61.239
61.181
61.095
61.218
61.277
61.292
61.365
61.279
61.343
61.331
61.243
61.282
61.237
61.252
61.184
61.267
61.328
61.194
61.227
61.28
61.261
61.322
61.245
61.53
61.708
61.886
61.778
61.671
61.294
60.863
60.566
60.206
59.835
59.744
59.221
59.233
58.756
58.994
58.861
58.414
59.104
59.371
59.357
59.524
59.616
59.56
59.227
57.618
54.552
49.107
48.609
49.216
49.327
59.583
59.144
59.323
58.951
59.365
59.054
59.411
59.04
59.295
59.107
59.142
58.715
48.883
49.273
59.38
59.316
59.601
59.226
59.464
59.56
60.182
60.657
61.113
61.362
61.679
61.575
61.484
61.119
61.141
61.221
61.2
61.349
61.271
61.223
61.174
61.145
61.18
44.373
44.123
44.016
44.408
44.048
44.217
56.192
54.685
54.171
54.366
49.143
49.249
48.451
48.955
49.058
48.906
48.638
49.001
48.799
48.524
49.209
49.088
48.736
49.05
49.181
49.317
60.988
61.323
61.139
61.19
60.997
61.296
61.595
62.343
64.014
66.152
66.9
67.004
67.231
67.275
67.702
67.882
68.301
68.395
68.555
68.635
68.535
68.373
68.503
68.568
68.462
68.467
68.748
68.763
68.815
68.813
68.63
68.15
54.099
54.137
54.139
68.908
68.597
68.423
68.332
68.365
68.392
68.341
68.306
68.349
68.293
68.151
68.15
67.958
67.982
67.786
67.866
67.878
67.774
67.697
67.487
67.23
66.252
66.429
66.191
66.453
66.484
66.203
66.008
65.968
66.014
66.121
66.232
66.302
66.298
66.357
66.368
51.336
59.327
67.317
67.23
67.342
67.269
67.298
67.449
54.859
53.765
53.84
68.383
68.376
68.419
68.545
68.3
68.423
68.586
68.656
68.425
68.517
68.736
68.602
68.716
68.778
68.62
49.496
49.805
49.91
49.902
49.894
65.903
66.028
60.748
60.967
68.427
69.178
68.7
68.246
68.027
67.601
67.622
67.694
67.858
68.096
68.153
68.035
68.293
68.011
68.269
68.119
54.242
54.215
54.296
54.275
54.113
54.007
53.426
64.576
64.857
65.03
65.649
65.849
66.01
66.237
66.225
66.186
66.233
66.326
68.956
68.999
66.192
66.096
66.074
66.198
66.113
66.161
66.101
65.988
65.96
66.101
66.187
66.306
66.402
66.497
66.366
66.593
66.817
52.224
51.979
51.809
52.428
51.78
52.165
52.133
51.836
52.108
51.869
52.155
51.984
51.983
52.116
51.872
52.112
51.979
51.945
51.991
51.848
52.287
52.206
51.712
52
69.092
69.036
69.068
69.118
69.306
69.357
69.359
69.464
69.568
69.555
69.523
69.494
69.557
69.65
69.659
69.611
69.645
69.704
69.65
69.579
45.062
45.218
70.886
71.224
71.401
71.619
71.529
71.422
71.395
71.313
70.896
47.336
47.238
46.376
45.661
54.659
63.656
70.355
69.87
69.452
69.252
69.052
69.025
69.04
54.654
53.781
69.082
69.135
68.943
69.13
69.208
69.182
69.024
71.017
73.01
73.005
73.04
73.075
53.862
53.787
53.813
53.814
53.927
65.398
64.895
65.377
65.525
54.334
53.878
54.268
66.148
66.446
66.576
66.292
66.126
66.14
66.098
66.146
66.151
53.981
54.008
53.944
53.919
53.716
53.675
53.934
