45.942
45.805
46.071
46.074
46.077
46.022
57.881
57.935
46.11
46.074
57.946
61.466
72.947
73.023
73.01
73.004
72.959
73.001
72.976
61.312
67.155
63.99
60.825
60.591
60.54
60.34
60.767
61.09
73.012
73.044
64.293
63.203
62.987
62.929
62.984
62.97
62.978
63.045
63.006
62.921
63.079
63.001
62.924
63.049
63.021
62.912
63.089
62.924
62.946
63.05
63
63.357
64.544
63.964
63.899
63.813
63.989
64.109
63.991
63.874
63.904
64.062
64.114
63.966
63.901
63.928
64.097
64.242
63.904
63.935
63.995
64.131
64.42
61.099
61.276
62.462
62.062
61.738
61.929
62.057
61.84
60.458
60.974
61.094
61.064
60.798
61.004
61.109
60.723
61.003
60.97
60.657
64.181
63.995
63.614
63.572
63.529
63.525
63.449
63.378
62.832
63.406
63.454
63.495
63.475
63.335
63.565
63.514
61.615
63.859
63.987
63.209
63.789
63.989
64.117
64.048
64.01
64.065
64.128
64.111
63.885
63.735
63.338
64.005
63.82
57.01
56.765
63.755
63.668
63.474
63.279
62.989
62.486
62.637
63.063
61.923
63.205
62.532
62.94
64.109
64.422
64.266
64.369
64.171
64.072
63.852
63.548
61.407
60.956
61.246
61.536
63.636
63.694
63.769
63.508
63.344
63.336
63.688
63.882
63.9
64.017
61.916
63.843
63.965
64.056
63.846
63.749
64.131
63.833
64.496
63.332
63.092
62.96
62.99
63.18
63.505
63.549
63.43
63.678
63.85
63.689
63.795
63.757
63.787
63.865
63.809
63.836
63.688
64.417
63.79
64.038
63.945
63.752
63.835
63.787
63.709
63.486
63.302
63.562
63.65
63.659
63.639
63.314
63.282
63.486
63.457
63.565
63.549
63.129
63.354
63.638
63.921
63.794
63.744
61.786
61.818
61.851
61.812
62.491
63.17
62.119
62.652
62.463
62.45
62.77
62.825
62.856
62.915
62.641
60.636
62.166
60.211
58.256
58.417
58.579
57.878
58.345
58.119
58.689
63.084
62.98
62.691
58.506
58.018
62.978
62.99
62.84
62.988
62.965
62.922
63.181
62.726
63.013
62.761
63.383
62.652
62.814
62.997
63.016
63.036
59.634
59.005
58.463
60.608
59.353
58.099
58.616
58.661
58.29
58.593
58.484
59.004
60.172
60.111
61.455
61.458
61.355
61.251
61.104
62.028
62.859
62.511
63.485
63.72
63.621
63.452
62.546
63.126
62.946
62.949
63.28
63.194
63.078
63.115
63.628
60.546
61.187
61.042
60.896
