59.026
58.974
58.955
59.035
62.953
62.992
62.968
62.976
63.055
62.95
62.969
62.931
63.038
62.886
63.015
62.987
62.959
58.975
59.005
58.826
58.887
59.244
58.955
58.961
58.992
59.005
58.962
58.923
58.979
59.047
58.95
58.992
58.94
58.955
58.942
58.533
58.124
57.651
57.305
57.201
57.398
57.755
58.145
58.618
59.117
59.428
59.692
59.825
59.497
59.676
59.997
59.777
59.467
59.035
58.442
58.567
58.692
56.566
54.441
54.736
54.676
54.587
55.358
54.781
54.883
55.406
54.755
54.97
56.371
55.347
54.324
53.326
52.328
53.034
52.721
52.408
55.315
53.69
59.228
59.112
58.901
58.963
58.74
58.822
58.985
59.224
59.515
59.77
60.271
60.185
60.048
60.227
60.247
59.872
60.208
60.19
59.915
60.199
60.386
59.637
59.12
58.914
59.142
59.106
59.903
58.482
57.961
56.911
57.711
57.017
57.68
57.895
57.309
58.005
57.961
56.861
57.769
58.273
58.429
55.929
55.299
55.206
55.434
54.048
53.815
53.527
53.145
52.763
54.179
54.422
53.423
53.617
54.845
54.369
54.893
54.616
54.813
54.543
54.273
54.371
54.191
54.445
58.619
58.987
58.911
58.871
58.862
58.735
58.453
56.857
55.261
58.408
58.625
58.473
58.249
57.741
58.069
58.462
58.517
58.582
58.624
59.091
59.538
60.002
59.545
59.18
59.123
58.967
58.981
58.971
58.735
58.868
59.144
58.558
58.076
57.823
57.39
57.594
57.552
57.352
57.313
57.271
57.406
57.321
57.919
58.149
57.868
57.466
58.21
58.192
57.46
56.951
55.938
54.893
55.002
54.482
54.618
54.528
54.443
54.965
54.541
55.368
54.814
55.393
55.208
55.696
55.934
55.356
55.513
55.426
55.359
55.517
55.504
55.808
55.811
56.238
56.364
55.776
55.211
55.054
55.239
55.187
55.246
55.115
55.29
55.159
58.228
58.634
55.55
57.461
56.841
57.529
56.781
57.597
56.774
57.562
56.489
57.443
55.82
57.389
58.959
59.091
59.223
58.503
58.142
57.78
54.712
53.051
53.526
52.04
52.623
52.373
53.484
54.596
54.831
54.829
54.827
49.739
50.384
50.328
50.271
51.375
54.714
55.673
54.639
55.018
55.077
54.53
55.427
54.828
54.233
55.597
54.079
54.715
58.781
58.917
59.92
59.443
59.698
59.05
59.159
58.946
58.782
58.766
58.946
61.966
62.057
61.531
59.746
60.162
59.667
59.337
59.008
58.893
58.915
70.946
74.136
74.001
73.996
74.01
73.994
73.993
73.994
73.991
73.973
73.984
73.994
58.742
62.671
58.3
53.928
54.529
54.452
54.883
55.256
55.616
55.633
55.792
56.104
46.705
48.4
47.873
55.289
55.916
48.397
47.442
48.002
48.561
47.508
48.513
48.607
47.409
55.725
55.951
55.702
55.452
48.6
47.908
48.451
48.994
48.126
47.259
48.367
48.354
55.274
55.789
55.993
56.159
56.076
55.994
55.867
48.193
48.402
47.349
48.101
56.447
55.814
55.635
55.696
55.58
55.15
55.367
55.802
55.471
48.475
47.875
55.833
55.535
55.39
55.349
55.73
48.005
47.578
48.287
48.079
47.502
48.441
47.959
47.767
48.535
54.244
54.55
54.33
55.101
55.963
56.18
56.776
57.192
57.524
57.074
57.279
56.983
57.206
56.923
57.128
57.118
57.064
57.268
57.677
57.483
57.51
57.715
57.814
57.398
57.193
57.086
56.966
56.778
56.754
56.769
56.647
56.78
56.847
56.986
57.166
57.267
57.346
57.327
57.328
56.629
56.456
56.402
57.502
59.701
61.9
61.898
57.893
57.582
57.258
57.053
56.972
56.935
56.934
57.029
57.292
57.319
57.276
57.298
57.286
57.232
57.163
57.132
57.169
57.266
57.143
57.143
57.046
57.186
57.479
57.583
57.665
57.629
57.762
58.393
58.545
59.093
59.169
59.252
59.191
59.14
59.372
59.215
59.36
59.137
59.213
43.077
43.063
43.445
43.352
43.284
43.556
43.421
43.286
43.127
43.28
43.277
43.139
43.01
43.28
43.162
43.043
43.022
43
42.979
42.942
57.697
56.903
57.875
55.678
57.169
58.66
50.694
51.052
54.729
55.537
55.089
55.172
55.32
54.922
55.403
55.141
55.434
55.612
43.017
42.96
42.98
43.001
42.992
43.168
43.016
43.187
43.214
43.168
43.115
43.156
43.198
57.563
57.865
57.881
57.897
58.428
58.872
59.474
59.602
59.88
60.159
60.134
60.109
59.801
47.179
46.982
59.563
59.51
46.992
47.264
46.877
46.94
47.003
47.002
46.938
46.877
46.959
