53.142
52.977
53.298
52.297
81.991
82.078
82.143
82.166
64.917
52.22
47.337
46.964
46.052
46.458
46.752
46.872
45.661
45.898
46.203
46.935
46.1
52.851
53.042
52.951
52.941
54.732
56.523
51.609
52.715
53.316
49.934
49.309
51.395
52.479
51.58
48.919
50.672
53.945
52.371
52.072
51.856
51.641
53.801
53.102
52.403
51.992
51.581
56.118
54.6
54.113
55.106
55.766
46.929
45.093
54.247
56.405
56.995
56.366
57.77
57.574
57.84
58.12
57.84
57.49
57.801
56.762
57.81
58.367
58.44
58.194
57.827
57.459
55.401
56.729
58.057
60.545
60.344
60.143
61.311
61.409
61.85
61.572
62.336
62.549
62.614
62.744
62.845
62.935
63.014
62.996
62.987
63.052
62.911
62.911
62.594
45.159
45.676
46.193
46.628
63.614
63.186
62.838
62.771
62.802
62.72
62.563
62.23
62.05
62.264
62.58
62.749
62.746
62.543
62.376
62.083
62.537
62.696
62.807
62.949
63.244
63.097
63.068
62.915
62.78
62.687
62.704
62.733
62.685
62.713
62.833
62.802
62.645
62.626
62.666
62.671
62.58
62.638
62.735
62.831
62.927
63.072
63.152
62.91
62.783
62.803
62.832
62.9
62.997
63.039
63.066
63.129
63.026
62.919
62.856
62.786
62.656
62.569
62.627
62.592
62.971
62.782
63.011
63.544
63.262
63.19
63.108
63.168
63.255
63.137
63.1
63.07
63.052
62.984
62.878
62.823
62.886
63.013
63.142
63.025
51.293
51.03
50.105
50.354
54.904
55.605
49.83
50.297
57.947
56.761
57.471
56.7
57.367
56.888
57.419
57.048
57.329
57.254
57.511
57.598
57.432
57.319
56.593
55.868
56.298
55.929
44.356
43.939
44.246
57.954
57.963
57.475
58.269
59.062
59.189
59.453
59.717
60.019
59.887
59.645
59.756
60.044
60.252
60.337
60.412
60.424
60.669
59.542
59.899
61.029
62.474
62.817
62.969
62.856
62.681
62.602
62.409
62.142
62.584
62.61
62.622
62.691
63.23
62.762
62.497
62.298
62.516
62.74
62.603
62.884
62.967
63.149
63.183
63.047
62.896
62.837
62.825
62.491
62.308
62.337
62.587
62.821
63.122
63.122
62.967
62.849
62.772
62.875
63.187
63.781
64.556
64.976
65.116
65.24
65.232
65.276
65.289
65.155
65.065
64.929
65.028
65.16
65.13
65.006
64.99
65.153
65.181
65.097
43.848
44.125
44.127
42.952
46.529
45.159
46.052
45.97
45.792
63.079
62.588
62.402
62.318
62.331
62.493
62.665
62.854
63.065
63.044
62.913
62.813
62.707
62.731
62.768
62.675
62.634
62.786
57.83
57.958
58.03
57.816
62.526
62.48
62.096
61.993
61.819
61.836
62.065
61.98
61.911
61.667
61.488
61.409
61.645
61.978
61.799
61.797
61.382
61.901
61.705
61.507
61.658
61.581
61.487
61.59
61.563
61.717
61.643
61.782
61.757
61.653
61.622
61.708
61.945
61.78
61.536
61.512
61.581
61.649
61.839
62.059
62.36
62.521
62.62
62.762
63.018
62.939
62.948
62.929
62.808
62.779
62.684
59.771
56.857
50.054
49.818
50.093
62.751
63.036
62.738
62.572
62.436
62.319
62.497
62.698
50.414
51.204
51.111
51.07
50.389
50.382
51.393
51.311
51.704
52.967
53.397
52.367
51.819
51.271
51.981
52.009
52.037
45.013
