51.275
51.212
50.526
47.552
44.577
44.337
44.255
44.325
44.284
44.378
44.557
44.529
44.586
44.48
44.497
44.501
44.333
44.365
44.302
44.996
45.689
61.486
61.353
49.31
49.537
49.351
49.792
49.127
49.519
49.458
49.491
49.74
49.231
49.605
48.967
50.133
49.955
49.161
49.275
49.279
50.272
48.948
66.549
67.021
67.437
67.812
67.95
68.223
68.432
68.478
68.342
68.021
68.07
68.326
68.581
68.357
68.22
68.186
68.188
68.179
68.148
68.098
68.193
68.257
68.098
67.663
56.684
56.712
56.74
56.66
56.454
48.797
50.405
68.597
68.36
68.241
68.051
67.86
68.122
68.04
68.136
68.201
68.303
68.307
50.334
48.836
49.789
68.304
68.4
68.527
68.553
68.427
68.297
68.21
68.197
67.928
68.071
68.213
68.25
68.221
68.086
68.172
68.051
67.99
68.189
68.367
68.549
68.557
68.52
68.378
68.348
65.724
63.1
63.559
63.224
62.889
70.588
78.286
78.302
78.161
65.695
65.067
64.481
64.075
63.863
63.795
63.745
63.684
63.835
64.007
64.211
64.578
64.566
64.214
63.727
62.542
61.048
60.366
60.562
60.942
61.197
61.209
60.984
60.787
60.847
60.972
61.062
61.149
61.308
61.098
61.422
62.241
63.059
63.381
63.581
63.612
63.504
63.388
63.266
63.207
63.231
63.265
63.238
63.285
63.256
63.125
62.779
62.659
63.824
63.229
63.283
63.16
63.128
63.003
63.151
63.248
63.643
64.073
64.724
65.17
65.501
65.6
65.566
65.513
65.602
65.598
65.403
65.315
65.367
65.383
65.367
65.371
65.35
65.129
64.366
59.763
55.161
46.276
46.538
46.409
61.683
61.302
60.802
60.909
60.985
61.07
61.201
61.282
61.289
61.221
61.092
61.002
61.096
61.268
61.376
61.423
61.445
61.394
61.341
61.319
61.272
61.316
61.437
61.43
61.013
46.475
46.194
46.052
45.91
46.454
46.381
46.407
50.241
48.235
46.228
46.491
46.292
46.466
59.879
58.737
46.468
46.417
46.447
49.543
47.979
46.415
46.512
46.503
45.683
44.864
46.841
46.096
46.488
46.574
46.482
46.025
46.618
46.582
46.169
46.642
46.249
46.518
46.435
46.367
46.352
46.417
46.459
46.379
46.525
46.399
46.413
46.428
46.354
46.398
46.461
46.398
46.546
46.317
46.518
46.312
46.507
46.427
47.866
51.215
54.564
54.359
54.46
54.35
54.454
54.356
54.529
54.477
54.531
54.488
54.538
54.459
54.345
54.571
55.079
54.339
54.414
54.729
54.84
54.999
59.961
59.813
60.248
60.377
60.606
60.92
61.12
61.225
61.078
60.586
59.763
59.013
57.652
56.823
57.073
56.866
57.583
58.207
58.446
58.488
58.351
58.207
58.212
58.255
58.249
58.237
57.507
53.263
54.855
54.698
60.897
61.491
61.442
61.417
61.244
61.196
61.097
61.056
61.111
61.187
61.215
60.89
60.434
54.385
54.381
54.359
54.529
54.482
63.141
62.926
62.859
62.735
62.667
62.617
62.54
62.51
62.421
61.931
54.406
54.518
54.771
54.459
54.253
54.465
64.293
64.209
64.103
64.314
64.539
64.892
65.638
65.909
65.81
65.712
65.528
64.978
64.222
64.121
54.289
54.456
61.973
61.601
60.573
60.367
60.335
60.456
60.534
61.021
61.223
61.305
60.878
54.474
54.433
54.392
54.271
54.556
54.494
54.367
54.636
54.48
54.443
56.165
56.8
56.159
57.097
57.543
57.348
57.82
58.096
58.084
57.887
57.689
58.131
57.665
57.604
57.73
57.856
57.867
57.878
58.015
58.152
58.866
58.682
58.268
58.218
58.168
58.888
58.464
58.472
58.489
58.507
59.82
60.991
61.913
62.187
62.468
62.465
62.468
62.724
62.861
63.017
63.136
63.29
63.347
63.395
63.427
63.385
63.297
63.196
63.2
63.001
63.021
63.11
63.15
63.243
63.227
63.264
63.281
63.185
63.125
63.076
63.168
63.213
63.125
63.161
63.268
63.303
63.225
63.213
63.259
63.187
63.115
62.978
51.581
52.327
49.33
46.334
43.587
45.34
44.403
44.969
44.657
44.507
44.152
43.972
42.993
51.64
51.656
51.67
51.61
51.534
51.458
44.657
44.719
