44.46
44.399
44.354
44.427
44.405
44.314
56.479
56.55
44.362
44.379
44.365
44.504
44.435
44.453
44.458
44.382
44.414
44.358
44.434
44.45
44.341
44.405
44.324
44.104
44.571
44.102
44.427
44.327
44.763
44.372
44.233
44.608
44.497
44.262
44.359
44.37
44.479
44.287
44.384
44.355
44.437
44.407
44.358
44.52
44.419
44.396
44.418
44.379
44.347
44.386
44.507
44.368
67.348
67.678
68.198
68.44
68.553
68.639
68.646
68.815
69.01
69.159
69.551
69.932
70.387
70.653
70.767
70.815
70.792
70.691
70.569
70.388
70.335
70.365
70.414
70.456
70.435
70.587
70.64
70.634
70.599
70.568
70.528
70.327
69.833
68.721
61.441
64.435
67.43
67.952
68.332
68.482
68.569
68.556
68.527
68.565
68.684
68.771
68.792
68.86
68.861
68.814
68.803
68.806
68.868
68.928
69.28
69.623
70.206
70.503
70.568
70.595
70.602
70.614
70.649
70.675
70.692
70.707
70.7
54.613
54.444
54.451
53.981
71.041
72.178
72.464
72.29
72.143
72.122
72.123
72.275
72.606
73.064
73.411
73.574
73.673
73.774
73.891
73.896
73.921
73.987
73.942
73.919
73.93
73.896
73.828
73.769
73.704
73.68
73.579
73.508
69.976
74.08
63.975
53.871
54.575
54.434
54.416
54.496
54.294
54.687
54.552
54.386
54.393
54.39
54.298
54.356
54.404
54.546
54.48
54.44
54.672
69.636
69.98
70.032
69.941
70.103
70.138
70.2
70.174
54.517
54.604
54.437
54.541
54.298
54.441
54.48
53.465
61.09
68.714
67.986
68.021
67.689
67.625
67.469
67.466
67.741
68.107
68.331
68.403
68.515
68.542
68.549
68.501
68.425
68.404
68.421
68.387
68.326
68.35
68.362
68.395
68.428
68.4
68.376
68.351
68.339
68.323
68.267
68.076
68.112
68.201
68.231
68.111
68.069
53.501
53.457
53.42
53.55
53.385
53.372
53.46
53.511
63.837
63.466
63.476
56.954
55.308
55.299
55.001
54.702
53.689
52.675
54.598
53.676
52.841
54.316
53.953
52.88
53.856
53.449
50.289
47.129
45.528
46.483
46.433
65.481
64.858
64.842
64.69
46.362
46.248
46.376
46.362
46.298
46.095
46.483
45.798
46.001
46.204
46.324
46.443
46.598
46.261
46.448
46.635
46.048
46.334
46.427
46.462
46.214
46.295
46.388
46.049
47.213
45.607
45.43
45.252
46.779
45.998
46.924
68.486
68.436
68.419
68.401
68.418
68.436
68.372
46.43
46.426
46.052
45.974
47.477
64.272
64.672
64.556
64.454
64.539
64.561
64.644
64.852
64.924
64.825
64.372
66.444
55.766
53.592
51.417
51.715
50.853
51.556
62.877
62.605
62.496
62.803
63.094
63.555
63.657
63.523
63.641
63.622
63.616
63.049
51.604
51.107
51.698
51.711
58.347
64.983
64.839
65.057
64.745
64.788
64.887
64.776
64.82
64.944
64.62
58.56
58.52
58.967
58.137
58.296
58.456
67.014
66.522
66.03
66.175
66.52
66.926
67.442
68.055
68.35
68.334
68.209
67.998
63.151
58.305
58.553
58.501
58.449
65.611
65.045
65.109
64.878
64.987
64.873
64.719
46.572
45.861
46.394
46.398
46.056
48.981
46.194
43.407
43.912
44.506
63.224
62.711
62.427
62.259
62.366
62.573
62.727
62.9
63.065
63.163
63.324
63.508
63.549
63.449
43.991
44.111
44.516
44.92
61.792
60.793
60.664
60.91
61.173
61.357
61.518
61.504
61.311
61.151
60.977
61.026
61.053
61.168
61.317
61.386
61.461
61.639
61.471
44.79
44.79
44.901
44.006
46.26
58.875
58.831
58.536
58.332
58.498
58.534
58.935
58.548
58.607
44.798
45.067
50.271
55.476
56.224
56.84
57.489
57.811
57.947
58.203
58.225
58.313
58.135
58.067
57.817
57.895
57.939
58.037
58.379
58.296
58.41
58.359
58.587
58.715
58.907
59.1
59.227
59.518
59.513
59.777
59.736
60.014
60.021
60.311
60.27
60.291
60.517
60.561
60.782
60.968
61.005
61.102
61.258
61.179
61.346
61.247
61.045
61.044
61.05
61.152
61.22
61.231
61.128
61.198
61.199
61.184
61.153
61.154
61.217
61.291
61.336
61.201
61.159
61.184
61.305
61.261
61.169
61.046
61.12
61.165
61.169
61.052
61.003
54.394
54.098
55.802
43.299
43.18
43.907
44.634
43.339
43.752
43.598
43.444
44.26
44.857
44.025
45.533
43.768
43.68
51.108
47.244
49.553
49.623
49.693
50.373
48.142
45.912
45.97
46.029
43.819
43.303
47.407
51.511
