58.202
57.261
56.821
57.78
58.04
58.581
58.613
58.887
58.76
58.75
58.775
58.59
58.64
58.776
58.831
58.749
59.218
58.628
57.332
57.782
58.232
58.877
57.824
51.172
50.107
63.087
63.389
63.425
63.364
63.368
63.521
63.625
63.728
64.149
64.03
64.151
64.245
64.074
64.253
64.19
64.819
64.28
64.456
51.98
52.667
52.168
51.669
53.611
58.473
55.68
52.886
51.347
52.744
52.142
51.174
53.54
66.392
66.049
66.167
66.359
52.356
52.471
66.336
66.243
66.414
66.506
52.407
52.211
58.237
66.574
66.691
66.552
66.413
66.437
66.341
51.483
53.122
66.75
62.084
64.554
67.024
66.858
66.951
78.923
78.897
78.948
78.882
72.958
67.034
67.01
67.169
66.868
66.176
65.485
65.283
65.257
64.919
65.515
65.767
65.733
66.407
48.438
50.377
66.166
66.117
49.764
49.42
50.004
49.876
49.505
49.64
49.775
50.022
49.961
49.899
55.12
63.46
63.264
63.017
63.2
63.106
63.333
63.452
63.762
63.797
64.118
64.094
63.973
63.787
63.931
63.749
63.672
63.942
63.882
63.853
64.225
64.49
64.735
65.152
65.127
64.913
64.938
64.963
65.6
66.237
50.131
49.944
49.999
58.335
66.67
66.697
66.753
72.908
61.474
50.04
50.12
51.982
53.844
55.279
68.315
68.131
68.144
67.713
67.865
67.664
67.635
68.253
67.929
47.228
47.284
49.976
80.964
81.032
81.018
81.004
60.117
70.546
61.394
52.242
50.69
51.54
51.908
51.622
52.487
51.808
51.44
68.864
68.43
68.441
68.436
68.313
68.463
74.829
64.468
66.422
68.376
74.51
71.423
75.987
72.089
68.19
54.975
54.77
54.145
53.519
68.492
68.582
68.449
68.316
68.575
68.555
68.504
51.319
52.589
52.271
53.013
53.754
67.971
66.861
66.669
66.677
66.638
66.319
66.364
66.563
66.293
65.887
66.068
78.996
78.932
79.041
79.013
64.091
63.731
63.435
63.369
63.441
63.533
63.651
63.803
63.649
63.358
63.239
63.352
63.384
63.406
63.686
63.817
60.216
56.615
51.827
52.151
52.262
51.741
51.778
51.962
51.788
51.8
51.924
45.041
44.733
45.032
44.737
44.443
44.804
45.633
45.488
45.242
44.737
45.549
45.132
43.851
45.223
44.907
44.947
44.986
63.788
63.961
63.982
64.11
64.146
64.267
64.28
64.336
64.25
64.283
64.23
64.179
64.055
63.997
63.894
63.844
63.934
64.016
64.472
64.928
66.192
66.932
67.129
67.191
67.327
67.542
67.795
68.401
68.702
69.074
75.049
72.11
76.582
81.055
81.057
81.067
70.445
59.822
59.927
59.995
60.039
49.733
51.731
69.379
69.353
69.242
69.076
69.027
69.003
69.018
69.044
69.018
69.046
68.987
69.082
68.973
68.957
68.95
68.938
68.837
79.024
79.034
78.978
48.269
58.491
68.712
68.317
67.252
66.753
66.548
66.539
66.537
66.64
66.656
66.751
66.733
66.714
66.758
66.864
66.932
66.909
66.919
66.941
66.954
66.956
66.868
57.302
