67.992
44.463
44.326
51.223
50.797
66.376
61.088
55.799
56.77
57.716
58.522
58.943
59.334
59.705
60.05
60.487
60.825
61.112
60.967
61.183
61.503
61.511
61.748
61.962
62.531
63.34
63.575
64.114
64.065
63.858
64.487
63.72
64.292
64.596
64.657
64.457
63.748
64.214
55.1
45.986
45.961
65.453
65.143
65.164
76.98
76.872
76.984
71.762
75.127
78.491
78.711
78.928
66.952
66.885
66.939
66.959
66.946
66.919
66.881
66.901
66.81
66.526
66.241
61.936
59.384
57.63
57.668
58.01
58.301
58.725
58.845
58.956
59.581
59.327
60.052
59.628
60.193
59.514
60.106
59.567
59.974
59.308
60.041
59.361
60.062
58.729
57.669
57.979
58.058
45.479
46.936
46.935
46.935
66.444
65.511
65.912
65.423
65.214
66.392
67.196
66.769
66.415
65.553
66.391
67.047
66.498
67.089
66.795
66.819
67.17
66.97
66.934
66.999
67.054
67.023
67.016
67.059
67.104
67.125
67.038
66.904
66.948
66.988
67.072
67.057
67.086
67.033
67.054
67.006
67.02
67.03
67.016
67.061
67.158
62.547
57.935
45.974
46.222
67.31
67.297
63.129
64.329
64.773
65.059
65.393
65.953
67.891
66.212
67.401
66.52
67.883
68.067
67.692
67.695
67.345
67.063
67.313
66.591
65.953
65.921
66.101
66.282
66.277
66.273
65.649
65.569
65.909
64.973
63.095
62.373
54.733
44.186
44.752
45.694
62.809
63.228
63.6
63.973
63.896
63.818
64.072
64.048
64.006
64.29
64.337
64.384
64.393
64.402
64.506
64.557
64.608
64.597
64.544
64.49
46.04
46.015
46.038
46.024
65.003
65.044
64.997
64.983
64.969
65.092
50.138
54.08
58.022
57.488
57.449
57.464
57.176
57.182
57.532
57.639
57.631
57.751
57.922
58.063
58.312
58.574
59.657
61.049
62.359
62.843
63.7
63.478
64.002
64.526
64.634
64.742
64.83
64.856
64.961
65.08
64.946
84.041
84.027
74.455
64.882
64.89
64.887
64.952
64.996
65.003
65.01
84.052
84.043
84.047
