54.071
54.111
54.033
54.03
54.055
54.1
54.118
54.048
54.01
54.066
54.171
53.432
54.737
53.969
53.81
54.187
54.041
54.041
54.047
83.066
83.089
83.09
83.065
83.014
82.963
54.093
53.989
82.879
82.93
82.962
51.114
48.601
46.792
47.412
46.579
44.042
45.974
43.498
45.386
44.12
44.002
48.534
49.397
48.125
46.436
49.157
54.928
55.962
56.706
58.092
58.704
59.472
60.115
60.598
61.245
62.13
62.852
63.511
64.036
64.433
64.677
63.776
63.56
63.131
62.744
62.425
62.271
62.321
62.408
62.639
62.625
62.79
62.836
62.79
62.812
62.741
62.881
62.841
62.835
62.705
62.69
62.686
62.984
65.033
65.446
65.758
66.413
66.84
67.143
67.322
67.316
67.32
67.368
67.306
67.335
67.474
67.527
67.587
67.525
67.443
67.317
67.135
51.98
51.874
51.864
52.048
52.155
52.11
66.176
65.591
65.618
65.625
65.653
65.67
65.552
65.605
65.841
65.695
79.982
80.016
79.998
80.009
79.989
59.021
58.905
68.112
68.096
68.056
68.024
68.053
68.032
68.053
67.992
67.98
67.978
67.934
53.196
51.778
62.814
63.484
64.418
64.527
58.16
61.449
60.256
59.063
58.865
59.043
59.208
59.046
58.919
59.029
55.452
51.875
51.922
52.012
52.146
51.794
64.587
64.09
64.069
63.969
63.969
63.963
63.991
64.108
63.807
63.844
63.988
63.867
64.012
63.966
63.625
62.247
50.317
50.525
62.822
63.115
62.931
62.848
62.747
62.766
62.792
62.698
62.843
62.837
62.95
62.891
62.73
62.384
61.934
61.46
60.728
60.256
60.304
60.673
60.916
60.95
60.967
60.821
60.813
60.791
61.004
61.256
61.181
61.316
61.382
61.591
61.883
61.214
66.113
66.045
52.863
53.022
53.181
53.379
58.412
63.444
62.88
63.131
62.992
62.927
62.935
62.909
62.787
62.579
62.095
61.405
59.865
59.595
58.458
54.643
53.892
53.493
54.85
59.636
59.705
59.211
59.162
58.997
59.219
58.841
59.05
59.02
58.702
58.743
58.983
58.77
58.815
59.145
58.887
59.147
59.007
57.93
48.9
49.557
55.821
56.07
56.04
56.029
49.301
48.924
56.4
56.145
53.375
53.39
52.516
53.75
53.702
54.468
53.664
54.697
54.115
54.69
54.716
54.373
54.437
54.316
54.709
54.781
54.974
54.897
76.013
76.005
65.827
55.649
52.538
53.759
54.981
57.419
59.856
60.049
60.101
60.111
60.209
60.26
60.195
60.34
60.614
60.773
60.782
60.755
60.734
60.77
60.837
60.717
60.699
60.735
60.792
60.97
60.888
59.272
58.816
56.545
57.638
53.489
49.341
48.663
49.442
48.641
49.113
48.849
49.529
48.521
49.496
48.495
49.769
48.536
49.236
49.032
49.052
49.071
49.462
49.078
49.458
48.993
