70.98
70.992
71.004
71.028
70.828
71.144
71.074
70.899
70.957
70.932
71.007
71.166
70.966
70.947
71.094
71.02
70.933
70.888
71.149
52.42
53.126
54.432
54.874
55.276
55.544
56.086
55.76
56.229
56.346
56.956
56.922
56.809
56.943
56.725
57.652
57.615
57.578
56.591
57.574
58.081
58.588
60.501
60.533
60.74
59.665
60.044
60.917
60.469
60.701
60.909
60.81
60.7
60.59
61.309
60.996
56.847
52.136
52.393
61.942
63.606
64.079
63.98
63.99
63.583
63.61
63.572
63.783
63.754
63.452
63.524
63.796
63.268
64.478
73.19
73.155
73.168
71.088
69.007
64.944
63.927
76.03
76.061
76.199
76.305
76.41
76.903
77.395
49.831
50.079
57.948
65.817
66.222
66.244
66.046
65.88
66.026
66.173
66.739
67.305
68.506
68.972
69.25
69.159
69.06
69.048
68.957
68.851
68.862
68.943
68.626
68.657
68.688
68.554
57.069
57.07
68.795
69.19
69.208
68.706
72.139
75.572
75.446
75.328
75.366
75.675
75.922
76.367
77.065
77.572
77.864
77.769
77.543
65.375
65.6
65.329
65.057
65.466
65.874
65.917
65.892
66.007
66.051
65.314
65.89
65.819
65.747
66.146
66
66.039
66.014
65.99
66.012
66.033
66.017
66.001
65.917
65.736
65.555
57.689
49.213
49.234
48.895
49.053
49.024
48.811
49.17
48.901
48.703
49.165
48.601
49.184
48.817
49.118
71.054
71.111
54.336
56.1
56.786
57.721
58.05
58.595
59.255
59.007
59.83
59.378
60.045
60.139
59.807
60.782
60.485
60.72
60.646
60.137
60.026
59.808
59.324
59.505
59.411
59.09
58.978
58.606
58.463
58.666
59.016
58.775
58.554
59.387
58.932
59.094
58.948
58.323
57.686
55.976
59.331
58.095
55.065
54.8
56.286
56.182
56.486
56.671
56.867
56.846
57.213
57.111
56.855
56.821
56.809
56.582
68.451
69.021
68.813
55.893
56.88
56.91
57.218
56.661
56.622
56.584
61.579
62.25
69.048
68.958
69.03
69.009
69.061
69.032
69.004
68.979
68.955
68.998
68.996
69.051
68.968
69.038
69.032
69.027
63.666
62.453
62.185
61.916
61.786
61.656
61.568
61.479
61.55
61.397
61.365
61.309
61.461
61.486
61.511
61.562
60.751
59.682
58.559
53.987
57.206
60.425
58.501
56.576
57.282
57.46
57.206
57.457
57.221
57.529
69.077
69.154
57.599
57.085
57.415
57.274
57.524
56.568
57.218
56.735
57.173
57.007
56.891
56.981
57.212
57.644
57.303
57.625
58.191
58.107
58.024
58.22
59.048
58.451
59.763
59.613
59.51
59.682
59.601
58.881
59.485
59.046
59.321
61.609
62.208
62.178
62.332
62.486
58.109
56.942
55.776
54.49
53.204
53.001
52.797
53.551
54.863
53.336
55.069
53.86
54.277
53.787
55.862
57.439
56.927
56.779
57.067
57.373
56.843
56.961
57.122
57.049
57.43
57.812
57.347
57.475
57.835
58.296
57.534
58.714
58.707
59.618
59.481
60.178
59.907
60.321
60.448
60.091
60.86
59.987
60.826
60.3
61.461
61.193
66.126
60.797
55.467
55.879
56.259
56.454
55.973
55.846
64.718
63.938
63.89
64.049
64.028
63.931
64.034
64.125
63.958
63.967
64.139
63.963
63.204
43.65
44.061
43.91
43.863
43.815
53.989
64.162
64.859
64.579
64.3
63.955
63.838
63.722
60.989
61.028
60.923
61.231
61.539
60.993
61.053
61.054
61.13
61.002
63.073
65.144
65.645
56.783
56.99
64.372
76.323
75.993
76.02
75.686
75.515
75.012
73.534
60.568
59.826
59.566
60.175
60.729
61.132
61.054
60.892
60.863
61.161
60.297
60.228
61.348
61.633
61.601
61.345
73.165
73.041
72.999
72.958
61.032
61.042
61.281
61.069
61.188
61.061
60.813
57.996
57.485
56.843
56.859
72.955
73.055
64.684
64.523
76.136
76.071
76.047
76.037
76.037
76.032
76.016
75.992
75.903
76.005
63.96
64.08
64.086
69.222
69.28
71.018
71.057
71.036
71.026
70.99
71.015
71.006
70.998
70.994
70.974
71.027
71.011
70.995
70.988
71.027
71.022
70.976
53.071
