68.022
61.373
70.603
65.657
60.71
61.384
62.563
63.181
63.798
64.092
64.145
64.204
52.224
52.646
52.171
51.972
51.477
51.578
80.042
79.994
67.029
64.663
62.297
62.369
62.368
62.291
62.524
62.563
62.629
62.516
62.516
62.613
62.661
62.536
62.235
61.088
70.515
59.683
59.81
59.937
60.267
60.597
61.108
61.584
61.69
61.711
61.653
61.664
61.522
61.586
61.542
61.642
61.587
61.46
60.767
59.816
58.5
57.835
58.154
58.903
59.421
60.06
60.084
60.038
59.891
59.733
59.611
59.758
59.739
60.058
60.195
60.159
60.285
60.144
59.721
53.341
56.372
59.402
57.9
60.117
61.762
62.918
62.929
63.073
63.151
62.983
62.816
62.595
62.448
62.175
61.953
61.495
60.985
60.004
58.994
58.463
58.194
57.961
57.925
58.431
58.983
59.167
59.062
59.276
59.225
59.378
59.17
59.27
59.2
59.247
59.413
59.262
59.505
59.175
59.399
58.996
59.242
59.188
59.246
59.477
58.966
58.335
55.402
56.148
56.07
56.09
56.146
56.606
55.102
53.732
53.805
53.221
54.166
54.362
54.282
54.936
53.947
54.788
54.612
54.409
54.841
54.804
55.204
55.146
55.04
55.27
54.993
48.455
50.104
50.66
51.215
50.644
50.073
58.882
59.761
60.16
59.908
59.687
59.568
59.587
60.084
60.365
60.746
61.268
61.489
61.299
61.063
60.805
60.648
60.613
60.603
60.648
60.737
60.924
61.345
59.419
58.735
58.943
59.15
59.357
50.099
50.127
50.154
48.001
49.916
48.164
49.945
50.114
50.283
50.537
50.79
51.051
50.841
50.982
51.683
54.798
55.81
55.574
55.868
56.193
56.328
56.282
56.237
57.144
58.052
59.042
59.613
60.069
60.399
60.7
60.826
60.912
60.96
60.884
61.232
60.496
47.116
47.087
46.381
47.372
47.161
46.851
47.414
47.393
45.871
65.465
65.332
65.416
65.384
65.524
65.501
65.277
53.07
53.677
53.653
54.496
53.62
62.656
62.72
62.718
62.715
62.767
62.818
63.157
64.129
65.102
65.515
65.973
66.347
66.609
48.901
46.045
45.11
67.524
67.589
67.597
45.24
44.944
67.519
67.312
67.227
67.124
67.09
67.069
66.871
66.591
66.388
66.26
66.097
66.065
65.941
65.989
65.962
66.003
66.015
66.006
65.997
45.25
45.681
45.639
45.596
45.481
45.366
66.286
66.166
66.09
66.088
66.043
55.772
57.204
56.782
57.169
57.01
57.134
57.116
57.134
57.046
57.036
56.945
57.052
57.049
57.056
63.656
63.647
63.846
64.045
64.195
64.163
43.16
44.437
44.226
51.624
51.296
51.549
51.387
64.519
63.595
62.087
60.578
51.774
51.314
57.773
64.233
64.04
64.028
58.729
61.963
55.711
60.685
65.658
65.793
65.774
65.62
65.507
65.63
65.22
49.598
49.78
49.948
49.826
49.713
55.706
57.797
57.458
58.175
58.44
58.139
58.349
58.808
58.773
59.047
59.232
59.239
59.228
59.247
59.387
58.789
58.291
57.898
57.59
58.271
59.465
60.04
60.274
59.915
60.29
60.21
60.166
60.436
60.279
60.465
60.325
60.184
60.488
60.241
60.395
60.425
59.764
60.202
60.64
61.832
62.612
63.106
62.862
62.708
62.551
62.649
62.584
62.755
62.573
62.704
62.568
62.734
62.638
62.807
62.492
62.427
62.296
62.339
62.247
62.734
62.878
63.022
63.009
63.041
63.16
63.154
63.332
50.816
49.51
49.742
49.975
49.721
49.479
49.237
50.424
51.611
51.785
51.959
52.493
53.026
52.846
52.665
52.923
53.181
65.172
64.887
64.951
65.015
53.753
53.232
54.45
53.519
54.008
53.929
53.461
53.422
53.383
54.357
54.477
53.672
54.324
53.636
54.094
54.387
53.575
54.934
53.687
53.97
53.593
53.217
65.015
65.124
65.129
65.134
65.236
65.338
55.338
49.352
49.805
48.788
48.344
49.35
48.623
48.418
82.956
83.003
82.98
51.579
50.238
51.869
50.862
50.352
52.047
55.632
59.218
58.728
59.164
59.032
58.949
58.934
46.63
46.952
47.199
46.912
47.136
46.948
46.918
47.07
47.02
46.966
46.879
47.184
47.113
