67.942
68.102
43.849
43.487
43.65
43.095
43.502
43.435
43.207
43.323
43.658
43.968
44.278
43.645
43.858
43.895
44.31
45.953
47.596
62.999
63.432
44.732
44.447
44.869
44.246
44.369
44.131
44.111
43.555
44.204
43.822
43.308
43.271
44.106
44.94
65.909
65.267
77.382
77.281
77.509
77.295
77.661
52.096
51.605
51.944
52.284
57.9
52.306
65.54
78.774
78.904
78.942
79.015
79.02
79.169
79.395
79.388
79.328
79.394
79.388
79.389
66.974
67.011
78.686
78.067
49.379
57.518
65.658
65.814
66.097
77.951
77.962
77.983
77.931
77.873
77.796
77.692
77.758
77.878
77.974
78.086
78.078
78.149
67.327
68.099
67.922
67.744
66.982
67.326
67.022
67.222
67.285
67.214
67.044
77.904
78.052
44.454
43.965
43.373
44.542
45.522
46.501
79.67
79.772
78.162
76.553
76.446
76.399
76.422
76.641
76.947
77.212
77.496
77.713
77.699
77.812
77.707
77.487
77.472
77.479
77.486
77.552
77.563
77.573
77.608
77.641
77.583
77.535
77.619
77.602
77.524
77.427
77.523
77.446
77.402
77.538
77.317
77.338
77.187
77.317
77.573
77.27
77.65
77.618
77.489
77.431
77.827
78.101
78.019
78.071
78.048
78.061
78.005
60.978
69.044
64.438
59.833
60.392
60.792
61.063
61.133
61.082
60.974
60.918
60.746
60.91
61.111
61.26
61.285
61.2
60.946
61.132
60.965
60.907
60.736
60.565
60.819
60.722
60.95
60.915
72.958
72.918
60.807
60.925
60.98
60.937
61.131
60.896
60.937
61.007
60.959
60.874
60.789
60.912
60.796
60.78
60.721
60.645
72.809
72.795
60.836
60.871
60.881
60.93
60.86
60.835
60.903
60.907
60.861
60.86
60.858
60.877
60.829
60.884
61.233
61.083
61.087
61.14
61.021
61.02
60.892
60.791
60.697
60.719
60.759
60.821
60.733
60.961
60.778
60.979
60.987
60.904
60.939
60.937
60.872
60.929
60.966
61.124
61.102
60.934
61.557
61.723
61.434
60.072
48.051
46.116
50.153
54.189
54.132
54.076
54.021
53.925
54.119
54.345
54.571
53.924
54.33
54.36
