46.929
47.058
46.97
46.566
46.677
48.666
46.732
44.798
45.713
46.629
71.009
71.014
71.011
71.008
71.025
71.036
71.053
71.038
71.036
71.067
43.684
43.597
44.345
45.093
44.111
45.112
43.121
44.244
44.773
43.965
43.708
48.201
52.693
52.274
53.523
51.329
51.104
50.879
49.466
51.629
51.698
50.767
52.022
53.277
54.303
55.328
55.438
55.986
53.163
52.649
51.773
52.309
52.281
51.855
51.8
52.52
52.308
53.328
53.492
53.208
53.825
54.857
55.546
53.993
51.449
52.125
51.972
51.21
54.477
57.744
57.33
55.939
61.227
61.674
52.448
51.86
51.981
52.067
52.099
52.095
52.125
52.062
52.106
52.226
51.862
52.105
51.859
51.963
52.066
51.823
51.53
51.529
51.752
51.745
51.871
51.928
51.947
51.994
51.893
51.795
51.858
52.146
66.31
66.524
52.533
52.121
51.899
51.791
51.988
52.062
52.126
52.066
64.859
65.364
65.265
65.608
65.242
52.527
52.381
52.049
51.935
51.822
51.993
52.105
52.184
62.398
62.157
62.534
62.621
55.212
55.72
54.769
55.729
56.004
55.533
55.443
55.781
56.075
55.947
61.509
61.018
61.266
61.538
61.76
61.701
61.779
61.711
61.661
61.325
61.094
60.865
60.157
59.52
59.102
59.34
59.684
59.955
60.003
60.129
60.33
60.284
60.248
60.275
60.303
60.178
49.283
49.26
61.259
61.522
61.923
62.053
62.197
62.347
61.894
61.534
60.934
60.143
49.113
48.962
47.517
46.071
60.015
60.022
59.767
59.844
59.45
59.843
59.986
59.995
59.412
56.447
55.726
55.655
54.351
55.93
56.584
55.658
54.544
54.347
55.33
55.624
55.825
55.881
55.701
55.713
55.708
55.779
55.713
55.757
55.739
55.852
55.941
55.89
55.808
55.801
55.848
55.768
55.708
55.435
54.871
54.461
54.444
54.385
54.52
54.516
54.556
53.88
54.522
52.56
52.935
53.404
52.365
52.022
53.232
52.21
52.406
51.992
51.798
53.174
52.94
52.138
53.949
54.301
56.518
55.299
55.78
55.704
55.608
55.78
55.791
55.87
56.001
55.828
