57.067
57.049
63.337
63.861
64.458
64.736
59.23
62.244
52.786
43.329
43.723
65.915
65.801
65.871
65.786
65.604
44.317
44.521
44.614
44.706
54.339
53.474
53.055
52.787
52.661
62.344
62.983
63.212
63.528
63.697
63.695
63.623
63.608
63.474
63.193
62.912
59.658
56.405
53.45
51.821
50.191
55.748
57.144
56.121
55.869
56.646
57.074
57.389
57.329
58.064
52.072
52.112
58.149
58.32
58.184
58.453
58.722
58.512
58.621
58.67
58.235
58.739
58.594
58.241
52.011
52.053
51.936
51.557
51.378
51.822
52.446
59.817
60.279
60.679
60.578
60.632
60.667
60.718
60.748
60.784
60.851
59.782
42.395
43.379
48.565
53.751
62.698
63.962
64.187
64.09
63.88
52.251
52.67
52.328
51.843
51.301
51.361
51.709
51.8
51.693
51.713
52.117
52.46
52.414
52.049
57.372
57.438
56.206
56.207
56.208
56.983
51.6
51.703
51.685
51.975
52.227
50.242
57.25
64.257
64.391
64.651
65.388
66.114
64.274
63.992
64.063
63.996
64.071
64.951
65.83
65.295
77.124
77.024
52.111
52.32
64.844
65.153
64.847
64.541
63.807
62.74
62.242
62.801
62.8
63.057
63.206
63.245
63.326
63.091
62.37
62.546
62.223
61.491
60.102
51.668
51.47
52.484
55.671
58.661
59.255
59.365
59.47
59.588
59.378
59.193
59.642
59.329
59.161
59.659
59.246
59.355
59.866
59.867
59.689
59.507
56.222
52.936
52.284
52.374
52.995
48.965
50.89
52.814
44.786
44.854
56.572
62.78
63.196
63.636
59.322
55.008
52.287
43.637
42.565
42.574
42.415
42.365
43.035
42.479
64.816
64.925
65.645
65.984
53.864
52.607
52.817
52.876
52.228
56.785
56.432
45.012
44.987
44.687
45.838
46.989
65.758
65.893
56.725
45.127
45.029
44.944
44.954
44.965
44.886
45.032
45.001
44.97
44.924
45.009
44.978
45.038
44.872
45.532
57.005
50.834
44.662
44.967
45.291
45.281
44.625
45.046
66.39
66.589
45.063
44.917
44.997
45.261
44.883
44.505
52.976
51.95
58.106
64.262
64.047
64.056
64.477
64.451
64.471
64.571
64.601
64.569
64.548
59.481
62.002
64.523
64.573
64.377
54.795
50.495
49.472
49.385
50.513
51.845
52.224
53.777
45.701
45.49
62.387
62.655
62.577
62.337
62.399
62.694
62.861
62.806
46.848
47.202
46.671
46.53
47.698
53.921
54.182
54.086
53.991
54.103
53.998
53.984
54.131
53.968
65.496
65.483
65.497
65.51
65.401
65.552
65.501
65.476
65.485
65.475
65.413
65.468
65.482
65.413
65.415
65.447
65.444
65.466
53.28
51.071
52.944
53.525
47.563
47.341
53.669
59.08
59.043
59.097
59.041
59.023
59.077
59.042
59.07
59.035
59.093
46.994
46.866
47.006
47.065
47.008
