49.141
49.009
49.058
49.016
48.965
49.14
48.879
49.093
49.214
48.933
49.205
49.16
62.662
63.247
63.706
64.051
64.396
64.692
64.433
64.303
64.592
64.882
65.463
65.327
65.374
65.345
65.429
65.324
65.395
65.345
65.294
65.086
52.198
51.582
52.153
50.175
55.822
66.143
66.058
66.049
66.085
66.103
66.119
65.991
65.666
54.94
55.437
55.212
54.812
54.068
55.549
65.471
65.828
77.817
77.845
77.929
77.978
78.028
65.307
67.022
66.975
67.45
66.69
67.527
66.675
66.619
66.564
61.178
61.069
66.496
66.966
66.572
66.541
65.787
53.977
54.15
53.918
53.774
65.658
77.346
77.465
77.557
77.827
78.101
78.346
66.782
66.926
67.046
66.867
78.696
78.153
54.099
54.004
60.69
60.237
60.112
60.542
60.862
60.995
61.068
61.265
61.622
61.927
61.706
61.343
60.701
53.879
53.775
62.731
62.393
62.346
62.368
62.986
62.916
54.456
55.275
55.353
55.871
55.439
55.577
56.162
55.761
55.858
55.955
56.389
56.305
56.536
56.766
57.006
57.247
56.756
57.451
57.198
57.319
60.294
63.27
62.858
62.707
61.937
47.115
46.934
47.191
46.57
47.391
62.629
63.271
64.063
64.085
64.107
64.981
63.836
76.533
76.692
76.96
77.366
77.564
65.542
65.624
65.207
65.365
65.524
52.216
52.345
63.255
62.453
61.186
61.947
62.167
62.221
62.416
62.58
62.586
62.244
62.619
62.512
62.855
62.529
62.154
61.171
60.137
59.7
59.967
60.582
60.809
61.216
61.211
61.358
61.557
61.246
61.673
61.56
61.647
61.296
61.147
61.38
61.198
61.211
61.619
61.614
60.831
61.467
61.415
61.047
61.483
60.819
61.266
61.005
60.896
63.927
63.594
63.004
62.979
63.449
64.314
64.521
64.375
64.351
64.328
64.243
63.213
62.182
64.192
64.497
