49.644
48.474
48.3
48.47
48.961
49.188
48.341
51.334
52.13
52.487
52.004
52.864
52.271
52.427
53.194
49.972
47.901
49.241
48.597
54.647
53.944
54.614
54.845
55.526
55.103
55.087
55.192
55.036
54.978
54.803
55.076
55.4
55.098
54.861
54.856
55.657
55.012
54.676
55.588
55.357
57.138
56.491
57.763
57.709
57.454
57.784
58.14
58.082
57.332
57.649
57.055
58.15
57.957
57.052
57.853
57.051
57.66
57.278
57.414
57.84
46.967
47.728
58.177
56.516
54.855
54.341
54.088
53.835
54.23
54.626
58.759
58.739
58.642
58.545
58.676
58.808
59.132
58.837
59.125
58.831
69.065
68.96
68.945
69.034
68.988
68.955
56.978
56.293
56.544
56.703
56.862
57.214
56.871
57.464
57.377
57.527
55.653
56.357
57.06
56.851
57.409
57.349
57.218
57.293
57.306
61.865
61.965
62.146
57.104
56.941
57.468
57.457
57.434
55.102
53.365
54.723
54.937
54.463
56.973
55.86
58.924
61.988
59.883
57.778
57.756
58.246
58.052
57.749
57.891
58.033
58.906
58.488
60.085
59.963
59.341
59.399
59.29
59.48
58.883
59.3
59.412
59.038
59.979
59.706
59.191
59.557
59.673
59.276
59.193
59.275
58.977
59.215
59.225
59.344
59.411
58.82
57.766
63.911
64.276
64.298
64.02
63.789
64.027
64.265
71.126
71.048
71.092
71.015
59.377
60.069
72.525
71.428
73.189
61.239
61.054
60.103
64.093
63.873
71.689
71.485
71.441
63.699
63.443
59.504
59.309
59.122
59.434
58.13
57.989
56.408
56.038
56.155
56.376
56.867
57.322
56.81
71.219
71.103
71.06
62.024
62.232
69.017
69.047
57.64
57.302
57.357
57.235
57.45
57.249
57.104
57.133
57.114
57.162
57.223
57.294
57.25
57.174
57.108
57.083
57.218
57.072
56.804
56.796
57.175
56.694
56.622
57.1
56.866
56.799
57.177
57.006
56.851
57.057
57.246
57.043
56.862
57.175
57.156
56.999
57.014
57.23
57.324
57.088
57.012
57.126
57.172
57.17
57.169
57.009
57.001
57.082
57.228
57.038
57.289
57.26
57.046
57.048
56.961
57.23
57.2
57.146
57.278
56.948
56.972
57.224
57.381
57.521
58.017
58.777
57.989
57.817
62.162
61.999
62.064
62.167
62.141
61.96
