49.945
49.15
49.306
49.461
49.252
48.971
48.691
58.816
59.52
58.611
59.584
59.323
58.712
59.967
58.525
51.396
44.267
44.494
46.455
48.416
48.933
49.449
51.97
52.368
52.095
52.418
52.298
52.178
52.274
70.967
71.024
71.011
70.986
71.048
70.991
71.046
70.991
71.019
57.913
57.488
58.547
59.66
60.7
61.251
62.113
63.345
59.103
59.004
58.98
59.064
66.625
66.267
66.287
65.725
58.848
59.069
67.714
66.847
66.766
66.906
66.768
66.725
66.732
66.738
67.161
67.583
67.735
67.886
63.452
67.233
63.181
67.098
63.025
65.125
67.225
66.773
67.113
66.924
67.193
66.32
66.337
66.085
65.436
64.344
63.986
63.163
63.154
63.352
63.604
63.74
63.747
63.954
64.034
52.376
53.412
53.763
54.23
55.047
53.352
54.285
52.755
54.421
54.526
53.216
53.403
53.59
56.393
56.61
56.827
54.637
54.125
54.912
55.736
57.064
56.537
57.195
57.456
57.77
57.938
57.798
57.982
58.265
58.148
57.783
57.688
57.871
57.632
57.678
57.969
57.756
57.729
58.133
58.185
57.864
57.736
57.684
57.971
58.258
63.368
62.365
75.047
75.037
75.095
75.075
75.075
75.069
75.063
60.4
59.383
58.366
59.839
58.643
59.524
58.932
59.125
59.318
58.742
59.422
59.07
58.833
59.451
58.689
59.16
58.955
52.517
53.121
53.998
54.569
57.81
58.142
58.326
58.104
58.227
57.953
53.843
54.238
57.939
57.976
55.165
54.957
56.792
54.635
54.263
54.306
53.235
53.367
54.095
54.501
46.152
46.287
46.308
46.33
54.055
54.324
54.633
54.155
54.694
58.054
58.769
55.949
53.128
52.786
53.338
55.402
55.807
57.453
58.184
58.765
59.616
59.549
60.395
60.427
60.371
60.596
60.807
60.639
60.607
60.819
60.989
61.184
61.344
61.296
60.473
60.544
58.86
62.775
63.051
63.13
62.747
61.539
58.316
58.022
57.491
53.059
54.243
55.737
49.532
43.327
42.943
43.902
54.321
53.315
60.194
60.605
60.363
54.436
53.907
54.342
54.449
53.532
54.476
53.581
53.782
54.514
58.675
58.802
59.125
58.957
59.196
59.046
58.288
58.654
59.021
58.444
58.852
59.212
58.547
58.038
57.821
59.221
53.051
52.396
53.459
53.468
