63.238
64.47
64.353
64.406
51.738
53.08
52.895
52.207
52.216
59.256
58.797
51.778
52.322
66.123
77.75
77.639
77.824
65.828
66.003
66.477
66.95
66.769
66.539
67.147
66.342
66.291
66.137
65.932
65.722
65.726
65.631
65.484
65.513
65.51
65.622
54.142
52.799
51.887
56.781
55.585
55.854
66.027
65.643
65.607
65.527
65.447
65.697
65.389
55.51
54.444
53.377
52.255
52.362
53.594
51.332
55.716
60.101
60.923
61.598
62.126
62.576
62.965
63.312
63.344
63.299
63.314
63.454
63.367
63.191
63.14
63.549
63.249
63.392
63.694
64.068
54.553
54.204
53.884
53.984
54.251
53.949
53.946
54.189
53.948
54.109
53.971
53.965
53.96
53.981
52.95
51.288
53.472
53.765
54.256
54.154
53.688
54.301
53.945
54.063
54.028
53.977
54.135
53.846
52.832
52.868
52.839
52.81
53.239
53.261
43.205
42.518
48.326
54.135
53.226
66.451
66.017
65.965
65.972
65.979
66.001
65.913
66.009
59.629
53.248
47.002
47.328
47.208
46.783
46.842
46.945
47.314
47.039
46.783
46.854
46.895
47.058
47.016
46.907
46.808
54.031
54.988
56.432
57.34
58.455
59.63
60.553
61.818
52.995
53.604
53.931
53.932
53.933
54.094
59.055
59.056
59.011
59.056
59.101
59.076
59.05
54.127
59.372
64.616
64.679
64.54
64.189
63.589
62.996
62.768
62.913
63.215
63.399
63.412
63.316
63.154
62.556
61.767
55.697
56.16
54.372
54.386
54.401
59.172
59.488
59.599
59.92
60.216
60.199
60.124
59.742
52.762
52.321
52.201
51.852
51.864
51.876
60.231
60.318
60.496
60.655
60.573
60.448
60.28
54.022
52.629
52.223
52.015
51.106
51.32
51.868
65.622
77.965
78.078
78.219
66.831
67.134
53.984
52.02
67.416
66.932
52.216
52.297
53.831
55.365
60.403
65.44
66.092
66.035
66.01
65.873
66.01
65.897
65.98
65.9
65.848
65.822
56.713
57.189
57.163
57.137
56.935
56.96
56.985
57.12
57.101
56.884
57.11
56.97
57.123
57.095
