83.012
83.023
83.013
82.982
83.011
82.988
82.964
82.968
82.973
82.965
82.977
82.993
83.025
83.047
83.044
83.05
83.03
82.984
82.939
82.927
82.931
82.935
83.024
83.04
68.106
68.085
68.037
68.023
68.094
67.991
68.102
68.061
63.692
43.875
43.994
54.583
54.275
55.337
56.483
57.29
57.835
58.314
59.339
59.13
60.008
59.933
60.373
60.895
61.321
61.493
61.367
60.912
59.792
60.156
44.737
45.31
60.594
59.973
59.726
59.852
76.008
75.999
75.977
75.973
75.961
75.954
59.422
59.298
59.493
59.572
59.455
59.566
59.427
59.348
59.254
59.389
59.387
59.656
59.302
59.72
59.831
59.479
59.322
59.705
59.53
59.311
59.745
59.056
59.062
59.37
58.768
58.219
57.501
56.217
56.783
57.081
57.737
57.607
57.839
57.836
57.781
57.819
57.718
57.54
57.553
57.152
57.092
56.871
81.041
80.981
81.004
80.976
81.014
81.011
58.371
58.357
57.864
57.922
58.339
58.906
59.002
59.518
59.54
59.679
59.393
59.689
59.341
59.58
59.549
59.912
59.648
83.001
83.044
83.025
67.63
52.234
52.009
64.71
64.612
64.52
64.279
64.241
76.029
75.966
63.901
63.991
64.038
64.117
64.047
63.977
64.132
64.128
64.056
76.074
76.001
63.989
64.015
63.98
64.137
76.064
76.04
75.949
44.941
44.973
44.982
44.867
64.32
64.203
64.161
64.138
54.84
53.335
51.829
52.067
76.07
76.032
76.015
75.964
75.963
76.005
66.108
56.212
51.284
51.119
50.723
51.529
76.019
76.008
75.98
75.928
61.613
61.75
62.365
82.971
83.031
82.961
83.017
83.015
83.035
77.85
77.907
77.963
77.938
77.93
77.938
77.907
65.824
65.807
77.912
77.905
51.174
50.681
51.047
50.79
51.084
77.881
77.883
77.84
65.626
71.718
77.811
77.831
77.828
65.776
65.802
77.861
77.865
66.549
55.233
56.048
56.1
56.139
56.077
56.28
56.161
56.171
56.069
55.992
55.925
56.109
55.911
63.003
63.046
63.029
63.041
62.947
63.254
63.756
64.23
63.98
64.563
64.434
65.396
80.029
79.988
51.218
49.427
48.346
49.13
49.624
49.707
49.79
49.391
47.711
64.462
63.47
62.993
63.413
63.491
63.561
63.607
63.751
69.842
66.821
63.8
63.845
63.846
63.761
69.862
75.964
75.979
76.002
75.997
75.999
76.011
79.864
79.903
80.037
80.067
80.083
79.987
80.027
80.041
79.983
79.997
79.93
