44.384
44.431
44.181
43.806
44.284
43.753
43.821
43.422
43.802
43.605
43.407
43.749
43.702
43.43
44.034
43.334
44.486
44.096
51.808
55.447
56.159
56.856
57.602
57.89
58.459
58.864
59.223
59.255
59.601
59.578
59.594
59.506
59.055
59.509
59.448
59.129
58.964
58.658
59.062
59.153
59.182
59.249
58.741
58.969
59.477
59.595
59.355
59.542
60.302
59.411
59.392
59.634
59.972
60.424
60.931
61.153
61.46
61.621
61.592
61.327
61.521
60.864
61.256
61.397
61.537
61.119
60.81
59.898
57.975
56.366
56.136
57.127
58.521
59.419
60.631
61.27
61.556
62.1
62.336
62.671
62.245
63.15
62.973
62.158
61.739
62.225
63.094
60.47
57.846
58.386
61.479
64.572
64.54
64.64
64.261
64.27
63.938
63.942
49.952
43.629
45.409
47.989
46.972
46.977
46.685
47.356
46.781
66.471
65.412
64.934
65.086
76.998
77.224
77.401
77.748
78.039
49.41
48.292
77.829
77.811
77.887
77.87
77.746
77.921
77.724
77.886
77.68
77.719
77.602
77.664
77.745
65.726
58.323
59.083
49.161
48.4
48.873
48.816
48.471
49.821
48.635
49.108
48.743
59.066
59.131
59.154
59.264
59.446
59.761
60.014
60.12
60.411
60.326
59.998
60.372
60.29
60.082
60.65
60.604
60.719
60.386
60.536
60.421
60.307
60.204
60.045
60.514
60.515
60.458
60.252
60.286
60.241
60.249
60.223
60.117
59.958
59.821
59.992
60.447
60.765
61.183
61.66
61.629
61.946
62.42
62.895
63.611
59.57
46.628
48.289
50.289
52.289
63.361
61.388
63.021
62.716
62.567
74.556
74.563
74.536
74.476
74.453
74.35
74.243
74.229
62.646
62.149
61.653
54.276
66.055
77.834
77.764
77.913
69.328
60.743
60.811
61
61.022
60.801
60.794
60.897
60.812
60.767
60.727
60.752
60.427
59.853
60.633
52.012
57.309
62.607
61.201
61.512
61.7
61.745
61.624
61.366
61.407
61.379
61.467
61.689
62.18
62.814
63.448
63.412
63.282
63.033
62.784
62.798
62.687
62.246
62.876
62.354
62.637
62.626
62.614
62.98
62.754
62.82
58.187
53.555
50.518
47.481
47.78
46.444
47.51
46.538
47.405
47.138
