51.063
61.371
61.387
60.777
61.236
61.088
61
60.912
61.243
68.972
69.044
69.025
69.006
69.002
60.918
60.964
69.061
69.076
68.99
68.922
68.963
60.978
60.889
61.026
61.162
63.78
64.081
66.325
61.594
56.864
57.217
58.003
57.597
57.313
57.414
57.157
57.688
58.938
57.609
57.608
57.473
57.148
57.163
57.141
57.595
58.05
59.904
59.842
60.719
60.852
60.985
61.496
62.007
61.944
61.882
61.885
61.887
57.488
57.262
57.036
59.057
61.077
61.09
61.16
61.229
62.925
64.621
64.233
64.197
76.359
76.239
76.315
64.311
64.244
64.051
64.054
64.426
64.3
64.044
64.482
64.174
63.612
62.959
51.597
52.413
52.626
52.839
76.646
76.94
64.736
64.837
61.101
61.082
60.504
61.174
62.859
64.544
69.157
69.028
68.899
68.931
68.903
69.033
60.915
61.445
61.057
60.668
61.186
59.145
57.104
57.105
64.87
64.012
75.911
75.893
75.975
75.981
75.882
75.521
74.69
60.9
59.792
59.565
59.37
60.154
60.397
60.399
60.174
60.102
60.181
60.052
59.696
59.64
59.797
60.719
60.701
60.764
61.046
60.979
60.991
60.905
60.827
60.871
60.775
60.903
60.884
61.025
61.037
60.257
60.458
60.658
61.029
61.086
60.955
61.092
64.047
64.06
64.111
61.15
60.966
60.923
63.987
63.837
63.468
63.376
73.117
73.099
73.128
73.078
73.201
71.02
70.984
71.035
62.243
61.665
62.157
62.649
70.957
71.006
71.039
71.073
61.601
62.214
70.972
70.909
61.806
61.714
54.309
53.56
54.869
55.513
55.997
56.371
56.796
57.455
57.728
57.669
57.726
57.129
57.245
58.086
57.925
57.648
58.369
57.327
57.342
56.846
55.967
56.077
56.71
57.662
57.854
58.807
59.457
58.894
60.536
60.174
60.435
60.697
61.172
61.333
61.342
61.083
61.08
61.237
60.952
61.098
62.899
63.396
63.812
64.037
63.892
63.534
63.692
75.792
75.681
75.778
63.73
63.743
63.464
63.482
63.807
63.901
64.029
64.157
63.866
63.576
63.793
64.351
62.877
64.655
64.886
64.474
64.1
66.533
65.967
65.4
66.257
66.279
66.292
66.255
66.231
66.264
66.234
66.072
66.26
66.248
66.211
66.216
63.556
64.084
64.038
64.593
64.689
63.846
63.852
53.578
53.857
53.927
53.537
53.746
53.956
48.94
49.007
48.901
48.88
48.858
48.717
55.855
57.679
58.16
58.263
58.801
58.771
58.885
59.011
59.482
60.166
60.389
60.407
60.472
60.418
60.292
60.038
59.641
59.688
58.977
58.817
59.178
59.247
58.768
59.836
58.139
59.328
58.752
58.483
58.88
59.547
58.22
60.279
59.114
59.785
59.898
59.566
58.951
57.581
60.223
70.986
