49.104
48.999
49.079
49.071
49.034
49.046
49.078
49.044
60.16
59.876
60.534
61.047
61.33
61.422
61.499
61.796
62.503
63.21
63.93
64.299
64.412
64.462
64.454
64.149
49.102
49.143
49.001
79.988
80.006
79.995
79.995
73.051
66.107
66.072
66.228
66.134
66.1
66.121
66.215
66.379
66.456
66.518
66.648
66.63
66.594
56.582
54.072
67.534
56.392
61.496
66.601
65.918
65.846
65.875
65.816
65.751
65.561
65.123
65.67
65.705
65.686
65.62
65.554
65.666
65.556
64.693
63.337
64.224
65.203
64.521
65.248
64.518
65.272
65.289
65.306
65.522
65.738
65.563
65.566
65.568
65.537
65.506
61.8
62.736
62.168
61.363
60.396
61.498
62.088
62.431
62.491
62.55
62.489
62.218
62.37
61.979
62.496
62.486
62.476
62.403
62.33
62.184
62.086
62.256
62.092
62.442
64.1
65.267
62.714
62.013
63.096
62.945
62.795
63.288
63.157
63.027
63.337
63.428
63.518
63.703
63.811
63.942
64.022
63.997
63.879
49.135
49.091
49.042
75.943
75.932
75.919
49.044
49.125
49.052
63.556
75.989
75.983
75.988
75.967
76.012
76
76.032
75.986
49.032
49.486
48.626
58.864
58.89
59.429
59.791
60.045
60.064
60.084
60.185
60.201
60.278
60.367
60.41
60.345
60.266
60.288
60.309
60.278
60.308
60.356
60.342
60.269
60.199
60.211
60.219
60.16
60.132
60.418
49.076
48.863
49.339
48.97
49.089
49.085
49.122
48.904
49.118
64.944
65.57
65.31
65.049
65.363
65.677
59.135
58.831
65.878
65.933
66.032
66.091
66.119
66.042
65.975
66.016
65.99
66.014
65.958
66.05
66.021
66.028
59.003
59.042
59.06
59.029
59.02
65.962
65.922
65.917
65.95
65.992
65.973
65.917
59.03
59.093
59.023
58.994
65.96
65.983
65.988
65.996
65.997
65.951
65.89
65.828
65.69
77.959
77.964
65.848
65.97
65.972
65.943
65.964
65.951
65.921
65.882
77.972
78.03
78.03
78.033
78.07
66.018
66.068
66.061
66.07
66.07
66.195
77.961
78.032
78.076
78.067
78.063
78.053
77.99
77.975
77.931
77.924
77.929
77.94
77.985
78.069
78.07
78.057
78.064
78.031
66.093
66.035
66.056
66.08
66.065
66.052
66.079
66.022
66.058
66.062
66.062
66.062
