61.105
61.179
61.087
61.008
61.096
61.095
61.148
61.156
44.546
45.528
56.054
57.828
59.107
59.255
59.25
59.198
59.407
59.462
59.883
59.643
60.354
60.236
60.356
60.243
60.812
56.239
51.666
52.258
51.102
60.669
62.912
63.595
63.918
63.489
63.488
63.336
63.097
63.459
63.732
63.467
63.546
63.579
63.47
63.077
62.366
61.582
60.499
59.988
63.512
63.412
63.948
63.907
65.349
65.7
66.141
76.321
76.212
76.15
76.405
76.713
77.021
77.506
65.734
65.805
65.907
77.485
77.471
77.407
77.342
77.181
65.431
65.803
65.695
65.586
65.497
56.91
56.948
56.977
57.007
56.944
65.514
65.46
56.925
56.916
56.881
56.969
57.007
56.969
56.879
57.008
56.838
56.667
64.94
64.421
64.403
76.245
76.126
76.172
76.457
65.129
64.813
65.633
65.457
65.397
65.337
65.053
63.822
55.772
57.549
53.958
55.323
64.17
63.486
62.802
62.627
62.714
61.986
61.466
60.255
59.523
59.538
59.978
60.475
60.865
61.272
61.377
61.395
61.086
60.28
59.455
59.471
59.93
60.354
60.622
61.429
61.133
61.272
61.24
61.207
61.157
61.105
61.016
61.162
61.123
61.146
61.249
61.217
61.42
62.082
61.453
57.38
53.307
53.2
53.093
50.347
48.327
49.555
48.694
49.244
49.397
49.551
48.434
49.848
48.654
49.389
48.956
49.448
49.453
49.895
50.336
49.045
49.88
48.458
49.834
59.064
59.362
59.807
59.794
59.814
60.398
60.621
60.81
61.085
67.049
58.659
65.836
63.396
60.956
61.282
60.56
64.242
63.756
75.579
75.51
75.68
64.082
60.955
60.903
61.019
61.035
61.223
75.965
75.927
76.006
76.085
75.963
60.731
61.905
62.015
62.125
61.924
61.724
61.664
61.604
61.039
61.237
61.805
55.515
49.225
48.739
48.982
49.225
55.951
62.678
62.678
61.604
61.074
60.777
60.891
61.047
61.011
60.952
61.141
61.15
61.114
61.048
61.107
61.023
60.923
60.811
60.279
61.237
61.092
61.107
60.967
61.093
60.747
60.4
60.672
60.358
60.044
60.638
60.782
60.004
59.701
59.398
58.957
71.462
70.774
71.221
71.004
60.132
61.448
60.635
60.837
61.039
60.861
58.553
58.885
58.58
58.937
59.213
58.651
58.558
58.395
58.369
57.834
57.237
56.763
56.377
55.774
55.118
55.759
56.745
57.518
57.238
57.357
56.507
56.885
57.264
57.409
58.161
57.263
57.239
57.177
56.96
57.174
57.059
57.149
57.409
57.603
57.401
57.501
57.172
57.361
57.193
57.173
56.655
57.116
56.645
56.25
57.914
50.381
50.932
51.483
53.732
55.981
57.213
56.761
56.31
54.479
52.648
52.943
53.239
47.895
49.476
48.549
49.436
