80.005
79.983
79.959
56.729
57.539
58.093
59.157
59.471
60.077
60.118
60.265
60.573
60.822
61.041
61.18
61.188
60.946
60.815
60.776
60.759
60.878
61.126
61.854
62.345
62.502
62.668
62.579
62.785
62.415
62.605
62.375
62.428
62.451
62.324
62.565
62.265
62.467
62.33
62.439
62.266
62.008
62.293
62.534
56.06
57.145
57.141
57.083
62.488
62.243
62.692
62.393
57.079
57.074
57.051
57.07
57.043
76.098
75.977
75.951
63.463
62.452
60.81
58.528
56.523
57.121
58.121
58.946
59.102
59.842
59.912
60.035
60.118
59.916
59.994
60.132
60.08
60.266
60.958
61.107
61.024
60.853
60.793
60.826
60.959
60.997
61.02
60.994
60.938
60.809
60.795
60.789
60.849
60.846
60.833
60.742
60.758
60.752
60.704
60.518
60.493
60.135
55.846
56.105
56.151
56.062
56.062
56.006
56.135
56.146
56.011
56.092
56.012
55.876
56.23
62.995
62.956
60.558
61.102
61.263
61.309
61.241
61.266
61.354
61.388
61.608
62.1
62.257
62.489
62.476
62.335
62.338
62.105
62.489
62.189
62.345
62.472
62.46
62.55
62.528
62.952
63.345
63.616
63.93
49.194
49.252
66.652
66.274
66.219
66.242
66.297
66.326
66.49
66.682
66.8
67.073
67.289
67.566
67.682
67.797
67.838
67.695
67.514
67.436
67.448
67.347
67.24
66.955
66.419
64.719
49.098
49.149
49.203
49.261
49.345
48.982
54.384
65.319
65.605
65.65
65.613
65.633
65.525
65.53
65.421
65.4
65.486
65.457
65.446
65.414
57.023
57.112
56.757
57.583
56.271
46.104
46.538
61.249
61.26
48.088
48.081
48.068
50.906
49.797
50.754
51.712
49.822
52.28
50.785
49.291
56.106
57.037
55.306
56.954
57.584
58.215
59.49
59.976
58.135
57.588
57.042
56.036
59.832
58.364
56.896
56.75
68.014
68.147
68.279
66.857
65.434
56.274
51.316
51.886
52.277
51.759
51.24
51.596
51.952
65.25
65.396
65.455
65.34
65.557
64.958
82.994
82.991
82.925
65.271
65.533
65.105
83.01
83.074
83.085
83.094
83.103
83.088
83.023
82.959
82.985
82.982
65.177
65.073
65.158
65.496
65.54
82.943
82.979
82.922
82.956
82.99
82.98
82.988
82.995
82.98
82.995
82.978
82.956
68.226
68.294
68.363
64.675
61.428
60.85
61.222
82.934
82.97
83.113
51.703
52.234
52.019
51.689
51.627
51.835
52.125
51.823
82.896
82.97
82.972
82.987
83.056
83.027
82.982
82.948
82.913
82.977
83.036
79.043
75.05
75.014
75.03
75.056
75.036
75.015
75.037
74.964
82.958
82.895
82.979
83.011
83.117
83.101
83.085
83.048
82.918
82.918
82.981
83.044
83.01
57.026
57.19
57.117
57.057
57.091
57.893
59.63
58.044
70.509
62.122
59.154
56.185
53.389
53.927
54.464
54.092
54.173
54.253
53.919
54.166
54.085
53.989
53.995
54.038
54.037
54.101
53.973
54.171
54.021
54.18
53.936
54.106
54.123
54.4
53.714
54.042
54.096
54.017
54.07
54.053
54.159
54.043
54.103
54.029
54.046
54.055
54.08
54.1
54.083
54.041
54.05
54.102
54.261
53.721
54.476
54.029
54.046
54.128
53.991
54.063
54.152
54.076
54.009
54.071
66.001
66.042
65.973
66.054
66.005
66.067
66.013
59.582
53.152
54.455
53.863
54.16
53.992
