53.961
54.102
54.086
54.086
54.265
53.999
54.037
54.064
82.984
82.955
54.125
54.181
54.002
54.161
54.033
54.183
54.18
43.701
43.437
45.352
45.251
44.306
44.621
44.305
44.706
44.75
45.032
45.294
45.062
45.156
45.357
45.049
49.044
53.038
51.704
53.818
56.197
57.173
58.183
58.997
59.4
59.426
59.285
58.214
57.143
63.172
63.365
63.248
62.953
62.131
60.833
60.649
60.161
61.026
61.797
63.049
43.769
43.518
63.087
75.624
76.235
76.589
76.895
77.175
77.266
77.177
77.074
76.942
76.753
76.633
64.411
63.415
62.846
56.951
60.966
64.982
76.872
76.803
76.748
76.842
76.949
50.802
50.853
51.004
50.957
64.605
64.922
63.28
51.289
43.291
43.449
64.995
64.607
64.404
76.672
76.641
76.598
76.491
76.371
44.659
44.288
44.752
60.846
76.939
77.651
77.876
78.101
78.095
78.03
78.019
78.039
78.022
71.947
65.873
65.82
65.735
65.451
43.884
44.378
63.214
62.986
61.732
59.972
58.261
57.24
56.471
54.657
55.431
56.565
57.619
58.184
58.753
58.6
59.056
59.062
58.785
58.986
58.899
58.787
58.93
58.905
58.952
59.175
58.832
58.848
59.1
58.725
58.64
58.743
58.82
59.354
59.403
57.799
56.198
55.864
56.067
56.203
56.289
56.161
56.103
56.102
55.572
55.786
55.963
56.091
56.227
55.958
56.279
56.249
55.854
56.394
55.671
55.886
56.127
56.072
56.319
56.31
56.001
55.819
54.985
55.307
56.036
56.268
56.347
55.795
44.758
45.895
49.196
49.046
49.048
48.865
48.994
49.185
48.728
49.186
48.852
56.194
55.742
49.174
48.725
49.512
48.668
49.295
48.868
46.958
51.538
56.118
56.067
56.187
56.189
56.241
56.068
55.944
56.055
56.25
56.299
44.43
44.616
44.731
44.847
44.763
44.767
44.617
45.753
65.339
65.402
65.484
65.686
65.804
65.832
65.89
66.052
66.003
65.972
65.935
51.019
51.212
50.92
43.558
43.802
44.032
44.279
43.504
51.798
60.092
59.637
59.258
58.934
58.524
58.309
58.172
58.022
57.994
58.001
58.173
58.39
58.659
58.587
58.728
58.89
57.891
45.484
43.318
44.783
44.567
44.468
43.86
60.639
61.082
61.695
62.35
62.769
62.907
62.921
62.831
62.756
43.127
43.645
62.407
61.688
60.324
60.024
60.075
60.385
60.678
60.509
60.507
60.6
60.509
60.677
60.478
60.274
60.32
60.659
61.131
60.673
60.929
60.922
58.246
55.569
56.205
55.881
56.021
55.863
56.121
56.253
56.194
56.259
56.026
