52.805
57.065
57.801
53.628
53.6
53.921
53.602
53.749
54.201
53.915
53.629
53.365
57.681
57.644
57.732
59.139
59.84
59.284
61.226
61.071
60.897
60.741
60.69
60.87
61.121
61.343
60.812
61.111
61.459
61.215
61.163
61.613
62.062
52.253
52.291
52.037
51.782
52.033
51.702
51.772
51.952
51.806
63.736
63.816
51.75
52.031
51.786
51.714
51.901
51.893
51.885
58.718
58.9
58.969
59.038
59.006
58.974
58.983
58.895
59.042
58.922
59.095
58.892
59.001
59.056
59.016
58.992
59.006
59.016
63.894
63.654
58.923
59.014
63.405
63.444
63.445
63.445
63.412
63.422
63.432
59.077
58.88
59.009
58.954
59.02
58.927
59.01
62.984
61.628
62.211
62.407
61.977
62.41
62.272
62.068
62.223
62.302
62.217
62.609
62.097
62.062
61.607
60.814
59.582
58.599
59.015
60.024
60.871
61.467
60.366
60.377
60.387
61.289
61.171
61.647
61.917
61.806
61.695
62.931
62.496
62.831
61.931
62.188
62.497
62.676
62.296
61.795
62.214
61.261
62.241
62.04
61.84
60.224
59.783
59.836
59.636
59.471
59.68
59.532
59.702
59.316
59.307
59.13
59.357
59.074
59.171
58.743
58.115
56.87
55.649
58.096
60.542
60.29
60.038
53.103
52.633
52.162
52.544
52.385
52.705
53.672
53.867
54.418
54.905
55.099
55.13
55.272
55.478
55.479
55.437
55.464
55.3
55.157
55.004
55.093
55.093
55.394
55.68
55.549
55.457
56.285
56.236
56.408
56.937
56.551
56.166
58.491
57.344
56.196
56.203
56.21
60.971
60.781
59.368
57.955
58.472
58.263
58.591
58.876
58.179
58.654
58.758
58.184
58.537
58.816
59.131
59.992
60.605
60.69
61.072
61.026
60.767
60.754
60.59
60.595
60.585
60.57
60.537
60.441
60.263
60.288
60.27
60.396
60.437
60.461
60.555
60.53
60.622
60.543
60.559
60.503
60.446
60.036
60.319
60.595
60.48
60.644
60.062
60.322
60.243
60.351
60.499
60.011
60.233
60.43
60.441
60.471
60.359
60.713
60.708
60.671
60.261
60.491
68.07
68.078
68.034
68.034
68.053
68.004
67.957
68.083
64.023
63.983
64.08
64.095
69.797
75.499
75.074
74.948
74.963
74.991
74.906
74.928
74.924
74.922
75.24
63.987
63.979
63.982
63.987
63.967
64.016
63.977
