52.815
60.269
58.866
52.215
52.204
52.529
51.494
52.201
52.909
51.58
55.808
60.035
60.651
61.085
61.708
62.575
61.813
61.747
59.128
61.827
64.527
64.384
64.195
63.978
61.491
59.003
59.036
59.058
66.277
66.032
77.908
77.841
77.777
77.756
77.796
65.292
53.149
53.524
54.109
53.963
53.959
53.925
54.003
54.03
53.939
53.983
54.049
64.474
64.475
64.306
76.315
76.256
76.19
53.796
52.278
58.18
64.083
64.38
64.236
63.764
53.872
54.063
53.834
53.724
59.602
59.789
60.124
60.127
60.514
60.783
60.878
61.051
61.193
62.287
62.853
63.213
63.538
62.715
62.089
60.723
54.233
53.93
53.86
53.649
53.557
60.492
60.739
60.925
61.08
61.155
61.186
61.071
61.037
60.962
61.05
61.188
60.899
60.297
54.029
54.014
54.081
53.841
53.862
53.928
61.6
61.588
61.623
61.368
61.439
61.51
61.362
61.451
61.308
61.126
61.153
60.811
60.349
59.514
59.172
58.483
58.6
59.132
58.974
59.426
59.326
59.649
59.264
59.608
59.224
59.396
59.161
59.207
59.116
58.992
59.072
58.978
58.908
59.002
58.879
58.889
58.927
58.962
59.002
59.148
59.041
58.862
58.959
58.983
58.613
59.077
58.807
58.578
59.066
59.076
58.902
59.351
58.965
59.375
59.135
59.585
59.382
59.672
58.642
46.78
47.173
46.893
46.981
46.87
46.961
47.009
47.013
46.885
46.996
46.944
46.905
46.739
47.053
47.164
47.133
46.565
46.904
47.059
47.289
46.817
47.088
47.092
47.08
46.976
46.811
47.173
47.223
47.137
46.953
47.054
46.98
46.666
47.075
47.794
46.359
44.705
44.99
45.276
46.204
47.133
47.209
46.651
47.523
45.967
47.022
46.871
47.127
47.116
47.016
47.064
47.156
60.959
57.895
54.831
47.201
47.837
46.694
46.581
47.742
46.385
47.025
47.12
46.742
47.2
46.779
46.952
46.857
46.819
46.449
46.078
46.295
46.512
47.212
47.428
46.837
46.839
47.132
47.128
46.863
46.655
47.002
47.256
45.197
43.74
41.649
41.795
43.699
45.604
45.418
45.233
45.543
45.226
43.66
41.476
42.565
43.654
42.349
72.986
72.981
72.969
42.037
42.041
42.076
42.189
42.107
42.26
42.21
42.232
42.101
42.323
42.207
