66.913
67.142
66.911
67.079
66.939
66.633
66.328
65.248
64.935
64.861
64.955
65.155
65.136
64.836
64.909
65.102
65.165
65.012
64.806
64.992
65.255
65.083
64.671
64.802
65.152
65.152
64.834
64.758
43.993
44.022
64.821
64.58
43.946
44.101
64.996
64.512
64.802
65.245
65.069
55.86
55.794
56.014
55.937
55.923
55.958
55.9
55.966
55.995
55.955
55.913
55.928
55.974
55.929
55.978
55.951
55.628
62.192
61.975
61.758
61.855
52.808
51.072
51.463
52.031
52.982
53.856
54.682
55.199
56.378
56.914
57.349
57.881
58.243
58.55
58.713
59.067
61.024
59.986
61.142
61.165
61.033
61.364
61.383
61.149
61.155
61.549
61.557
61.439
60.881
61.541
61.082
61.583
61.204
62.021
61.63
62.383
62.433
62.048
62.415
62.763
62.803
62.736
62.672
62.393
61.715
62.335
62.956
81.917
81.967
62.964
62.882
63.637
63.555
63.472
63.386
63.27
63.399
63.529
63.421
63.312
63.393
63.729
64.118
63.272
63.591
63.919
64.081
64.243
64.512
64.782
64.596
64.604
64.613
64.663
64.713
64.625
64.662
64.698
64.721
61.304
57.887
58.228
57.993
57.707
57.897
58.232
57.914
57.629
57.946
58.268
57.723
57.599
57.971
58.276
59.742
59.662
55.76
52.263
53.088
57.484
58.219
57.395
57.073
57.768
57.763
57.777
58.132
58.261
58.106
57.909
57.97
58.284
58.288
57.916
57.996
58.235
58.231
58.071
58.057
58.253
58.347
58.394
58.425
58.487
58.404
58.103
58.162
58.37
58.409
58.384
58.279
58.668
58.395
57.974
58.09
58.247
58.252
58.012
57.888
58.071
58.209
57.956
57.65
58.057
58.193
57.772
57.453
58.125
58.323
57.428
57.159
58.365
54.983
56.096
54.978
54.266
57.638
57.242
58.067
58.185
57.816
57.817
58.171
58.241
57.993
57.691
57.999
58.182
57.52
57.623
58.158
58.176
57.681
57.716
58.203
58.057
57.711
57.771
58.244
57.983
57.686
57.839
58.215
58.029
57.63
57.951
58.184
57.916
57.67
58.027
58.18
57.945
57.712
58.01
58.159
57.876
57.733
58.177
58.184
57.787
57.847
58.142
58.127
57.84
58.113
57.784
58.286
57.6
58.194
57.727
58.332
57.315
58.584
57.35
65.022
65.062
65.031
65.024
65.018
65.011
65.004
65.021
65.037
65.019
65.048
64.99
65.019
65.009
