53.425
47.364
46.57
47.053
58.82
58.926
59.426
60.128
60.224
60.385
61.525
62.22
62.477
63.015
63.253
62.848
62.724
57.397
56.444
51.526
57.395
63.263
62.446
63.268
62.906
74.829
74.683
74.648
74.701
74.642
62.743
62.126
63.133
62.745
62.808
62.848
68.768
66.564
71.427
76.29
76.292
76.201
76.136
76.079
76.151
76.281
76.49
76.635
76.649
76.605
76.563
76.528
76.512
76.582
79.903
72.267
64.632
64.559
64.487
64.84
64.824
64.809
65.054
65.3
46.924
47.087
47.275
61.755
61.03
61.553
61.472
58.467
61.913
65.36
66.453
67.851
66.969
67.069
67.169
67.602
67.523
67.445
66.71
65.975
66.9
67.466
66.194
69.269
68.124
73.964
79.804
79.697
79.747
79.959
67.942
67.922
67.867
67.812
67.847
47.188
46.973
68.625
68.998
69.409
69.642
69.734
70.008
69.129
68.25
68.385
68.723
68.814
69.033
69.049
69.117
69.343
69.285
70.32
69.647
61.035
66.942
72.848
72.771
70.143
70.074
47.498
47.896
61.426
62.111
62.526
62.658
62.471
61.872
62.11
62.096
61.663
62.005
74.212
74.356
74.324
74.189
74.123
62.394
62.826
62.286
62.405
63.349
63.305
62.976
62.469
61.175
62.183
63.192
63.233
63.235
62.82
60.055
61.817
63.296
49.41
46.438
46.097
45.756
46.459
45.542
59.955
60.472
60.664
61.235
61.747
61.991
62.001
62.078
61.834
61.576
61.298
61.642
61.903
62.507
63.111
63.257
65.898
66.1
66.303
66.699
67.046
67.216
67.278
67.523
67.779
67.642
67.511
67.859
67.803
67.461
68.076
68.144
68.212
69.467
67.567
67.562
68.177
43.356
43.026
43.218
43.31
43.402
43.355
43.33
69.811
69.794
69.761
69.652
63.482
65.862
68.243
68.301
68.087
68.156
68.1
68.481
68.425
68.158
68.04
68.132
68.481
68.83
68.788
69.206
69.334
69.472
69.443
69.413
73.674
71.592
69.51
69.478
69.44
69.492
69.544
69.078
82.976
83.028
83.12
83.017
82.882
82.824
82.715
82.71
82.833
75.276
67.72
67.39
79.11
82.955
82.914
82.91
82.863
83
78.788
78.835
78.904
81.867
81.896
81.833
81.757
72.394
65.97
59.546
59.253
63.46
67.668
