49.898
56.915
56.953
55.438
56.034
56.63
58.025
46.711
48.022
49.827
51.633
55.952
55.12
51.643
50.884
51.173
50.984
51.087
51.229
50.526
51.47
50.889
51.086
51.216
56.581
56.33
51.004
50.851
51.551
52.412
53.272
54.945
57.183
57.792
59.026
60.511
61.486
62.181
63.258
50.957
51.751
51.839
52.22
52.196
51.906
51.148
66.188
66.073
66.411
66.236
66.413
66.754
66.843
51.982
51.964
51.936
51.945
51.859
51.859
66.337
66.354
66.167
66.35
66.645
66.361
66.449
52.701
52.387
51.707
51.892
52.076
52.043
52.142
54.19
56.238
60.953
61.902
62.569
63.379
63.74
63.853
64.248
63.836
52.072
52.012
52.28
65.117
65.833
65.16
64.981
65.047
65.171
64.729
67.741
67.889
67.947
68.009
63.991
51.886
52.285
52.17
52.055
52.046
52.029
52.012
63.697
63.543
64.087
57.876
60.681
63.486
63.923
64.36
64.363
64.591
64.819
64.671
64.523
67.904
68.112
67.888
63.672
61.976
60.28
58.235
56.519
57.124
57.712
58.459
58.871
59.132
59.042
58.782
58.709
59.183
59.414
59.815
59.756
59.868
59.643
59.857
59.676
59.754
59.205
58.993
58.85
58.634
58.957
60.346
60.164
60.582
61.036
61.305
61.169
61.627
61.455
62.403
46.806
47.128
47.305
47.482
62.692
62.138
64.77
65.297
64.963
65.602
65.584
65.004
65.331
65.445
65.444
65.061
65.349
65.291
65.158
65.33
65.37
64.03
58.678
53.325
53.167
55.633
54.119
52.605
57.476
62.346
63.354
63.945
76.16
76.206
76.091
75.95
70.044
64.138
64.94
65.069
65.472
65.594
65.517
65.429
65.238
65.235
65.211
65.365
47.13
47.106
47.048
47.091
47.074
47.048
47.105
47.163
46.987
47.065
46.97
64.259
75.987
75.545
75.537
75.474
75.748
76.169
76.525
76.882
77.113
77.344
77.318
65.664
65.678
65.811
65.944
66.053
60.934
59.215
58.455
59.281
59.969
61.03
61.278
61.685
61.04
59.657
46.981
47.421
47.67
49.209
48.673
48.137
61.375
61.724
61.87
61.543
61.381
61.584
61.591
61.725
61.703
61.799
61.356
58.379
61.863
65.348
65.931
65.547
66.576
65.488
65.613
65.737
43.111
44.155
43.882
43.61
52.883
58.902
60.671
61.969
62.261
44.056
44.298
44.135
44.109
63.14
63.172
63.224
63.455
63.405
63.354
63.235
63.331
63.844
63.834
64.44
64.766
64.998
64.784
63.026
58.973
54.422
58.899
63.376
62.934
63.384
63.496
63.453
64.012
63.059
63.783
43.914
43.715
62.017
70.978
71.045
65.874
60.703
61.579
61.759
61.99
61.774
61.513
62.658
62.81
63.327
63.363
63.253
62.964
62.619
62.611
62.153
62.159
62.397
62.261
62.255
62.249
61.46
62.176
62.066
61.777
62.137
62.954
43.237
43.222
43.727
44.063
44.199
44.17
57.081
55.815
55.575
49.692
43.302
43.709
44.078
44.538
45.06
43.702
61.421
62.42
62.377
62.559
62.703
62.333
61.964
60.985
44.402
44.445
44.605
44.59
44.339
44.01
44.744
58.046
56.888
58.037
58.633
59.183
58.561
58.854
51.928
45.003
45.028
44.996
44.67
45.119
60.352
60.935
61.304
61.841
61.978
61.794
61.799
62.893
62.014
61.151
45.11
45.479
44.597
62.304
63.325
64.32
64.88
65.159
65.047
55.424
55.266
55.568
55.697
55.774
55.601
55.908
56.077
55.983
56.22
56.479
56.561
56.924
56.86
56.499
57.206
57.265
57.227
57.318
57.23
52.063
45.476
44.466
45.139
44.804
45.1
57.079
57.097
57.17
57.226
56.998
