84.038
84.036
84.055
84.053
84.047
84.038
84.038
84.038
84.035
84.059
84.04
84.033
84.025
84.032
84.065
84.044
84.034
45.939
46.033
45.951
46.202
45.709
58.626
59.4
60.007
60.588
61.302
61.546
61.911
61.931
62.545
62.666
62.761
62.866
62.977
63.268
63.299
63.725
64.352
64.57
64.762
64.762
76.645
76.535
76.586
64.846
64.89
84.038
84.053
84.031
65
64.979
64.978
64.99
60.681
56.372
44.712
45.604
45.754
46.025
46.065
46.073
45.966
46.137
46.027
46.017
45.969
46.045
45.993
46.082
46.015
45.977
46.032
46.049
46.054
45.991
46.068
45.97
46.079
45.963
46.003
46.087
52.781
59.475
57.868
57.65
58.221
58.744
58.999
58.977
58.898
58.925
59.054
58.634
58.559
58.603
58.982
59.196
58.692
57.913
57.929
58.051
57.939
57.722
75.719
75.866
76.1
76.306
46.043
45.909
46.053
46.034
56.384
66.734
66.683
66.633
66.618
78.357
78.442
66.686
66.602
66.559
66.517
66.592
66.652
66.664
66.676
66.689
66.382
66.535
66.602
66.62
66.637
66.524
66.629
66.734
67.015
66.998
67.1
67.141
67.134
67.048
66.963
66.966
46.106
46.027
46.03
46.063
46.078
46.099
67.012
66.96
45.895
46.175
45.931
46.062
67.891
67.771
67.887
67.837
67.675
68.241
67.889
68.117
67.913
68.401
65.268
65.301
65.478
65.444
66.121
66.182
66.244
53.053
53.011
52.945
52.962
53.072
53.055
53.007
52.976
53.077
52.92
52.981
53.01
66.552
66.588
66.66
66.567
45.016
46.081
46.198
46.112
45.997
46.066
46.308
45.77
45.76
46.026
46.075
46.088
45.998
46.35
65.192
64.586
64.601
64.613
64.562
64.386
64.375
64.586
64.602
64.568
64.456
64.597
64.63
64.676
64.597
64.599
64.601
64.786
64.879
45.852
46.13
46.115
46.06
45.619
65.02
65.049
65.074
65.059
65.017
65.008
64.993
64.975
64.994
65.023
65.12
65.043
65.024
84.041
84.036
84.037
84.041
84.045
84.06
65.018
62.679
60.34
61.009
61.628
61.859
62.183
62.42
62.6
62.768
63.068
63.047
62.823
62.779
62.514
62.436
62.589
62.637
62.506
62.163
62.797
62.887
62.816
62.823
62.918
62.956
62.811
62.475
62.524
62.574
62.701
62.77
62.849
62.659
62.097
61.46
60.239
61.737
63.235
59.891
60.436
61.362
61.851
62.009
62.094
62.15
62.093
62.064
62.087
62.008
62.046
62.043
61.877
61.813
61.659
61.738
61.593
61.816
61.975
62.038
62.105
61.977
61.969
61.958
61.948
61.907
61.583
61.357
61.686
62.014
62.191
62.027
61.995
62.062
60.831
61.107
61.524
61.831
61.959
61.793
62.078
61.865
61.838
62.186
62.256
62.547
63.1
63.694
63.559
63.456
63.303
63.138
63.003
62.965
62.955
62.992
63.033
62.942
62.88
62.884
62.86
62.83
62.67
62.62
62.689
62.762
62.819
62.935
62.949
62.876
62.868
62.837
62.825
62.818
62.804
62.758
62.827
62.822
62.769
62.852
62.839
62.915
63.006
63.035
62.874
62.86
62.745
62.793
62.883
62.916
62.931
62.805
62.8
62.778
62.735
62.736
62.779
62.8
62.86
62.8
62.908
63.17
62.824
62.944
62.944
62.957
62.956
62.868
62.864
62.771
77.269
76.836
51.063
50.955
63.472
63.136
62.921
62.989
62.972
62.979
75.003
79.013
78.977
79.101
79.01
62.916
63.086
63.014
63.005
62.997
63.121
63.058
62.972
63.003
63.022
63.074
63.071
77.961
78.219
78.484
63.049
63.002
63.101
79.261
79.177
78.975
71.114
76.574
69.805
63.037
62.94
82.016
82.024
82.109
62.995
63.005
63.044
63.14
63.119
63.099
82.099
81.992
63.449
63.162
71.127
79.091
79.051
79.131
62.511
49.681
50.16
50.444
49.53
50.281
50.285
50.289
49.858
49.874
49.89
49.928
50.278
49.807
50.207
49.842
50.358
49.823
50.053
49.975
49.971
49.967
50.098
50.104
77.121
