46.02
46.337
53.949
55.849
57.673
59.019
60.088
61.169
62.247
63.506
63.939
63.981
63.704
62.987
61.523
60.625
59.764
60.128
60.493
62.011
62.939
63.417
63.598
63.789
64.088
64.132
64.154
64.187
64.112
64.085
64.08
62.665
63.602
57.522
62.472
67.423
66.167
66.209
66.328
66.376
66.307
66.27
66.282
66.294
66.417
46.159
45.898
45.963
46.585
66.879
66.385
66.239
66.061
66.04
66.049
66.059
77.997
81.805
81.861
47.828
48.177
48.177
47.815
48.067
48.163
47.764
66.322
65.517
65.18
65.155
65.242
65.085
65.284
65.346
65.339
65.544
65.279
65.219
65.461
64.925
64.702
66.46
63.868
64.076
64.386
64.466
64.424
64.395
70.376
67.369
64.362
64.318
64.392
64.166
64.809
64.658
64.728
64.734
64.74
63.41
62.878
61.833
62.116
62.576
62.908
63.355
63.152
63.481
62.843
62.927
55.1
59.108
63.116
62.957
59.02
55.083
55.23
55.378
58.447
61.516
62.232
62.264
61.935
61.77
61.605
73.663
73.874
74.365
74.737
75.035
75.181
62.692
63.474
63.217
62.959
63.666
63.509
63.352
62.417
61.481
61.019
58.457
58.25
58.769
60.028
60.687
60.9
59.981
58.728
58.328
56.727
55.127
60.286
60.269
59.855
59.583
59.795
59.958
59.884
59.89
59.705
59.646
59.584
59.884
60.039
59.883
60.132
60.101
60.133
60.575
60.961
61.514
61.911
61.55
61.417
61.23
43.04
43.112
42.977
43.022
43.068
42.965
43.06
45.202
52.253
63.509
61.824
60.501
59.632
59.981
60.646
61.161
61.577
61.372
61.07
60.583
60.484
53.181
53.111
52.946
53.074
53.08
53.238
53.395
65.892
65.619
62.34
61.727
61.478
61.258
61.551
61.269
61.638
61.2
61.342
61.271
61.178
61.484
61.235
61.274
61.305
61.219
61.44
61.28
61.318
61.403
61.385
61.353
61.232
61.37
61.325
61.412
61.415
61.307
61.562
61.221
61.483
61.325
61.446
61.469
61.484
61.738
60.843
47.947
48.014
65.528
65.376
68.038
67.93
68.104
50.056
47.045
47.217
48.43
48.209
48.125
47.78
48.057
47.567
48.232
48.085
48.307
48.467
47.827
47.72
47.898
47.955
48.104
54.738
54.931
53.551
55.072
56.732
57.659
58.546
58.807
59.222
59.781
60.307
60.97
61.151
61.225
60.177
48.408
48.959
47.886
47.523
47.522
61.471
61.072
61.325
61.844
61.812
61.936
61.974
61.644
47.972
48.781
48.791
48.062
48.208
53.049
52.723
65.401
65.181
64.874
64.572
64.407
64.844
64.945
64.994
64.936
64.919
64.806
64.675
63.619
63.961
56.425
55.525
66.387
65.808
65.79
43.466
43.568
43.662
43.585
44.486
44.279
44.101
44.008
44.023
44.038
66.678
66.715
44.002
44.047
44.058
44.058
44.027
44.052
43.944
44.021
44.071
43.983
62.899
63.31
64.147
65.031
65.223
65.158
64.84
44.019
44.047
43.852
65.142
77.173
77.15
77.112
77.072
77.062
77.032
76.96
76.965
77.046
77.011
44.037
43.997
63.761
63.097
62.873
62.975
64.097
64.038
64.215
64.251
64.338
64.317
64.293
64.269
44.059
44.001
44.025
44
43.696
44.685
45.674
44.175
44.932
45.688
45.877
46.065
44.597
43.13
67.974
68.027
45.619
44.913
44.695
44.476
44.339
43.937
43.676
43.917
44.157
71.026
70.972
70.986
71.005
69.499
67.992
68.054
