56.188
56.257
56.307
56.414
56.615
56.024
56.15
56.568
56.41
56.208
56.125
56.234
56.236
56.526
56.393
56.26
52.629
53.468
51.654
51.257
53.648
53.508
54.316
55.123
53.945
52.391
53.714
55.284
55.546
56.142
54.76
52.825
52.121
51.845
52.068
51.977
51.608
56.399
60.345
60.864
61.39
62.019
62.537
62.767
62.997
52.061
52.145
52.002
52.112
51.959
52.138
52.066
65.131
65.209
65.197
65.111
53.676
51.717
51.806
52.055
52.042
52.053
52.046
51.501
51.996
65.362
65.827
77.561
77.779
66.269
51.921
51.94
52.206
66.988
66.34
52.068
51.901
51.965
51.85
52.15
52.163
66.147
65.944
65.959
65.978
65.921
65.878
65.836
65.948
65.984
65.796
65.615
65.859
65.969
65.91
65.951
65.983
66.022
65.853
65.292
65.203
70.899
70.929
52.101
52.318
51.366
52.246
52.179
51.858
62.278
62.31
62.53
62.704
62.724
62.818
62.281
62.81
62.868
62.916
62.962
63.614
63.242
63.392
63.552
63.802
64.053
64.46
48.805
51.175
48.76
46.345
47.494
46.783
46.928
65.364
65.254
65.277
65.35
65.292
65.244
65.196
65.307
65.357
65.407
47.075
47.154
47.424
46.511
67.116
67.025
67.107
67.309
67.249
67.281
67.374
54.599
55.202
50.851
53.064
50.121
58.204
52.803
47.401
46.778
65.936
65.918
65.98
65.994
65.987
65.939
53.356
54.011
53.998
53.986
54.074
54.162
53.925
54.131
53.95
54.003
54.254
53.755
54.252
53.915
54.026
54.138
53.798
47.249
46.935
46.789
47.092
62.847
63.673
64.342
65.072
46.758
47.436
56.931
57.63
57.688
57.745
46.727
47.286
46.907
46.97
47.121
47.117
65.078
65.381
65.546
65.642
65.503
65.29
65.303
46.287
46.575
47.3
46.581
63.272
62.707
62.612
62.679
62.935
63.065
63.054
62.926
62.454
61.995
46.82
47.038
47.14
46.835
50.033
58.463
59.221
59.31
59.557
59.865
60.154
60.491
60.198
60.143
59.827
59.524
59.295
59.908
60.275
60.513
60.472
60.47
60.462
60.484
60.575
60.496
60.282
60.301
60.573
60.707
60.746
60.734
61.563
62.392
63.673
64.003
64.37
76.645
76.971
77.471
44.759
44.881
44.909
44.938
45.01
45.213
44.755
44.476
44.952
44.923
66.496
66.255
78.105
77.919
65.846
65.723
65.391
65.462
65.295
65.588
65.735
65.552
45.479
45.078
45.134
45.19
44.58
45.032
45.231
45.239
45.273
45.341
45.239
45.075
44.846
43.586
60.176
63.435
63.556
75.549
75.603
45.258
45.179
76.37
76.92
77.42
77.722
77.749
77.798
77.724
77.511
77.317
45.014
45.042
62.735
61.471
61.323
61.717
62.691
63.03
63.305
63.344
63.244
63.082
62.929
63.478
63.021
62.884
62.83
62.713
62.722
62.579
62.743
62.299
61.146
44.968
45.318
45.209
45.373
46.522
52.229
54.234
55.167
55.527
55.932
56.379
56.484
56.828
57.198
57.288
57.288
57.339
57.579
57.49
57.709
57.891
57.99
58.169
58.233
58.099
58.266
57.878
57.984
