47.249
45.757
46.94
53.132
59.485
60.064
60.337
61.355
61.895
62.334
62.662
62.86
62.839
63.265
63.269
63.392
63.515
45.707
46.17
46.227
46.284
62.572
62.123
60.835
60.498
60.433
60.502
60.824
61.109
61.897
62.101
61.157
61.576
61.687
61.46
60.975
60.586
61.669
60.674
60.611
59.067
53.17
46.194
46.276
46.358
61.883
62.238
62.701
62.932
46.364
45.678
46.178
45.85
46.49
46.275
46.225
46.176
45.983
45.79
62.725
62.705
61.94
61.385
61.315
61.463
61.513
61.499
61.521
61.501
61.665
61.528
61.784
61.709
62.058
62.318
62.577
62.625
62.674
62.587
62.606
62.645
62.354
62.898
62.528
62.446
62.363
62.64
62.884
63.002
62.78
63.031
63.046
55.833
55.42
55.006
46.5
43.075
43.897
45.042
44.071
44.991
43.463
44.633
43.743
44.124
44.001
44.045
44.146
44.362
44.578
51.675
47.987
51.874
55.76
55.535
56.013
56.389
56.769
56.889
57.194
57.377
57.67
57.97
57.83
58.315
57.96
57.872
44.207
43.694
43.511
43.758
44.006
57.718
58.174
58.005
58.256
57.706
58.274
57.872
58.324
57.925
58.468
58.369
58.544
58.754
58.579
57.827
58.063
58.4
58.937
59.846
60.068
60.964
60.226
61.197
60.412
60.795
60.305
60.559
60.693
60.696
61.317
60.843
60.383
59.923
59.086
57.81
57.43
58.542
59.988
60.823
61.563
62.972
62.269
63.222
63.161
63.224
63.282
63.079
62.872
62.653
55.967
53.163
54.309
58.335
58.903
60.856
62.809
63.544
63.944
64.337
63.959
63.741
63.863
63.601
63.743
64.007
63.013
63.399
63.992
55.409
46.826
47.373
47.27
63.567
64.275
65.26
64.526
63.029
64.63
65.614
65.661
66.179
66.379
66.412
66.267
66.162
66.018
65.874
65.692
66.135
65.826
66.08
65.966
66.08
66.201
65.948
65.921
65.977
66.014
65.958
65.871
65.721
65.979
65.737
64.388
66.001
66.196
60.381
60.432
59.83
59.53
59.753
59.97
60.08
60.143
60.403
60.343
60.617
60.743
61.09
60.924
72.958
73.065
73.019
60.824
60.936
60.752
60.664
60.61
60.555
60.678
60.778
60.957
60.906
60.95
60.68
60.947
60.886
60.764
58.994
58.743
59.473
61.085
60.974
61.907
74.46
74.141
74.023
74.177
74.541
75.403
76.06
64.525
64.482
64.236
64.285
63.853
46.731
45.123
45.53
45.936
54.121
62.306
63.161
74.451
74.399
74.468
74.517
74.589
74.652
74.687
74.667
61.829
63.001
59.188
53.01
53.047
53.084
56.807
60.531
61.047
60.871
60.67
60.509
60.339
60.449
60.308
60.351
60.698
60.998
61.275
61.295
59.503
56.57
58.017
59.234
60.451
61.021
61.655
60.999
73.305
73.254
73.492
73.79
74.076
74.521
74.959
75.246
75.197
75.052
75.006
74.825
74.81
74.805
63.373
62.332
62.706
62.548
62.39
62.414
62.439
62.411
62.383
62.709
62.738
58.546
58.225
54.018
49.812
51.931
54.05
54.524
47.072
46.912
46.9
46.887
46.969
47.038
47.266
46.841
47.245
46.913
47.114
46.613
47.148
46.928
46.884
46.909
47.02
47.325
46.824
46.463
46.903
47.334
47.067
46.741
47.133
46.55
47.397
46.957
47.017
46.918
46.902
