64.95
65.387
65.162
65.041
65.026
65.065
84.049
84.049
84.044
84.047
84.049
84.033
84.055
84.045
84.044
84.043
65.029
64.967
64.967
64.933
64.918
65.024
64.998
65.029
65.003
65.023
65.014
65.002
65.003
65.007
65.017
65.009
65.014
65.03
65.017
58.975
52.934
52.843
52.881
52.85
54.229
55.607
55.015
56.222
56.834
57.455
58.168
58.688
59.061
59.443
59.673
60.258
60.259
60.771
60.509
60.437
59.772
53.007
52.908
53.005
59.09
60.48
60.655
60.423
60.829
61.028
60.78
61.158
61.355
61.023
61.003
61.39
61.252
60.66
61.55
61.488
62.409
62.011
62.913
81.9
81.956
62.457
62.992
63.142
63.06
63.12
63.204
63.244
63.266
63.249
63.228
63.104
62.973
62.764
62.204
82.148
81.911
81.969
81.964
81.997
82.104
63.462
63.439
63.443
82.019
82.059
63.389
63.398
63.48
64.024
63.324
64.097
64.869
83.953
83.99
64.992
64.86
64.929
65.017
65.001
64.977
64.981
64.965
64.998
65.002
65.027
65.044
65.054
64.911
64.654
83.962
83.99
83.992
84.019
84.047
84.046
62.725
62.205
62.206
62.187
62.23
62.128
62.256
62.329
62.429
62.494
62.99
64.469
65.061
65.036
65.007
65.041
65
64.488
65.059
64.583
65.157
65
65.059
65.007
65.004
65.07
65.136
64.95
64.873
64.985
65.159
65.233
58.865
58.669
58.001
57.752
57.557
57.349
58.179
58.554
58.868
58.923
58.952
58.684
58.27
58.221
58.248
58.754
59.415
58.414
58.328
58.382
58.462
58.585
58.709
58.549
58.55
58.796
59.377
58.622
58.271
58.06
58.114
58.234
57.917
56.86
58.025
58.216
57.991
58.032
58.059
58.239
57.146
57.559
58.316
58.201
58.002
57.877
58.089
58.03
57.807
57.9
58.144
58.044
57.755
57.927
58.182
57.978
57.793
57.982
58.128
57.98
57.803
57.989
58.131
57.898
57.859
57.975
58.107
57.993
57.729
58.1
58.082
57.839
57.933
57.974
58.068
57.918
57.975
58.004
57.967
57.944
57.978
57.962
58.021
