82.977
82.987
82.995
83.001
83.021
83.025
83.03
73.055
63.081
63.249
82.949
82.943
82.934
82.94
82.966
83
83.035
83.036
83.05
83.033
83.005
82.996
46.882
46.999
46.941
48.096
52.847
53.483
53.506
53.207
53.185
53.29
53.558
53.734
53.886
53.835
54.126
80.033
79.961
79.995
79.995
79.963
68.658
57.354
56.93
57.036
57.411
57.988
58.834
59.198
72.962
73.022
72.972
72.999
72.971
72.944
73.005
73.041
75.039
75.009
75.078
75.079
74.965
75.007
75.451
75.896
76.115
75.685
56.044
56.08
63.739
63.825
56.233
55.941
48.721
49.222
48.911
48.721
49.255
49.229
54.802
63.484
63.385
55.677
56.332
56.046
56.03
56.079
56.021
56.105
55.998
56.07
56.072
56.083
56.165
56.004
56.172
56.154
56.106
56.007
56.052
56.173
56.294
64.001
63.415
63.417
63.366
63.445
63.548
63.492
63.409
63.228
63.111
63.293
62.681
61.817
60.306
59.667
60.053
60.792
61.477
61.542
61.602
61.845
61.749
61.433
61.414
61.51
61.589
61.707
61.443
61.258
61.32
61.371
61.465
61.511
61.492
61.529
55.863
55.518
56.236
55.92
61.232
61.54
61.369
56.122
55.989
56.008
56.031
56.09
56.202
55.998
56.085
56.094
56.063
56.099
55.985
55.871
61.097
61.814
61.24
61.144
61.048
61.109
62.827
64.546
76.318
76.037
75.994
75.95
76.089
76.228
76.047
64.409
64.334
75.895
76.138
75.961
76.002
76.044
76.003
75.962
64.492
64.129
63.99
62.604
61.217
67.879
67.923
67.948
67.992
68.096
68.074
68.085
60.157
60.419
60.598
61.073
61.488
61.535
61.429
61.228
61.436
61.714
61.971
62.177
62.472
62.615
62.849
63.097
63.206
63.191
63.032
63.037
62.846
63.015
63.066
63.089
63.083
63.06
62.992
63.069
63.103
63.126
63.114
63.01
63.301
61.998
43.92
44.066
43.904
44.516
44.068
42.976
75.03
74.985
43.527
43.966
44.039
43.76
43.797
43.967
43.869
43.981
44.117
43.904
44.187
44.062
44.077
43.598
52.327
52.825
53.071
53.018
54.053
54.509
54.459
54.519
54.742
54.861
54.955
55.038
55.234
54.913
68.029
67.996
68.027
68.035
68.075
65
61.926
60.407
58.889
59.387
59.633
59.569
59.316
59.236
59.243
59.237
59.11
59
58.991
59.114
59.146
58.923
58.757
58.722
58.821
58.621
58.311
83.009
83.002
83.008
83.003
83.011
83.014
82.983
82.999
82.99
82.993
82.977
