56.819
57.319
45.152
45.136
64.285
64.516
64.682
64.829
65.159
64.99
64.671
64.121
64.427
45.299
44.7
44.514
44.328
44.782
45.881
62.283
62.476
61.986
61.811
62.622
62.453
62.283
62.337
62.392
61.357
61.517
60.361
59.698
59.693
59.841
60.045
60.298
60.347
60.184
60.189
59.633
59.287
58.203
56.783
55.45
54.344
55.412
56.663
57.471
57.818
58.037
58.101
58.529
58.516
58.34
58.718
58.743
58.619
58.312
58.273
58.168
58.508
58.52
58.664
58.857
58.686
58.417
58.363
58.429
58.479
58.424
58.494
58.557
58.306
59.485
60.386
60.837
60.707
60.899
61.069
60.947
61.079
60.784
61.186
60.987
61.324
61.977
62.049
62.822
63.592
63.773
64.011
64.018
63.745
62.89
64.374
64.401
64.419
52.07
51.627
64.513
64.485
64.25
64.015
52.126
51.823
52.063
51.784
51.777
52.164
51.88
52.122
52.055
52.201
52.087
58.77
65.454
77.485
77.729
77.9
78.087
78.486
78.677
79.034
79.436
67.906
68.026
68.003
67.88
67.726
67.402
66.96
52.11
52.592
52.253
51.914
54.694
57.473
55.654
63.636
63.318
62.402
61.759
61.194
60.997
60.925
61.181
61.709
61.347
61.268
61.376
61.095
60.979
61.02
60.794
60.837
59.994
58.338
56.829
57.002
57.564
58.382
58.737
58.438
58.052
58.011
58.825
59.076
59.622
59.443
58.934
59.229
49.261
48.497
61.934
62.161
62.034
61.419
61.239
60.803
61.023
61.497
61.134
60.752
61.045
68.113
67.929
67.949
66.097
64.246
64.147
63.864
63.705
64.104
63.807
63.51
63.357
61.981
60.61
61.28
61.082
60.652
66.581
66.776
67.033
67.103
65.894
64.685
70.7
70.984
71.364
63.727
60.124
60.245
60.365
60.533
60.529
60.524
61.266
60.668
60.962
62.428
63.894
62.089
60.284
55.901
56.616
56.613
55.848
56.839
57.829
57.624
57.988
58.839
59.582
60.162
60.613
61.259
61.966
63.01
63.25
63.49
63.841
63.89
63.832
63.801
63.737
63.784
63.746
63.751
63.755
63.478
56.076
55.966
56.392
53.846
59.386
64.927
65.264
65.262
65.389
65.29
65.277
55.812
55.38
64.862
64.198
45.828
45.523
45.596
47.422
48.124
64.628
65.2
77.136
76.857
76.685
76.766
76.743
64.873
66.195
66.223
66.568
66.602
66.335
66.227
66.468
65.849
65.557
65.701
65.846
65.239
64.633
62.337
45.299
45.808
43.898
44.918
45.392
45.345
45.03
44.982
44.763
45.167
44.686
45.379
45.676
45.249
45.045
45.207
45.002
44.37
62.058
60.903
60.686
60.675
60.794
60.99
60.884
61.148
60.672
64.449
64.467
61.12
61.237
61.354
60.745
61.259
60.959
60.883
61.245
60.736
61.142
64.067
63.949
63.992
64.035
64.159
64.124
63.969
63.879
63.955
44.796
45.04
44.985
45.094
45.203
44.89
44.71
63.98
64.025
63.959
64.024
64.014
63.96
44.937
45.282
61.45
60.87
60.853
61.237
61.131
61.266
61.4
44.878
44.925
45.233
45.079
44.914
45.462
44.76
44.857
61.905
61.839
62.179
62.191
61.895
62.646
61.85
61.886
61.768
61.649
61.519
61.996
62.806
63.962
75.701
76.033
76.397
65.047
71.361
58.877
62.371
65.866
65.918
66.107
65.332
64.843
63.806
62.98
62.952
63.117
63.123
63.371
63.209
63.005
62.624
65.956
66.007
65.946
66.072
65.963
57.624
58.332
58.853
59.315
59.571
59.811
59.181
57.161
56.353
55.646
55.71
55.495
55.956
56.535
56.415
60.996
61.57
56.934
56.678
57.483
57.538
57.593
56.653
57.632
57.724
57.815
61.78
61.093
59.09
46.836
47.241
47.111
46.982
57.725
56.758
47.165
47.029
46.987
46.962
47.097
46.974
47.058
46.974
47.14
47.032
70.973
70.808
59.737
47.439
46.917
71.091
71.075
70.858
70.865
71.077
71.081
71.008
71.035
71.021
70.917
54.988
56.017
50.963
52.709
52.378
52.623
52.869
53.114
53.947
53.928
53.914
54.022
54.033
54.045
52.968
53.245
53.523
