54.923
54.916
54.91
54.982
55.054
57.036
58.428
58.887
59.381
59.991
60.459
61.356
61.756
61.763
61.769
61.723
61.97
61.768
61.644
56.532
59.156
61.78
61.808
61.625
61.638
61.451
61.412
61.401
61.629
61.704
61.879
61.897
62.042
62.044
61.856
60.891
58.662
70.286
66.739
63.193
63.005
62.838
62.786
62.747
62.721
62.763
62.883
63.003
62.913
62.995
62.975
62.779
62.724
62.744
62.83
63.227
63.696
63.732
64.544
63.555
64.144
63.763
63.497
63.469
63.44
63.004
62.964
62.967
63.008
63.164
59.572
62.163
53.158
44.153
43.595
44.152
44.019
44.024
44.03
44.009
44.081
44.075
44.069
44.018
43.946
65.019
57.781
61.683
65.584
65.761
61.798
57.835
43.88
43.352
43.564
43.43
43.4
43.482
43.323
43.327
43.368
43.31
43.24
43.204
43.17
43.013
43.099
43.057
54.69
55.543
55.778
56.777
57.007
56.826
57.266
57.503
57.584
57.95
58.055
58.061
58.188
58.237
58.081
57.925
57.866
57.851
57.948
57.983
58.058
58.044
57.996
57.971
58.001
57.937
57.893
58.001
58.13
58.076
58.066
58.101
58.108
57.85
57.586
57.905
57.933
57.545
57.824
58.08
57.912
57.721
58.075
58.007
57.54
57.78
58.093
57.904
57.527
43.291
43.133
43.244
43.111
57.392
57.933
57.981
57.674
57.875
58.03
57.753
57.599
58.077
57.85
62.407
66.964
67.039
67.024
66.97
67.04
66.988
58.109
57.562
57.634
58.051
57.817
57.684
58.008
58.093
57.68
57.768
58.189
58.219
57.874
57.683
57.955
58.294
57.865
57.725
58.02
58.116
57.955
57.796
58.002
58.101
57.914
58.151
49.811
43.065
42.985
43.003
43.02
50.326
50.391
50.363
50.38
50.313
50.37
50.344
50.293
50.19
49.855
46.616
51.104
49.482
47.86
47.734
47.906
48.223
47.778
47.95
48.093
47.971
47.966
48.047
48.125
47.815
48.04
48.051
47.872
47.788
48.155
47.976
47.75
48.257
47.97
55.206
55.021
55.004
55.018
54.976
54.942
54.986
54.951
54.89
54.825
54.901
54.365
48.158
48.136
48.315
47.825
47.96
48.256
47.908
47.955
55.016
54.972
55.094
54.972
55.004
54.995
55.142
48.056
47.937
48.034
48.247
47.124
52.924
53.503
53.04
54.314
55.051
55.542
55.7
55.085
54.675
47.852
48.424
47.372
48.289
50.029
50.115
58.146
58.69
59.117
59.612
59.669
59.893
60.13
60.145
60.463
60.489
60.182
58.913
50.057
49.613
61.219
62.448
62.444
62.55
62.64
62.435
62.466
62.501
62.482
62.583
62.483
62.497
62.421
62.147
61.97
61.893
61.916
62.324
62.381
62.513
62.697
62.536
62.362
62.23
62.08
62.126
62.178
61.368
62.103
51.002
51.017
50.606
51.671
57.562
63.454
63.146
63.096
62.947
62.895
62.891
62.84
62.852
62.897
62.919
62.966
63.102
63.259
63.223
63.045
62.377
62.035
60.822
59.51
58.415
57.462
56.64
55.836
53.957
52.307
51.555
50.433
51.647
52.273
53.527
53.684
55.315
55.013
55.478
55.21
56.248
56.115
56.176
56.386
56.377
56.059
56.023
56.262
56.17
55.951
56.247
56.279
55.855
56.143
56.328
56.07
56.136
56.279
55.785
55.934
56.424
56.102
55.746
56.435
56.577
55.774
56.392
56.71
55.125
55.592
56.449
55.036
55.907
56.254
55.016
56.193
56.2
55.005
56.221
56.116
54.933
56.446
55.799
54.932
56.556
55.544
54.873
56.808
