56.237
56.149
55.926
55.928
55.859
55.966
56.169
56.307
56.204
61.239
61.229
61.218
61.119
61.02
61.195
61.166
61.233
61.294
56.139
56.032
60.953
61.581
63.009
63.645
64.093
64.388
64.297
56.273
55.947
55.989
55.996
56.125
56.253
65.879
65.889
65.751
65.269
64.305
55.739
55.886
56.033
56.07
56.213
60.982
65.751
65.832
65.984
65.891
65.719
65.732
65.659
65.523
65.668
65.562
65.54
65.669
65.46
45.021
45.095
65.403
65.511
65.357
58.769
62.043
55.36
48.678
45.084
46.582
46.025
44.298
44.85
45.025
44.001
45.186
44.988
45.26
45.213
45.097
45.126
46.046
57.201
56.687
57.481
57.7
57.732
57.831
58.044
58.32
58.151
58.06
58.156
58.104
57.873
57.794
57.945
58.072
57.981
57.964
58.021
57.917
57.77
57.93
58.088
58.128
58.042
58.105
57.693
57.21
56.548
56.64
54.285
51.931
52.275
51.31
48.734
46.159
45.551
52.109
64.585
65.044
65.488
65.849
66.1
66.235
66.244
66.244
47.025
47.19
47.056
47.176
46.731
47.07
46.957
47.085
47.113
48.692
50.272
57.832
65.392
65.289
65.314
65.338
65.228
65.643
46.928
47.15
47.458
46.167
49.909
48.828
47.746
47.809
46.762
46.199
48.526
49.65
61.078
60.802
61.098
61.319
61.345
61.678
61.818
62.022
62.221
62.245
62.137
62.162
61.697
61.413
71.01
71.053
70.988
47.083
47.141
65.283
65.258
65.145
65.085
65.016
64.984
65.163
75.018
75.057
75.005
75.05
74.999
64.974
64.598
64.45
70.925
70.972
65.788
60.605
59.624
61.081
61.733
62.136
62.421
62.56
62.801
62.792
62.832
62.985
62.777
63.063
62.876
62.996
63.011
62.882
63.088
63.028
63.084
63.341
63.14
63.071
63.25
63.122
63.074
63.132
63.108
62.991
63.052
62.903
63.061
63.036
62.915
62.959
62.8
62.961
62.919
62.889
62.921
62.842
62.932
62.894
62.897
62.927
62.869
62.876
62.78
62.759
62.625
62.564
62.544
62.645
62.77
63.297
68.116
67.897
49.865
49.82
51.381
52.941
65.164
65.54
52.344
50.835
52.264
52.099
52.276
52.494
50.692
52.19
51.502
52.53
52.121
51.996
51.399
51.593
52.258
52.089
52.352
51.477
51.629
51.738
52.142
66.004
65.981
66.082
66.162
66.118
66.073
66.074
66.036
66.05
66.106
66.075
66.064
65.979
65.992
66.077
66.04
66.117
66.096
66.036
66.085
66.074
66.199
66.051
66.02
66.025
65.894
66.12
66.108
66.147
51.383
52.665
59.399
66.132
66.064
52.021
51.124
50.382
49.639
51.944
52.56
52.323
52.09
66.045
65.989
65.973
66.065
66.126
52.156
50.915
59.7
61.094
61.178
61.098
60.828
61.21
60.842
61.09
61.184
61.028
63.266
63.124
63.045
63.012
63.055
63.019
63.004
63.22
63.69
64.161
64.077
63.993
64.1
63.865
64.043
63.973
64.047
63.958
64.038
64.014
64.039
64.089
64.017
64.101
64.089
64.062
