49.688
49.016
55.761
56.472
57.157
58.272
59.15
60.007
60.68
60.99
61.194
61.33
61.496
61.517
61.55
61.694
61.635
60.991
46.888
46.776
47.432
46.794
47.075
64.652
64.414
64.177
76.32
76.289
76.251
76.315
64.106
63.848
63.591
62.973
62.618
62.398
62.361
62.687
62.786
62.988
63.269
64.337
64.172
64.304
64.653
64.946
65.403
65.68
65.425
65.17
43.201
44.693
45.373
44.574
44.33
44.631
45.04
45.128
45.179
45.248
45.296
66.534
66.409
66.209
66.03
65.992
65.935
65.689
65.778
65.731
65.607
65.759
65.419
44.42
44.349
44.835
44.998
45.012
45.25
45.25
45.244
44.766
44.54
66.023
65.597
65.499
65.455
65.3
65.381
65.304
65.444
65.528
65.644
65.587
65.479
65.317
64.285
57.155
57.087
57.104
57.066
61.256
65.447
64.307
64.419
64.391
64.377
64.459
64.436
64.481
64.404
64.447
64.549
64.691
64.525
64.479
64.379
64.312
64.385
64.505
64.63
64.584
76.583
76.396
76.32
76.362
76.521
76.85
77.179
65.766
65.855
50.061
49.839
49.787
64.828
63.394
57.742
57.242
56.082
54.211
52.83
58.357
58.103
58.572
58.853
58.988
58.855
58.852
58.812
58.905
58.97
58.939
58.717
58.537
58.02
57.763
48.734
50.265
55.429
60.593
61.143
61.368
61.527
61.482
61.488
61.502
61.4
61.085
61.024
61.101
61.063
61.394
61.477
61.103
60.779
60.157
62.292
63.637
75.66
75.579
75.436
63.374
63.408
63.413
63.459
63.443
63.47
63.535
63.553
63.433
63.056
62.644
53.902
53.94
53.563
53.759
53.853
53.872
63.185
64.148
64.492
64.383
64.14
46.936
47.057
47.45
46.913
46.91
65.769
65.822
65.662
65.467
65.311
65.284
65.271
65.258
65.39
65.372
65.338
65.446
65.235
65.225
65.271
65.029
65.144
65.117
65.073
65.029
64.863
65.296
65.333
65.254
65.266
65.437
65.154
65.253
65.33
65.379
65.183
65.377
64.865
65.227
65.334
65.301
65.295
65.52
65.373
65.254
65.134
65.415
64.695
65.674
65.014
65.107
65.201
62.95
60.699
43.605
43.088
50.725
50.058
49.391
49.899
49.463
49.074
49.064
65.147
65.405
65
50.648
55.176
53.025
50.874
49.137
58.508
59.181
59.559
58.492
59.216
46.654
48.195
46.799
58.934
59.112
59.172
47.078
46.891
47.15
47.139
47.163
46.948
54.171
53.883
54.036
