55.799
56.752
56.059
55.858
55.821
56.376
56.886
55.322
55.519
55.717
56.558
55.877
43.843
43.962
43.901
43.824
43.088
44.512
44.299
44.087
43.318
43.719
44.234
45.189
46.144
45.514
44.884
51.715
62.268
63.053
62.627
63.167
62.933
62.699
63.025
63.02
62.862
63.066
62.972
63.048
63.026
62.042
60.755
62.515
63.215
55.514
56.413
55.625
56.47
56.385
55.762
60.82
60.831
59.736
59.871
60.006
58.938
59.204
55.617
45.624
52.214
58.804
59.162
58.886
58.944
59.081
59.195
59.058
58.865
59.029
59.023
59.16
59.007
58.977
58.994
58.976
59.578
59.219
58.859
59.047
59.204
59.87
60.535
60.848
61.16
60.617
61.172
52.288
52.968
51.928
59.006
60.281
62.348
63.278
63.923
61.446
60.415
61.504
60.776
66.775
66.653
66.863
67.001
67.076
67.081
67.21
67.354
67.437
67.628
67.631
67.488
67.404
67.385
67.485
67.611
59.448
59.139
59.136
58.895
59.043
59.189
58.926
67.529
67.624
67.617
67.649
67.72
67.67
67.597
59.04
59.106
59.146
59.109
58.859
54.636
58.213
61.789
62.58
63.253
63.688
63.74
63.571
63.518
63.79
64.419
64.961
65.386
65.52
65.56
65.375
64.784
65.279
43.609
44.13
60.512
61.848
43.532
43.718
43.923
44.24
44.012
48.744
57.066
57.44
57.796
57.844
58.214
58.03
57.846
57.767
57.938
57.826
58.41
58.377
58.636
58.821
58.51
58.577
58.632
58.143
58.568
58.174
58.2
58.424
57.995
58.081
57.927
58.41
57.919
58.325
56.865
55.358
56.556
56.446
55.555
56.215
56.093
55.987
55.94
55.942
56.107
55.905
51.075
53.895
56.715
55.165
45.145
43.797
44.278
56.234
56.253
55.493
56.38
56.041
43.473
43.382
56.134
55.896
52.956
52.533
47.733
46.37
53.765
54.159
53.579
53.949
53.954
54.567
54.556
54.727
55.198
54.832
57.487
57.55
57.511
57.83
58.047
58.322
58.39
58.698
58.462
58.23
58.098
57.904
57.853
54.571
54.496
55.556
57.167
52.383
54.211
55.453
56.855
57.882
58.547
59.117
60.016
60.09
60.137
60.71
60.955
60.921
60.949
61.013
61.05
61.105
61.148
61.161
61.162
61.187
61.113
60.769
59.913
60.505
61.702
62.898
62.829
62.901
62.626
62.68
62.417
62.437
62.054
61.81
61.453
61.173
61.024
60.779
60.664
60.68
60.578
60.409
60.315
59.954
59.38
58.242
58.177
58.321
58.391
47.035
46.957
47.235
46.794
46.465
47.551
47.4
59.806
59.137
58.776
58.843
58.521
58.527
58.501
58.38
58.345
46.657
47.215
46.96
46.978
46.777
47.485
46.651
46.829
47.064
47.201
47.18
46.906
50.062
53.218
53.138
53.536
54.105
55.475
55.971
56.467
57.963
58.396
57.519
53.8
54.243
60.617
61.747
62.241
62.597
62.916
62.573
62.533
62.493
62.996
63.704
63.843
63.728
63.485
63.162
63.804
63.669
62.704
61.482
61.891
61.982
62.785
63.148
55.931
66.208
59.422
52.637
52.107
65.111
65.747
65.542
65.141
59.038
58.965
59.046
59.292
58.679
59.245
67.511
67.486
67.509
51.938
51.929
51.765
52.037
51.964
52.177
51.651
68.986
68.426
68.412
68.43
68.391
68.323
68.213
68.442
52.101
51.844
