56.076
56.471
56.24
55.916
55.776
56.213
56.443
56.172
55.883
55.913
56.169
56.316
56.206
55.909
82.941
82.92
82.956
82.982
83.018
83.05
56.575
56.585
56.48
55.534
54.588
55.454
56.32
55.516
56.151
56.968
57.744
58.231
58.977
59.431
59.993
60.199
60.017
60.98
60.818
61.482
58.996
56.541
56.899
57.203
57.436
56.902
58.494
59.5
59.898
60.077
59.284
58.972
59.825
59.934
58.199
57.578
59.993
58.843
58.263
56.473
57.306
56.984
57.092
56.957
57.029
56.446
58.497
59.713
58.706
58.602
59.978
58.662
58.556
59.966
58.82
58.758
59.999
59.615
58.411
56.2
57.267
57.02
56.861
57.134
57.551
57.681
60.888
59.054
57.219
57.196
57.192
57.181
57.188
57.165
57.147
57.161
57.19
57.135
57.076
56.897
56.454
55.997
55.976
56.677
56.948
57.365
58.029
57.75
57.692
57.893
58.665
58.085
58.332
58.872
57.968
57.119
56.961
57.013
57.005
57.264
50.263
51.206
54.155
57.103
63.676
64.09
63.885
63.685
63.571
63.504
63.31
63.234
63.184
63.241
63.234
63.137
63.201
63.285
63.363
63.436
63.393
63.319
57
57.022
56.98
57.002
57.009
57.027
57.022
57.021
56.85
57.031
57.031
56.991
56.983
56.981
57.035
56.849
56.956
57.989
59.206
58.396
59.466
58.472
59.412
58.261
59.264
58.059
59.251
58.27
59.628
58.387
59.535
57.544
56.987
56.982
57.043
57.028
57.142
56.944
56.676
55.602
55.864
56.657
56.76
56.803
56.928
56.476
57.358
56.528
57.267
56.789
56.497
57.236
56.262
56.466
57.462
56.427
57.658
56.745
57.698
56.738
57.697
56.76
57.942
56.996
57.958
58.108
56.668
58.667
58.789
58.911
59.101
58.917
59.098
59.098
64.345
64.043
63.791
64.261
64.162
64.235
64.425
64.501
64.682
65.174
65.338
65.579
65.874
66.121
66.285
66.289
66.105
65.982
78.019
78.024
77.979
78.001
77.995
63.013
62.729
63.005
63.52
63.755
64.14
63.966
63.689
63.877
64.002
63.729
63.924
64.124
63.78
63.924
64.411
64.078
64.108
63.729
63.874
64.256
63.911
63.753
64.095
63.774
63.827
63.938
63.728
63.665
49.402
48.749
48.863
49.312
49.12
48.693
49.254
49.186
48.76
49.158
49.111
48.906
49.022
49.134
49.084
48.975
49.135
49.036
48.996
49.076
49.067
49.021
49.048
49.074
49.096
49.008
49.091
49.052
49.032
49.088
48.994
49.084
49.049
49.04
