64.045
63.552
63.06
63.579
60.186
56.793
56.293
57.996
58.893
60.017
60.177
61.611
64.545
64.492
61.491
62.673
63.856
64.095
52.118
51.639
51.954
64.442
64.653
64.684
64.557
64.394
64.472
64.55
64.334
64.208
64.259
64.069
52.043
52.116
52.025
64.21
64.388
64.135
63.595
61.727
61.001
52.192
52.068
52.024
52.182
53.008
59.103
57.866
60.545
61.579
62.208
62.7
62.654
63.761
62.545
63.986
64.106
64.225
64.437
64.423
64.492
64.456
64.134
64.089
64.035
63.982
63.589
63.463
64.114
57.796
51.479
52.05
52.143
52.15
52.157
51.47
63.702
63.865
63.737
63.628
63.518
63.73
63.942
64.122
64.301
65.044
64.462
64.509
64.317
64.124
63.773
62.039
60.305
58.852
57.745
55.781
56.443
57.894
57.955
57.202
58.204
58.534
58.699
59.122
59.357
59.658
59.636
59.905
59.646
59.773
59.916
60.22
59.433
59.418
58.885
58.596
58.779
58.943
59.356
60.007
60.417
60.808
61.419
61.26
61.649
62.482
62.959
63.346
62.007
46.924
47.217
47.213
45.545
43.877
64.916
64.825
64.973
64.985
65.01
65.028
64.802
64.899
64.621
64.939
64.892
64.801
64.463
65.183
64.761
64.662
64.528
62.774
61.654
58.827
55.999
55.019
54.038
56.787
59.535
61.373
62.346
62.424
62.863
62.808
63.022
62.918
64.025
64.461
64.898
64.223
64.739
64.927
64.737
65.126
64.103
64.914
64.659
65.015
65.371
63.607
66.101
65.817
66.076
66.141
66.028
54.125
53.907
46.754
48.14
64.812
64.223
64.074
63.541
63.547
63.553
65.152
64.112
64.942
64.842
64.742
63.889
65.224
63.737
62.885
62.033
60.335
60.719
61.272
61.825
61.9
61.809
61.499
60.839
61.836
61.867
61.515
59.717
60.753
61.789
61.962
61.726
54.078
55.138
55.315
55.104
55.135
55.122
55.418
55.368
55.111
55.224
55.385
55.092
54.867
59.511
64.155
64.72
64.515
64.209
64.103
63.996
44.183
44.512
44.391
44.271
46.34
64.087
62.123
62.628
53.285
43.942
43.619
43.562
43.81
44.059
63.357
62.823
63.333
63.415
63.497
64.408
63.629
63.454
63.904
64.123
64.247
64.661
64.993
64.857
64.451
44.542
43.874
43.949
43.319
44.818
63.725
63.244
63.728
64.213
64.593
63.784
64.93
62.676
44.814
43.94
49.847
55.754
61.82
61.434
61.211
61.013
62.135
62.692
63.249
62.895
44.105
44.192
44.192
44.278
44.347
44.334
44.318
44.362
62.337
62.473
62.408
62.343
62.272
62.209
62.145
43.168
43.065
43.119
43.208
43.142
43.569
43.598
43.883
43.425
52.896
55.948
54.664
43.901
43.947
44.258
44.842
44.813
44.165
63.418
63.034
63.126
63.228
63.759
62.251
64.019
64.016
64.014
61.803
61.505
43.36
43.44
59.989
58.797
58.811
59.142
59.325
59.624
59.963
59.693
60.394
60.595
60.624
60.654
60.698
52.85
45.001
45.492
62.407
62.222
62.25
62.363
62.587
62.81
61.693
44.973
45.096
45.171
44.952
44.892
46.102
45.839
45.576
45.292
45.008
50.158
55.309
55.411
55.721
55.397
55.708
55.776
55.777
55.969
55.765
56.375
55.978
56.443
56.737
56.59
57.63
56.96
57.102
57.056
57.147
57.034
57.127
57.044
