58.994
58.981
59.104
59.447
59.103
58.76
53.219
52.432
52.66
52.889
52.588
52.791
52.824
53.167
53.282
53.547
53.857
52.014
52.951
59.098
59.152
58.859
52.773
52.832
55.048
54.998
55.761
55.206
55.344
55.245
54.747
54.677
54.621
54.665
54.824
54.89
54.533
54.32
53.965
53.994
54.132
54.492
56.205
55.227
55.706
54.774
55.987
56.296
55.317
56.046
56.509
57.062
70.957
70.977
71.042
57.916
58.133
57.923
57.279
58.277
57.764
56.965
57.264
56.87
57.195
57.105
57.487
57.361
57.333
57.305
56.807
57.352
52.194
52.065
52.207
51.904
51.847
51.937
52.082
52.147
52.072
51.767
51.767
51.915
51.616
68.978
69.008
69.014
52.02
52.164
51.771
56.859
57.015
52.012
52.058
51.811
51.835
51.939
51.993
52.137
52.256
52.138
51.888
52.449
54.607
56.766
57.232
57.081
56.736
56.897
56.851
57.089
57.081
57.3
56.989
56.728
56.802
56.877
56.716
56.434
56.714
56.622
56.53
58.568
58.217
58.659
58.382
58.142
58.81
58.207
58.502
58.376
58.543
58.744
58.603
58.87
59.136
58.287
59.724
56.462
58.116
59.145
58.404
58.596
58.534
58.458
58.607
58.576
58.646
58.56
58.564
58.544
57.973
58.614
58.499
58.138
59.028
58.893
58.831
58.558
59.275
59.712
59.878
60.228
60.234
60.369
60.16
60.276
60.321
60.201
60.35
60.499
60.191
60.223
60.325
59.208
59.233
60.622
60.39
61.214
61.75
61.884
62.025
62.068
61.79
61.545
61.629
61.448
61.248
61.534
61.61
61.015
61.093
61.778
60.377
58.975
58.99
59.165
59.34
60.623
61.906
62.28
62.757
62.398
62.443
62.451
62.459
62.325
62.138
61.829
61.652
62.358
63.715
63.829
64.307
64.421
64.421
64.139
63.653
63.882
63.882
63.435
63.782
64.13
63.934
63.84
64.086
63.866
63.881
64.06
63.964
63.857
63.962
63.916
63.615
63.903
75.875
75.947
75.951
75.917
63.885
63.824
71.058
71.017
71.038
70.993
71.011
70.99
70.998
70.99
70.984
70.992
71.004
70.977
71.013
71.026
70.996
63.965
63.932
75.939
75.992
75.945
75.897
62.6
61.65
62.443
63.236
62.787
62.338
75.891
75.848
63.61
63.191
64.169
62.799
62.38
61.961
52.787
51.986
63.778
63.628
62.822
61.665
62.057
62.449
62.226
62.004
62.085
62.166
56.369
56.273
56.634
56.663
56.736
56.909
56.806
56.873
56.935
56.741
56.794
56.847
66.993
66.981
52.652
51.715
52.179
52.066
51.695
56.002
56.353
56.704
52.178
52.096
51.957
52.355
52.211
52.243
51.985
52.022
51.971
52.076
52.33
56.296
56.604
57.769
58.774
58.733
58.243
59.964
59.294
60.476
60.837
61.061
61.562
61.642
61.722
61.501
61.546
62.405
61.778
61.776
62.576
63.363
63.368
63.794
64.493
63.956
64.419
64.087
63.929
63.952
63.885
64.147
63.792
64.119
76.092
76.061
63.937
63.311
63.548
62.411
61.199
60.971
61.087
60.971
60.861
61.193
60.931
61.006
61.108
60.978
60.834
61.185
61.026
60.826
61.086
61.154
60.755
61.11
61.097
60.849
61.016
63.411
65.806
65.808
56.842
56.891
57.123
56.799
56.837
57.143
56.947
56.842
56.985
56.96
56.89
57.01
57.026
64.537
64.527
64.842
64.698
64.6
50.137
50.008
49.543
49.73
50.275
50.017
49.954
49.891
65.839
66.11
50.091
49.913
49.887
49.983
50.029
50.074
49.837
49.827
64.46
64.296
49.924
50.373
49.947
49.552
50.135
61.156
59.94
59.77
60.375
60.692
61.187
61.348
61.492
61.405
61.273
61.228
61.157
61.634
61.394
61.448
61.298
61.333
54.893
58.168
61.444
61.384
60.778
61.173
60.973
61.008
61.178
60.925
61.298
60.389
61.1
61.244
60.791
71.052
71.047
70.982
65.919
60.855
50.125
48.381
