67.027
67.016
66.958
66.898
66.777
64.886
62.995
67.024
67.049
67.058
67.079
67.06
53.039
57.984
62.93
62.985
62.979
64.983
66.988
67.029
66.983
66.951
50.778
50.909
51.037
50.931
50.907
67.01
66.999
50.99
50.943
50.899
50.892
50.952
50.877
50.94
66.933
66.988
50.779
51.018
50.791
51.089
50.837
51
50.849
51.136
67.149
67.103
66.97
66.892
66.829
66.792
66.818
66.918
66.964
67.012
67.051
67.033
50.326
50.885
49.977
51.251
49.744
58.342
66.94
66.982
66.985
66.97
62.529
58.088
57.93
57.871
57.903
52.69
52.88
53.54
54.053
54.393
56.433
57.05
56.989
56.928
57.252
57.576
58.169
57.659
57.559
62.842
62.913
63.021
62.928
62.992
63.028
62.514
60.975
62.364
62.551
82.026
82.044
82.053
82.038
82.06
62.612
62.208
63.52
64.831
64.949
65.067
65.135
65.061
84.047
84.052
84.052
64.93
64.95
64.967
65.021
65.297
65.342
65.249
64.926
64.989
65.052
65.232
65.449
65.666
65.548
65.597
65.645
65.608
65.572
65.252
65.142
84.052
84.05
64.919
66.413
66.53
66.94
67.007
67.044
67.011
67.037
67.111
66.426
66.296
67.404
66.481
67.12
67.062
66.513
67.246
66.615
66.641
66.668
66.662
78.909
79.011
67.267
67.1
79.038
78.927
79.07
60.012
60.016
60.015
61.07
58.396
55.018
53.012
53.67
54.497
56.025
57.224
57.938
58.781
58.839
58.822
59.234
59.265
59.062
59.191
59.355
59.369
59.202
58.98
59.313
59.433
59.36
59.074
59.172
59.286
59.14
58.868
59.25
59.364
59.03
58.585
59.275
59.405
59.327
59.189
59.299
59.662
59.132
58.551
58.562
59.222
59.684
59.178
58.525
59.294
59.15
58.443
59.247
59.792
57.453
59.125
59.759
59.029
58.3
59.098
59.648
60.199
58.913
59.278
59.644
59.892
57.162
59.092
59.009
58.925
60.321
59.902
59.821
79.028
79.058
70.007
70.028
70.011
69.982
74.542
67.026
59.509
59.935
59.784
59.633
59.623
59.612
59.749
59.887
59.855
59.679
59.504
59.573
59.642
60.019
60.012
59.78
60.32
59.688
59.816
59.944
59.821
60.249
59.613
60.295
59.756
60.039
59.943
59.846
60.317
59.786
60.165
60.023
59.806
60.237
78.987
