63.148
62.998
63.198
54.083
54.218
63.217
63.203
63.028
63.092
63.094
63.043
63.12
63.096
63.058
63.071
63.065
63.034
63.049
63.03
63.046
63.02
63.011
63.039
63.018
63.039
63.06
63.013
63.056
63.059
63.015
63.07
63.048
63.032
63.069
63.023
63.04
63.058
63.018
63.046
63.061
63.004
63.066
63.084
63.057
63.088
63.066
63.063
63.072
63.049
63.059
63.055
63.046
63.045
63.027
63.04
63.042
63.053
63.062
63.064
63.059
63.083
63.063
63.074
63.083
63.044
63.057
63.047
63.045
63.04
63.049
63.033
63.05
63.05
63.057
63.084
63.079
63.054
63.083
63.046
63.047
63.081
63.019
63.053
63.063
63.006
63.053
63.071
63.068
63.056
63.043
63.074
54.486
55.05
55.738
56.576
57.332
57.873
58.092
58.105
58.295
58.166
57.976
82.99
83.011
82.998
82.998
82.991
67.7
65.855
64.011
64.213
64.261
64.388
64.515
52.042
52.141
52.075
52.055
52.043
52.029
52.096
52.112
52.129
52.003
52.056
66.006
65.647
65.838
66.071
66.111
66.151
66.627
66.443
66.259
78.046
78.048
78.02
77.992
78.003
77.995
77.988
77.998
77.993
78.038
67.222
67.002
67.311
67.539
67.698
67.744
67.827
79.921
80.023
80.009
79.943
79.97
79.996
80.003
79.982
79.988
80.025
80.006
79.997
68.179
66.241
66.016
66.209
66.457
78.085
77.981
77.975
77.984
77.987
77.985
77.992
78.04
77.995
77.983
77.984
52.227
51.475
51.059
50.642
62.982
62.818
63.362
63.495
63.309
63.489
63.668
63.656
63.583
52.016
52.026
63.627
63.671
63.657
52.084
52.069
63.74
63.794
63.883
63.911
63.869
52.038
52.081
52.017
52.073
52.054
52.038
52.088
52.058
51.999
52.054
52.051
52.066
52.06
52.057
51.93
58.159
64.388
65.17
66.045
66.2
66.303
66.994
66.611
66.187
67.155
67.018
67.54
52.058
52.127
52.036
67.747
68.356
68.458
68.933
68.639
68.426
68.369
80.124
80.065
52.135
52.044
68.027
67.848
79.99
79.993
79.991
79.978
80.012
79.986
79.983
80
80.008
80.032
61.305
62.029
74.92
75.364
63.708
64.246
64.432
64.581
64.417
64.478
64.96
64.661
65.048
65.045
65.042
65.638
65.713
65.789
66.123
66.06
65.903
65.907
65.856
65.76
65.773
65.747
65.726
65.633
64.439
63.244
63.049
63.073
62.976
63.106
63.024
62.987
63.07
63.081
63.056
63.097
62.991
63.028
63.078
63.025
63.123
63.021
63.038
63.026
63.036
63.056
63.073
63.057
57.103
57.632
58.468
59.096
59.525
59.778
59.945
60.217
60.255
60.387
61.289
62.19
62.351
62.513
62.094
61.599
60.737
59.124
56.314
54.316
53.684
54.628
55.823
56.629
57.16
57.551
57.646
57.55
57.45
57.511
57.528
57.574
57.691
57.794
57.802
57.753
57.784
57.868
57.877
57.859
57.76
57.756
57.848
57.94
58.112
57.979
57.928
57.955
58.138
58.219
58.202
57.782
82.994
82.989
82.988
82.982
82.989
82.995
82.991
83.019
83.02
83.025
83.014
83.002
82.981
82.962
82.964
82.967
82.972
82.995
83.026
83.039
83.044
83.028
83.028
