47.015
46.863
46.936
47.365
46.974
47.006
47.044
46.751
47.049
46.778
47.095
46.922
46.899
47.023
46.927
47.033
47.103
47.124
46.896
46.904
47.083
46.867
46.963
47.135
46.33
46.556
46.781
46.687
46.952
46.955
47.326
46.626
59.371
59.62
59.977
60.581
60.993
61.413
62.181
62.805
63.204
63.227
63.241
63.116
62.509
60.217
59.625
55.085
58.506
61.926
62.323
62.862
62.863
62.925
62.963
62.463
62.695
62.775
62.526
62.521
62.567
62.613
62.689
62.911
47.279
46.583
64.384
76.459
76.615
76.653
76.683
76.743
76.729
76.688
76.715
76.776
76.826
76.841
76.978
76.927
76.876
63.667
64.054
63.74
64.155
64.221
64.203
64.631
64.886
65.142
65.537
65.932
62.612
62.616
63.165
62.648
46.175
47.897
65.988
65.499
66.111
65.971
66.551
67.131
67.332
66.957
67.703
66.811
68.188
67.355
68.106
67.46
67.662
67.864
67.907
67.724
46.735
47.407
47.161
47.042
68.693
68.222
80.191
79.992
79.895
79.868
80.043
80.245
80.521
80.765
69.16
69.211
69.27
69.329
69.15
69.503
69.205
69.332
69.327
69.339
69.158
69.428
69.464
69.563
69.987
72.63
81.995
82.024
82.152
82.279
82.042
82.052
72.676
72.644
72.491
73.708
74.925
74.636
74.61
62.601
62.605
62.806
62.741
62.849
62.762
74.857
74.826
62.645
62.869
62.729
62.601
74.603
74.586
62.639
62.739
62.728
74.716
74.845
74.852
74.869
74.847
74.784
74.77
74.685
62.878
62.207
61.677
60.074
57.995
56.034
55.538
57.524
59.01
60.294
61.131
61.452
61.982
62.307
62.636
62.919
62.877
62.748
62.818
47.329
48.296
62.507
61.693
60.612
60.441
60.624
60.565
60.608
60.651
60.695
60.936
60.972
60.751
60.804
60.658
61.393
60.906
60.634
60.798
60.965
60.765
60.8
60.785
60.977
60.857
60.813
60.819
60.802
60.921
60.884
60.856
60.253
61.491
61.021
58.842
56.663
58.313
60.925
61.46
60.86
61.31
61.339
61.4
61.408
61.212
61.238
61.185
60.978
61.059
60.822
60.638
60.817
60.493
61.039
60.783
60.762
59.687
60.206
60.113
59.34
58.128
56.937
56.43
57.333
58.105
58.625
58.673
59.12
59.059
58.625
58.98
58.916
58.935
58.832
58.947
58.937
58.893
58.814
58.595
58.709
58.834
59.038
59.538
59.621
59.584
43.096
43.196
43.489
47.613
51.738
48.105
51.605
48.253
44.9
44.157
44.396
44.67
44.417
45
44.947
44.425
44.66
44.464
44.259
43.891
43.589
44.566
51.897
53.022
51.128
43.508
43.186
43.682
43.431
43.582
44.239
56.086
56.828
57.071
57.329
58.303
58.371
58.716
58.698
58.496
58.275
58.092
57.853
58.038
57.592
58.471
61.804
63.025
63.456
53.936
44.417
43.267
54.107
64.946
64.451
65.427
66.639
49.908
48.299
48.024
49.431
48.683
49.257
66.628
66.638
66.703
66.768
66.56
66.976
66.901
66.825
78.68
78.734
78.738
78.829
78.69
80.261
81.832
81.802
81.914
81.763
66.044
66.127
66.16
66.236
78.379
78.199
78.5
78.482
78.774
79.015
79.077
79.203
79.408
79.138
79.048
80.772
82.496
82.387
82.562
82.819
67.346
66.128
72.141
78.154
78.066
78.038
78.049
77.988
78.015
65.996
57.603
69.826
82.048
