49.124
49.341
49.557
49.289
49.021
49.521
50.022
69.093
69.019
68.937
69.038
68.979
69.066
68.941
68.981
61.833
61.748
61.663
56.477
62.763
56.555
54.532
52.509
52.366
51.857
50.588
50.689
50.79
55.403
55.917
56.076
55.895
55.344
55.569
54.856
55.508
55.332
55.326
55.716
55.737
55.403
55.118
54.724
53.988
54.711
56.122
55.652
55.982
55.799
55.577
55.825
56.033
56.482
55.874
55.721
56.356
56.949
56.464
56.98
57.019
56.815
57.113
56.867
57.074
56.797
56.991
56.861
57.154
56.965
57.056
57.133
57.081
57.139
56.661
56.825
57.053
57.416
56.822
57.131
56.84
56.958
57.075
51.974
52.053
52.033
52.056
51.972
56.991
56.991
69.031
68.895
69.025
68.971
68.995
69.039
68.967
69.057
68.974
68.946
68.918
68.921
68.924
68.944
68.964
62.186
55.407
56.594
57.439
57.621
57.631
57.491
57.608
57.366
57.278
57.023
57.168
57.298
57.796
57.841
57.518
57.394
57.358
57.589
57.818
57.508
57.522
57.311
57.496
57.855
57.509
57
57.477
57.135
57.841
58.149
58.617
58.546
58.797
58.98
59.021
59.127
59.467
59.261
59.547
59.397
59.267
59.442
59.483
59.445
59.424
59.222
59.168
59.231
59.117
59.301
59.234
58.989
59.016
58.977
59.065
58.927
59.081
59.024
59.136
59.348
60.322
59.459
59.462
59.095
59.067
58.893
59.166
58.933
58.911
58.961
59.015
59.889
60.305
60.17
60.2
60.419
59.813
60.391
60.483
60.479
60.807
60.688
61.085
60.961
60.921
61.579
61.24
60.797
70.948
71.003
61.399
61.116
61.489
59.708
61.107
61.833
62.223
62.226
71.203
71.123
62.085
61.069
62.052
62.337
62.366
62.328
74.712
74.9
62.355
62.222
74.664
75.141
75.592
76.204
76.485
76.448
76.327
76.127
75.965
75.814
75.71
75.748
75.763
75.777
75.771
75.838
64.071
63.748
75.731
75.777
75.773
75.729
75.76
75.825
63.538
64.084
63.99
63.71
75.85
75.885
75.9
59.401
59.017
56.294
66.11
75.927
75.857
63.948
63.789
64.015
64.029
69.906
61.096
52.286
52.006
51.572
75.807
75.816
71.289
73.556
70.118
66.681
64.797
62.913
57.37
51.827
52.403
51.655
52.019
51.903
51.865
52.235
52.103
51.954
51.571
51.888
52.26
65.646
65.816
65.986
65.946
65.905
66.434
63.763
65.161
66.559
63.731
60.902
60.939
61.164
61.154
61.078
60.927
60.94
61.029
61.082
61.05
60.921
60.977
60.95
60.809
61.268
61.094
59.06
57.025
57.055
57.085
56.874
56.918
56.962
59.054
61.146
