43.732
43.349
43.347
43.317
43.658
43.689
43.931
43.944
44.063
43.801
43.943
43.847
44.024
43.805
43.996
44.004
43.919
44.042
43.995
44.091
43.926
44.153
43.862
43.996
44.069
43.959
44.01
44.166
43.975
43.345
43.657
43.295
42.966
60.652
60.085
59.518
61.118
62.717
75.036
75.013
43.977
43.953
43.89
44.143
44.196
44.094
43.618
59.002
58.689
59.142
58.962
58.889
59.234
59.24
59.246
58.854
59.098
59.024
58.922
59.044
58.879
59.137
58.847
58.955
52.17
52.78
53.39
54.493
56.077
56.093
57.367
56.322
58.527
59.034
58.754
58.94
58.898
58.827
60
60.039
60.077
61.429
61.602
62.009
61.941
53.641
53.913
62.751
62.537
53.984
54.109
58.986
58.922
61.648
61.281
60.968
60.138
59.308
58.928
58.914
62.787
62.556
62.752
62.832
62.533
62.685
62.166
62.119
61.305
61.137
60.417
60.677
60.936
61.533
60.374
46.998
46.811
47.001
46.569
47.432
62.622
63.011
62.562
62.707
62.1
62.197
62.293
62.689
62.55
59.111
59.164
59.217
46.8
47.145
46.96
46.775
47.145
47.07
66.445
66.096
66.071
65.908
65.866
65.652
65.563
65.673
46.708
46.985
46.941
46.897
46.955
46.836
46.911
46.924
46.605
47.023
47.515
46.4
47.823
53.994
49.807
45.62
46.83
47.244
46.285
47.159
46.987
46.404
47.187
46.783
47.278
46.655
59.32
59.141
59.903
60.231
60.918
61.25
61.855
62.212
62.978
62.674
62.596
61.973
60.145
59.77
59.394
46.192
47.595
59.642
58.13
62.833
62.966
62.9
63.037
62.98
62.644
62.728
62.588
62.602
62.501
62.723
62.651
61.977
61.426
61.024
47.034
43.031
43.654
60.79
60.667
60.063
60.637
59.907
59.177
59.349
58.659
58.532
58.954
58.855
63.815
64.057
64.098
43.462
44.673
53.644
53.639
54.211
54.782
43.131
43.783
54.673
54.67
54.668
62.751
62.641
62.453
62.169
61.721
61.862
61.573
61.932
62.375
62.748
62.793
62.615
62.527
62.269
62.528
62.41
62.713
62.519
62.67
62.419
43.928
43.888
43.728
43.835
43.72
43.766
43.915
43.865
43.75
43.631
44.029
44.079
44
43.565
43.751
43.866
43.755
44.135
43.948
43.939
43.701
43.825
43.811
43.87
44.093
43.94
43.917
43.58
43.822
44.087
43.831
43.951
43.719
44.019
43.759
43.967
43.883
43.815
43.825
43.957
43.565
44.056
43.642
43.712
43.88
43.539
43.254
43.858
44.789
44.129
43.658
44.013
43.497
43.707
43.821
43.758
43.998
43.719
44.066
43.747
43.766
43.619
43.461
52.985
53.817
53.864
54.079
54.166
54.18
54.12
54.215
54.1
54.123
54.217
54.113
54.053
43.586
43.823
44.077
43.708
42.941
43.355
49.717
46.568
43.42
43.067
44.889
46.71
49.837
52.964
