57.997
57.953
57.971
58.022
57.977
57.998
57.938
58.03
57.978
57.954
57.99
57.959
57.993
57.967
57.986
57.977
57.974
57.98
57.99
57.972
57.99
57.99
57.958
57.99
57.976
57.973
57.968
57.985
57.965
57.991
57.978
57.979
57.979
57.981
57.977
57.977
58.003
57.962
57.984
57.962
58.008
58.083
58.158
49.361
44.415
44.701
44.168
44.973
33.493
39.301
45.109
44.644
44.496
44.887
45.278
44.371
44.173
44.505
49.4
58.144
57.874
58.008
57.988
57.984
57.978
57.972
57.912
58
57.925
58.029
58.009
58.023
58.2
58.237
55.614
55.505
81.88
81.953
62.946
62.959
60.034
57.109
57.895
58.96
59.93
60.79
61.924
62.342
62.637
62.932
63.024
63.48
63.413
64.402
64.316
64.512
64.708
64.876
65.004
64.986
64.975
64.91
64.844
64.938
64.928
64.455
64.956
64.711
64.18
83.912
83.941
65.141
64.959
84.029
84.047
76.954
76.955
84.049
84.046
84.034
64.574
65.115
65.026
65.023
65.017
65.745
66.473
66.865
67.014
67.05
66.492
65.392
66.153
65.796
66.312
65.494
66.21
66.273
67.199
67.298
66.223
65.91
66.301
66.478
66.635
66.735
66.741
66.636
66.751
66.623
66.325
44.054
44.378
51.353
53.788
56.222
55.793
56.8
58.202
58.649
59.112
59.844
60.151
60.206
59.976
59.758
60.251
60.515
60.455
60.397
60.34
60.358
60.35
60.378
60.373
60.329
60.353
60.326
60.201
60.052
60.002
60.029
60.083
60.131
60.251
60.327
60.351
60.344
60.298
60.287
60.327
60.301
60.157
59.998
59.918
59.911
59.9
59.888
59.867
59.817
59.778
59.766
59.696
59.678
59.657
59.662
59.715
59.688
59.837
59.882
60.18
59.561
79.022
79.017
79.011
79.008
79.011
79.028
79.032
79.037
79.019
79.046
79.044
79.033
79.024
59.969
44.277
43.96
44.087
43.695
43.602
43.389
42.948
55.867
55.906
55.963
43.033
43.257
43.693
43.703
44.033
44.02
61.927
62.355
63.213
64.053
64.513
66.854
66.649
66.697
67.037
67.286
66.562
67.569
66.791
66.77
66.791
67.22
66.596
48.558
49.917
50.607
50.875
51.143
50.779
51.239
50.869
51.099
51.02
51.016
51.01
50.941
51.072
65.244
64.909
64.84
55.651
44.78
43.982
65.203
64.988
64.965
65.178
65.195
65.078
64.965
65.067
65.147
65.003
64.804
64.925
65.107
64.98
64.809
65.031
65.14
65.115
64.846
64.8
43.965
43.99
44.109
49.331
46.718
44.105
44.723
44.198
44.067
43.936
53.426
53.866
44.153
44.011
43.926
43.841
44.024
43.915
43.805
44.325
54.586
