65.99
65.952
53.042
50.093
52.038
51.808
51.666
53.398
53.171
53.914
54.368
54.959
55.313
55.673
55.92
56.368
56.439
56.074
55.76
55.261
54.457
53.983
54.338
55.043
56.015
56.697
57.333
57.813
58.038
58.527
59.856
59.891
60.353
60.815
61.103
60.907
60.58
49.037
48.969
49.11
49.061
48.93
49.001
49.071
49.009
49.03
49.05
62.682
63.144
63.166
63.188
49.055
49.026
63.619
63.575
63.355
63.328
63.301
62.798
62.61
62.721
62.659
63.287
63.027
63.102
63.304
63.321
63.287
63.418
63.655
75.982
76.022
64.436
64.592
64.511
64.156
63.722
63.491
63.315
63.33
63.514
63.579
63.466
63.274
63.232
63.262
62.964
62.919
63.209
62.918
63.011
63.196
63.22
63.027
62.842
55.952
49.062
48.976
48.685
61.716
61.246
61.416
61.463
61.479
61.49
61.543
61.545
61.478
61.385
61.313
61.26
61.218
61.244
61.228
61.224
61.234
61.202
61.143
61.13
61.151
61.226
61.174
61.205
49.069
49.015
49.032
49.06
49.025
49.099
49.016
48.994
49.06
49.079
48.99
49.066
49.052
49.038
49.052
49.066
49.055
49.06
49.064
49.037
49.041
49.102
49.021
49.068
49.015
49.069
49.057
49.015
49.067
49.057
49.037
49.061
49.014
49.048
49.051
49.08
49.009
49.082
49.028
49.08
49.012
49.028
49.074
49.06
49.041
49.068
49.093
48.938
49.186
49.432
59.275
63.783
63.768
63.146
62.951
63.44
63.439
63.205
63.369
63.332
63.141
63.181
63.33
63.207
63.226
63.477
63.654
63.743
63.437
63.226
63.248
63.216
62.94
63.048
63.023
62.958
63.099
62.942
56.523
55.727
55.724
56.707
57.224
56.07
55.563
55.908
57.936
58.475
59.222
59.362
58.84
58.416
58.864
59.28
59.21
58.742
58.641
59.068
59.272
59.087
58.809
58.802
59.021
59.248
58.926
53.133
52.787
53.696
53.985
54.846
54.393
54.865
55.224
55.462
55.893
56.235
57.436
59.251
59.297
58.939
58.246
58.832
59.289
59.229
57.439
59.809
59.887
60.244
60.043
59.528
59.487
59.65
60.132
59.562
59.342
59.326
59.396
59.579
60.1
59.775
59.537
59.45
59.397
59.247
59.018
58.954
59.382
59.353
59.325
59.23
59.306
59.533
55.783
56.145
55.974
55.811
56.06
56.403
56.608
56.102
55.769
55.818
