52.304
59.493
60.008
60.047
59.892
59.792
59.74
59.932
60.118
60.326
60.738
60.844
59.665
59.717
52.187
53.284
62.481
62.191
62.47
62.519
64.382
63.954
62.809
62.741
63.86
52.204
51.869
51.85
51.812
51.975
51.84
51.947
52.04
51.939
52.173
52.177
52.287
52.193
52.223
51.739
51.951
52.073
51.954
52.119
52.075
60.126
60.263
60.765
61.693
57.105
57.43
57.137
57.361
56.812
57.928
52.053
51.917
64.751
77.068
76.85
76.721
76.637
76.9
76.915
76.295
76.177
64.446
64.3
63.199
69.614
60.634
51.654
52.903
62.678
62.734
62.912
62.962
63.118
63.019
62.723
62.474
52.081
51.766
52.371
52.479
52.499
52.089
56.228
59.656
60.498
59.319
60.107
59.976
60.097
60.042
59.927
59.947
60.052
60.012
60.107
60.254
60.184
60.012
60.217
59.828
59.921
59.701
59.738
59.356
59.313
58.797
59.663
61.38
62.019
62.578
63.021
45.116
45.333
45.149
44.676
45.376
44.789
44.985
45.36
45.277
45.194
45.177
66.055
78.178
78.098
78.032
77.965
77.815
77.684
71.769
65.853
44.937
44.753
44.735
44.758
45.254
45.117
45.41
66.419
66.265
78.171
78.069
77.918
78.049
44.91
45.011
67.476
67.847
67.956
67.839
67.544
67.432
67.324
67.361
67.463
67.425
67.211
67.066
66.677
66.289
66.155
66.045
66.071
66.108
66.15
66.083
65.805
65.785
65.98
66.049
66.132
65.846
45.783
45.004
45.195
65.284
64.745
64.726
64.769
64.828
64.904
64.933
65.005
64.556
45.194
45.217
45.074
45.8
46.243
45.541
46.353
62.328
62.515
63.003
63.043
63.207
63.262
62.942
63.251
63.189
63.038
63.054
62.998
62.764
53.973
46.846
47.25
46.913
47.064
47.22
63.613
63.744
63.503
75.705
75.748
75.723
75.729
75.741
75.911
76.264
76.702
77.117
77.562
77.664
77.654
77.417
77.323
77.229
77.258
77.246
77.206
77.28
77.214
77.092
77.056
77.042
77.093
77.162
77.161
77.135
77.26
77.351
77.306
77.261
77.187
77.101
64.96
64.998
55.304
66.186
77.068
77.211
65.136
65.049
71.154
67.97
64.786
65.318
47.122
46.609
46.731
46.852
46.812
47.155
47.021
46.687
46.594
47.487
57.635
57.246
