53.731
55.378
57.024
57.395
57.742
58.089
57.051
57.05
59.015
57.561
56.369
57.803
57.092
57.654
58.843
58.059
59.238
57.847
57.011
55.677
58.2
59.954
60.21
59.849
60.779
60.042
61.149
60.405
60.688
60.972
61.101
61.335
61.348
61.361
61.42
61.539
61.111
61.099
61.708
62.281
62.854
63.521
63.781
63.754
63.486
63.558
63.663
63.913
63.889
75.654
75.559
63.754
56.362
55.791
55.892
55.721
63.93
68.096
68.088
68.351
69.324
68.655
72.889
77.123
76.705
76.733
76.573
77.08
77.696
78.029
78.159
65.705
66.134
66.083
66.032
65.932
77.832
77.783
73.185
68.587
49.525
49.146
49.286
75.936
75.819
75.913
75.925
75.888
75.73
75.846
75.898
75.861
75.85
69.87
63.89
48.898
48.381
48.923
48.203
48.366
49.8
48.435
58.849
58.861
59.44
59.594
59.608
59.864
60.071
60.479
60.992
61.704
62.115
61.908
61.67
60.251
49.252
49.434
49.35
51.952
54.554
57.358
57.746
58.418
58.826
59.061
59.412
59.224
59.44
59.104
59.415
58.991
59.116
59.12
58.956
58.447
58.878
58.652
59.331
58.229
58.88
59.3
59.889
58.502
59.433
58.743
62.347
62.608
58.129
56.024
57.612
56.886
57.683
56.904
57.303
57.701
57.857
58.014
58.04
58.067
56.882
55.697
55.748
55.799
55.768
55.736
55.62
55.503
55.555
55.607
55.761
55.916
55.64
55.364
58.545
59.079
59.223
57.585
58.04
58.888
59.626
58.764
59.493
59.335
59.599
59.261
59.949
60.048
60.34
60.935
60.952
61.152
61.186
61.281
61.207
60.888
60.919
60.767
60.82
60.481
60.413
61.023
69.025
68.964
65.108
61.252
61.076
61.094
60.643
59.282
59.463
59.171
59.213
58.971
59.214
58.997
59.071
58.36
56.886
54.752
53.699
52.979
53.261
54.845
54.581
55.515
54.913
54.692
54.632
54.936
55.658
54.769
55.013
54.773
55.332
55.047
55.187
55.55
55.827
55.604
56.111
56.122
56.171
56.145
56.443
56.449
56.531
56.475
56.268
56.085
56.357
56.256
56.343
56.352
56.161
56.102
56.342
56.251
56.096
56.166
56.052
55.848
56.295
56.32
56.321
56.697
56.694
56.871
57.082
57.085
56.912
56.857
56.974
56.326
66.001
66.015
65.985
49.963
50.33
50.488
50.179
49.87
66.175
66.138
66.174
66.058
66.061
66.007
49.896
49.566
50.243
66.045
66.138
66.125
66.149
65.953
65.897
65.842
66.186
66.168
65.974
66.218
66.331
71.008
71.05
70.995
71.046
71.065
71.124
65.884
60.643
60.549
60.247
59.945
59.902
59.858
59.877
59.895
60.289
60.683
68.728
68.52
68.593
68.666
68.817
69.982
71.147
49.039
