54.428
52.935
52.947
53.922
53.738
53.554
54.09
52.339
52.969
53.6
53.952
54.305
67.032
67.188
66.678
66.168
65.242
64.91
64.879
64.848
67.01
66.517
65.619
62.6
63.594
63.798
64.001
64.373
64.745
65.147
65.273
65.395
65.831
65.348
65.241
65.71
65.684
65.626
65.568
65.487
65.203
65.488
66.065
65.538
65.975
65.721
65.933
65.036
46.399
47.799
48.024
48.066
67.209
66.571
66.68
66.638
66.33
66.442
66.487
47.811
47.933
48.184
47.917
48.157
48.518
50.954
53.391
53.374
64.302
64.936
77.129
77.032
77.058
77.269
77.472
77.733
78.046
78.275
78.331
66.553
66.639
78.451
78.269
77.776
77.283
76.519
76.251
76.563
76.871
77.07
77.025
76.879
76.874
76.918
53.007
53.007
53.111
53.053
52.984
65.174
64.709
53.212
52.593
53.473
52.819
53.216
53.612
49.755
51.779
48.924
46.07
46.595
46.059
45.523
46.156
49.486
52.815
51.121
55.935
56.292
57.71
59.181
59.518
59.954
59.834
60.548
60.709
61.266
60.984
59.641
54.506
53.499
57.607
61.714
60.356
60.981
61.527
61.691
61.749
61.783
61.892
62.105
62.281
62.344
62.332
61.784
46.09
45.972
45.972
46.315
45.205
64.254
63.92
63.996
63.815
63.918
63.378
63.741
63.535
64.001
63.151
46.044
45.945
45.943
45.951
45.353
64.946
65.166
64.471
64.909
76.629
76.445
76.498
64.858
64.896
64.931
46.093
45.999
46
46.066
46.208
44.263
46.517
45.853
66.176
65.605
77.602
77.467
77.398
77.39
77.334
77.065
77.078
77.217
77.576
78.093
78.438
78.518
78.479
78.476
78.447
78.503
78.481
78.496
78.403
78.421
66.509
67.051
66.394
64.933
64.417
63.84
63.16
63.088
63.736
64.474
64.722
64.896
64.864
64.531
64.471
64.411
64.77
64.914
65.023
65.132
65.308
65.458
65.64
65.512
65.384
65.055
64.901
65.056
65.275
65.132
63.976
64.248
63.157
62.974
63.311
63.441
63.452
63.569
63.66
63.24
63.086
63.111
63.163
63.262
63.302
63.332
63.338
63.414
63.546
63.449
63.369
63.258
63.194
63.264
63.249
63.292
63.388
63.74
63.629
63.377
63.281
63.245
63.241
63.239
63.406
63.365
63.323
63.25
63.129
63.144
63.126
63.114
63.145
63.172
63.22
63.165
63.421
63.528
63.27
63.282
63.226
63.096
63.105
63.092
63.095
63.094
63.07
63.071
63.099
63.132
63.228
63.246
63.319
82.054
82.039
63.35
63.191
63.107
63.079
63.099
63.172
63.15
63.256
63.44
63.434
63.429
82.03
82.043
45.989
44.11
44.808
44.923
45.5
45.887
45.948
45.985
45.876
46.32
46.015
46.035
45.872
46.075
46.029
45.976
46.073
48.693
51.313
50.89
51.024
51.06
51.03
50.991
50.977
51.081
51.014
50.992
50.999
62.994
63.017
63.018
63.058
62.905
69.967
77.029
