48.226
47.68
47.495
47.448
47.649
48.288
48.734
48.899
48.604
47.48
47.186
47.287
47.885
48.506
49.12
48.897
61.716
61.752
62.065
61.99
62.028
61.925
61.835
62.007
61.898
61.937
62.116
61.953
61.899
62.015
52.217
51.075
51.022
51.337
50.959
51.748
52.697
53.591
54.606
55.019
55.554
55.669
56.031
56.405
56.614
56.848
57.421
57.914
58.617
58.755
59.06
58.798
58.959
59.323
59.384
59.174
58.939
59.467
59.644
59.683
59.713
59.444
58.533
59.097
59.58
60.063
62.243
61.543
61.928
61.536
61.779
61.809
61.682
61.693
61.381
61.59
61.576
61.521
61.361
61.223
60.488
60.133
60.997
61.861
61.827
62.052
62.277
61.872
61.993
62.023
61.948
61.805
61.87
61.894
61.91
62.298
62.105
61.912
62.037
62.436
62.906
62.919
62.931
62.823
63.112
63.046
63.035
63.017
62.947
62.95
62.904
62.852
62.86
82.025
82.044
62.269
61.387
59.882
57.87
55.242
53.706
51.781
55.875
55.575
55.987
56.341
55.908
55.475
55.632
54.626
54.482
55.792
55.675
55.87
56.316
56.339
55.929
56.33
56.614
56.451
56.164
56.117
56.364
56.342
56.003
55.884
56.343
56.07
55.458
65.242
59.85
54.458
55.226
54.102
52.977
74.946
75.035
74.989
75.015
74.996
74.977
65.744
56.511
55.378
55.876
56.188
55.688
55.898
56.049
55.554
56.017
55.999
55.597
56.137
56.117
55.571
56.22
56.309
55.488
56.091
56.085
55.618
56.02
56.229
55.448
56.323
55.883
55.907
55.967
56.278
55.514
56.351
55.768
55.987
56.008
56.119
55.586
56.316
55.806
56.016
55.988
56.16
55.644
56.599
55.72
56.074
58.038
56.465
54.613
54.097
53.581
65.001
65.188
65.132
65.334
65.72
66.242
66.487
65.726
66.643
66.811
66.878
66.92
67.018
67.187
67.339
67.507
67.853
66.691
66.634
66.763
66.838
66.922
66.957
67.031
67.101
67.196
67.055
66.924
66.814
63.262
63.006
63.366
63.947
64.473
65.243
65.503
64.99
65.077
64.994
64.991
83.965
83.988
