57.084
52.281
52.214
52.159
52.086
52.012
51.935
51.803
57.09
70.867
71.004
70.998
71.017
71.027
71.011
70.994
70.998
70.992
71.015
70.994
70.994
70.977
70.977
71.017
51.773
52.049
51.859
51.923
51.911
51.898
52.128
52.071
51.981
51.933
51.926
51.859
51.961
51.82
52.019
52.015
51.985
51.959
52.147
51.854
52.044
51.911
51.915
51.86
51.898
52.042
52.041
52.092
51.975
51.77
51.955
51.897
52.042
51.911
51.961
51.91
52.176
51.924
51.913
51.941
51.949
51.941
51.859
52.171
52.232
51.897
51.977
52.217
50.873
52.222
51.315
53.121
52.681
52.564
52.892
53.454
53.653
54.228
54.642
53.985
55.204
53.48
51.756
60.403
60.846
60.663
60.479
57.641
54.802
53.482
53.944
54.09
54.422
54.611
55.549
55.398
54.948
55.627
55.64
53.723
54.021
54.448
54.156
54.114
55.303
58.129
60.955
61
61.034
60.803
55.887
56.575
56.607
56.631
56.556
56.671
56.738
56.805
56.781
56.927
56.952
57.108
57.129
56.715
57.098
56.844
56.766
56.894
57.161
56.776
57.095
57.027
57.051
57.005
57.017
56.951
56.931
56.904
56.88
56.964
56.915
57.044
56.338
55.638
55.93
56.409
56.423
56.398
56.356
55.955
56.495
60.888
59.161
57.433
56.936
56.927
56.896
56.682
56.951
57.253
57.352
57.262
57.02
56.936
56.622
56.601
56.606
56.201
56.213
56.628
56.94
57.211
56.913
56.19
56.925
57.053
57.176
57.056
57.109
57.189
57.269
57.21
56.771
56.93
56.768
56.834
57.848
58.162
58.217
58.273
57.703
57.629
58.989
58.994
59.342
59.074
59.212
59.001
61.687
70.986
70.968
61.182
59.38
59.148
58.837
58.866
58.966
59.17
59.243
58.984
59.246
59.359
59.084
59.195
58.842
58.921
58.8
58.905
58.907
58.589
59.233
58.791
59.196
56.435
56.534
56.518
57.144
56.64
56.966
57.184
57.122
57.469
58.788
57.477
57.219
57.467
56.947
57.619
58.288
56.966
57.377
57.685
59.57
58.769
59.057
59.892
58.621
59.2
58.709
58.951
58.711
58.894
58.672
58.951
58.684
59.073
59.146
58.884
59.511
58.386
57.563
58.962
58.875
59.402
59.591
59.744
71.733
71.117
70.901
71.009
71.35
60.688
60.752
61.052
61.012
60.761
61.158
60.652
61.582
61.018
61.026
61.236
60.483
60.813
61.144
60.517
60.638
60.459
60.541
60.076
60.069
60.538
60.275
60.131
60.406
60.096
48.961
49.019
48.97
48.998
48.894
49.007
48.996
49.251
48.598
49.129
61.1
60.957
60.687
60.682
60.68
61.023
61.219
61.427
61.532
61.77
62.008
62.199
61.83
61.934
61.931
61.831
61.558
74.079
73.881
61.73
61.331
61.114
60.857
60.931
60.348
59.976
58.619
57.555
57.699
58.027
58.834
59.004
59.223
58.881
58.959
57.75
57.324
60.489
63.654
61.82
59.719
59.022
58.973
58.647
58.998
58.666
58.895
58.476
58.709
58.404
58.464
58.661
58.515
58.872
58.553
59.199
58.998
59.452
68.988
69.013
68.955
69
60.06
58.998
58.867
58.737
58.759
58.781
58.757
58.734
58.91
58.79
58.748
59.085
58.867
59.083
