77.062
77.007
77.044
77.04
77.026
76.986
76.946
51.243
51.057
50.94
51.03
51.095
51.224
50.872
51.132
51.392
50.971
50.931
50.997
51.063
50.98
51.11
50.858
51.045
51.134
62.99
63.107
63.062
62.894
59.558
56.222
55.259
54.297
55.815
56.985
57.913
58.628
58.775
59.036
60.011
59.663
59.887
58.511
57.905
58.016
52.079
52.272
52.465
62.761
61.982
62.225
62.066
62.647
62.455
62.369
62.655
62.856
62.457
62.753
62.815
62.732
62.945
63.474
69.837
76.201
76.174
64.429
46.113
46.578
45.973
45.857
45.741
46.162
52.091
58.019
57.944
45.866
45.135
45.865
46.596
64.652
65.175
65.741
65.418
77.489
77.442
77.425
77.471
77.468
45.662
46.115
45.678
57.846
51.062
59.051
67.04
66.762
67.182
66.808
66.889
66.96
67.031
67.061
67.091
66.709
66.887
66.57
46.075
45.544
45.787
45.955
46.221
53.744
48.606
57.602
66.598
67.54
67.376
67.269
67.211
67.23
67.317
67.421
67.621
67.983
68.342
68.693
69.06
69.214
69.082
69.036
69.123
69.059
68.89
69.051
68.951
69.001
68.81
69.026
68.88
68.763
68.927
68.789
68.888
68.862
68.796
68.941
68.699
68.658
68.76
68.717
68.669
68.652
68.621
68.779
69.425
69.587
68.784
70.047
70.064
67.042
67.053
66.859
66.665
66.605
66.724
66.98
67.236
67.239
67.146
67.053
66.855
66.808
66.883
66.968
67.054
67.217
67.364
67.344
67.463
67.021
67.036
67.321
66.875
66.759
66.966
67.038
67.11
67.116
67.154
43.751
43.639
66.985
66.915
67.221
67.231
67.028
67.013
67.105
43.516
43.518
43.305
51.214
59.123
58.948
59.058
59.337
59.643
59.547
59.671
59.823
59.778
59.769
60.238
59.82
60.218
60.265
60.42
60.284
59.353
59.328
60.149
58.909
62.241
61.905
60.725
63.013
62.858
63.205
63.158
63.194
63.379
63.178
63.528
63.914
64.512
64.835
65.112
65.213
65.108
65.018
64.868
64.936
65.115
65.154
65.089
65.115
64.959
64.511
64.12
47.801
47.971
48.231
47.894
47.852
48.417
47.964
47.828
48.027
61.259
61.704
61.877
61.934
61.745
61.598
61.038
61.144
61.697
62.24
63.164
63.593
63.572
63.512
63.457
63.529
63.508
63.37
63.211
63.249
63.244
63.473
63.62
63.767
48.029
47.884
48.087
48.292
47.929
48.136
48.171
47.899
47.958
48.299
47.955
47.956
48.08
48.005
47.986
48.149
48.021
47.863
48.171
48.048
47.84
48.143
47.581
47.019
62.149
63.665
63.694
63.331
63.267
63.297
63.327
58.533
51.348
50.691
51.096
51.123
51.15
51.078
55.215
59.353
59.389
59.424
51.052
51.055
51.819
60.331
60.913
61.586
61.775
61.99
61.828
62.042
62.118
62.172
62.31
62.281
62.261
62.151
50.93
51.251
50.403
50.76
51.928
53.095
52.866
63.446
63.73
63.659
63.588
63.328
63.209
63.441
63.267
63.427
63.587
63.585
63.457
53.188
54.478
51.466
52.673
67.372
67.466
79.227
78.826
79.018
79.13
79.523
79.243
79.811
79.956
80.08
79.968
80.334
79.6
80.371
80.194
80.018
79.945
42.967
43.081
43.167
43.148
43.128
43.121
43.113
43.042
43.06
43.07
43.039
42.944
43.03
43.089
43.068
43.047
65.834
65.536
65.952
65.975
65.998
66.206
66.415
66.758
66.854
66.83
67.003
67.351
67.338
67.407
67.365
67.436
67.192
67.048
66.997
66.831
66.742
66.805
66.868
66.9
66.971
67.055
67.089
67.059
67.033
66.851
66.873
66.933
66.973
66.909
66.861
67.03
67.072
67.114
67.223
66.905
66.667
66.076
66.406
66.567
66.872
67.178
67.27
67.244
67.11
66.975
66.852
54.925
60.812
51.949
43.086
43.059
43.052
43.047
42.996
43.104
43.151
43.133
43.116
43.055
43.114
43.172
43.04
42.974
43.026
43.077
43.057
43.038
42.981
42.99
43.11
43.23
43.071
