48.767
49.355
48.675
49.537
49.048
49.271
49.468
48.47
49.844
49.755
49.665
54.142
55.033
56.526
57.533
58.466
59.026
59.432
59.726
60.007
60.486
60.301
60.395
60.643
60.898
60.988
61.046
60.963
60.917
60.885
60.594
61.207
63.296
63.364
63.819
64.071
64.057
63.897
63.964
63.791
63.464
63.555
63.76
63.642
63.566
63.781
63.737
63.666
63.679
63.07
62.792
61.995
62.196
62.296
61.935
62.011
61.829
62.32
61.913
62.006
61.898
61.942
61.91
62.025
51.671
52.401
52.651
61.796
60.579
59.543
58.846
59.194
60.024
60.286
60.831
60.799
60.571
60.984
60.796
61.122
61.139
61.211
60.835
60.892
60.695
60.427
59.643
61.312
62.204
57.041
51.879
51.995
56.68
56.453
58.015
59.898
58.864
59.834
59.355
60.124
59.838
59.248
60.102
59.464
60.181
60.207
58.97
60.067
59.145
59.05
57.893
60.305
61.017
57.547
56.603
56.273
56.473
57.041
57.223
57.118
57.138
56.821
56.995
56.743
56.812
56.733
56.427
56.802
60.935
60.919
60.988
61.021
60.892
61.866
65.427
57.915
63.405
68.895
69.025
68.961
54.324
54.403
54.361
53.84
53.22
54.334
54.536
53.314
53.206
54.244
54.345
53.785
53.005
49.799
50.392
50.486
49.913
49.606
49.925
50.73
49.674
49.643
49.882
50.645
50.855
49.613
49.69
50.011
50.491
49.897
49.916
49.984
49.891
61.241
62.109
62.178
57.46
52.741
52.183
51.899
52.418
51.661
52.297
51.898
51.752
52.264
51.391
52.774
52.333
68.923
69.053
68.938
69.012
69.003
68.943
68.962
68.982
68.95
53.201
53.68
69.058
68.922
52.87
53.842
54.405
54.968
54.139
53.661
54.64
52.959
53.05
50.404
52.179
53.954
53.512
53.07
56.922
56.878
56.54
56.756
56.392
56.489
56.187
55.884
56.438
56.478
56.551
56.685
56.503
56.64
56.684
57.691
58.698
55.518
52.337
52.352
52.057
52.027
51.998
59.542
58.831
58.12
57.696
57.271
54.745
52.218
52.163
52.112
52.045
51.881
51.3
50.719
52.668
53.16
54.852
54.87
55.52
56.158
56.275
56.469
56.484
56.599
56.972
57.019
57.165
56.937
57.013
60.897
60.993
60.953
60.898
60.895
68.969
69.321
56.732
56.761
56.73
56.978
56.829
56.91
56.961
57.012
57.063
56.857
57.012
56.886
56.87
57.229
56.704
56.529
56.353
61.08
60.912
56.595
57.403
57.545
57.341
57.565
58.025
57.976
57.927
57.621
57.592
58.423
58.906
59.327
60.343
59.696
59.388
59.079
59.344
59.516
59.334
59.307
59.392
59.232
58.911
52.771
52.199
52.058
52.549
51.279
52.555
51.444
52.61
52.13
51.799
52.37
51.527
52.242
52.199
51.855
53.009
52.623
52.237
58.81
59.184
59.432
59.33
59.275
59.633
60.016
59.908
60.074
60.92
61.078
61.462
61.953
61.623
61.377
60.639
59.594
51.98
52.042
52.105
52.039
46.571
53.107
59.643
60.097
60.265
59.778
59.944
59.891
59.643
59.764
59.083
58.301
57.212
56.494
56.811
56.781
62.658
61.734
57.073
57.358
57.102
56.837
56.878
56.925
56.936
56.948
57.173
57.398
57.613
57.223
56.72
57.193
57.176
57.233
57.194
57.199
56.846
62.919
68.993
69.094
57.074
56.835
57.145
57.552
57.55
57.222
56.964
57.501
57.637
57.799
57.792
57.367
57.293
57.262
57.438
57.44
57.574
57.353
57.132
57.152
57.054
56.879
56.987
56.851
56.873
56.95
57.483
57.249
57.443
57.415
57.233
57.137
57.064
57.031
56.966
57.014
57.114
56.878
57.131
57.588
57.963
61.883
65.803
69.049
68.899
69.006
68.969
65.816
67.346
68.876
55.733
55.625
65.912
65.914
55.47
