64.63
64.628
64.712
64.586
64.525
64.632
45.351
45.138
47.231
52.397
51.787
51.372
52.025
53.594
54.431
55.269
55.833
56.601
56.266
53.739
51.212
51.533
52.018
52.046
52.082
52.005
51.918
52.101
51.791
59.13
57.556
56.946
56.138
57.848
57.572
58.265
59.751
58.781
59.057
52.528
52.969
50.495
48.021
46.908
47.861
48.649
46.918
45.187
54.631
64.074
64.278
64.395
58.272
52.149
52.652
52.438
52.233
51.634
50.669
51.995
51.909
51.672
51.648
51.625
52.047
51.781
51.903
51.787
51.715
51.68
51.875
51.808
52
52.173
52.29
52.101
65.392
65.03
65.22
64.999
65.438
52.595
52.078
64.38
63.95
64.064
63.977
63.968
64.038
62.479
63.133
63.408
63.477
63.616
63.869
64.246
58.36
52.473
52.504
63.521
63.278
63.478
62.978
62.167
61.564
61.075
61.017
61.172
61.482
61.696
61.884
61.959
61.574
60.847
45.938
45.181
44.423
46.15
54.017
59.876
60.465
60.415
60.257
60.27
60.548
60.694
60.306
49.175
48.488
49.33
48.792
48.995
48.754
49.213
61.55
61.686
62.165
62.739
61.787
61.272
60.436
60.484
61.082
61.097
60.623
61.448
60.568
60.804
60.135
60.129
60.091
60.1
59.688
59.628
59.659
59.193
57.921
55.791
53.686
52.354
51.351
51.984
52.912
53.33
54.73
54.186
55.44
55.498
55.909
55.868
56.035
56.004
55.858
55.811
56.016
55.881
55.605
55.495
55.577
56.156
56.27
55.885
55.947
55.715
55.676
55.481
55.315
55.062
54.515
54.749
54.749
53.449
54.365
52.064
51.668
53.72
53.062
53.074
52.227
52.728
53.999
48.676
49.452
49.946
51.462
52.978
53.496
52.867
48.419
43.934
44.795
43.178
41.56
44.156
47.808
47.837
47.866
54.069
54.144
54.219
55.484
55.168
46.144
44.628
44.563
44.498
44.822
45.146
46.901
48.147
46.805
50.523
54.241
52.303
51.896
51.804
51.789
52.29
51.943
51.607
51.272
51.887
51.487
51.086
50.424
47.567
50.693
53.819
53.701
53.982
55.34
54.903
54.278
56.522
58.767
58.973
59.127
59.095
58.941
58.656
58.534
58.413
59.27
59.895
60.463
60.836
61.035
61.601
44.975
