42.992
46.339
47.649
55.859
56.417
57.106
57.23
57.927
58.161
58.195
58.987
59.08
59.604
60.115
60.193
59.921
60.533
60.158
60.732
60.175
60.625
60.155
60.341
59.923
59.253
58.943
59.102
59.517
60.124
59.95
60.241
60.142
59.928
59.943
59.757
59.556
59.651
59.792
59.897
60.035
60.141
60.168
60.134
60.088
60.075
59.916
59.752
59.769
59.769
59.732
59.373
52.843
53.322
53.365
52.257
59.969
60.089
60.108
59.964
59.724
59.65
59.746
59.79
59.791
59.817
59.734
59.688
59.807
60.125
61.38
63.043
75.801
76.076
76.137
76.17
76.35
76.475
76.726
77.1
77.387
65.61
65.573
64.549
69.98
70.016
66.096
65.251
64.406
63.955
63.554
63.637
75.577
75.605
63.672
63.54
47.995
48.059
48.162
63.46
63.068
62.855
62.646
49.173
62.173
75.173
74.864
62.731
62.683
62.635
62.808
75.45
75.996
76.167
76.179
76.207
76.088
75.764
75.356
62.336
61.263
60.544
60.911
61.464
62.041
62.303
62.364
62.18
62.152
62.226
62.217
46.293
46.045
46.444
48.086
49.728
50.038
50.348
62.007
62.188
62.336
62.617
62.425
62.272
62.151
62.054
61.989
61.93
61.976
62.054
62.082
62.136
62.325
62.288
62.616
62.68
62.316
62.25
44.678
46.157
65.024
65.06
65.019
64.978
46.171
44.364
64.989
65.052
65.213
64.795
43.757
45.246
63.459
64.724
77.129
77.243
77.318
77.319
77.575
77.856
78.137
66.487
67.008
67.229
67.132
67.035
67.056
67.049
66.993
67.1
67.085
67.097
77.107
77.143
67.009
66.994
66.868
66.821
66.862
66.881
66.897
66.902
66.841
66.781
66.83
71.521
76.212
76.01
75.972
76.189
66.787
66.867
66.898
66.972
66.898
66.852
66.877
66.924
66.912
66.86
66.782
66.777
67.059
67.008
66.894
66.759
66.735
66.887
76.353
76.686
71.739
66.791
66.982
71.844
72.414
72.985
62.31
51.636
45.301
46.598
45.902
46.021
46.068
46.206
45.968
45.905
45.912
46.005
46.165
46.058
46.203
