59.044
59.184
59.04
58.896
63.676
56.296
55.608
54.921
55.594
56.962
57.473
58.621
57.911
57.98
59.059
58.288
59.236
59.455
58.801
57.042
57.726
57.843
57.91
59.615
59.715
59.814
58.978
59.255
58.195
59.749
59.304
61.656
61.48
61.309
61.18
61.314
61.465
61.247
61.406
61.543
61.475
61.325
59.259
60.329
64.143
64.086
59.563
59.602
59.641
60.464
60.971
60.971
60.972
61.309
59.986
61.671
62.15
62.63
69.014
68.98
68.972
65.41
61.848
61.841
60.125
58.409
58.379
58.349
58.084
57.819
56.265
61.384
60.861
61.265
60.799
60.254
61.366
60.803
60.954
60.936
60.947
61.002
60.91
60.909
59.697
58.704
58.61
58.516
58.635
58.754
58.31
58.587
58.207
57.765
57.731
57.316
57.338
57.066
57.227
57.354
57.256
57.962
57.784
57.647
57.741
57.228
57.582
58.823
56.724
57.278
57.06
56.727
56.225
57.19
57.446
57.426
57.509
57.441
57.672
57.902
57.472
57.226
57.022
57.256
57.259
57.295
57.186
57.133
57.456
57.538
57.33
57.122
57.112
57.407
57.162
57.029
56.942
57.274
57.242
57.019
56.89
57.286
56.812
56.652
57.017
57.113
56.592
56.996
57.464
56.499
57.339
56.92
57.486
56.256
57.91
56.427
58.101
58.723
58.282
58.353
58.208
58.02
58.186
58.153
58.196
59.386
59.112
59.738
59.881
59.393
59.478
59.581
59.556
59.284
59.68
59.239
58.489
58.097
55.646
55.269
55.482
57.146
57.482
58.122
57.686
57.997
58.105
57.872
57.811
57.585
56.734
51.583
50.914
52.48
52.429
56.388
56.741
57.09
57.147
57.128
56.985
56.915
56.902
57.021
56.921
56.884
57.144
57.168
57.081
57.236
57.218
57.084
57.066
56.845
56.843
56.757
57.14
57.002
57.077
57.068
57.037
56.825
57.043
57.176
56.871
57.24
57.641
57.454
57.433
56.936
56.758
56.714
70.988
71.028
70.966
71.032
57.359
57.158
56.913
57.043
57.05
56.925
56.982
57.1
57.134
57.059
57.144
57.086
57.155
56.776
56.65
75.827
81.017
81.047
75.953
76.022
76.056
76.049
76.056
75.997
76.023
76.006
75.999
76.038
76.013
76.052
76.009
76.035
76.017
76.039
76.026
75.98
70.949
71.003
71.007
70.969
71.012
70.996
71.026
71.028
71.01
71.022
47.418
46.993
48.67
50.348
46.676
48.56
50.07
48.929
70.963
70.961
70.993
71.043
71.011
70.993
71.028
71.025
76.043
76.022
76.013
76.02
76.033
76.044
76.018
76.055
76.016
76.014
76.047
76.005
76.024
76.068
69.026
69.095
75.995
76.032
70.998
70.976
71.015
49.509
48.274
75.97
76.031
76.001
75.965
75.986
76.022
63.913
64.032
63.982
63.545
71.068
71.074
71.07
70.962
71.021
70.98
70.968
70.993
70.989
70.986
70.957
60.949
