65.982
60.914
61.228
60.849
61.184
60.98
61.111
60.991
60.988
61.048
61.012
61.133
61.028
61.001
61.079
60.937
61.043
60.951
60.901
60.973
61.012
61.036
61.044
60.806
61.138
56.898
56.973
56.87
56.978
57.007
57.089
57.205
56.943
56.905
56.834
56.902
56.934
57.081
57.107
57.133
56.855
57.061
60.963
61.054
60.841
52.013
51.371
52.149
52.927
53.125
53.607
53.168
53.361
53.07
52.218
52.359
52.931
53.05
52.459
52.37
51.667
51.463
53.199
53.949
54.926
55.803
55.539
55.639
55.515
55.345
55.308
55.967
54.987
55.614
55.475
55.924
55.049
54.432
54.289
53.686
52.35
51.013
53.635
56.257
57.088
58.343
59.093
57.755
57.708
57.569
57.312
57.278
57.134
57.674
61.089
60.85
60.971
57.029
56.695
56.869
57.253
57.192
52.363
51.878
51.987
51.895
57.133
57.027
56.932
57.035
51.807
51.982
52.108
52.135
52.064
52.096
52.048
52.101
52.074
51.962
51.654
56.983
57.09
57.196
57.154
56.885
56.685
56.237
68.835
68.72
56.643
56.794
56.858
56.907
56.957
56.551
56.298
56.045
56.329
56.612
55.899
56.248
57.736
57.654
57.202
57.068
56.891
57.086
57.189
57.132
57.312
57.248
69.123
68.978
57.315
56.759
52.491
53.58
56.619
56.844
61.605
61.776
58.923
58.851
58.911
58.783
58.692
58.43
58.503
58.426
58.628
58.619
58.687
58.832
58.649
59.207
58.506
59.465
58.974
58.798
54.256
58.228
58.453
58.678
58.635
58.592
58.852
59.112
59.049
59.168
62.502
55.816
53.594
51.372
58.641
54.001
49.362
50.886
49.783
49.744
49.624
50.773
51.212
51.651
56.917
56.393
56.916
56.749
56.887
57.213
57.009
57.354
57.29
57.878
58.467
57.756
57.361
58.035
58.997
58.52
59.387
58.959
59.228
59.141
58.781
59.139
58.629
59.036
58.642
59.048
58.66
58.989
58.84
59.163
59.271
58.386
58.028
61.713
65.899
65.859
61.354
56.849
57.813
57.767
58.6
59.925
59.156
60.255
60.936
61.089
61.134
61.055
60.977
60.331
60.21
61.277
61.283
61.288
60.992
60.696
61.094
60.846
60.876
60.878
60.769
60.758
60.575
60.612
60.729
60.908
60.763
60.779
60.783
60.758
60.78
60.764
60.937
61.026
60.789
60.552
60.532
60.511
60.64
60.714
60.535
60.716
60.934
61.418
61.758
62.603
61.907
60.902
69.005
68.957
68.974
68.99
69.018
68.994
66
63.007
61.546
61.263
61.007
60.852
60.731
60.806
60.653
60.5
60.022
59.313
58.035
57.905
58.632
59.355
59.397
59.31
57.344
56.551
56.095
57.094
58.093
58.472
58.331
58.769
58.333
58.214
58.622
58.153
58.33
58.247
58.031
58.547
58.45
58.205
58.117
58.03
58.211
58.703
58.365
58.903
58.727
59.385
59.069
58.931
54.394
49.856
51.375
58.67
59.288
50.912
50.542
58.669
