54.414
54.152
53.26
47.748
45.908
46.071
54.465
54.297
54.478
54.703
54.385
54.092
54.185
53.918
53.703
53.631
53.096
53.676
53.618
54.524
53.71
54.541
54.314
54.541
54.3
54.103
49.37
48.993
54.036
53.995
53.325
53.304
43.348
43.068
49.014
49.483
50.126
49.521
49.567
49.787
49.044
48.068
47.091
54.689
54.45
54.21
53.451
49.336
49.62
49.864
49.967
50.023
49.72
49.595
49.281
48.968
47.638
46.308
48.992
51.676
51.413
51.149
50.435
50.035
50.463
50.383
49.883
50.063
52.049
53.356
54.663
60.956
43.742
46.536
49.33
49.697
50.035
50.458
50.211
50.095
50.816
52.047
51.151
51.773
51.409
51.743
49.032
49.866
49.145
49.542
58.146
58.586
58.463
58.574
58.518
58.401
58.402
58.676
59.048
59.319
59.736
60.076
60.533
60.812
60.948
60.943
60.905
60.881
60.818
60.802
60.869
60.853
60.719
60.622
60.609
60.491
60.376
60.32
60.402
60.489
60.282
59.791
59.303
50.021
50.32
49.831
47.222
48.494
49.766
51.781
53.796
57.823
58.158
58.487
58.727
58.848
58.891
58.758
58.532
58.419
58.602
58.815
58.954
58.949
58.837
58.892
58.496
58.826
58.852
58.804
58.773
58.721
58.69
58.825
59.188
59.316
59.052
58.89
58.646
47.081
47.027
47.063
49.383
52.262
52.247
52.28
51.796
52.143
52.328
52.513
52.221
53.207
53.607
54.027
53.901
53.784
53.752
46.879
46.65
47.086
46.077
45.38
44.684
49.16
48.135
47.109
46.11
47.784
48.33
48.199
48.068
46.552
46.459
47.69
46.07
48.06
47.817
47.575
49.692
49.324
48.956
49.19
50.121
50.897
50.772
49.513
49.754
49.916
50.368
50.662
49.321
49.782
50.051
50.171
50.279
49.467
49.577
51.834
50.865
50.07
49.59
49.603
50.636
49.878
50.243
49.019
52.411
50.971
50.34
49.709
50.261
50.302
49.765
57.052
55.671
58.778
59.088
58.962
59.284
59.008
59.258
58.935
58.874
59.23
55.021
56.422
57.823
50.236
49.709
47.371
47.766
51.027
