63.052
62.95
63.11
62.941
62.965
63.27
63.075
62.985
63.147
63.027
62.94
63.084
63.025
62.998
63.135
63.164
62.898
63.162
63.06
63.01
63.024
63.135
63.036
63.127
63.082
63.044
63.053
63.066
62.996
63.085
63.195
63.091
63.162
63.116
62.959
63.09
63.013
63.008
63.098
63.152
63.048
63.139
43.204
42.525
42.857
43.19
48.66
54.131
53.311
53.468
52.937
52.406
53.653
53.718
54.16
53.985
53.881
53.777
53.969
54.142
54.146
54.033
54.105
54.105
54.061
54.067
54.038
54.155
53.982
54.134
54.068
53.624
53.918
53.666
54.147
59.458
59.678
60.05
59.135
59.613
58.608
58.97
59.016
59.067
59.118
59.155
59.193
63.008
62.368
59.487
59.69
59.892
59.366
59.635
59.903
61.07
62.237
63.091
62.461
62.804
62.474
62.143
46.887
46.91
46.963
46.87
46.546
59.476
59.657
60.254
60.673
60.761
59.197
46.807
47.04
46.52
47.868
61.393
62.551
62.932
62.978
62.684
62.77
63.001
63.098
63.196
63.31
47.075
46.801
46.899
46.969
46.923
47.003
46.953
46.818
46.936
47.025
47.002
46.927
46.809
47.005
46.914
47.018
46.871
47.081
46.837
46.915
46.957
46.973
46.872
46.91
46.858
46.931
46.987
46.806
46.779
46.743
55.413
55.798
56.922
57.776
58.531
59.078
59.445
59.645
59.778
59.986
60.046
59.956
60.114
59.866
59.841
59.73
61.794
63.857
64.59
65.258
65.401
65.496
65.597
65.602
65.441
64.981
64.524
63.437
61.72
60.788
60.093
59.948
60.202
59.839
59.53
58.943
58.357
57.613
58.021
57.786
57.903
57.844
58.312
56.997
57.467
57.937
59.055
59.383
60.222
59.772
43.838
43.947
43.838
44.113
43.624
43.919
53.854
58.197
57.958
58.358
58.232
58.303
58.278
58.257
58.43
58.273
58.216
58.344
58.515
58.313
58.488
57.876
58.35
57.954
43.948
43.985
57.752
58.251
44.104
43.83
43.841
44.061
43.97
44.003
43.996
43.847
43.968
44.001
43.969
43.884
44.121
43.857
43.634
43.583
43.813
43.977
