43.868
43.691
44.088
43.76
43.865
43.816
43.896
43.836
43.961
43.781
43.841
43.718
44.23
43.635
43.288
43.677
43.971
44.265
50.973
48.75
54.73
55.171
55.611
55.46
55.309
43.521
43.709
43.75
44.188
43.956
43.725
44.177
43.571
44.533
44.17
43.806
45.605
46.915
45.696
45.723
45.617
46.816
45.879
45.557
45.988
45.841
45.694
49.731
53.768
53.955
56.177
57.049
58.108
58.549
59.027
59.454
59.521
60.124
60.257
60.169
60.615
60.238
60.161
60.307
60.637
61.697
62.242
62.539
62.682
62.907
50.645
46.546
44.936
61.442
59.534
61.733
61.716
61.523
61.136
59.864
59.061
60.812
62.563
62.611
62.68
62.668
62.487
61.828
47.227
46.977
46.857
46.57
61.818
61.495
61.581
61.404
61.125
60.569
47.028
46.821
47.154
61.747
61.975
62.229
62.397
62.303
62.832
62.274
62.035
62.18
62.326
62.169
46.915
46.966
46.941
46.988
47.043
47.31
46.543
65.609
65.555
77.478
77.388
77.258
77.152
77.128
77.155
77.223
46.992
46.979
46.996
47.027
46.863
46.943
47.224
46.815
47.096
46.865
46.996
47.008
46.828
46.554
47.272
46.561
47.641
46.801
46.834
46.823
46.861
47.149
47.223
46.798
47.432
58.183
58.456
59.165
59.479
59.607
60.127
61.093
61.807
62.52
62.367
62.291
62.482
60.154
57.825
58.073
58.206
58.339
58.437
62.377
63.445
63.22
62.58
62.74
62.913
62.484
62.919
62.377
63.134
62.862
62.338
62.909
62.031
62.162
61.756
61.143
60.982
61.143
61.06
61.21
61.393
61.502
60.657
50.458
47.788
48.509
47.845
47.181
46.624
54.884
63.144
63.884
63.868
63.814
63.821
63.639
63.64
58.49
53.341
54.062
54.255
64.917
75.578
75.447
46.087
44.077
44.124
62.711
61.914
61.882
61.95
61.951
62.43
62.628
62.767
62.522
62.579
62.373
62.578
62.381
62.337
62.186
62.42
62.467
62.446
62.429
62.542
62.475
62.489
62.383
62.254
62.352
62.186
62.442
62.332
63.185
63.59
51.993
52.976
53.86
43.487
43.707
44.351
50.298
47.507
44.717
43.587
43.754
43.867
44.148
43.8
43.868
43.786
43.847
43.925
44.063
44.2
43.957
43.733
43.783
55.98
56.588
56.432
55.728
55.621
