66.075
66.049
66.089
66.071
66.054
66.053
66.068
66.056
66.058
66.084
66.047
66.069
66.072
66.082
66.028
66.065
66.085
66.064
66.055
66.063
66.046
58.993
59.004
59.099
59.026
59.038
59.05
59.07
59.117
59.164
58.699
55.782
52.865
53.024
53.873
54.616
55.084
55.326
55.642
56.961
56.368
53.818
52.403
58.673
58.748
57.723
56.698
57.447
58.694
59.014
58.914
67.489
76.064
76.036
62.685
63.406
56.172
56.05
56.346
56.643
56.351
55.61
55.388
56.238
55.763
63.515
66.122
66.296
66.151
66.136
66.113
56.908
47.703
46.938
46.693
46.503
47.234
47.541
47.317
46.739
46.76
46.709
47.305
47.165
47.039
46.954
46.779
46.892
47.04
47.23
47.048
47.003
67.586
67.4
67.5
67.599
67.647
67.585
67.525
67.384
67.285
80.055
80.03
73.111
66.193
66.118
65.893
65.673
65.939
46.832
46.94
46.962
47.105
78.037
78.001
77.993
77.984
46.625
46.976
78.032
78
77.985
63.565
63.569
63.692
63.852
64.024
64.112
64.084
63.987
63.991
64.083
64.057
63.975
63.89
63.906
63.983
63.913
63.895
63.948
63.989
63.898
63.858
63.978
64.043
64.107
64.005
64.044
63.477
62.883
55.891
56.039
56.074
56.309
56.083
56.045
55.956
64.629
64.598
64.717
65.207
65.104
65.744
68.125
67.935
67.708
67.786
68.189
66.351
67.288
66.581
67.437
66.967
67.452
67.456
67.107
67.504
67.517
67.137
67.278
67.383
66.894
67.312
67.069
67.267
67.341
66.99
67.295
66.987
67.265
58.926
58.85
59.594
58.867
57.289
57.543
59.009
60.366
61.474
63.288
63.726
63.954
64.272
64.918
64.519
64.559
64.504
64.45
64.95
65.505
65.589
65.739
65.904
66.065
66.074
65.971
65.99
65.998
65.986
65.926
54.058
54.047
54.048
54.042
54.036
54.061
66.108
66.093
66.027
65.952
65.878
65.844
54.079
54.015
54.012
54.107
54.194
53.208
50.216
47.223
47.228
47.14
46.9
47.167
47.027
46.842
47.283
46.74
47.027
46.964
47.019
47.073
58.349
59.353
59.816
60.37
60.722
60.777
60.846
60.907
60.899
61.163
61.929
62.359
62.412
62.385
62.155
61.102
54.118
54.025
54.015
54.145
53.99
54.163
54.052
54.049
55.96
57.87
57.908
58.056
58.086
58.07
58.086
58.147
58.254
58.33
58.427
58.416
58.328
58.116
58.04
57.972
57.93
58.412
58.677
58.164
58.184
58.333
58.374
57.88
57.311
58.197
47.019
46.973
