64.537
64.865
48.976
49.816
48.815
48.748
49.4
48.675
48.785
48.649
48.863
48.373
48.921
48.287
48.516
48.745
48.192
48.273
47.761
48.519
48.541
49.322
49.114
50.939
48.073
49.509
49.416
51.351
53.287
53.904
54.522
53.191
52.488
52.496
53.299
52.87
50.147
47.425
46.686
47.359
46.256
47.171
46.835
46.918
47.149
47.076
46.968
46.909
46.85
47.168
53.474
53.971
57.512
58.528
59.553
60.123
61.457
62.234
62.749
62.709
62.657
62.532
62.407
62.293
61.901
61.08
60.486
61.503
61.209
60.828
61.579
61.831
61.478
61.68
61.422
62.15
62.668
46.781
47.301
46.845
46.978
62.03
62.437
62.062
61.55
61.18
61.543
61.509
61.22
61.55
61.615
61.483
60.195
46.966
46.99
47.037
46.929
59.155
59.168
61.682
61.81
62.265
62.047
61.986
61.694
61.294
61.767
62.403
62.844
46.97
46.971
46.996
63.24
62.98
63.152
63.15
62.872
62.882
46.918
46.926
47.014
46.947
46.99
47.054
46.006
44.957
45.675
46.394
47.436
58.976
59.398
59.315
59.233
59.065
59.176
59.288
47.995
53.248
58.501
58.821
59.436
59.723
60.081
60.059
59.963
60.669
60.571
60.891
60.471
60.805
60.142
46.613
47.036
46.951
47.173
45.844
64.892
64.862
76.957
76.941
70.928
64.915
64.399
62.827
61.395
61.816
61.352
60.687
60.58
59.747
47.046
46.549
46.798
47.205
60.265
58.803
58.764
58.831
58.857
58.89
58.933
58.945
59.495
59.828
60.206
60.581
60.768
60.421
59.857
59.287
58.642
58.247
58.499
58.616
58.575
58.711
58.683
58.89
58.907
58.516
58.602
58.933
58.657
58.02
58.667
58.711
58.503
58.643
59.028
58.873
58.76
59.056
58.622
59.702
60.782
52.861
43.394
43.507
43.472
44.006
44.54
43.524
43.536
43.523
43.927
43.446
43.781
43.613
43.441
43.76
43.835
43.842
43.484
43.125
43.498
43.556
43.683
43.913
44.156
43.99
43.776
43.858
43.642
43.844
43.933
43.918
44.018
43.786
43.851
43.868
