41.791
41.825
41.858
41.81
41.81
41.996
76.028
75.996
76.017
76.024
76.061
76.004
75.985
75.999
73.021
73.023
75.977
76.008
76.002
76.038
76.013
76.014
76.018
75.96
65.2
54.44
54.211
55.796
57.385
58.553
59.507
60.214
60.958
61.441
61.529
59.949
60.121
61.303
62.485
63.903
63.52
63.241
63.146
63.049
63.149
63.197
63.193
63.176
63.378
62.916
63.023
63.027
62.964
62.773
62.642
62.839
62.969
63.422
64.443
64.013
64.216
63.987
63.598
63.806
63.694
75.927
76.114
64.358
64.265
63.177
64.062
64.274
64.155
64.304
64.071
64.745
65.346
65.174
65.398
65.446
65.513
65.426
65.406
65.403
65.704
64.876
65.587
66.105
66.274
65.827
65.829
50.35
51.018
68.147
67.692
67.706
67.652
67.641
67.649
67.719
67.583
67.506
67.536
67.341
68.283
67.798
67.761
67.66
66.97
65.181
77.134
77.287
77.328
77.366
77.375
77.332
77.263
77.379
77.496
77.493
77.49
77.338
77.481
77.469
77.535
77.414
77.447
77.388
77.501
77.568
77.573
77.579
77.688
77.746
77.803
53.91
66.018
78.126
78.058
47.484
46.977
46.754
47.335
68.066
68.692
69.142
69.142
69.228
47.07
46.998
46.768
47.236
46.013
46.457
46.901
46.768
47.14
47.653
46.254
65.674
66.632
66.464
78.46
78.353
66.161
66.245
46.731
47.128
47.01
46.668
66.128
66.146
66.06
65.974
66.019
66.037
66.37
66.463
66.319
47.328
46.321
47.329
66.092
66.318
46.482
46.953
47.657
47.383
47.05
48.878
53.082
53.362
46.512
45.105
45.75
60.055
60.879
61.411
61.802
62.259
62.524
63.192
62.895
62.723
63.237
63.287
45.801
46.86
62.975
62.275
61.52
59.952
59.337
59.897
60.144
60.568
60.774
60.881
61.212
61.222
61.128
60.874
60.938
60.395
60.553
61.015
60.829
60.14
60.182
60.224
60.92
60.926
60.583
61.525
61.623
62.078
61.667
62.188
46.041
46.056
75.223
75.642
75.765
75.888
63.522
63.423
63.131
62.839
61.833
61.031
60.538
59.916
59.847
60.358
60.623
60.88
60.946
61.244
61.034
60.954
61.381
61.808
61.914
62.014
62.07
62.126
62.116
62.176
62.224
62.272
62.245
62.251
62.405
62.021
62.033
62.352
62.028
62.274
62.292
44.28
43.136
43.593
43.537
43.388
44.103
