72.898
69.199
65.501
64.669
65.032
65.344
65.569
65.741
65.985
66.095
66.392
66.633
66.572
66.773
66.974
66.71
66.643
66.657
66.692
66.329
66.605
66.799
66.681
66.468
66.654
66.53
66.605
66.53
66.654
66.634
66.633
66.706
66.699
66.524
66.653
66.669
66.432
66.538
66.596
66.603
66.603
66.602
66.96
66.653
67.028
71.064
71.068
71.123
70.999
71.282
71.245
78.103
77.646
77.64
77.662
77.74
77.734
77.623
77.512
77.428
77.471
77.454
77.417
77.441
77.496
77.48
77.508
77.324
77.408
77.39
77.378
77.316
77.419
77.538
77.475
77.468
77.583
77.568
77.579
77.505
77.586
77.553
77.597
77.523
77.593
77.664
77.661
77.631
77.749
77.771
77.673
77.558
77.735
65.622
65.74
65.579
67.378
65.455
65.367
77.563
77.502
77.616
77.695
77.776
77.983
78.369
48.668
49.231
48.879
48.975
49.045
48.704
49.219
48.753
48.912
49.384
48.423
49.257
49.284
52.565
55.846
57.033
62.064
54.938
47.811
48.501
66.629
66.297
66.401
66.229
78.113
78.01
78.103
78.469
78.834
78.983
79.154
79.182
79.138
79.095
79.121
79.089
78.555
78.115
77.637
77.473
77.933
78.013
78.254
78.482
78.291
78.023
78.204
77.974
77.914
66.347
72.258
69.163
73.582
78.001
77.972
78.097
77.974
78.04
78.062
78.052
78.166
66.237
66.01
60.164
54.318
54.69
54.701
54.712
55.944
55.162
54.38
82.004
82.032
82.026
55.94
43.148
43.23
48.734
49.054
49.374
49.444
49.282
49.321
49.199
47.936
48.893
52.841
55.267
53.862
53.031
56.041
59.051
60.61
61.158
61.509
61.805
62.056
62.139
62.253
62.289
62.176
62.472
62.433
61.636
54.855
54.556
54.362
54.168
53.69
53.278
52.866
61.59
62.059
62.379
62.318
62.671
62.361
62.621
62.369
62.622
62.512
47.491
47.672
62.616
62.659
62.774
63.094
53.932
54.184
63.637
63.441
63.13
63.507
63.529
43.487
43.264
63.264
63.484
63.79
63.639
63.489
63.261
57.386
61.632
65.878
64.915
64.92
64.666
64.605
64.545
77.026
77.07
77.128
77.129
77.187
77.266
77.267
77.508
71.499
65.49
46.734
47.184
47.634
63.402
79.17
79.009
78.984
78.944
78.995
79.042
67.118
67.288
67.124
67.103
47.606
45.897
45.114
46.022
45.936
45.85
46.62
45.904
46.203
64.928
65.146
65.02
65.292
64.995
65.241
65.13
64.965
65.246
52.903
59.103
65.303
65.485
65.439
54.171
54.147
54.209
54.271
65.56
65.776
65.702
65.76
65.818
65.85
66.152
65.787
65.871
65.875
66.023
71.072
71.064
69.778
68.492
68.093
80.239
80.471
68.534
68.551
68.495
68.336
68.287
68.242
47.166
46.899
46.701
47.24
47.78
59.31
70.841
77.279
77.133
77.234
77.34
77.503
77.513
77.544
77.498
77.646
47.004
46.696
47.285
46.629
66.546
66.414
66.324
46.869
46.842
46.832
46.984
46.622
46.801
46.98
47
46.992
47.457
46.258
46.639
