44.547
45.12
44.624
44.939
57.307
57.203
45.279
45.355
45.202
45.038
44.842
44.928
44.985
45.123
58.334
58.867
59.52
59.787
61.296
60.665
61.788
62.171
62.083
61.994
62.914
61.746
45.264
44.899
44.863
45.62
60.401
60.17
59.922
60.161
60.401
60.791
60.494
44.098
44.473
65.972
66.123
45.028
45.459
45.712
58.712
58.227
58.174
58.28
57.636
58.215
58.287
58.358
57.932
57.232
57.172
57.133
57.035
57.367
57.37
58.126
58.296
58.509
58.548
57.982
58.13
58.363
58.529
58.794
58.459
58.608
58.603
58.571
58.762
58.713
58.545
58.605
58.625
58.825
59.025
58.773
58.899
58.949
51.473
51.841
61.169
61.376
61.349
61.494
61.479
61.22
60.986
61.018
60.515
60.662
51.97
51.959
59.734
63.992
64.6
64.987
64.708
64.621
58.111
51.601
51.726
52.05
64.246
64.321
64.594
64.868
64.461
60.427
52.088
52.127
52.211
52.111
52
51.793
51.952
51.985
52.008
52.318
52.22
52.11
51.893
52.342
51.998
65.393
64.896
65.326
64.865
58.34
51.814
51.923
66.602
66.952
66.674
66.948
66.633
66.772
66.273
65.216
63.504
61.792
61.827
62.292
62.757
62.621
62.421
62.025
61.343
59.792
52.078
52.364
60.759
60.431
60.345
60.726
60.855
61.32
61.406
61.346
60.954
60.599
58.928
57.235
56.022
56.034
56.84
57.438
57.879
58.502
58.955
59.154
58.816
59.41
57.518
60.739
61.695
64.411
64.267
59.894
60.368
60.528
60.891
60.951
61.235
61.107
61.232
60.845
56.277
60.391
61.04
61.689
62.586
63.187
63.446
63.354
63.019
62.927
63.123
63.266
63.408
61.945
61.472
61
67.688
67.862
61.123
60.978
60.967
66.772
66.56
66.501
66.317
62.127
60.749
60.725
60.777
60.83
60.868
61.027
