54.104
54.082
54.01
53.985
82.981
83.018
83.022
46.755
46.611
47.184
83.009
82.986
47.045
47.327
47.659
47.259
46.45
83.062
83.075
82.868
82.91
82.953
82.953
82.954
83.003
83.091
83.068
83.041
82.971
82.866
82.946
54.075
52.873
52.863
54.845
55.935
57.186
58.267
58.999
58.918
58.01
45.067
44.808
44.995
61.216
62.215
62.392
62.421
62.425
61.682
61.166
54.153
47.139
45.754
56.488
61.56
61.978
62.405
62.644
62.746
63.017
63.656
64.294
64.442
64.641
64.321
64.267
63.994
64.052
64.142
63.963
63.824
63.785
63.847
63.67
63.639
63.603
75.565
75.589
63.586
63.671
63.905
63.824
63.769
63.899
63.857
63.11
44.056
43.875
43.401
63.534
63.283
63.23
63.3
63.439
63.538
63.573
63.62
63.073
43.803
43.906
44.309
44.364
44.616
44.603
44.498
44.653
65.014
65.135
65.208
65.313
64.99
65.365
65.103
64.998
64.699
64.462
44.77
44.634
44.908
44.271
44.362
44.431
44.202
44.219
43.826
55.333
55.431
55.857
56.301
56.696
56.986
57.185
57.058
57.061
57.261
57.413
57.216
57.095
57.057
57.031
57.251
57.564
57.111
56.879
56.979
57.544
57.034
56.524
55.984
49.105
48.753
49.119
48.946
48.762
55.968
56.215
55.956
56.319
55.963
55.994
56.12
56.023
56.024
56.057
56.12
56.183
55.957
55.949
56.171
56.004
56.115
56.049
55.889
56.054
56.016
55.964
56.031
56.006
56.08
55.963
56.063
56.051
56.503
55.784
55.756
56.424
55.845
56.159
55.895
56.055
56.031
55.877
56.051
55.812
55.87
61.22
61.171
61.147
61.163
61.179
61.224
61.414
58.653
55.892
44.679
44.255
44.543
44.81
44.267
44.141
44.548
43.989
43.55
43.951
43.24
46.959
44.951
42.942
43.346
42.99
64.095
64.383
64.588
64.898
64.767
64.736
64.868
64.826
64.957
64.99
64.415
50.926
50.919
50.807
50.786
50.944
50.184
57.176
56.379
56.699
56.967
57.337
57.588
57.785
57.831
57.55
57.475
57.575
57.509
57.696
44.184
44.28
44.324
44.392
44.491
61.708
62.102
62.471
62.569
62.569
62.447
62.362
62.517
62.619
62.571
62.279
61.641
60.983
44.375
44.159
44.25
44.198
44.364
44.236
44.282
59.55
59.133
59.234
59.201
59.381
59.15
59.38
59.389
59.187
59.209
58.903
59.483
59.338
60.055
59.177
49.167
49.08
49.193
48.569
49.623
48.651
55.521
56.371
55.828
55.963
55.95
55.976
56.143
56.296
56.183
56.129
55.816
56.113
55.786
55.953
82.967
