55.73
55.911
55.762
56.105
56.385
56.252
56.16
55.923
58.482
59.334
59.58
59.877
59.875
60.459
60.936
61.343
61.894
62.414
62.334
62.883
62.808
62.911
49.136
49.031
48.81
49.122
48.901
49.147
48.931
48.606
65.189
64.902
64.874
64.886
64.71
64.246
64.167
64.088
63.025
60.884
58.704
57.551
57.555
57.544
57.683
57.994
58.323
58.551
58.808
58.897
58.978
58.888
58.906
59.133
59.067
59.054
59.203
59.102
59.092
58.941
59.04
58.917
59.085
59.053
59.02
59.087
59.031
58.933
49.553
49.431
49.4
49.187
60.367
61.249
61.496
61.743
62.065
62.854
63.112
62.819
62.799
62.814
62.661
62.796
62.425
62.686
62.349
62.597
62.383
62.722
62.528
62.842
62.554
62.747
62.477
62.458
61.967
62.651
63.335
62.427
62.13
61.834
60.711
59.083
54.207
53.233
53.072
54.036
53.848
53.66
54.32
60.832
61.289
57.301
60.939
64.576
64.464
65.093
65.113
65.635
65.867
65.943
65.784
65.651
65.696
65.675
65.443
61.129
61.076
61.022
63.607
66.191
65.342
65.095
65.012
65.117
65.231
65.273
65.188
65.046
65.224
65.134
65.399
65.431
77.528
77.539
77.461
77.406
77.466
65.589
65.573
65.677
65.661
49.202
49.246
48.744
49.129
48.791
48.574
49.147
76.064
76.021
76.047
66.719
66.687
66.81
66.843
66.904
66.883
66.963
67.043
66.916
66.945
66.78
66.663
66.714
66.394
76.017
76.033
75.986
76.022
76.05
75.96
75.971
75.994
69.213
62.432
62.741
63.254
63.235
63.684
63.626
63.578
63.817
64.155
64.414
64.766
65.156
65.243
65.2
65.153
64.942
64.906
64.738
64.645
64.345
63.588
62.469
61.895
62.18
62.685
63.085
63.18
63.009
62.958
62.948
62.996
62.956
63.017
63.102
63.08
63.091
63.109
63.078
62.998
62.973
62.876
62.933
63.065
63.034
63.127
63.121
63.185
63.149
62.988
62.957
62.868
62.85
62.904
62.959
62.977
63.011
63.045
62.962
62.855
62.785
71.085
70.982
71.009
71.036
62.783
62.799
62.814
62.607
62.893
62.592
62.94
62.53
62.698
62.357
62.638
62.329
62.72
62.508
58.952
59.022
58.981
71.019
71.09
71.05
71.03
71.051
71.001
47.051
46.83
47.196
47.034
46.928
46.95
46.968
47.149
70.958
71.017
71.067
71.106
70.999
71.051
71.054
70.986
70.992
71.039
71.033
70.973
70.962
70.951
48.783
45.692
45.06
45.636
57.994
57.71
58.503
59.529
60.325
60.703
61.079
61.335
61.353
61.765
45.385
45.109
46.392
53.414
63.544
63.571
63.485
46.18
45.239
62.368
62.04
61.587
61.35
61.209
61.235
61.521
61.55
61.736
61.616
61.73
61.839
61.753
61.927
61.774
61.871
61.845
61.713
62.153
62.508
63.615
64.624
65.634
66.235
66.497
66.76
66.643
66.599
66.635
66.719
66.701
66.806
66.835
66.82
66.828
66.739
66.498
66.166
52.027
51.728
58.185
58.999
52.107
52.269
64.217
64.262
64.258
64.291
64.321
64.348
64.37
64.266
64.17
64.102
64.023
64.188
64.452
80.002
79.955
74.025
68.096
68.142
68.111
68.019
68.026
68.06
68.069
68.06
68.025
